#! FIELDS time phi psi ves.bias ves.force2
#! SET min_phi -pi
#! SET max_phi pi
#! SET min_psi -pi
#! SET max_psi pi
 0.000000 -1.498385 0.273949 25.037724 141.910265
 0.200000 -0.364090 -0.024257 -0.000000 0.000000
 0.400000 -0.764424 -0.088848 9.840880 1615.699943
 0.600000 -0.840995 -0.298547 12.863696 1558.206365
 0.800000 -0.687864 -0.426060 6.592296 2023.579547
 1.000000 -1.024790 0.482124 19.818153 1026.595466
 1.200000 -1.683165 1.397468 22.225647 218.064309
 1.400000 -1.612875 1.636402 23.335245 253.142712
 1.600000 -1.628448 2.003861 23.085717 259.215500
 1.800000 -2.098103 2.029710 21.948823 33.856104
 2.000000 -1.881508 3.084485 21.169773 8.415497
 2.200000 -2.975379 2.699338 17.063989 1178.941091
 2.400000 -2.834086 2.892397 21.379298 587.814445
 2.600000 -2.919941 2.793169 18.916041 1036.888888
 2.800000 2.954801 2.676664 0.531255 1712.194014
 3.000000 -3.030240 3.015097 15.132483 1320.332791
 3.200000 -3.085658 2.840170 13.011067 1720.045542
 3.400000 -2.934307 2.604956 18.584885 1139.565691
 3.600000 -2.936399 2.892543 18.514126 1147.281341
 3.800000 -2.918075 3.021365 19.124861 1071.352471
 4.000000 -2.431586 2.595291 24.027399 21.523172
 4.200000 -1.791935 2.248666 21.324484 54.626546
 4.400000 -1.911500 2.300293 21.192986 13.294547
 4.600000 -2.032802 2.643693 21.763599 23.947427
 4.800000 -2.725353 2.751237 23.371187 102.835592
 5.000000 2.916094 2.861422 -0.000390 0.009416
 5.200000 -2.965470 2.880464 17.853192 1246.256902
 5.400000 -2.634082 2.624361 24.029796 26.693161
 5.600000 -2.374537 2.611347 23.745085 30.635206
 5.800000 -2.008340 2.688083 21.663966 25.442841
 6.000000 -2.492857 2.384986 24.262324 5.101675
 6.200000 -2.524761 2.740040 24.295357 0.039073
 6.400000 -3.136906 2.832857 10.859775 2536.889609
 6.600000 2.960275 2.728804 0.832432 1815.881159
 6.800000 -2.548813 2.971161 24.285302 1.061121
 7.000000 -2.108638 2.596251 22.222173 27.295581
 7.200000 -1.863572 2.434793 21.117120 0.064993
 7.400000 -1.978262 2.438810 21.567706 31.369814
 7.600000 -1.969010 2.734805 21.515956 31.112732
 7.800000 -2.918056 2.663035 19.646269 1002.446217
 8.000000 2.956848 2.992327 0.725109 1750.744524
 8.200000 -3.116998 2.965347 11.900086 2331.810317
 8.400000 3.054584 2.401075 5.836452 3328.439615
 8.600000 -2.621166 3.074441 24.087765 15.713223
 8.800000 -2.707758 2.980948 23.605749 57.046763
 9.000000 -2.831817 2.427936 21.972880 420.615843
 9.200000 -2.540750 2.977155 24.294926 0.886379
 9.400000 -2.448720 2.936032 24.226319 5.844719
 9.600000 -2.775149 2.445851 22.975714 175.142705
 9.800000 -2.404362 2.982717 24.085034 15.501316
 10.000000 -2.439134 2.840589 24.201528 7.583655
 10.200000 -2.882700 2.208342 20.858138 762.747909
 10.400000 -2.325485 3.095987 23.749984 48.799620
 10.600000 -2.354095 -3.127483 23.935071 35.006322
 10.800000 -2.718898 2.280002 23.649611 60.659589
 11.000000 -2.529386 2.622282 24.331347 0.834318
 11.200000 -2.349001 -2.976958 23.991797 42.030602
 11.400000 3.020140 2.647672 3.970109 3116.741947
 11.600000 -2.875868 2.764648 21.103686 748.021316
 11.800000 -3.023981 3.022709 16.082453 1514.008644
 12.000000 3.132909 2.697600 10.378806 2800.912955
 12.200000 -2.634759 2.982876 24.228643 6.940200
 12.400000 -2.572808 2.461659 24.362247 3.412233
 12.600000 -2.037885 2.814540 21.984122 12.941932
 12.800000 -2.173914 2.715197 22.569546 44.861077
 13.000000 -2.549564 2.702931 24.403025 2.727333
 13.200000 -3.051739 2.866062 15.081707 1682.595487
 13.400000 3.057590 -3.012674 6.168143 3456.975117
 13.600000 -3.137602 2.505123 11.129621 2674.741886
 13.800000 -2.495520 3.028215 24.532245 0.710501
 14.000000 -2.132661 2.635499 22.354171 22.303085
 14.200000 -2.222763 2.197984 23.005570 82.075422
 14.400000 -1.796577 2.601851 21.359618 30.904912
 14.600000 -1.935062 2.772837 21.494858 29.458959
 14.800000 -2.589238 2.484738 24.451236 2.409481
 15.000000 3.111272 2.824162 9.325698 3142.616079
 15.200000 -2.982651 -2.927417 17.802576 1312.571755
 15.400000 3.048705 2.392331 5.726701 3461.621025
 15.600000 -2.534973 2.614695 24.580086 2.408119
 15.800000 -2.030746 2.977406 22.003727 20.022012
 16.000000 -2.363057 2.194074 24.337033 42.728570
 16.200000 -1.917255 2.483571 21.403104 24.669695
 16.400000 -1.976308 2.841269 21.735251 33.232488
 16.600000 -2.531940 2.435472 24.624601 2.380972
 16.800000 -3.067171 2.775038 14.569071 1774.370862
 17.000000 2.938163 3.057146 0.133075 1554.537074
 17.200000 -3.018835 2.861407 16.537599 1432.773943
 17.400000 -2.503655 2.631498 24.704793 1.947675
 17.600000 -2.311601 2.647004 24.034596 86.750631
 17.800000 -2.147293 2.854395 22.587919 34.239067
 18.000000 -2.385777 2.648072 24.574782 23.059215
 18.200000 -2.609751 2.576033 24.585910 1.386525
 18.400000 -2.509883 -3.111360 24.740208 2.916584
 18.600000 2.993447 2.715804 2.728159 2772.766661
 18.800000 -3.053270 2.847717 15.230083 1631.953820
 19.000000 -2.755049 2.935780 23.942857 131.764690
 19.200000 -2.882606 2.483107 21.277532 890.548359
 19.400000 -2.694966 2.931201 24.450397 19.741921
 19.600000 -2.857753 2.926794 21.985460 730.239396
 19.800000 2.999174 2.573142 3.074805 2922.730164
 20.000000 -2.995222 3.053055 17.487330 1320.278585
 20.200000 -2.664990 3.041051 24.612320 5.368976
 20.400000 -2.449042 2.309817 24.915263 0.014448
 20.600000 -1.729480 2.810725 21.788804 80.915436
 20.800000 -2.096577 2.598646 22.392500 26.397707
 21.000000 -2.409689 2.433451 24.862137 7.367619
 21.200000 -2.428134 3.027319 24.950566 2.104949
 21.400000 -2.780162 2.837391 23.766903 247.584654
 21.600000 2.974322 2.647227 1.857111 2410.941109
 21.800000 -3.140332 3.128814 11.426771 2681.801869
 22.000000 -3.083610 2.847462 14.114971 1870.432042
 22.200000 -3.037407 2.562438 16.036470 1463.475686
 22.400000 -2.268521 -3.121005 23.889421 114.813165
 22.600000 -2.169207 2.605537 22.909688 66.314712
 22.800000 -1.855718 2.192351 21.210685 0.720331
 23.000000 -1.527468 2.430278 23.654082 91.162173
 23.200000 -1.668304 2.559006 22.287660 86.897407
 23.400000 -2.606031 2.444495 24.894176 1.102666
 23.600000 -3.136696 3.085704 11.729951 2606.974205
 23.800000 -3.003613 3.137019 17.334781 1310.798615
 24.000000 -2.641293 2.339408 24.851646 2.330116
 24.200000 -2.022567 2.792743 21.997677 36.175022
 24.400000 -1.687814 2.793963 22.086079 79.107280
 24.600000 -2.264629 2.050221 23.949333 114.748190
 24.800000 -2.026608 2.511946 22.021961 36.023122
 25.000000 -1.890141 2.848497 21.286710 9.986654
 25.200000 -2.452487 2.411746 25.150610 0.126842
 25.400000 -2.579522 2.646686 25.026706 1.187453
 25.600000 -2.312474 -3.096191 24.483905 84.884241
 25.800000 -2.720144 2.503244 24.639051 56.844448
 26.000000 -2.364626 2.652137 24.886409 36.269318
 26.200000 -1.945641 2.950553 21.551250 26.276244
 26.400000 -1.635511 2.374928 22.491946 74.238690
 26.600000 -1.938775 1.723449 21.516736 24.239869
 26.800000 -0.992564 1.208324 17.355745 1162.723038
 27.000000 -1.475352 1.076836 23.971380 84.504165
 27.200000 -1.691202 0.845792 22.013887 58.383104
 27.400000 -1.139504 0.935309 21.676295 596.851917
 27.600000 -1.217120 1.136625 23.313789 305.722391
 27.800000 -1.366754 0.943922 24.583997 1.178859
 28.000000 -1.355161 0.686970 24.588431 0.110382
 28.200000 -1.210565 0.846132 23.167350 329.230450
 28.400000 -0.886426 1.009861 13.504009 1296.666613
 28.600000 -1.544467 1.145594 23.236682 89.105065
 28.800000 -1.242933 0.808959 23.699944 215.830136
 29.000000 -1.476404 0.885870 23.887575 85.847252
 29.200000 -1.484421 1.388063 23.783086 90.382230
 29.400000 -1.253256 1.172383 23.835200 182.576836
 29.600000 -1.376335 1.031600 24.520778 5.369558
 29.800000 -1.412092 0.825757 24.370647 34.860170
 30.000000 -1.151179 1.061710 21.906935 559.735212
 30.200000 -1.501595 1.238024 23.602558 94.833745
 30.400000 -0.881597 0.722529 13.262525 1303.284907
 30.600000 -1.433155 0.536457 24.220045 57.739338
 30.800000 -1.321323 1.012439 24.463412 21.476299
 31.000000 -0.971698 1.203525 16.469589 1218.628872
 31.200000 -1.666582 1.654573 22.184167 50.280039
 31.400000 -1.452193 1.050055 24.056714 76.406133
 31.600000 -0.431765 -0.292674 -0.000000 0.000000
 31.800000 -0.649423 -0.756659 3.668929 1984.837595
 32.000000 -0.661379 -0.055016 4.205142 2034.154822
 32.200000 -0.905423 0.871831 14.071372 1294.138346
 32.400000 -1.173606 1.677009 22.424550 486.463716
 32.600000 -0.936405 1.383818 15.181709 1273.819046
 32.800000 -0.932269 1.106341 15.034016 1276.963361
 33.000000 -1.592872 1.034198 22.755409 68.829354
 33.200000 -0.918179 0.477996 14.517298 1292.381735
 33.400000 -0.740903 -0.035124 7.707287 1864.872659
 33.600000 -0.576146 -0.175097 0.634082 1245.915074
 33.800000 -0.631891 -0.232339 2.837705 1862.197223
 34.000000 -0.970764 0.327314 16.391886 1240.091504
 34.200000 -1.624779 1.185219 22.513823 58.880632
 34.400000 -0.886541 1.382467 13.370352 1312.012872
 34.600000 -0.746618 1.887239 7.950244 1835.246334
 34.800000 -1.208807 2.155639 23.170075 347.139663
 35.000000 -1.073048 2.651923 19.786181 924.275919
 35.200000 -0.969925 2.386346 16.361165 1248.748839
 35.400000 -0.576958 1.429738 0.634732 1263.215295
 35.600000 -1.195796 0.973098 22.938479 398.329417
 35.800000 -1.632626 0.510508 22.457503 57.519960
 36.000000 -1.059433 0.562639 19.379070 987.363780
 36.200000 -1.218191 1.220028 23.377362 304.640435
 36.400000 -1.635606 1.399969 22.437520 57.972915
 36.600000 -0.910798 0.591539 14.252336 1296.777347
 36.800000 -1.207886 0.325231 23.191524 346.219352
 37.000000 -0.809967 0.024437 10.538649 1486.347291
 37.200000 -0.516240 -0.028566 -0.000013 0.000007
 37.400000 -0.737049 -0.114075 7.559467 1902.143332
 37.600000 -0.575603 -0.523890 0.568580 1273.081321
 37.800000 -0.598534 -0.358093 1.425283 1543.434504
 38.000000 -0.998924 -0.071702 17.405571 1206.077227
 38.200000 -0.853430 0.436624 12.197271 1351.419776
 38.400000 -1.543779 1.007371 23.210786 80.379326
 38.600000 -0.769946 1.129014 8.975399 1693.282279
 38.800000 -1.395381 1.026837 24.455960 25.352867
 39.000000 -1.265928 0.873786 24.104926 128.875525
 39.200000 -0.905448 0.371201 14.110685 1309.328792
 39.400000 -0.980120 0.109840 16.792057 1249.887754
 39.600000 -0.769359 0.097916 8.969215 1696.340769
 39.800000 -0.590639 -0.069123 1.140456 1466.070295
 40.000000 -0.942559 0.020871 15.450302 1294.760302
 40.200000 -0.613131 -0.046151 2.066814 1755.904636
 40.400000 -0.660548 0.270519 4.163208 2090.891522
 40.600000 -1.593688 1.028304 22.807028 70.018648
 40.800000 -0.935136 1.108549 15.213954 1301.002226
 41.000000 -1.238623 1.227503 23.791647 218.686874
 41.200000 -1.306731 1.103268 24.509529 30.112099
 41.400000 -1.298217 0.578810 24.457709 44.701690
 41.600000 -0.936326 0.260258 15.288985 1300.427434
 41.800000 -0.597838 0.171337 1.468480 1593.128814
 42.000000 -0.827241 0.266838 11.297112 1421.931643
 42.200000 -0.686825 -0.114204 5.445599 2105.429961
 42.400000 -0.599558 -0.169946 1.566889 1633.196009
 42.600000 -0.741215 -0.034914 7.876896 1854.465591
 42.800000 -0.926307 0.747030 14.963206 1307.425836
 43.000000 -1.513131 1.410625 23.541108 84.511556
 43.200000 -1.053441 0.911766 19.387401 997.225958
 43.400000 -1.032616 0.267127 18.716477 1077.941499
 43.600000 -0.770709 -0.011563 9.156905 1663.023662
 43.800000 -0.529294 -0.154451 -0.000286 0.004414
 44.000000 -0.603513 -0.242035 1.768173 1705.808014
 44.200000 -0.619684 0.010543 2.503676 1899.170478
 44.400000 -1.089863 0.188375 20.520728 837.776471
 44.600000 -1.045995 0.741069 19.184262 1018.305223
 44.800000 -1.627552 1.626446 22.549698 77.046037
 45.000000 -1.508410 2.196194 23.613071 84.883300
 45.200000 -2.061934 2.718245 21.989659 48.225765
 45.400000 -2.706995 2.929980 24.835209 71.799928
 45.600000 -2.860724 2.960409 22.052533 755.770586
 45.800000 -2.784443 2.816114 23.813970 332.581701
 46.000000 -2.569930 2.578932 25.278879 0.022401
 46.200000 -2.368520 2.719735 24.987798 20.648431
 46.400000 -2.202674 2.763465 23.413962 158.907570
 46.600000 -2.266124 2.649772 24.181615 121.816200
 46.800000 -2.033098 2.645324 21.781452 33.137797
 47.000000 -1.865635 2.635895 21.187135 0.575186
 47.200000 -1.946753 2.500373 21.364204 13.579740
 47.400000 -2.124269 2.567032 22.483094 104.667583
 47.600000 -1.966557 2.967628 21.441204 16.691627
 47.800000 -2.335345 2.675120 24.790246 44.549565
 48.000000 -2.464236 2.223375 25.210388 1.091364
 48.200000 -1.982606 2.952685 21.496337 19.681653
 48.400000 -1.830636 2.872516 21.156345 1.919363
 48.600000 -2.409045 2.300219 25.109423 6.505502
 48.800000 -2.319710 2.664923 24.671969 58.947713
 49.000000 -2.502590 2.917852 25.233766 0.359919
 49.200000 3.007581 2.414264 3.564608 3105.414217
 49.400000 -3.125046 3.061606 12.226747 2532.979988
 49.600000 -2.647457 3.063650 25.114563 12.187788
 49.800000 -2.251796 2.382828 24.008465 136.001901
 50.000000 -1.677727 2.402022 22.111674 92.031432
 50.200000 -1.781172 2.638273 21.291939 25.310822
 50.400000 -2.494693 2.500083 25.238833 0.188270
 50.600000 3.091236 3.041970 8.510048 3514.860945
 50.800000 2.940506 -3.057315 0.340637 1661.811479
 51.000000 -2.839891 2.588308 22.501545 648.319432
 51.200000 -1.908664 2.764171 21.192934 7.244601
 51.400000 -1.729505 2.387044 21.635101 68.698429
 51.600000 -1.854857 2.322970 21.109182 0.029173
 51.800000 -2.102104 2.654363 22.238542 86.635949
 52.000000 -2.082177 2.920954 22.063914 67.614845
 52.200000 -2.682365 2.424918 24.893701 39.566786
 52.400000 -2.394556 2.823487 25.101140 10.929585
 52.600000 -2.513059 2.875267 25.249902 0.000710
 52.800000 -2.650903 2.609470 25.053118 15.739166
 53.000000 -2.492293 2.912824 25.247448 0.073721
 53.200000 -2.236583 2.747073 23.822543 151.627468
 53.400000 -1.934385 2.483668 21.267390 11.883889
 53.600000 -1.601009 2.337192 22.870194 88.321988
 53.800000 -1.911883 2.484058 21.196596 7.922387
 54.000000 -2.273731 2.644846 24.254793 116.724154
 54.200000 -2.790503 3.130756 23.534485 372.246690
 54.400000 -3.120409 2.659279 12.354350 2435.643613
 54.600000 -2.489778 3.046046 25.277252 0.119785
 54.800000 -2.480523 2.414099 25.273199 0.283620
 55.000000 -2.141704 2.747242 22.652729 128.016922
 55.200000 -2.086672 2.825244 22.107167 72.962076
 55.400000 -1.908945 2.316179 21.187289 7.389516
 55.600000 -1.964764 2.221014 21.381491 16.985627
 55.800000 -1.413914 2.432044 24.439120 40.601190
 56.000000 -2.016015 2.626237 21.623308 29.299673
 56.200000 -2.575802 2.684535 25.274049 2.442217
 56.400000 3.037572 -3.113167 5.200228 3498.323328
 56.600000 2.998234 3.015725 2.971334 2845.228257
 56.800000 -2.796152 2.627937 23.387529 408.211794
 57.000000 -1.990662 2.642184 21.501919 22.634827
 57.200000 -1.663287 2.612622 22.281481 105.114198
 57.400000 -2.026463 2.328861 21.698854 34.594634
 57.600000 -2.293599 2.642356 24.473906 94.154678
 57.800000 -2.675783 3.041227 24.914692 43.533431
 58.000000 -3.116460 2.833864 12.496462 2357.688550
 58.200000 3.043499 2.918050 5.537288 3538.769803
 58.400000 2.884450 2.807853 -0.000003 0.000000
 58.600000 -2.043361 2.604668 21.812775 43.415054
 58.800000 -1.308324 2.169683 24.589243 19.678355
 59.000000 -0.530876 1.021636 -0.001305 0.109159
 59.200000 -1.666933 0.766544 22.259081 107.917587
 59.400000 -1.782422 0.447942 21.271162 26.725375
 59.600000 -1.092467 0.520833 20.739275 783.781595
 59.800000 -1.168259 0.748052 22.644961 484.436905
 60.000000 -1.384353 1.383470 24.562347 16.938716
 60.200000 -0.597268 1.239748 1.871595 1866.299274
 60.400000 -0.898580 1.414057 14.262118 1328.888683
 60.600000 -1.471490 1.045304 24.007371 56.794006
 60.800000 -1.684860 0.427602 22.084193 105.107956
 61.000000 -0.852057 0.302932 12.563427 1339.145301
 61.200000 -0.784350 0.306021 10.045362 1476.972929
 61.400000 -1.689636 0.967748 22.047865 103.924711
 61.600000 -1.298926 1.204515 24.517746 32.237994
 61.800000 -1.278178 1.268985 24.369736 73.916023
 62.000000 -1.496402 1.088821 23.821201 58.832970
 62.200000 -0.692779 0.370557 6.240248 2025.368226
 62.400000 -0.713842 -0.474719 7.172885 1892.551287
 62.600000 -0.613472 -0.665093 2.593300 2022.515920
 62.800000 -0.470770 -0.016273 -0.000000 0.000000
 63.000000 -1.144619 0.712289 22.092532 576.374936
 63.200000 -1.652310 1.312412 22.464268 109.110320
 63.400000 -1.085862 1.753761 20.550128 802.817468
 63.600000 -0.966027 1.754652 16.705404 1238.729467
 63.800000 -0.781170 1.809795 9.937190 1486.830873
 64.000000 -0.704742 1.826347 6.787387 1947.785627
 64.200000 -0.454221 1.875207 -0.000000 0.000000
 64.400000 -1.616652 2.258620 22.842811 96.086043
 64.600000 -2.250094 2.530884 24.018446 131.891134
 64.800000 2.946857 2.796400 0.551649 1599.189676
 65.000000 -2.689701 -3.116544 24.743159 75.944872
 65.200000 -2.742076 2.429538 24.142848 193.160674
 65.400000 -1.965146 2.561279 21.394759 19.068606
 65.600000 -1.703585 2.605774 21.954031 102.790430
 65.800000 -2.150094 2.431473 22.815776 132.549193
 66.000000 -2.719008 2.685221 24.434345 130.659484
 66.200000 2.903472 2.937175 -0.000166 0.001395
 66.400000 -2.660050 2.832078 24.953953 46.379104
 66.600000 -2.019981 2.094541 21.674252 35.971540
 66.800000 -1.289961 2.240608 24.446604 47.328778
 67.000000 -0.511196 1.886922 -0.000012 0.000008
 67.200000 -0.964047 1.889487 16.666787 1231.784787
 67.400000 -0.882512 1.337225 13.728427 1331.761222
 67.600000 -0.642455 0.425625 3.993440 2159.541698
 67.800000 -1.102491 -0.179786 21.011749 729.704989
 68.000000 -0.423319 -0.602147 -0.000000 0.000000
 68.200000 -0.569038 -0.305608 0.775285 1560.931507
 68.400000 -1.124476 0.546622 21.587813 644.997744
 68.600000 -1.638930 1.487844 22.677188 106.339354
 68.800000 -1.618097 1.949262 22.886490 95.150271
 69.000000 -1.722583 2.470233 21.802222 93.348953
 69.200000 -2.394581 2.743838 25.204997 25.015131
 69.400000 2.825039 2.841590 -0.000000 0.000000
 69.600000 2.989693 2.954126 2.471702 2593.346810
 69.800000 -2.717658 2.716492 24.417272 134.547062
 70.000000 -2.565813 2.786121 25.387538 7.204585
 70.200000 -2.388480 2.876485 25.170502 28.834641
 70.400000 -2.506411 2.436035 25.475747 0.030364
 70.600000 -2.313419 2.762291 24.636030 78.167322
 70.800000 -2.049983 2.905117 21.864648 54.617736
 71.000000 -2.238180 2.321346 23.859530 132.944465
 71.200000 -1.705701 2.611432 22.013636 110.569202
 71.400000 -2.021242 2.709251 21.667475 40.232828
 71.600000 -2.729498 2.640476 24.260716 166.355268
 71.800000 3.071697 2.957001 7.130060 3519.867158
 72.000000 2.903814 3.129102 -0.000169 0.001422
 72.200000 -2.679873 2.599665 24.776783 71.177097
 72.400000 -2.143705 2.644602 22.751698 124.208729
 72.600000 -1.687479 2.654296 22.224118 117.644720
 72.800000 -1.967442 2.234771 21.369751 21.818366
 73.000000 -2.332600 2.395074 24.803205 66.082403
 73.200000 -1.998277 3.085224 21.528456 32.859417
 73.400000 -2.442478 2.454878 25.418664 7.737414
 73.600000 -2.524624 2.552121 25.477159 1.593444
 73.800000 -2.614189 -3.114103 25.198812 23.881199
 74.000000 3.055812 2.662487 6.178657 3519.206834
 74.200000 -2.984252 2.924084 17.403880 1188.958155
 74.400000 -3.052064 3.052346 14.972596 1451.415946
 74.600000 3.042103 2.543973 5.364239 3445.579317
 74.800000 -3.130867 2.831072 11.564505 2440.193265
 75.000000 3.127536 3.065016 10.289449 2855.448458
 75.200000 3.081344 2.542274 7.683984 3440.666264
 75.400000 -2.941204 3.007385 18.855013 1132.468059
 75.600000 -3.127585 2.813865 11.723836 2381.584085
 75.800000 3.107113 2.621227 9.167856 3163.837691
 76.000000 -2.805734 -3.113111 22.876233 523.644218
 76.200000 3.137381 2.562138 10.814194 2685.796229
 76.400000 3.049685 2.707161 5.819095 3491.218790
 76.600000 -2.671944 -3.057177 24.825543 63.915032
 76.800000 -2.918341 2.500567 19.605923 1087.246403
 77.000000 -2.343853 2.601598 24.925671 63.790079
 77.200000 -1.521947 2.734958 23.700764 37.549631
 77.400000 -1.492224 2.277684 23.879346 35.154088
 77.600000 -1.779343 1.441029 21.396117 53.043499
 77.800000 -0.957158 0.686036 16.483004 1217.840955
 78.000000 -0.642012 -0.020205 4.056259 2156.155590
 78.200000 -0.681704 -0.474401 5.884170 2055.073908
 78.400000 -0.457652 -0.548331 -0.000000 0.000000
 78.600000 -0.703298 0.008955 6.848504 1928.943544
 78.800000 -1.395365 0.796317 24.397519 16.716063
 79.000000 -1.512082 1.358320 23.758874 35.344983
 79.200000 -0.526418 1.246417 -0.000872 0.050895
 79.400000 -0.867847 1.649159 13.268177 1337.227123
 79.600000 -1.137632 1.978438 21.846800 570.250031
 79.800000 -0.587584 2.215974 1.608391 1815.759565
 80.000000 -0.665276 2.075768 5.138829 2118.571142
 80.200000 -0.551295 1.419792 0.155326 1535.011333
 80.400000 -0.923803 1.034917 15.302322 1290.716784
 80.600000 -1.437491 0.696241 24.177299 29.039785
 80.800000 -1.157022 0.628834 22.284629 497.518692
 81.000000 -1.557595 0.780581 23.481389 42.516588
 81.200000 -1.449670 0.990096 24.106099 29.770038
 81.400000 -1.402413 1.273556 24.343219 18.407964
 81.600000 -1.383564 0.820967 24.414960 10.628643
 81.800000 -1.430631 0.945122 24.207797 26.942484
 82.000000 -1.504785 0.870444 23.799915 31.554257
 82.200000 -1.350841 1.133091 24.480819 0.301993
 82.400000 -1.288228 1.042710 24.288345 50.377770
 82.600000 -1.298635 0.646536 24.354846 32.332160
 82.800000 -1.276313 0.746771 24.194035 76.285128
 83.000000 -1.440758 1.077168 24.156713 28.383241
 83.200000 -1.098091 1.109880 20.838494 691.800400
 83.400000 -1.567854 0.885169 23.437276 44.802880
 83.600000 -0.748398 0.606794 8.770231 1616.956014
 83.800000 -1.571558 1.003985 23.412239 46.567774
 84.000000 -0.632335 0.997415 3.662893 2123.787506
 84.200000 -1.441297 1.258364 24.169791 28.130851
 84.400000 -1.519074 0.886328 23.744978 31.329953
 84.600000 -0.410831 0.281358 -0.000000 0.000000
 84.800000 -0.543974 -0.411254 -0.017126 102.335496
 85.000000 -0.617263 -0.706603 2.981402 2066.733133
 85.200000 -0.492276 -0.164547 -0.000000 0.000000
 85.400000 -0.986392 0.728047 17.513201 1109.804055
 85.600000 -1.308025 1.340284 24.426765 19.857637
 85.800000 -0.945387 1.015482 16.103603 1246.761617
 86.000000 -1.377903 0.801578 24.457168 8.146074
 86.200000 -1.113932 0.712041 21.258160 640.497915
 86.400000 -0.856947 1.077502 12.892452 1360.633344
 86.600000 -1.435442 1.518264 24.223752 26.717334
 86.800000 -1.576390 1.029960 23.422520 49.386637
 87.000000 -0.924089 0.571372 15.349739 1299.393162
 87.200000 -0.891936 -0.008300 14.184711 1346.442710
 87.400000 -0.673409 -0.078248 5.598962 2032.052693
 87.600000 -0.760595 -0.310678 9.272881 1535.514734
 87.800000 -0.662011 -0.167492 5.082056 2078.409800
 88.000000 -0.605824 0.122484 2.514289 2000.385275
 88.200000 -1.230241 0.532120 23.691110 228.250692
 88.400000 -1.271224 1.242957 24.200543 93.006967
 88.600000 -0.620005 1.435067 3.179503 2080.437489
 88.800000 -0.638275 1.772117 4.017435 2115.415256
 89.000000 -0.675955 2.436156 5.735700 2011.163976
 89.200000 -0.858965 2.446715 12.985134 1366.090172
 89.400000 -0.691975 1.955646 6.469297 1907.731549
 89.600000 -0.688240 1.500600 6.305669 1930.317175
 89.800000 -0.997391 1.405044 17.911747 1061.612704
 90.000000 -1.586525 0.925826 23.396320 57.124868
 90.200000 -0.867337 0.243412 13.305960 1366.436143
 90.400000 -0.701568 0.130850 6.912187 1833.690574
 90.600000 -0.647240 -0.080929 4.491449 2098.314133
 90.800000 -0.715827 -0.101763 7.515126 1742.660029
 91.000000 -0.778665 -0.080810 10.007022 1442.780278
 91.200000 -1.051472 0.359382 19.592194 834.894489
 91.400000 -1.195457 0.841877 23.113345 369.468107
 91.600000 -1.163164 1.203822 22.445503 484.741429
 91.800000 -1.032574 1.274488 19.034635 907.326658
 92.000000 -1.520900 1.111653 23.839200 30.027809
 92.200000 -0.967235 0.471368 16.940745 1174.649693
 92.400000 -1.072429 0.626998 20.192739 758.795463
 92.600000 -1.436546 0.913212 24.302075 26.401824
 92.800000 -1.017459 1.144674 18.583938 965.193044
 93.000000 -1.119257 1.066785 21.419792 618.802690
 93.200000 -1.306967 0.665289 24.526808 23.453729
 93.400000 -0.670609 0.446389 5.662993 1990.370201
 93.600000 -1.357752 0.744914 24.611037 1.350082
 93.800000 -1.142358 1.106505 21.990772 551.937598
 94.000000 -1.371300 1.397572 24.587113 5.449819
 94.200000 -1.256068 1.075953 24.116612 145.715818
 94.400000 -0.936188 0.396730 15.883520 1281.997113
 94.600000 -0.776907 -0.067356 10.020632 1406.824642
 94.800000 -0.470933 -0.317814 -0.000000 0.000000
 95.000000 -0.718611 -0.194387 7.748688 1671.043486
 95.200000 -0.731283 0.133664 8.289328 1581.390727
 95.400000 -1.317644 0.945012 24.613184 11.872958
 95.600000 -1.370406 1.324230 24.632328 5.112150
 95.800000 -0.861990 0.900007 13.180043 1363.652507
 96.000000 -1.438307 0.807019 24.353518 26.650469
 96.200000 -0.930421 0.615287 15.712327 1298.244510
 96.400000 -1.198716 0.962730 23.247803 366.151765
 96.600000 -1.509116 0.905650 24.000205 29.954952
 96.800000 -0.789304 0.479253 10.526803 1365.321610
 97.000000 -1.271817 0.527423 24.330425 98.548019
 97.200000 -1.447702 0.971050 24.353467 27.408748
 97.400000 -0.929339 1.255669 15.695045 1299.007901
 97.600000 -1.293801 1.502906 24.536793 45.984311
 97.800000 -1.543768 0.999412 23.822733 39.375915
 98.000000 -0.623839 0.054085 3.674048 2130.306658
 98.200000 -0.564409 -0.583980 1.050009 1733.967271
 98.400000 -0.735737 -0.395447 8.553129 1533.948189
 98.600000 -0.793738 0.378041 10.740283 1352.944872
 98.800000 -1.061749 1.572957 19.987130 783.570203
 99.000000 -0.785259 2.217838 10.427790 1364.119287
 99.200000 -0.547780 2.244560 0.398073 1672.325527
 99.400000 -0.888643 1.856898 14.261172 1362.167695
 99.600000 -0.817302 0.621155 11.632459 1343.870604
 99.800000 -0.798817 -0.488478 10.954566 1348.488089
 100.000000 -0.500514 -0.664777 -0.000009 0.000005
 100.200000 -0.590339 -0.008922 2.877189 2027.623784
 100.400000 -1.400512 1.087710 25.298912 17.225272
 100.600000 -1.032284 1.601071 19.814501 878.672317
 100.800000 -0.512460 1.901782 -0.025708 5.469582
 101.000000 -1.074331 2.181102 21.007087 738.324737
 101.200000 -0.694968 2.229198 7.627335 1774.764538
 101.400000 -0.486422 1.885089 -0.000121 0.000690
 101.600000 -1.070770 1.550033 20.922930 744.689212
 101.800000 -1.396687 0.679140 25.334579 15.747798
 102.000000 -0.571185 -0.146288 2.061176 1861.725607
 102.200000 -0.359429 -0.550753 -0.000000 0.000000
 102.400000 -0.703506 -0.453890 8.015663 1704.875405
 102.600000 -0.817722 0.081462 12.360573 1346.342602
 102.800000 -0.955352 0.737183 17.383311 1195.815115
 103.000000 -1.696847 1.023447 22.851967 203.900135
 103.200000 -1.371568 1.219062 25.457558 5.318075
 103.400000 -1.588500 1.083554 24.196834 89.145885
 103.600000 -1.747145 0.952659 22.140585 161.012606
 103.800000 -0.988549 0.942446 18.517699 1044.311175
 104.000000 -1.693989 1.093150 22.877669 208.412682
 104.200000 -1.309567 0.996290 25.421086 22.880836
 104.400000 -1.251777 0.824610 24.901112 174.663403
 104.600000 -1.140785 0.816251 22.744877 569.408668
 104.800000 -1.336489 1.193394 25.501172 1.587338
 105.000000 -1.126314 1.195421 22.394389 603.450047
 105.200000 -1.577033 0.915242 24.323662 82.848352
 105.400000 -1.104637 0.707951 21.866325 650.344257
 105.600000 -1.506228 1.164505 24.844045 37.376767
 105.800000 -1.395853 1.325368 25.427444 14.911267
 106.000000 -0.728443 0.808189 9.110470 1524.778650
 106.200000 -0.576677 0.353879 2.455341 1993.336855
 106.400000 -1.434115 0.470024 25.277409 26.678141
 106.600000 -1.686225 1.215470 22.956786 223.589181
 106.800000 -0.658216 1.488686 6.199845 2003.255675
 107.000000 -0.787749 2.091896 11.363748 1346.799782
 107.200000 -0.927854 2.392126 16.542512 1281.437385
 107.400000 -1.803668 2.297916 21.463606 59.387751
 107.600000 -2.883095 2.526512 20.700920 976.344843
 107.800000 3.045360 -2.903722 5.900474 3496.071634
 108.000000 3.045050 3.033645 5.882122 3493.315551
 108.200000 -2.650546 2.222305 25.025915 47.459069
 108.400000 -1.679265 2.752564 23.045588 232.258531
 108.600000 -1.935950 2.476455 21.322636 20.225342
 108.800000 -2.762556 2.291352 23.759007 316.620814
 109.000000 -2.885095 -3.051293 20.607155 981.785741
 109.200000 3.107281 3.111878 9.516536 3253.929361
 109.400000 -2.893529 2.441402 20.312013 999.355301
 109.600000 -2.828867 2.897288 22.236956 726.061874
 109.800000 2.912112 2.954599 -0.027304 1.251123
 110.000000 -2.603377 2.613021 25.286654 31.895623
 110.200000 -2.171640 2.653547 23.166631 117.837642
 110.400000 -1.920737 2.569684 21.208310 12.456485
 110.600000 -1.864709 2.453211 21.130681 1.227681
 110.800000 -2.295070 2.494377 24.591937 128.998065
 111.000000 -2.199250 2.995071 23.473752 129.270044
 111.200000 -2.412019 2.673428 25.583479 23.083150
 111.400000 -2.836098 2.529487 21.991617 768.462260
 111.600000 -3.082766 3.139051 14.024415 1594.757831
 111.800000 -3.096396 3.089363 13.463401 1799.993686
 112.000000 -2.548560 2.535101 25.512545 20.706347
 112.200000 -1.715368 2.580111 22.448123 238.222467
 112.400000 -1.939301 2.578199 21.235484 20.524340
 112.600000 -2.102161 2.550791 22.421372 86.955737
 112.800000 -2.635457 2.756357 25.006012 40.819745
 113.000000 2.944770 2.977181 0.820118 1289.518286
 113.200000 -2.762853 3.113220 23.626634 310.194799
 113.400000 -2.870288 2.503455 20.948592 939.131608
 113.600000 -3.031700 2.679613 15.829036 1103.366975
 113.800000 3.041229 -3.070415 5.541509 3434.354083
 114.000000 -2.942538 2.824204 18.660269 1008.704062
 114.200000 -2.522670 2.707850 25.550142 13.119253
 114.400000 -2.673480 2.838936 24.683062 62.976971
 114.600000 2.995573 3.081795 3.008056 2562.200419
 114.800000 -3.141179 2.992580 11.310003 2624.452192
 115.000000 -2.643490 2.825017 24.899494 44.067261
 115.200000 -2.448247 2.553735 25.614234 3.322866
 115.400000 -2.081132 2.857570 22.164970 79.943274
 115.600000 -2.106693 2.666474 22.400932 90.576925
 115.800000 -2.026278 2.391944 21.710370 57.831385
 116.000000 -1.970962 2.466689 21.334760 34.342234
 116.200000 -1.831533 2.693235 21.117417 23.588203
 116.400000 -2.494069 2.478273 25.591322 3.561884
 116.600000 -2.895353 2.927192 20.122370 1011.839299
 116.800000 -2.915841 3.028700 19.466881 1030.076462
 117.000000 -2.629763 2.535095 24.942984 39.622457
 117.200000 -2.215894 2.530070 23.515801 128.498255
 117.400000 -1.824820 2.653824 21.137359 31.421095
 117.600000 -1.877912 2.615635 20.993291 0.001134
 117.800000 -2.647891 2.324331 24.805449 45.811320
 118.000000 -2.757423 -3.123201 23.649715 273.666520
 118.200000 -3.016513 2.906271 16.234023 1041.374000
 118.400000 -2.808018 2.587930 22.609050 575.582981
 118.600000 -2.042501 3.026333 21.785585 64.173933
 118.800000 -2.072232 2.591687 22.034850 76.505909
 119.000000 -1.992506 2.135514 21.419725 43.092274
 119.200000 -1.780705 2.407920 21.468944 111.892126
 119.400000 -2.180372 2.739503 23.088128 116.804966
 119.600000 -3.065112 2.768017 14.553334 1367.099619
 119.800000 2.935720 2.922554 0.441918 1146.057456
 120.000000 -2.777113 2.975010 23.266014 375.617537
 120.200000 -2.595543 2.279279 25.090089 35.121554
 120.400000 -2.034468 2.763399 21.699414 59.910871
 120.600000 -1.878498 2.783866 20.964554 0.003392
 120.800000 -2.267457 2.316355 24.045358 128.307773
 121.000000 -2.051051 2.522145 21.831414 66.830787
 121.200000 -1.885396 2.786745 20.962412 0.457652
 121.400000 -2.407469 2.361846 25.348288 32.545302
 121.600000 -2.963133 2.830602 17.882910 1010.683352
 121.800000 3.036943 3.120840 5.193536 3344.902876
 122.000000 -2.845559 2.737217 21.580548 817.266719
 122.200000 -2.409642 2.662707 25.341478 31.221533
 122.400000 -1.808276 2.941915 21.194539 52.366648
 122.600000 -1.904928 2.430367 20.987970 4.734615
 122.800000 -2.150642 1.853779 22.736273 105.289473
 123.000000 -1.364387 2.316586 25.759669 1.617360
 123.200000 -1.000353 2.712056 19.146349 919.239527
 123.400000 -0.509893 2.085041 0.000908 314.809720
 123.600000 -1.051610 1.269606 20.617215 745.442632
 123.800000 -1.430210 0.777608 25.540917 23.475567
 124.000000 -0.702719 0.089311 8.434999 1593.954488
 124.200000 -0.531089 -0.134561 0.802415 1597.995703
 124.400000 -1.027538 -0.531497 19.948133 813.155392
 124.600000 -0.614782 -0.140551 4.584579 2216.336164
 124.800000 -0.492467 0.052843 -0.002047 0.256675
 125.000000 -1.046792 -0.020393 20.487050 756.138901
 125.200000 -0.498286 -0.012363 -0.008811 3.974788
 125.400000 -0.167149 -0.434873 -0.000000 0.000000
 125.600000 -1.153593 0.007667 23.221411 559.687077
 125.800000 -1.008369 0.225263 19.394965 880.882846
 126.000000 -0.600262 0.643918 3.914901 2234.197882
 126.200000 -1.564755 1.190519 24.567220 123.896988
 126.400000 -0.751818 0.617123 10.330652 1346.263093
 126.600000 -1.454798 0.506803 25.430539 30.994272
 126.800000 -0.997818 0.547860 19.086181 921.984117
 127.000000 -1.274767 1.331501 25.410729 105.971794
 127.200000 -0.984765 1.401866 18.693976 979.273230
 127.400000 -1.121111 1.002286 22.433816 620.247220
 127.600000 -1.329123 0.669731 25.759350 6.833432
 127.800000 -0.858656 0.467506 14.252578 1388.269385
 128.000000 -1.669768 0.876686 23.012437 289.723712
 128.200000 -1.366273 1.156165 25.787251 1.623755
 128.400000 -0.854013 1.087569 14.090207 1390.618323
 128.600000 -1.769768 1.299066 21.501021 120.720537
 128.800000 -1.568019 1.216921 24.526517 135.377928
 129.000000 -0.537650 0.509298 1.121492 1729.020795
 129.200000 -1.394864 0.479158 25.728835 10.771942
 129.400000 -1.343591 0.913522 25.800064 0.926527
 129.600000 -0.749596 1.300956 10.272413 1345.459705
 129.800000 -1.187361 1.728953 23.995924 456.793085
 130.000000 -0.839946 1.320856 13.577012 1383.700364
 130.200000 -1.310895 0.824338 25.713756 25.780671
 130.400000 -1.705668 0.548390 22.372882 264.867416
 130.600000 -1.533589 0.368373 24.891802 87.294690
 130.800000 -0.824452 0.911440 13.012433 1367.052734
 131.000000 -1.465363 1.599994 25.402242 36.207215
 131.200000 -1.964770 2.565942 21.184528 22.953899
 131.400000 -2.747829 3.116948 23.596665 218.158890
 131.600000 -2.922069 3.094061 19.065617 1070.603882
 131.800000 -2.984114 2.490096 17.051664 1033.390969
 132.000000 -2.782658 3.036251 22.996625 391.843203
 132.200000 -3.036421 2.724179 15.324349 1153.777545
 132.400000 -3.111122 2.907404 12.438051 2004.399960
 132.600000 -3.075456 2.901101 13.919065 1483.463490
 132.800000 -3.002298 2.865875 16.449869 1045.878287
 133.000000 -2.716954 2.743859 23.978477 124.376132
 133.200000 -2.414069 2.673447 25.144984 33.075243
 133.400000 -2.235215 2.462107 23.471659 110.619345
 133.600000 -1.998488 2.754853 21.349509 34.262754
 133.800000 -2.114744 2.373119 22.249206 88.010161
 134.000000 -1.982868 2.656699 21.262292 28.222368
 134.200000 -2.326026 2.672456 24.398598 98.561385
 134.400000 -2.640874 2.642830 24.597392 48.235340
 134.600000 3.067158 2.936538 6.794510 3458.829295
 134.800000 3.059081 2.935235 6.319775 3445.765147
 135.000000 3.016953 2.913855 3.918206 2941.957608
 135.200000 -2.702717 3.069378 24.082575 97.012280
 135.400000 -1.714126 2.775019 22.190523 250.964343
 135.600000 -1.820119 1.269407 21.052815 24.325106
 135.800000 -1.009643 0.354066 19.534329 847.662137
 136.000000 -0.038260 -0.577112 -0.000000 0.000000
 136.200000 1.251646 -1.346995 -0.000000 0.000000
