#! FIELDS time phi psi ves.bias ves.force2
#! SET min_phi -pi
#! SET max_phi pi
#! SET min_psi -pi
#! SET max_psi pi
 0.000000 -1.498385 0.273949 27.215882 148.921278
 0.200000 -1.848290 0.706175 22.859087 11.835605
 0.400000 -1.728990 0.778346 23.750297 135.193464
 0.600000 -0.361047 0.783845 0.601190 78.339351
 0.800000 -1.671200 1.651810 24.527088 226.713282
 1.000000 -2.031267 1.848995 23.088948 22.501959
 1.200000 -1.998049 2.802706 23.158505 7.655080
 1.400000 -2.472568 -3.116031 25.918156 0.101823
 1.600000 -3.081026 2.601281 14.405776 2450.177486
 1.800000 -2.901110 3.004026 21.154418 766.580648
 2.000000 3.007344 2.831338 4.583487 1454.265447
 2.200000 -2.668673 2.834335 25.145810 63.187106
 2.400000 -1.637094 2.546245 25.170648 218.821192
 2.600000 -2.104146 1.684902 23.697483 20.008380
 2.800000 -1.567517 1.162167 26.246537 242.003351
 3.000000 -0.658562 0.391586 6.141265 1290.687301
 3.200000 -0.661685 -0.420228 6.269614 1318.657547
 3.400000 -0.464975 -0.696002 1.564677 176.380266
 3.600000 -0.698246 0.146610 7.669422 1606.443259
 3.800000 -1.579240 1.054813 26.080578 230.493122
 4.000000 -1.824827 1.728360 23.414850 20.442444
 4.200000 -1.826533 2.508861 23.493065 18.054570
 4.400000 -2.359701 2.765460 25.316949 45.663055
 4.600000 2.931476 2.876910 2.347092 507.714101
 4.800000 -2.550932 2.940521 25.750303 8.560634
 5.000000 -2.805554 2.417579 23.413277 275.667258
 5.200000 -2.673084 2.565759 25.068441 86.927387
 5.400000 -2.843873 -2.851075 22.705568 372.494562
 5.600000 -2.964900 2.617335 19.563484 1171.839469
 5.800000 -1.720204 2.390817 24.294139 95.421649
 6.000000 -0.492571 1.989314 1.958698 282.432582
 6.200000 -0.959226 1.636301 18.494271 1387.444294
 6.400000 -0.915910 1.071861 16.855517 1479.213165
 6.600000 -1.708730 0.614844 24.443919 106.856930
 6.800000 -1.465984 0.615394 27.523007 62.517245
 7.000000 -0.945562 1.290673 17.982892 1413.976898
 7.200000 -0.890416 2.415374 15.883983 1555.838208
 7.400000 -0.927022 2.783900 17.304762 1460.086896
 7.600000 -0.802220 1.861241 12.271182 1781.838761
 7.800000 -0.873650 0.875687 15.217579 1604.284621
 8.000000 -1.589758 0.255774 26.058670 218.391892
 8.200000 -2.053259 0.151323 23.368118 7.475410
 8.400000 -1.679801 0.672136 24.818267 149.900186
 8.600000 -0.706438 0.972326 8.320208 1626.376319
 8.800000 -0.940998 1.876764 17.899139 1422.382711
 9.000000 -0.645937 2.514494 6.016517 1253.505385
 9.200000 -0.868264 2.278544 15.141324 1612.390546
 9.400000 -0.638283 1.629451 5.800942 1227.048907
 9.600000 -1.072112 0.792902 22.563470 1036.840343
 9.800000 -0.910747 0.050428 16.812215 1483.487566
 10.000000 -0.565256 -0.358860 3.538242 714.613147
 10.200000 -0.756238 -0.155562 10.565113 1780.466032
 10.400000 -1.448490 0.678431 27.704709 33.244367
 10.600000 -0.846007 1.472546 14.320115 1665.013902
 10.800000 -0.611662 2.028447 4.965850 1073.245930
 11.000000 -0.930328 2.650566 17.634317 1428.714674
 11.200000 -0.924401 2.388852 17.485505 1441.768811
 11.400000 -0.624673 1.695222 5.483554 1193.738901
 11.600000 -0.826246 1.295618 13.592922 1700.621412
 11.800000 -1.637358 0.587887 25.459904 193.951451
 12.000000 -1.502453 0.250779 27.272938 110.912237
 12.200000 -0.752564 0.289880 10.620942 1773.102985
 12.400000 -0.822645 0.679927 13.553157 1694.584079
 12.600000 -1.214593 1.076056 26.282087 328.646194
 12.800000 -1.323754 0.969484 27.653307 49.989312
 13.000000 -0.831054 0.749945 13.898296 1674.296469
 13.200000 -1.365515 0.738486 27.909370 9.394914
 13.400000 -0.788429 0.910520 12.230720 1745.944683
 13.600000 -1.611012 1.244435 25.880187 215.271369
 13.800000 -1.120413 0.827511 24.163902 727.896643
 14.000000 -0.903026 0.426200 16.837382 1469.741925
 14.200000 -0.756423 -0.145507 10.976284 1778.275332
 14.400000 -0.644815 -0.732817 6.423041 1427.172496
 14.600000 -0.411765 -0.143429 0.715465 129.585460
 14.800000 -0.947881 0.435147 18.611275 1345.777595
 15.000000 -1.660337 1.197687 25.210620 188.251884
 15.200000 -1.382025 1.336659 28.051374 2.416627
 15.400000 -0.955216 0.862983 18.968772 1304.897870
 15.600000 -1.279679 0.590789 27.328626 151.099131
 15.800000 -1.161150 0.856891 25.224594 528.581144
 16.000000 -1.003813 1.037239 20.672479 1150.677782
 16.200000 -1.310414 1.087243 27.696008 85.528349
 16.400000 -1.110091 0.814768 24.008271 721.531035
 16.600000 -1.384648 0.735008 28.094127 1.790509
 16.800000 -1.110916 0.857068 24.030417 718.144306
 17.000000 -1.259511 1.244393 27.098904 200.066270
 17.200000 -1.180549 1.049197 25.789302 436.725930
 17.400000 -1.523508 0.649759 27.301926 157.440690
 17.600000 -1.452106 0.931972 27.983952 37.567092
 17.800000 -1.089882 1.132955 23.551663 801.156835
 18.000000 -0.740318 1.272513 10.547968 1804.702659
 18.200000 -1.669871 1.257735 25.140287 219.112203
 18.400000 -1.315090 0.703845 27.862649 72.262264
 18.600000 -0.939329 0.600517 18.666652 1374.598899
 18.800000 -0.719594 0.524637 9.727861 1798.511787
 19.000000 -1.462100 0.748281 27.976282 51.236123
 19.200000 -1.133768 1.199034 24.921966 602.884520
 19.400000 -0.779396 1.108385 12.352796 1809.927741
 19.600000 -1.275391 1.098000 27.519220 146.126436
 19.800000 -1.090896 0.680749 23.791314 792.208651
 20.000000 -0.757211 0.207170 11.405103 1836.521100
 20.200000 -0.743739 0.096586 10.892666 1869.133195
 20.400000 -0.764367 0.006631 11.783036 1853.502861
 20.600000 -0.578295 -0.254028 4.312335 1066.022805
 20.800000 -0.491226 -0.378511 1.960661 453.234806
 21.000000 -0.720422 -0.146862 9.885369 1857.374581
 21.200000 -1.095892 0.413660 24.146930 784.111570
 21.400000 -1.210819 0.819756 26.755966 299.853739
 21.600000 -1.741862 1.497496 24.154158 138.020695
 21.800000 -1.852913 2.041952 23.266407 21.837029
 22.000000 -2.205288 2.756744 23.558461 41.839252
 22.200000 2.885602 2.915917 0.748401 285.608988
 22.400000 -3.009643 2.944717 17.371441 1991.346985
 22.600000 -2.236376 2.598073 23.727507 50.357241
 22.800000 -2.115310 2.224047 23.062203 11.516934
 23.000000 -1.997807 2.514542 22.909890 0.231384
 23.200000 -2.398188 2.885076 24.845505 37.080350
 23.400000 3.071454 2.857105 6.871053 2338.865391
 23.600000 3.093081 2.925359 7.944957 2587.183133
 23.800000 -2.438778 2.839254 25.070282 24.111942
 24.000000 -2.321824 2.460154 24.327055 53.203136
 24.200000 -1.857861 2.614140 23.201298 20.776589
 24.400000 -2.861741 2.680188 22.002265 406.079461
 24.600000 2.994970 2.914760 3.581630 1323.938030
 24.800000 3.129676 2.921348 9.832597 2885.155184
 25.000000 3.000178 2.639056 3.773477 1390.883528
 25.200000 -2.696818 -3.102206 24.347475 113.430194
 25.400000 -2.424855 2.810158 24.952291 27.501791
 25.600000 -2.133918 2.274483 23.071695 14.353438
 25.800000 -1.855763 2.223569 23.198849 20.701964
 26.000000 -2.096891 2.669326 22.959016 5.346356
 26.200000 -3.008415 2.683234 17.323954 1966.541855
 26.400000 -2.737422 -3.010225 23.854482 150.794628
 26.600000 -2.725310 2.644269 24.000430 139.642205
 26.800000 -2.328176 2.555146 24.324986 54.432095
 27.000000 -1.990158 3.014508 22.897714 0.497690
 27.200000 -2.387009 2.520903 24.733761 37.328838
 27.400000 3.118848 2.591289 9.228503 2800.702589
 27.600000 -2.955524 -2.879962 19.396780 1209.949991
 27.800000 -3.026569 2.720448 16.472923 2218.317339
 28.000000 -2.969694 2.250948 18.885418 1398.120547
 28.200000 -3.039776 3.026800 15.837073 2384.013714
 28.400000 3.046495 -3.077169 5.657443 2032.395684
 28.600000 -2.242671 2.662064 23.668607 56.444506
 28.800000 -1.193851 1.805696 26.863880 302.354435
 29.000000 -0.788503 1.109542 13.326457 1790.291151
 29.200000 -1.217765 0.616268 27.275735 218.277793
 29.400000 -1.947220 0.579666 22.943696 1.550973
 29.600000 -1.748559 0.638274 24.024462 141.243606
 29.800000 -0.669091 0.939530 8.104902 1906.294895
 30.000000 -0.027158 1.752932 -0.000001 0.000000
 30.200000 -1.261266 2.029182 27.852237 115.272727
 30.400000 -2.079934 1.636935 22.923298 1.281761
 30.600000 -2.204280 1.437879 23.380482 41.444203
 30.800000 -1.547771 1.145992 27.323064 248.622517
 31.000000 -0.174760 0.448388 -0.000588 0.000228
 31.200000 -0.887289 0.268288 17.352301 1448.156502
 31.400000 -0.973720 -0.300459 20.583288 1351.541080
 31.600000 -0.307640 -0.584432 -0.006483 0.032617
 31.800000 1.316060 -0.712526 -0.000000 0.000000
