#! FIELDS time phi psi ves.bias ves.force2
#! SET min_phi -pi
#! SET max_phi pi
#! SET min_psi -pi
#! SET max_psi pi
 0.000000 -1.498385 0.273949 25.037724 141.910265
 0.200000 -1.954068 0.415246 21.509417 11.891884
 0.400000 -1.708713 0.462046 21.985995 162.621947
 0.600000 -0.570811 0.665193 1.280214 1692.409860
 0.800000 -1.305321 1.393571 25.777968 63.945862
 1.000000 -1.044693 1.202658 20.437066 909.784811
 1.200000 -0.505274 0.444501 -0.000043 0.000110
 1.400000 -0.979105 0.021507 18.256850 1484.536790
 1.600000 -0.406181 -0.312205 -0.000000 0.000000
 1.800000 -0.466697 -0.578938 -0.000000 0.000000
 2.000000 -0.817845 -0.268835 11.926457 1406.790516
 2.200000 -0.484376 -0.299022 -0.000001 0.000000
 2.400000 -0.570524 -0.420113 1.459771 1823.758305
 2.600000 -0.815871 -0.397248 12.006244 1480.586854
 2.800000 -0.628170 -0.024850 4.095699 2236.553194
 3.000000 -1.423191 0.756061 25.772569 58.736283
 3.200000 -1.624765 1.611687 23.182670 240.805724
 3.400000 -1.357595 2.066598 26.007089 0.021414
 3.600000 -1.670633 2.346712 22.474638 225.918258
 3.800000 -2.457113 2.834273 24.125571 12.904334
 4.000000 3.044442 2.789526 5.061202 3285.921202
 4.200000 2.888934 2.985758 -0.000001 0.000000
 4.400000 -1.992991 2.635743 21.740425 10.263443
 4.600000 -1.620769 2.091445 23.292961 240.429873
 4.800000 -1.660561 1.680051 22.672460 239.117024
 5.000000 -1.606015 0.772623 23.519942 232.447734
 5.200000 -0.537448 -0.036865 0.357006 1670.183108
 5.400000 -0.438879 -0.722307 -0.000000 0.000000
 5.600000 -0.575488 -0.544093 1.960075 2006.872413
 5.800000 -0.592658 0.399825 2.744300 2153.964147
 6.000000 -1.548699 1.670458 24.394356 170.911343
 6.200000 -1.098336 2.342843 22.116441 522.443680
 6.400000 -0.574883 2.254369 2.026081 2040.172864
 6.600000 -0.694726 1.961770 7.518881 1766.535682
 6.800000 -1.539458 1.899631 24.535797 158.539714
 7.000000 -2.111792 1.818064 22.011952 12.945468
 7.200000 -2.240317 2.419904 22.718352 49.367205
 7.400000 -2.083380 3.112466 21.891275 8.643947
 7.600000 -3.090231 2.253990 12.568687 1660.890652
 7.800000 -2.307182 2.783271 23.182145 44.352315
 8.000000 -2.048708 2.825695 21.798294 6.420431
 8.200000 -2.261456 1.996777 22.871693 46.425752
 8.400000 -2.227170 2.174244 22.639787 44.196176
 8.600000 -1.585859 3.107768 23.970400 178.478912
 8.800000 -2.590031 2.445605 24.027329 11.399742
 9.000000 -2.917754 2.603687 18.739126 1069.688085
 9.200000 -2.659564 -3.047838 23.616920 52.153054
 9.400000 -2.825850 2.639777 21.322695 528.866536
 9.600000 -2.190061 2.720956 22.462833 32.511052
 9.800000 -1.776410 2.613852 21.474484 61.624829
 10.000000 -1.819670 2.381122 21.243511 7.993223
 10.200000 -2.440999 2.092820 23.925700 18.205960
 10.400000 -2.328844 -3.106424 23.321011 35.103378
 10.600000 3.092416 2.782732 7.723937 2938.127181
 10.800000 -3.082840 2.675524 12.801121 1597.369073
 11.000000 -2.779934 -3.093944 22.213651 286.410787
 11.200000 -2.590155 2.778256 23.989858 19.121307
 11.400000 -2.434740 2.419816 23.923568 21.124186
 11.600000 -2.044048 2.840674 21.968644 13.569932
 11.800000 -2.258117 2.515323 22.932698 31.384437
 12.000000 -2.231921 2.539978 22.787821 29.689348
 12.200000 -2.551757 2.921188 24.137161 5.073724
 12.400000 2.949926 2.911503 0.323765 1746.100141
 12.600000 -2.584222 2.959835 24.029327 18.836780
 12.800000 -2.510140 2.560829 24.170492 0.423460
 13.000000 -2.389078 2.836726 23.712149 31.775030
 13.200000 -2.862620 2.856749 20.355293 734.828490
 13.400000 3.075870 2.753397 6.813340 3112.213546
 13.600000 -2.874800 2.857672 20.016299 814.434295
 13.800000 -2.842524 2.807620 20.874806 603.511067
 14.000000 2.952433 2.571093 0.422709 1708.092800
 14.200000 -2.144487 -3.114253 22.547649 20.562952
 14.400000 -1.956553 2.503831 21.644915 27.948613
 14.600000 -1.877265 1.650116 21.291892 7.527472
 14.800000 -0.940444 0.554789 17.017222 1531.670007
 15.000000 -0.519254 -0.514115 -0.000325 340.696665
 15.200000 -0.627005 -0.850119 4.740045 2071.186694
 15.400000 -0.912601 -0.086372 15.879955 1642.042692
 15.600000 -1.454585 1.016281 25.297137 79.999733
 15.800000 -1.263283 2.014417 25.104086 208.308162
 16.000000 -0.876589 2.605749 14.413345 1646.795931
 16.200000 -1.527114 2.291547 24.537369 121.490181
 16.400000 -2.195629 1.889575 22.837576 16.889027
 16.600000 -2.411670 2.638421 23.931231 50.574393
 16.800000 3.051688 -3.063335 5.485457 3201.117142
 17.000000 3.032915 2.762932 4.427232 3131.255806
 17.200000 -2.570674 2.673323 24.390755 22.349917
 17.400000 -1.567364 3.083241 24.041965 146.743537
 17.600000 -1.897887 2.193994 21.422067 14.520826
 17.800000 -2.015770 2.143248 21.992135 25.550128
 18.000000 -1.678694 2.553169 22.552083 186.323181
 18.200000 -1.995459 2.683485 21.917028 24.452952
 18.400000 -2.884194 2.608879 19.851042 840.066252
 18.600000 3.030763 3.015990 4.335007 3100.493180
 18.800000 -2.776156 3.044278 22.217489 241.833574
 19.000000 -2.770601 2.311503 22.302560 227.516159
 19.200000 -2.465979 2.895444 24.344673 41.998242
 19.400000 -2.316059 2.843680 23.300935 20.420540
 19.600000 3.094180 2.364538 7.880284 2862.763845
 19.800000 -2.888679 2.983687 19.740228 868.003802
 20.000000 -3.039618 -3.123272 14.473500 1407.999806
 20.200000 -2.864535 2.270333 20.431606 679.733539
 20.400000 -1.889385 2.788188 21.487623 11.966336
 20.600000 -1.847423 2.707371 21.387502 1.120984
 20.800000 -2.037508 2.343756 22.151785 22.732802
 21.000000 -2.451991 2.338047 24.272235 57.035883
 21.200000 -2.303262 -3.072476 23.253997 16.254166
 21.400000 3.124363 2.824331 9.470748 2437.516614
 21.600000 3.027741 2.557061 4.233882 3080.961377
 21.800000 -2.790638 -3.059993 21.991810 273.765613
 22.000000 -2.939474 2.820997 18.161957 1178.412942
 22.200000 -2.876660 2.761453 20.151745 741.299235
 22.400000 -2.798020 2.952052 21.872047 291.364081
 22.600000 3.026194 2.785202 4.173560 3070.832013
 22.800000 -2.798606 2.882922 21.862037 293.336041
 23.000000 -2.389330 2.706778 23.793880 68.047835
 23.200000 -2.388408 2.502203 23.805096 71.205735
 23.400000 -2.030352 2.744914 22.136478 19.485219
 23.600000 -2.502950 2.537278 24.695851 15.029228
 23.800000 -3.029615 2.709077 14.954517 1435.284620
 24.000000 -3.093176 3.100476 12.463993 1696.967654
 24.200000 3.005594 2.590346 3.092668 2846.943217
 24.400000 -2.467218 2.849064 24.526012 56.664467
 24.600000 -1.812834 2.582294 21.474452 2.055788
 24.800000 -1.751494 2.171667 21.743944 54.642610
 25.000000 -1.896611 1.927909 21.600120 12.160059
 25.200000 -1.526058 2.394677 24.280801 111.655045
 25.400000 -2.270527 2.678974 23.189827 10.522034
 25.600000 3.083065 2.763644 7.423211 2958.137438
 25.800000 3.072542 -3.001351 6.845908 3057.859654
 26.000000 -3.080302 2.781527 13.044062 1621.825396
 26.200000 -2.388202 2.650309 23.875782 77.830833
 26.400000 -1.679847 2.558057 22.461716 133.379281
 26.600000 -1.958131 2.202253 21.866530 14.285569
 26.800000 -1.937893 2.428225 21.790714 13.737208
 27.000000 -2.515338 2.899621 24.845493 5.206754
 27.200000 2.924711 2.742960 -0.005604 1.970602
 27.400000 -2.981171 2.937063 16.895543 1379.808982
 27.600000 -2.846518 2.584108 21.077923 487.687602
 27.800000 -2.734790 2.535994 22.878109 167.858184
 28.000000 -2.545940 2.909975 24.875305 5.291274
 28.200000 -2.870550 2.799798 20.543627 660.670821
 28.400000 3.131738 2.780077 10.034148 2265.782317
 28.600000 -2.897352 2.954794 19.799702 884.995222
 28.800000 -3.127023 2.701427 11.155854 1964.528284
 29.000000 -3.006466 2.792626 15.968934 1441.148038
 29.200000 -2.733861 2.870486 22.933157 159.558876
 29.400000 -2.912459 2.739039 19.385242 1012.304214
 29.600000 -2.708216 2.921073 23.257940 162.832950
 29.800000 3.095611 2.815453 8.272743 2760.249096
 30.000000 2.955748 2.902376 0.813046 1907.854947
 30.200000 -2.724387 2.779804 23.083089 152.492284
 30.400000 -2.126845 2.567564 22.651655 29.225194
 30.600000 -1.703195 2.310403 22.244135 89.665161
 30.800000 -1.817945 2.398557 21.624316 0.796412
 31.000000 -2.287245 2.679708 23.318215 14.885210
 31.200000 -3.032004 2.752953 15.122436 1475.089821
 31.400000 -3.089512 -3.020237 12.877104 1622.166184
 31.600000 -2.957403 2.819564 17.945757 1335.403830
 31.800000 -1.781237 2.506315 21.730470 14.046547
 32.000000 -1.516267 1.845901 24.165798 94.346773
 32.200000 -1.160126 1.522402 22.535560 477.845396
 32.400000 -1.250043 0.833075 24.321682 266.235689
 32.600000 -1.156009 0.415013 22.445413 481.137612
 32.800000 -1.396014 0.677796 25.123677 23.595458
 33.000000 -1.435339 1.088074 24.866930 62.043125
 33.200000 -1.475450 1.339355 24.491071 84.644206
 33.400000 -0.867399 1.173772 13.466285 1630.908198
 33.600000 -1.638345 1.164157 22.896537 104.579084
 33.800000 -1.319026 0.695693 25.083735 35.767229
 34.000000 -0.827032 0.176142 11.866811 1495.033155
 34.200000 -0.662855 -0.385060 5.684908 1652.999328
 34.400000 -0.532740 -0.905816 0.284710 1555.443062
 34.600000 -0.748789 -0.246966 8.939667 1302.820178
 34.800000 -1.239855 0.611032 24.114601 303.226729
 35.000000 -1.530010 1.352657 23.949260 92.245879
 35.200000 -1.361225 1.226552 25.163712 0.518399
 35.400000 -1.286568 0.683022 24.780111 124.810156
 35.600000 -1.609596 0.713797 23.159935 96.760444
 35.800000 -0.759597 1.179786 9.302557 1301.049133
 36.000000 -1.627035 2.155473 22.988028 97.336480
 36.200000 -2.358876 2.887113 23.759992 62.058320
 36.400000 -3.101526 3.097224 12.563595 1642.875495
 36.600000 -2.718012 2.758336 23.265679 123.984952
 36.800000 -2.357811 2.480985 23.751637 61.028582
 37.000000 -2.147904 2.805054 22.770894 31.431665
 37.200000 -1.906829 2.635835 21.788851 3.376080
 37.400000 -3.000383 2.176559 16.497782 1473.429716
 37.600000 2.869932 2.870250 -0.000000 0.000000
 37.800000 -3.013928 -2.886549 15.977787 1472.738308
 38.000000 -3.035785 2.489043 15.140214 1464.557211
 38.200000 -2.423356 2.804578 24.372877 98.472598
 38.400000 -2.712255 2.941719 23.354229 117.432508
 38.600000 2.882429 2.940445 -0.000001 0.000000
 38.800000 3.123927 2.937121 10.092187 2282.804589
 39.000000 -2.686252 2.718417 23.643983 131.503439
 39.200000 -2.293918 2.565738 23.390381 18.982381
 39.400000 -1.811945 2.679283 21.732946 2.181359
 39.600000 -2.194609 2.566224 23.002789 21.121643
 39.800000 -2.386351 2.576037 24.018763 86.531030
 40.000000 -2.454154 3.005071 24.667113 73.607655
 40.200000 2.944366 2.472223 0.556929 1909.643668
 40.400000 -2.993132 3.108123 16.843278 1480.993003
 40.600000 -2.786831 2.872109 22.581141 159.586006
 40.800000 -2.542781 2.390436 24.994570 6.785374
 41.000000 -1.677148 2.736241 22.494253 81.206878
 41.200000 -2.007076 2.572433 22.035594 12.222335
 41.400000 -2.166059 2.332375 22.868734 29.416137
 41.600000 -2.440754 2.628639 24.576185 86.257092
 41.800000 -2.147381 -3.072892 22.763771 33.527715
 42.000000 3.018489 2.226961 4.445519 3335.191318
 42.200000 -2.534087 3.093489 25.036237 2.108729
 42.400000 -2.876608 2.929696 20.923505 725.118758
 42.600000 -3.035867 2.594326 15.241906 1450.522178
 42.800000 -2.618728 -3.107723 24.452757 117.413234
 43.000000 -2.918791 2.601760 19.634463 1143.862009
 43.200000 -2.795560 2.728111 22.555971 176.566723
 43.400000 -2.646929 -3.096048 24.149917 129.985385
 43.600000 3.004905 2.304622 3.728188 3245.274508
 43.800000 -2.608628 2.845302 24.570903 103.721916
 44.000000 -2.421199 -3.134218 24.425151 95.787682
 44.200000 -2.809488 2.376014 22.401466 228.025533
 44.400000 -1.954949 2.810329 21.869898 6.382778
 44.600000 -1.635917 2.687590 22.839776 83.674981
 44.800000 -2.097022 1.734723 22.480150 36.708637
 45.000000 -1.958595 2.046721 21.879226 6.711237
 45.200000 -1.439357 2.653820 24.589441 63.602124
 45.400000 -2.353122 2.873498 23.833993 60.385998
 45.600000 3.127455 2.587545 10.482940 2154.132731
 45.800000 -2.728145 -3.114785 23.357040 90.415545
 46.000000 -2.885630 2.444290 20.783655 838.270538
 46.200000 -2.651381 2.657496 24.180359 119.240279
 46.400000 -2.278495 2.900972 23.419388 17.987092
 46.600000 -2.399627 2.398334 24.263302 93.541314
 46.800000 -2.186192 2.548740 23.024647 26.391900
 47.000000 -1.925428 2.903577 21.788937 4.380803
 47.200000 -2.447314 2.459559 24.737761 74.223617
 47.400000 -2.937472 2.515989 19.119630 1347.059514
 47.600000 -3.036317 -2.916844 15.319913 1453.796485
 47.800000 2.858977 2.725367 -0.000000 0.000000
 48.000000 -2.511380 2.546649 25.100457 3.375869
 48.200000 -1.641964 2.932809 22.767530 75.634898
 48.400000 -1.747726 2.283049 21.955814 31.880604
 48.600000 -2.118612 1.872642 22.637088 41.097930
 48.800000 -2.105340 2.301118 22.552276 40.366157
 49.000000 -1.813062 2.892412 21.713893 3.068485
 49.200000 -2.774646 2.509507 23.062432 122.126216
 49.400000 2.981873 2.711696 2.594224 2939.919002
 49.600000 -2.944575 -2.807748 18.914335 1412.466078
 49.800000 3.091868 2.398949 8.825218 2729.618783
 50.000000 -2.785918 2.791981 22.931850 147.890696
 50.200000 -2.804782 3.035190 22.719655 211.513634
 50.400000 2.952897 2.563179 1.139843 2244.745097
 50.600000 -2.853283 2.971389 21.813854 539.613222
 50.800000 -3.003515 2.908376 16.654636 1529.801058
 51.000000 3.127666 2.678554 10.613060 2118.967533
 51.200000 -3.053542 3.019429 14.757981 1445.360276
 51.400000 -2.588872 2.818726 24.890636 59.593317
 51.600000 -2.550786 2.553862 25.110774 12.712200
 51.800000 -2.193773 2.701073 23.124419 28.345882
 52.000000 -2.424990 2.706812 24.605311 84.310719
 52.200000 -2.616632 2.598366 24.666745 87.190904
 52.400000 2.962552 2.738379 1.663979 2539.758088
 52.600000 -2.949163 -3.131185 18.849555 1463.750380
 52.800000 -2.942984 2.600392 19.084517 1427.269714
 53.000000 -2.703365 2.705062 23.837786 78.479624
 53.200000 -2.133952 2.828181 22.786681 41.434493
 53.400000 -2.274958 2.355971 23.533964 22.617491
 53.600000 -1.626951 2.644519 22.854849 63.981538
 53.800000 -2.201610 2.582479 23.186568 27.134721
 54.000000 -2.443549 2.578718 24.803952 69.438932
 54.200000 -2.666772 2.681202 24.233623 87.228836
 54.400000 -2.864529 3.050559 21.717351 656.448699
 54.600000 -2.977728 2.798147 17.807826 1566.871701
 54.800000 -3.104125 2.644609 12.912483 1546.931110
 55.000000 -2.319029 3.001362 23.796134 38.271370
 55.200000 -2.276758 2.451575 23.588383 24.712540
 55.400000 -1.587537 2.435911 23.129679 58.136119
 55.600000 -1.846005 2.308887 21.670949 0.041609
 55.800000 -1.741658 2.656665 21.991554 34.496961
 56.000000 -2.684421 2.714582 24.106468 77.719978
 56.200000 2.928486 2.848975 0.163198 1947.754033
 56.400000 -2.690938 2.908763 24.082112 73.071784
 56.600000 -2.445120 2.472311 24.882339 62.529726
 56.800000 -1.931057 2.384452 21.800562 7.691277
 57.000000 -1.647110 2.626062 22.660474 57.625247
 57.200000 -2.076230 2.418874 22.462127 38.518533
 57.400000 -2.823950 2.649853 22.706718 313.028877
 57.600000 2.955869 3.028015 1.444197 2439.359846
 57.800000 -3.005225 2.810306 16.829409 1551.205532
 58.000000 -2.562858 2.635157 25.151946 22.515674
 58.200000 -2.101234 2.622325 22.632689 42.924984
 58.400000 -1.704113 2.548261 22.239010 45.516024
 58.600000 -1.948936 2.181721 21.859601 10.638947
 58.800000 -1.882717 2.623877 21.704450 1.630633
 59.000000 -2.270350 2.845824 23.623447 27.365921
 59.200000 3.095938 2.523426 9.359707 2663.081036
 59.400000 -2.784782 -2.990354 23.342972 137.462682
 59.600000 -3.092314 2.924163 13.551249 1504.795956
 59.800000 -2.956628 2.553727 18.816568 1503.040499
 60.000000 -2.749776 3.087346 23.694442 76.686381
 60.200000 -2.903763 2.790111 20.774983 1086.380106
 60.400000 -2.678371 2.738237 24.307588 69.329107
 60.600000 -2.623572 2.841527 24.779676 72.487651
 60.800000 -2.810172 2.652656 23.038724 235.663788
 61.000000 -2.866915 2.841913 21.869397 686.392625
 61.200000 2.908955 2.824813 -0.004062 1.188796
 61.400000 -2.758034 2.882914 23.704079 84.278877
 61.600000 -2.239986 2.613783 23.518653 28.657038
 61.800000 -2.132656 2.335365 22.880666 43.273183
 62.000000 -1.457948 2.658461 23.997215 64.454111
 62.200000 -1.977650 2.386735 22.000178 17.289220
 62.400000 -2.525193 2.579429 25.336795 0.171158
 62.600000 3.017253 2.991748 4.961062 3528.060522
 62.800000 -3.043262 -2.987483 15.551208 1472.010554
 63.000000 -2.739921 2.602971 23.906257 66.553683
 63.200000 -1.549015 2.618387 23.224802 49.841871
 63.400000 -1.080314 2.156199 19.820691 647.627929
 63.600000 -1.022154 1.949871 18.204030 932.497170
 63.800000 -1.541433 1.385909 23.278918 52.098245
 64.000000 -1.037989 0.320319 18.674699 837.065610
 64.200000 -0.565553 -0.238153 0.889649 1238.139380
 64.400000 -0.886115 -0.035726 13.172983 1624.632369
 64.600000 -1.118343 0.615058 20.716299 553.438212
 64.800000 -1.338720 1.154865 24.349094 11.432690
 65.000000 -1.123835 1.310095 20.844920 543.737897
 65.200000 -0.928870 1.176187 14.846731 1531.291299
 65.400000 -1.497369 1.119360 23.565452 63.676625
 65.600000 -1.213517 0.804348 22.766802 383.080963
 65.800000 -1.124031 0.436166 20.822585 545.465214
 66.000000 -1.484712 0.805500 23.667319 65.590574
 66.200000 -1.251993 1.167938 23.433104 256.283464
 66.400000 -1.039977 1.477182 18.639926 833.551240
 66.600000 -1.217625 1.195996 22.823283 370.781694
 66.800000 -1.513350 0.985712 23.423069 59.472486
 67.000000 -1.230796 0.541004 23.069956 330.120599
 67.200000 -1.298196 0.749592 24.017893 94.622928
 67.400000 -1.242604 0.994839 23.262019 289.278603
 67.600000 -1.239723 1.351146 23.212593 299.359115
 67.800000 -1.437832 0.873658 24.002477 52.274953
 68.000000 -0.928698 0.680972 14.787220 1529.517257
 68.200000 -1.388600 0.492341 24.263318 11.467575
 68.400000 -1.314523 0.901489 24.146288 50.843839
 68.600000 -1.281698 1.145828 23.829520 146.178414
 68.800000 -0.950501 1.124050 15.600839 1420.043761
 69.000000 -1.577687 0.956045 22.947669 38.986121
 69.200000 -1.160156 0.450418 21.601527 499.988252
 69.400000 -0.611108 0.200907 2.427390 1453.856865
 69.600000 -1.441380 0.465346 23.952665 54.740810
 69.800000 -1.118676 0.927448 20.642240 572.185823
 70.000000 -1.318799 1.267122 24.172534 40.497611
 70.200000 -1.187556 1.129833 22.211432 449.335624
 70.400000 -1.375431 0.757841 24.286461 3.968690
 70.600000 -1.406730 0.875748 24.169400 27.950740
 70.800000 -0.956291 0.950002 15.774977 1390.205506
 71.000000 -1.088055 1.605387 19.886693 658.561330
 71.200000 -0.860696 1.759062 11.978784 1611.265447
 71.400000 -0.898304 1.847481 13.493110 1614.093174
 71.600000 -0.618048 2.159656 2.626194 1459.740550
 71.800000 -0.565997 2.266395 0.731181 1156.356159
 72.000000 -0.941406 2.205741 15.194019 1475.496820
 72.200000 -0.698878 1.831387 5.723831 1471.026053
 72.400000 -0.656682 1.880449 4.092287 1510.321985
 72.600000 -1.338412 1.925831 24.272916 8.485462
 72.800000 -1.875136 1.986240 21.712273 0.952849
 73.000000 -1.851003 2.577794 21.701932 0.017611
 73.200000 -2.316938 3.009737 24.119359 53.885583
 73.400000 2.973709 2.616377 2.588689 2980.624778
 73.600000 -2.978389 2.933462 18.364732 1526.678311
 73.800000 -2.237554 2.837423 23.598440 37.248745
 74.000000 -2.159478 2.409980 23.109883 42.782525
 74.200000 -1.782529 2.599201 21.804000 10.589910
 74.400000 -1.845766 2.753929 21.690677 0.075492
 74.600000 -2.430324 2.495014 25.038204 54.759540
 74.800000 -2.814182 2.928819 23.397002 279.008760
 75.000000 2.756544 3.062327 -0.000000 0.000000
 75.200000 -2.995896 2.736534 17.707742 1523.056083
 75.400000 -2.488682 2.776924 25.360538 10.186308
 75.600000 -1.973380 2.630903 21.987714 19.238880
 75.800000 -1.903774 2.377102 21.750894 5.206203
 76.000000 -1.793795 2.322139 21.763163 7.279300
 76.200000 -1.874534 2.853962 21.705903 1.391605
 76.400000 -2.638651 2.668209 24.932843 40.044653
 76.600000 2.927133 2.874718 0.341807 1953.165856
 76.800000 2.984702 2.999845 3.219157 3206.330805
 77.000000 -3.086563 2.720252 14.223237 1539.364511
 77.200000 -2.842960 2.668782 22.871742 495.877313
 77.400000 -2.475124 3.111284 25.307400 18.889765
 77.600000 -2.916048 2.571403 20.753071 1212.298019
 77.800000 -3.031152 2.764559 16.372946 1475.408702
 78.000000 3.068603 3.017481 8.186277 3275.981659
 78.200000 3.054432 2.683664 7.374572 3467.824980
 78.400000 -2.354480 2.830846 24.431801 66.034473
 78.600000 -1.837628 2.465049 21.698172 0.087113
 78.800000 -1.820237 2.090586 21.710459 1.257280
 79.000000 -1.888485 2.370042 21.740036 3.439261
 79.200000 -2.213195 2.597517 23.444562 41.121688
 79.400000 -2.969298 2.904747 18.808608 1483.448967
 79.600000 3.098902 3.051643 9.884398 2786.801913
 79.800000 3.135071 2.799504 11.680180 2166.944278
 80.000000 -2.575441 2.582920 25.298464 16.824160
 80.200000 -2.214239 2.827387 23.449672 41.517182
 80.400000 -1.979328 2.605029 22.043478 17.962312
 80.600000 -2.144658 2.580694 22.993368 44.153553
 80.800000 -2.212932 2.613513 23.441246 41.551581
 81.000000 -2.651133 2.748254 24.895829 35.549581
 81.200000 -2.952764 2.773401 19.475915 1413.527357
 81.400000 3.082327 2.988901 9.015103 3105.162573
 81.600000 -2.677125 2.802999 24.755263 35.165261
 81.800000 -1.736976 2.684644 21.954340 18.096367
 82.000000 -1.564067 1.963107 22.914862 42.749015
 82.200000 -1.126760 1.342115 20.878598 639.482819
 82.400000 -1.030620 0.420589 18.167711 997.137583
 82.600000 -0.748504 0.306457 7.411912 1492.177304
 82.800000 -0.768629 0.138521 8.190320 1501.784584
 83.000000 -1.072288 0.389212 19.417075 811.594098
 83.200000 -1.078255 0.667535 19.579635 795.959907
 83.400000 -1.449205 1.391419 23.751707 59.666073
 83.600000 -1.324052 1.189159 24.162956 15.638404
 83.800000 -0.652425 0.328087 3.663669 1493.921941
 84.000000 -0.753280 -0.577468 7.577581 1500.738579
 84.200000 -0.572439 -0.373454 0.715331 1109.157045
 84.400000 -0.903891 0.447990 13.534198 1587.255552
 84.600000 -1.447458 1.531831 23.755065 59.508051
 84.800000 -1.382283 1.623077 24.152470 13.177081
 85.000000 -0.892220 0.971063 13.067739 1606.021843
 85.200000 -1.618490 0.560297 22.536472 32.211914
 85.400000 -1.158704 0.597167 21.663611 555.367652
 85.600000 -1.224594 1.022415 23.045504 318.898357
 85.800000 -1.077681 1.250037 19.556779 809.263521
 86.000000 -1.461401 1.051345 23.639450 64.030626
 86.200000 -1.097268 0.620141 20.105114 746.452304
 86.400000 -1.433970 0.792265 23.849268 53.757967
 86.600000 -1.013045 1.276247 17.562939 1110.887266
 86.800000 -0.963690 1.381161 15.824124 1371.119568
 87.000000 -0.874634 1.532760 12.340960 1617.905040
 87.200000 -1.284639 1.919729 23.891515 94.148810
 87.400000 -0.769643 1.830639 8.159427 1528.724111
 87.600000 -0.938714 1.972316 14.875028 1486.084982
 87.800000 -0.914557 2.194493 13.930823 1564.245666
 88.000000 -0.596175 2.114339 1.485033 1259.284408
 88.200000 -0.939689 2.103263 14.912090 1482.603762
 88.400000 -0.808155 1.563639 9.671385 1571.433750
 88.600000 -0.778725 1.454072 8.510632 1541.639242
 88.800000 -1.292248 1.350852 23.963301 72.334651
 89.000000 -1.460323 0.539404 23.645371 65.006693
 89.200000 -0.843186 0.128709 11.073183 1611.874839
 89.400000 -1.002784 0.090779 17.220691 1176.203271
 89.600000 -1.298782 0.267388 24.019701 55.938420
 89.800000 -1.022339 0.584347 17.876604 1074.937876
 90.000000 -1.554944 1.057533 22.901878 49.126475
 90.200000 -0.964349 1.191649 15.854444 1372.003215
 90.400000 -1.429083 1.475064 23.886958 51.857993
 90.600000 -1.673081 1.158714 22.193550 24.743135
 90.800000 -0.743359 0.014702 7.122023 1542.780318
 91.000000 -0.502535 -0.924702 -0.000003 0.000000
 91.200000 -0.611820 -0.082984 2.008789 1350.330758
 91.400000 -0.909514 0.412300 13.751433 1572.999994
 91.600000 -1.389482 0.918704 24.127340 19.743496
 91.800000 -0.956608 0.927902 15.574358 1407.069541
 92.000000 -0.847040 0.606336 11.243004 1621.119623
 92.200000 -1.379804 0.557491 24.169692 12.315104
 92.400000 -0.894471 1.037274 13.165021 1601.075311
 92.600000 -0.921689 1.571616 14.244452 1537.992207
 92.800000 -0.731398 1.482599 6.653970 1558.338370
 93.000000 -0.659087 1.726301 3.805034 1523.734457
 93.200000 -0.842883 1.747746 11.105241 1623.475073
 93.400000 -1.048294 2.176106 18.737350 953.182833
 93.600000 -0.577851 2.217192 0.799756 1125.911044
 93.800000 -1.022246 2.126563 17.908381 1075.123597
 94.000000 -0.705571 1.822670 5.638242 1569.774431
 94.200000 -0.776441 1.616222 8.466668 1585.183630
 94.400000 -0.904946 1.521125 13.618618 1571.881200
 94.600000 -0.760182 1.493997 7.819873 1580.344975
 94.800000 -1.013928 1.361582 17.645324 1114.012558
 95.000000 -1.288999 1.081842 23.972582 76.189088
 95.200000 -0.981679 0.308643 16.549118 1268.685178
 95.400000 -0.722226 -0.219059 6.327510 1593.932120
 95.600000 -0.561078 -0.370209 0.230100 1189.587541
 95.800000 -0.852796 -0.233008 11.556004 1623.628583
 96.000000 -0.637550 0.093939 2.972524 1492.014133
 96.200000 -0.779803 0.087616 8.653274 1601.641971
 96.400000 -0.898853 0.305364 13.429478 1571.216385
 96.600000 -1.071019 0.469361 19.457155 854.857603
 96.800000 -1.457699 0.776114 23.684852 68.187357
 97.000000 -0.912678 1.323687 13.974728 1538.178506
 97.200000 -0.627949 1.847789 2.622638 1474.480641
 97.400000 -0.630027 2.369667 2.702547 1483.810783
 97.600000 -0.787876 2.403500 9.008793 1609.985939
 97.800000 -0.775607 1.858458 8.516652 1608.285587
 98.000000 -1.343836 1.190488 24.243105 0.514442
 98.200000 -1.463967 0.409145 23.636318 71.020352
 98.400000 -1.109691 0.596957 20.561309 715.534347
 98.600000 -1.106439 1.341587 20.474002 726.225389
 98.800000 -1.470275 1.533017 23.582855 72.530116
 99.000000 -1.299936 0.781847 24.082612 48.019363
 99.200000 -0.921623 0.206268 14.411505 1478.971125
 99.400000 -0.640345 -0.086667 3.135692 1555.422710
 99.600000 -0.895404 -0.152655 13.390572 1549.104620
 99.800000 -0.630574 0.231187 2.752690 1515.936734
 100.000000 -0.976811 0.793032 16.456500 1255.474795
 100.200000 -1.423070 1.268140 24.693433 49.861496
 100.400000 -1.329536 0.888785 24.963141 6.934380
 100.600000 -0.995840 0.484217 17.859492 1157.729924
 100.800000 -0.858962 0.610773 12.699748 1595.986872
 101.000000 -1.553448 0.865955 23.602579 63.723218
 101.200000 -1.373444 1.079210 24.955983 8.377842
 101.400000 -0.815792 1.181311 11.000133 1615.940500
 101.600000 -1.439157 1.337297 24.577405 62.114228
 101.800000 -1.173160 0.700935 22.873002 497.647118
 102.000000 -0.877741 0.400924 13.476910 1567.837982
 102.200000 -1.047726 0.359445 19.565230 920.727587
 102.400000 -1.151506 0.645356 22.381124 570.268118
 102.600000 -1.633150 1.183568 22.999380 42.159626
 102.800000 -1.067109 1.178853 20.141288 847.158657
 103.000000 -0.581105 0.917907 1.650375 1226.237302
 103.200000 -1.394141 0.836167 24.888550 24.502471
 103.400000 -1.605342 0.881865 23.177609 52.865277
 103.600000 -0.858844 1.019984 12.788779 1584.532701
 103.800000 -1.428078 1.567952 24.675299 55.031533
 104.000000 -1.612829 1.102489 23.123831 50.345133
 104.200000 -0.806722 0.418707 10.734909 1621.052899
 104.400000 -0.539850 -0.181139 0.302861 995.323574
 104.600000 -0.554466 -0.481469 0.759145 1002.536058
 104.800000 -0.726993 -0.168541 7.492851 1693.190908
 105.000000 -0.816980 0.189599 11.147492 1614.674802
 105.200000 -1.241606 0.787864 24.198973 227.639025
 105.400000 -1.530554 1.607631 23.785269 81.791183
 105.600000 -1.021700 1.187062 18.814570 1014.725755
 105.800000 -1.208450 0.816182 23.633934 356.120054
 106.000000 -1.392466 0.726181 24.914810 22.782703
 106.200000 -1.039264 0.725936 19.383148 935.013989
 106.400000 -1.701405 0.991223 22.540788 24.272242
 106.600000 -0.779321 0.956153 9.702194 1648.633021
 106.800000 -1.460101 1.298072 24.441992 77.913701
 107.000000 -1.548627 1.033454 23.627815 79.189093
 107.200000 -0.600530 0.470933 2.384837 1455.555283
 107.400000 -0.897616 0.079305 14.449188 1492.368841
 107.600000 -0.872505 0.029981 13.469986 1545.774762
 107.800000 -0.638932 -0.094971 3.910990 1679.557830
 108.000000 -0.968292 0.100941 17.070966 1239.410325
 108.200000 -1.450707 0.812945 24.550495 72.783485
 108.400000 -0.752341 1.401809 8.672171 1700.054316
 108.600000 -0.883278 1.931600 13.930560 1518.455514
 108.800000 -0.830786 2.226651 11.855038 1599.616727
 109.000000 -1.096651 2.301234 21.065443 722.736189
 109.200000 -0.733212 1.868243 7.915874 1742.142071
 109.400000 -0.613323 1.703954 2.906340 1578.813885
 109.600000 -0.956776 1.759027 16.722237 1271.140557
 109.800000 -0.903529 1.515590 14.750384 1460.528039
 110.000000 -0.730210 1.191233 7.790479 1747.106717
 110.200000 -1.740048 0.985936 22.286811 14.068743
 110.400000 -1.006170 0.601695 18.432509 1050.801813
 110.600000 -0.831568 0.240275 11.973414 1591.677430
 110.800000 -0.668087 -0.364503 5.198742 1805.174148
 111.000000 -0.605064 -0.580346 2.595704 1539.165804
 111.200000 -0.608914 0.083218 2.766597 1587.354551
 111.400000 -1.556552 1.198722 23.583866 90.609689
 111.600000 -1.661160 1.664855 22.699099 49.519293
 111.800000 -1.418726 1.566194 24.834708 44.873797
 112.000000 -0.955018 0.726748 16.720910 1261.428590
 112.200000 -0.896878 0.011139 14.608612 1449.962945
 112.400000 -1.028746 0.083981 19.194190 947.121146
 112.600000 -0.959199 0.455173 16.898533 1236.704253
 112.800000 -1.760780 1.112116 22.171417 8.846974
 113.000000 -0.652450 1.012482 4.596447 1815.724757
 113.200000 -0.959471 0.908094 16.938522 1228.908615
 113.400000 -1.474288 0.992090 24.406566 86.076342
 113.600000 -1.678962 0.735755 22.556386 45.575440
 113.800000 -0.939566 0.850241 16.229781 1305.933102
 114.000000 -1.760307 1.366265 22.151168 9.555758
 114.200000 -1.429073 1.600347 24.799575 52.360024
 114.400000 -0.527120 1.161349 -0.018775 54.993812
 114.600000 -0.633535 0.984776 3.848673 1788.534602
 114.800000 -1.530614 1.019374 23.872219 99.288298
 115.000000 -0.988109 0.769881 17.946510 1104.928749
 115.200000 -1.430390 0.717602 24.803455 52.509168
 115.400000 -1.602642 0.865755 23.181880 87.513195
 115.600000 -0.687029 0.894973 6.188003 1882.954826
 115.800000 -1.418439 1.201938 24.885412 41.597020
 116.000000 -1.115337 0.768720 21.689708 644.031433
 116.200000 -0.493679 -0.046965 -0.000125 0.000590
 116.400000 -0.711220 -0.646422 7.271868 1851.762060
 116.600000 -0.704271 -0.487903 6.972213 1866.928101
 116.800000 -0.628191 0.150324 3.675612 1797.907573
 117.000000 -1.368492 0.698780 25.112411 3.207402
 117.200000 -1.318135 1.410913 25.059810 20.131486
 117.400000 -0.737844 1.564969 8.452221 1784.373898
 117.600000 -0.999323 2.140825 18.395575 1045.474145
 117.800000 -0.989363 2.518802 18.070418 1086.111220
 118.000000 -1.190929 2.231902 23.448258 393.168450
 118.200000 -0.492979 1.886978 -0.000110 0.000463
 118.400000 -0.590457 1.662020 2.175515 1564.461258
 118.600000 -0.533148 1.812506 0.125266 1003.507879
 118.800000 -0.615262 2.191746 3.188997 1763.261429
 119.000000 -0.773974 2.370393 10.001134 1678.071455
 119.200000 -0.507193 1.909737 -0.002029 0.175825
 119.400000 -0.930133 1.626521 16.084622 1300.145421
 119.600000 -1.140792 1.135999 22.391447 554.033213
 119.800000 -1.621037 0.483194 23.034631 93.837891
 120.000000 -0.801999 0.219615 11.184696 1602.511436
 120.200000 -0.494829 0.078379 -0.000164 0.001095
 120.400000 -0.905192 -0.208196 15.210387 1365.620132
 120.600000 -0.418241 -0.483979 -0.000000 0.000000
 120.800000 -0.668462 -0.191167 5.580261 1961.895783
 121.000000 -1.266710 0.609695 24.685193 126.609974
 121.200000 -1.427767 1.432765 24.907796 44.984307
 121.400000 -1.121026 1.622417 21.951381 609.738677
 121.600000 -0.909028 1.199474 15.390750 1344.252168
 121.800000 -1.640978 0.754185 22.848059 91.930803
 122.000000 -1.464011 0.525182 24.627435 74.341132
 122.200000 -0.503674 0.574738 -0.001124 0.056438
 122.400000 -1.742934 1.214517 22.060630 26.395099
 122.600000 -1.462139 1.373345 24.661910 72.204217
 122.800000 -0.817687 0.702579 11.960815 1542.957047
 123.000000 -1.603362 0.834636 23.233822 110.382867
 123.200000 -1.226313 1.066722 24.169627 254.980560
 123.400000 -1.160919 1.232868 22.917060 481.512733
 123.600000 -1.521440 0.979827 24.118162 105.509059
 123.800000 -1.062148 0.360575 20.437083 785.410841
 124.000000 -0.749006 0.442464 9.234001 1752.891601
 124.200000 -0.846250 0.291575 13.163000 1461.384913
 124.400000 -0.776401 0.093108 10.415949 1648.843860
 124.600000 -0.848275 0.308022 13.240348 1457.010147
 124.800000 -0.802975 0.252302 11.480819 1565.691942
 125.000000 -1.339886 0.501108 25.203246 3.246667
 125.200000 -1.250906 1.404799 24.554907 170.265851
 125.400000 -0.705738 1.720284 7.484588 1935.130884
 125.600000 -0.531555 1.880597 0.165540 1188.849477
 125.800000 -0.770339 2.404629 10.224511 1666.392390
 126.000000 -0.854956 2.311726 13.541381 1431.988155
 126.200000 -0.501416 1.957490 -0.000874 0.035784
 126.400000 -0.723003 1.683236 8.294839 1866.812219
 126.600000 -0.555987 1.373043 1.047965 1350.682622
 126.800000 -1.333225 1.463487 25.216944 7.064700
 127.000000 -1.395722 0.660585 25.165693 15.509644
 127.200000 -0.728851 0.187413 8.606602 1839.871418
 127.400000 -0.599095 -0.110944 2.811443 1851.212003
 127.600000 -0.582279 -0.174906 2.103296 1689.824480
 127.800000 -0.599772 -0.207133 2.840581 1856.873555
 128.000000 -0.678635 0.075512 6.388992 2044.335934
 128.200000 -1.248635 0.904044 24.573563 175.340771
 128.400000 -1.105776 1.326704 21.710502 638.309168
 128.600000 -0.761540 1.153268 10.038067 1680.529319
 128.800000 -1.386641 1.327343 25.230396 9.389619
 129.000000 -1.254964 0.594798 24.654971 155.823182
 129.200000 -0.798318 0.260672 11.566103 1530.654914
 129.400000 -0.559839 0.148420 1.279404 1476.651945
 129.600000 -1.193154 0.505940 23.687645 363.138132
 129.800000 -1.220743 1.274533 24.177093 267.493621
 130.000000 -1.332620 1.520945 25.262636 7.622026
 130.200000 -1.098261 0.929238 21.564383 655.271489
 130.400000 -1.036775 0.215047 19.885384 842.520082
 130.600000 -0.514847 -0.289549 -0.019888 8.795748
 130.800000 -0.563012 -0.211335 1.432511 1542.518770
 131.000000 -1.052781 0.042793 20.342757 790.959183
 131.200000 -0.703485 0.518352 7.743649 1964.966314
 131.400000 -1.931026 1.186338 21.692725 5.721542
 131.600000 -1.603834 1.270315 23.305238 146.358292
 131.800000 -0.698005 0.776681 7.499873 1992.769743
 132.000000 -1.734424 0.777699 21.965639 48.194446
 132.200000 -1.092569 1.151883 21.469562 667.356210
 132.400000 -0.868146 1.265384 14.347865 1330.326512
 132.600000 -0.985827 1.382718 18.396546 1008.494229
 132.800000 -1.582570 0.715803 23.571348 148.932154
 133.000000 -0.458666 0.086717 -0.000000 0.000000
 133.200000 -1.170940 0.237336 23.333121 432.903470
 133.400000 -0.840972 0.070576 13.394508 1378.891030
 133.600000 -0.876087 0.276415 14.680907 1306.399779
 133.800000 -1.242988 0.852697 24.596355 190.418415
 134.000000 -1.490097 1.140398 24.627537 95.117255
 134.200000 -1.346420 1.136283 25.387780 1.372173
 134.400000 -1.433052 0.975192 25.121328 44.182707
 134.600000 -1.434043 0.852481 25.114709 45.069162
 134.800000 -1.704294 1.150498 22.175001 86.017753
 135.000000 -1.376208 1.010230 25.374704 3.899581
 135.200000 -1.286512 0.924167 25.125614 71.347819
 135.400000 -1.760408 0.983956 21.742690 31.073833
 135.600000 -1.005951 0.909227 19.125184 925.950220
 135.800000 -1.515181 1.171026 24.408089 118.846530
 136.000000 -1.534529 1.055765 24.190375 134.149502
 136.200000 -0.637799 0.094425 4.985300 2219.990183
 136.400000 -0.621972 -0.522099 4.241315 2191.824598
 136.600000 -0.626623 -0.635733 4.459377 2204.801662
 136.800000 -0.647892 0.056973 5.460723 2215.555759
 137.000000 -1.367543 0.703524 25.434588 1.114795
 137.200000 -2.010206 1.299609 21.767815 18.118623
 137.400000 -1.508843 1.714231 24.522829 117.092994
 137.600000 -0.719028 1.810911 8.755499 1877.845843
 137.800000 -1.318878 2.410309 25.378390 19.859026
 138.000000 -1.713739 2.678426 22.059986 82.882050
 138.200000 -2.664360 2.610155 24.579518 16.327957
 138.400000 3.061623 2.903003 7.586687 3615.376855
 138.600000 -3.106401 2.992857 13.697544 1905.647319
 138.800000 -3.117243 2.570096 13.214675 2064.720285
 139.000000 -2.793657 2.924851 23.535515 230.271387
 139.200000 -2.495469 2.906482 24.772331 11.245890
 139.400000 -2.476451 2.558548 24.695512 22.185836
 139.600000 -2.088769 2.876926 22.119044 37.352632
 139.800000 -2.166884 2.603209 22.609323 37.647220
 140.000000 -2.166085 2.532482 22.604413 37.734751
 140.200000 -2.360738 2.914954 23.826510 65.137731
 140.400000 -2.624970 2.577953 24.660319 10.382729
 140.600000 -3.044585 2.606277 16.100285 1332.268639
 140.800000 -2.354780 -2.931886 23.778677 63.714691
 141.000000 -3.046473 2.566665 16.031250 1341.933621
 141.200000 -2.782908 2.778783 23.605923 184.805377
 141.400000 -2.650545 3.118580 24.543710 13.392334
 141.600000 -2.662940 2.604839 24.496787 15.369347
 141.800000 -2.110941 2.702412 22.198946 39.645023
 142.000000 -1.916113 2.822704 21.392797 1.953063
 142.200000 -2.065736 2.237111 21.898834 32.214011
 142.400000 -2.173000 2.438200 22.558378 36.314882
 142.600000 -2.151730 2.872069 22.428198 38.524928
 142.800000 -2.648020 2.788616 24.527162 12.755015
 143.000000 -2.996932 2.552134 17.737516 1189.547169
 143.200000 -2.827902 3.051261 22.789172 429.869808
 143.400000 -2.945877 2.625591 19.446860 1105.841031
 143.600000 -2.716019 2.810736 24.192915 38.122528
 143.800000 -2.386094 2.864831 23.947503 67.579374
 144.000000 -2.056111 2.538112 21.821478 29.739468
 144.200000 -2.285254 2.190336 23.164909 40.354187
 144.400000 -1.789942 2.773263 21.450929 18.331100
 144.600000 -2.178815 2.679405 22.543824 35.184143
 144.800000 -2.439428 2.519687 24.333762 47.065129
 145.000000 -2.753698 2.889096 23.878324 94.538352
 145.200000 -2.943168 2.899159 19.493702 1096.326659
 145.400000 -3.002055 2.758236 17.498268 1192.302500
 145.600000 -3.034946 2.796548 16.343930 1284.893023
 145.800000 -3.064355 2.933687 15.258126 1460.699763
 146.000000 3.118345 2.860040 10.671658 2940.164578
 146.200000 3.007320 2.959051 4.143372 3177.800666
 146.400000 -2.447988 2.796183 24.338834 41.011055
 146.600000 -2.097552 2.267681 21.999612 37.916202
 146.800000 -1.533977 2.392055 24.373223 162.630580
 147.000000 -2.036731 2.463129 21.655906 24.463389
 147.200000 -2.316395 2.710999 23.302801 50.177085
 147.400000 -3.085266 2.887804 14.397988 1667.790258
 147.600000 3.045210 2.732820 6.345269 3632.001581
 147.800000 -2.294830 2.936726 23.156101 42.618442
 148.000000 -1.562521 2.486714 23.999423 193.881774
 148.200000 -1.701418 1.633982 22.081705 126.001407
 148.400000 -1.100003 0.387434 22.054207 602.217181
 148.600000 -0.613466 -0.359737 4.280495 2333.265422
 148.800000 -0.820186 -0.501160 13.204083 1347.341653
 149.000000 -0.433310 -0.162553 -0.000000 0.000000
 149.200000 -0.621771 0.491999 4.712194 2362.192923
 149.400000 -1.499587 1.052822 24.816701 124.903953
 149.600000 -1.994609 1.268690 21.414446 13.283649
 149.800000 -0.934007 1.385318 17.231080 1119.370020
 150.000000 -0.935329 1.281967 17.275280 1115.869120
 150.200000 -1.149285 1.174262 23.220387 462.841088
 150.400000 -1.491469 0.594936 24.916267 114.918611
 150.600000 -0.837614 0.326919 13.894730 1299.980205
 150.800000 -1.506250 0.774422 24.751233 134.562245
 151.000000 -1.562394 1.293490 24.020986 201.066339
 151.200000 -0.921871 1.093570 16.868019 1142.245467
 151.400000 -1.436017 1.148391 25.420542 46.471754
 151.600000 -1.734697 0.784647 21.720589 80.741940
 151.800000 -0.883742 0.598893 15.557156 1217.696756
 152.000000 -1.560182 1.182414 24.062944 201.444373
 152.200000 -1.551006 1.141700 24.204768 194.113193
 152.400000 -0.746650 0.646627 10.505665 1654.240304
 152.600000 -1.054436 0.199753 20.949140 727.260298
 152.800000 -1.240154 0.367624 24.873575 186.382254
 153.000000 -0.894210 0.802716 15.946687 1195.446093
 153.200000 -1.623914 1.330220 23.128208 231.654681
 153.400000 -1.770617 1.333706 21.426465 39.250364
 153.600000 -0.995641 0.843040 19.286783 916.790371
 153.800000 -1.544259 0.457209 24.311383 187.874087
 154.000000 -1.422255 1.017201 25.534003 31.579311
 154.200000 -0.978711 1.355627 18.789348 969.775887
 154.400000 -1.262375 1.293618 25.174596 124.318100
 154.600000 -1.323969 0.823986 25.644859 16.923723
 154.800000 -1.011791 0.192043 19.789973 860.282337
 155.000000 -0.465492 -0.190345 -0.000004 0.000001
 155.200000 -0.666470 -0.310132 7.050230 2266.055127
 155.400000 -0.594193 -0.186871 3.533029 2304.788640
 155.600000 -0.858158 -0.055563 14.769893 1248.552215
 155.800000 -0.758301 0.010923 11.064996 1581.362113
 156.000000 -1.766251 0.902463 21.435731 46.064098
 156.200000 -1.013822 1.161460 19.895153 848.841794
 156.400000 -1.137919 1.250792 23.075076 485.577577
 156.600000 -1.257369 1.032935 25.146485 135.767946
 156.800000 -1.533027 0.803101 24.509552 177.131367
 157.000000 -1.123584 0.884260 22.752808 525.173493
 157.200000 -1.679931 1.235202 22.321350 187.116274
 157.400000 -1.377146 1.187896 25.754416 2.035370
 157.600000 -1.199334 0.592533 24.313303 303.113232
 157.800000 -0.635430 -0.079945 5.604442 2411.302066
 158.000000 -0.597256 -0.321384 3.733180 2341.611369
 158.200000 -0.724599 -0.145657 9.766279 1810.883840
 158.400000 -1.102329 0.440057 22.298625 579.428875
 158.600000 -1.577430 1.109115 23.899203 236.243348
 158.800000 -1.050339 1.067311 20.970924 729.170650
 159.000000 -1.455568 0.907059 25.386140 65.943638
 159.200000 -1.398850 0.661002 25.732742 11.446652
 159.400000 -1.160494 0.906823 23.618735 415.079330
 159.600000 -1.482169 1.168002 25.161961 101.793389
 159.800000 -1.094649 0.885192 22.136985 599.018960
 160.000000 -1.602205 0.852351 23.523565 255.146478
 160.200000 -1.046666 0.913074 20.924469 739.580466
 160.400000 -1.293569 1.173067 25.555902 55.908254
 160.600000 -1.185800 0.955824 24.132354 337.660656
 160.800000 -1.304958 0.610008 25.633820 38.522086
 161.000000 -0.968712 0.701788 18.630735 996.155099
 161.200000 -1.550707 1.114230 24.352293 212.154604
 161.400000 -0.875604 0.964646 15.540742 1217.159970
 161.600000 -1.505204 0.903137 24.954654 138.489476
 161.800000 -1.003996 0.805011 19.737683 881.092875
 162.000000 -1.304388 1.088652 25.650820 39.060347
 162.200000 -1.255532 0.891811 25.237586 134.483166
 162.400000 -1.250628 0.726005 25.179432 146.853231
 162.600000 -1.293197 0.766838 25.597202 55.905118
 162.800000 -1.386175 0.807283 25.832702 4.476261
 163.000000 -1.331582 0.881993 25.803573 10.927330
 163.200000 -1.334492 0.722031 25.841476 9.173712
 163.400000 -1.376755 0.946009 25.878541 1.451679
 163.600000 -1.314435 0.985255 25.759366 26.730068
 163.800000 -1.556149 0.999095 24.312769 228.379440
 164.000000 -1.302631 0.953907 25.690761 41.684962
 164.200000 -1.298646 1.056213 25.696057 47.991730
 164.400000 -1.362227 0.968008 25.919973 0.053374
 164.600000 -1.352431 1.000101 25.912920 1.470263
 164.800000 -1.239446 0.918808 25.095295 176.767421
 165.000000 -1.205693 0.779137 24.590358 274.160417
 165.200000 -1.266372 0.829304 25.450725 110.584427
 165.400000 -1.133657 0.931842 23.216303 489.543641
 165.600000 -1.387026 0.772853 25.935794 4.691881
 165.800000 -1.116538 0.975950 22.828181 538.698008
 166.000000 -1.355674 1.039933 25.956062 0.826114
 166.200000 -1.621028 1.024997 23.289516 295.405872
 166.400000 -1.116179 0.844065 22.850385 541.481303
 166.600000 -1.396015 0.962771 25.955498 9.159712
 166.800000 -1.675283 1.033856 22.395535 233.820474
 167.000000 -1.090271 0.880752 22.227089 616.816473
 167.200000 -1.412412 0.879038 25.936712 21.028869
 167.400000 -1.458781 0.973064 25.626533 76.441532
 167.600000 -1.181423 0.949311 24.259896 351.888201
 167.800000 -1.617849 0.988317 23.355960 302.899928
 168.000000 -1.335179 1.135291 25.999892 9.828762
 168.200000 -1.155462 0.802050 23.779370 430.945240
 168.400000 -1.160787 0.600035 23.888907 415.268297
 168.600000 -1.763133 0.858280 21.327025 70.227951
 168.800000 -1.142849 1.119937 23.512015 467.790694
 169.000000 -1.473280 1.058136 25.531171 102.462268
 169.200000 -1.320324 0.729405 26.031157 23.821153
 169.400000 -1.145847 0.850126 23.610395 461.153433
 169.600000 -1.450078 1.140143 25.787060 67.293766
 169.800000 -1.563438 1.054712 24.331434 277.377425
 170.000000 -1.171363 0.903967 24.135433 385.947302
 170.200000 -1.578543 0.942338 24.097408 305.426877
 170.400000 -1.241771 1.102740 25.349443 181.475214
 170.600000 -1.532354 1.196680 24.856153 228.432291
 170.800000 -1.264935 0.904226 25.633815 122.300745
 171.000000 -1.702357 0.930693 21.997562 195.950277
 171.200000 -1.143884 0.997445 23.637661 471.478870
 171.400000 -1.688808 1.426190 22.196361 231.236292
 171.600000 -1.710489 1.464571 21.884878 181.820477
 171.800000 -1.397507 0.713888 26.190683 10.577787
 172.000000 -0.450302 -0.103846 -0.000001 0.000000
 172.200000 -0.571816 -0.678434 2.788466 2220.234506
 172.400000 -0.384289 -0.553994 -0.000000 0.000000
 172.600000 -0.704111 0.008433 9.181816 1979.185682
 172.800000 -1.060341 0.355979 21.632785 728.215580
 173.000000 -1.749475 1.174758 21.421017 102.938647
 173.200000 -1.532075 1.504291 24.964314 245.745668
 173.400000 -1.178005 1.090576 24.410951 375.273739
 173.600000 -1.849799 0.791425 20.801641 6.750336
 173.800000 -1.500510 0.714906 25.421923 175.233525
 174.000000 -1.145222 1.278497 23.736233 472.558069
 174.200000 -1.042005 1.630039 21.182474 798.750790
 174.400000 -1.025338 1.607026 20.702981 856.771324
 174.600000 -0.644770 1.288693 6.418069 2435.700203
 174.800000 -1.547531 1.248418 24.748569 284.164892
 175.000000 -1.747243 0.541508 21.433274 113.789436
 175.200000 -1.427615 0.268604 26.241858 41.768850
 175.400000 -1.200553 0.738902 24.904875 311.580253
 175.600000 -1.707876 1.637674 21.926611 207.594633
 175.800000 -1.703657 2.083761 21.988147 217.976235
 176.000000 -2.116712 2.740908 21.445500 34.448933
 176.200000 -2.894945 2.784216 20.332299 876.204571
 176.400000 -2.796410 -3.057936 22.622824 243.965136
 176.600000 -2.874354 2.756560 20.920657 753.582258
 176.800000 -2.374082 2.699710 23.001335 65.567386
 177.000000 -2.112724 2.727062 21.397247 34.197644
 177.200000 -1.975258 2.785731 20.726728 6.672415
 177.400000 -2.468806 2.418001 23.629367 21.385476
 177.600000 -2.255988 3.136346 22.150189 30.817950
 177.800000 -2.914709 2.745044 19.705272 968.076515
 178.000000 3.059954 2.722260 6.448589 3685.282948
 178.200000 -2.598625 3.114407 23.699008 3.318337
 178.400000 -2.582794 2.519466 23.725655 2.321515
 178.600000 -2.140995 2.510527 21.511040 32.177650
 178.800000 -1.983224 2.756727 20.725519 8.298973
 179.000000 -2.315569 2.636942 22.499146 50.442939
 179.200000 -2.861811 2.739154 21.180092 669.989872
 179.400000 3.022170 3.068028 4.140519 3315.650747
 179.600000 -2.855448 2.819767 21.342054 625.640896
 179.800000 -2.175016 2.354952 21.674237 28.447598
 180.000000 -1.736182 2.472309 21.557012 156.840767
 180.200000 -2.079557 2.517630 21.112827 31.421431
 180.400000 -2.686172 2.818585 23.435366 10.935603
 180.600000 3.114597 3.048526 9.606548 3185.516133
 180.800000 3.093157 2.858846 8.365459 3498.906842
 181.000000 -2.687284 2.672651 23.431660 11.260366
 181.200000 -2.157913 2.722853 21.535109 29.809017
 181.400000 -2.054906 2.572181 20.957770 26.780916
 181.600000 -2.399404 2.306806 23.090978 61.074812
 181.800000 -2.574422 2.954485 23.654984 1.934182
 182.000000 3.041782 2.728709 5.242414 3584.788608
 182.200000 -2.660473 2.760804 23.456675 6.064932
 182.400000 -1.837441 2.628269 20.712810 18.587977
 182.600000 -1.991615 2.429288 20.669109 9.854868
 182.800000 -2.403072 2.402867 23.099867 59.499203
 183.000000 -2.615297 2.995628 23.555990 4.085285
 183.200000 3.134604 2.867593 10.632551 2831.555284
 183.400000 -2.675347 2.779265 23.393271 7.827778
 183.600000 -1.605291 2.748059 23.890250 411.825765
 183.800000 -2.207360 1.997251 21.754386 26.491149
 184.000000 -2.158503 2.562105 21.497752 29.571474
 184.200000 -2.617213 3.060587 23.501649 4.103448
 184.400000 2.942814 2.721257 0.208381 1510.502337
 184.600000 -2.891313 2.931072 20.260507 857.747295
 184.800000 -2.233730 2.688482 21.873411 27.950114
 185.000000 -1.986306 1.961081 20.616037 8.408009
 185.200000 -0.740309 1.918825 10.902344 1670.547991
 185.400000 -1.065738 1.974462 22.118347 759.554592
 185.600000 -1.371436 2.303588 26.831166 0.047052
 185.800000 -1.511667 2.483706 25.677095 244.346281
 186.000000 -1.929395 2.482762 20.503472 0.132511
 186.200000 -2.875604 2.381824 20.668392 763.069255
 186.400000 2.931757 -2.953177 -0.025903 5.179937
 186.600000 -3.039959 -3.047856 15.325411 1312.657647
 186.800000 -2.516576 2.207082 23.557739 1.001678
 187.000000 -1.635530 2.204494 23.315400 412.628845
 187.200000 -1.856708 2.432618 20.584386 12.889207
 187.400000 2.891328 2.753955 -0.000010 0.000002
 187.600000 -2.309210 -2.950423 22.280770 49.429348
 187.800000 -2.222354 2.391241 21.766583 26.649006
 188.000000 -1.988955 1.923977 20.569226 9.092921
 188.200000 -1.782656 2.266907 21.038943 85.582151
 188.400000 -2.282542 2.707858 22.088501 38.993315
 188.600000 3.070994 2.883715 6.845071 3680.406219
 188.800000 3.014260 3.065113 3.478775 3127.917055
 189.000000 -2.973679 2.799092 17.565791 1103.884677
 189.200000 -2.345795 2.649344 22.523095 61.827636
 189.400000 -1.875337 2.683965 20.502933 7.025173
 189.600000 -2.066396 2.402668 20.882835 30.468762
 189.800000 -2.456621 2.761144 23.320694 24.388661
 190.000000 -3.069787 2.992807 14.141065 1566.776745
 190.200000 3.122382 2.879892 9.819297 3072.160354
 190.400000 -3.076622 3.014991 13.848271 1645.322261
 190.600000 3.076412 3.001826 7.134706 3654.832318
 190.800000 -2.723699 2.803448 23.051270 30.155997
 191.000000 -2.318011 2.675080 22.297892 52.425745
 191.200000 -2.217722 2.699445 21.687316 25.800665
 191.400000 -2.703960 2.731708 23.123576 15.457040
 191.600000 3.041663 2.987338 5.018560 3566.790262
 191.800000 -2.912830 2.995591 19.481245 961.477553
 192.000000 -2.383896 2.392778 22.796970 62.832241
 192.200000 -1.886497 2.536425 20.442996 4.879279
 192.400000 -1.918240 2.638175 20.400810 0.221391
 192.600000 -2.381602 2.610163 22.764057 63.180096
 192.800000 -2.765830 2.949719 22.685090 110.544887
 193.000000 2.951314 2.802217 0.404630 1582.789480
 193.200000 -2.458582 2.948423 23.265310 22.176066
 193.400000 -2.009115 2.355247 20.553331 15.300820
 193.600000 -1.810128 2.222185 20.790636 54.883803
 193.800000 -2.305402 2.384617 22.166123 47.089790
 194.000000 -2.671646 3.086911 23.185969 6.225530
 194.200000 3.029894 2.782263 4.282964 3411.905057
 194.400000 -2.999626 2.672380 16.588882 1154.391491
 194.600000 -2.332673 3.004733 22.351364 57.507344
 194.800000 -2.269586 2.433806 21.926944 34.092107
 195.000000 -1.800095 2.338242 20.864884 68.971162
 195.200000 -2.314906 2.282571 22.209443 50.772729
 195.400000 -2.024180 -3.126072 20.596480 20.226547
 195.600000 -3.106605 2.723431 12.478665 2061.717979
 195.800000 3.030608 2.835845 4.312575 3422.423760
 196.000000 -2.965686 3.066663 17.711031 1099.621258
 196.200000 3.140212 2.644856 10.691333 2720.120434
 196.400000 -2.937275 2.693205 18.628285 1048.239526
 196.600000 -2.688142 -2.959064 23.086914 8.780895
 196.800000 3.022543 2.521030 3.834598 3286.746334
 197.000000 2.959442 2.940407 0.680173 1679.355360
 197.200000 -2.464743 -3.016494 23.235412 17.225653
 197.400000 -2.600552 2.244245 23.263831 4.115994
 197.600000 -1.723572 2.216581 21.765547 238.143164
 197.800000 -1.873010 2.151493 20.435541 10.344918
 198.000000 -1.983298 2.805287 20.426797 7.906064
 198.200000 -2.950089 2.740192 18.185136 1078.983579
 198.400000 2.869355 3.123310 -0.000000 0.000000
 198.600000 -2.580683 2.647241 23.286017 3.465856
 198.800000 -2.067626 2.196061 20.792029 31.307016
 199.000000 -1.851350 2.272181 20.515225 21.818667
 199.200000 -2.103787 2.646110 20.991556 33.884505
 199.400000 3.021021 3.021399 3.719920 3264.078274
 199.600000 -3.081380 -2.878959 13.514867 1686.296259
 199.800000 -2.386105 2.634447 22.713890 60.400166
 200.000000 -1.834520 2.316032 20.600290 34.883459
 200.200000 -1.995270 2.368900 19.239208 11.119387
 200.400000 -2.694590 2.841713 21.802610 9.932262
 200.600000 3.093610 3.110221 6.847790 3481.903874
 200.800000 -3.082616 2.947808 12.251301 1698.542218
 201.000000 -1.966590 2.616386 19.162990 3.808488
 201.200000 -1.689030 2.286862 21.171081 341.575989
 201.400000 -2.115925 2.067315 19.853499 33.262646
 201.600000 -2.201365 2.814017 20.308985 24.480511
 201.800000 -2.581339 -3.044114 22.044406 3.713658
 202.000000 -2.942776 2.688402 17.195502 1070.386144
 202.200000 -2.092350 2.681942 19.717269 33.901515
 202.400000 -1.842350 2.443330 19.359305 30.159212
 202.600000 -2.247869 2.400116 20.542249 27.606975
 202.800000 -2.446121 3.132402 21.895178 27.803237
 203.000000 3.028031 2.793046 2.918701 3393.679172
 203.200000 -2.901686 2.685545 18.488844 924.369970
 203.400000 -2.528904 2.824390 22.093494 0.042109
 203.600000 -2.193323 2.798814 20.270797 24.442199
 203.800000 -2.050360 2.465535 19.482264 28.054405
 204.000000 -2.243795 2.488859 20.521061 26.596667
 204.200000 -2.221416 2.827518 20.412326 23.961783
 204.400000 -2.621654 2.634727 21.934490 4.547050
 204.600000 -2.776073 2.854154 21.229732 135.335267
 204.800000 -2.968430 2.912431 16.328217 1119.896754
 205.000000 3.096627 2.541159 7.024021 3424.252418
 205.200000 -2.281352 3.044600 20.732805 34.805803
 205.400000 -1.894967 2.623495 19.167533 4.732484
 205.600000 -1.881761 2.123288 19.201645 8.968996
 205.800000 -1.915237 1.939054 19.135830 0.921943
 206.000000 -1.728502 2.806900 20.539438 233.872518
 206.200000 -3.068506 2.813807 12.781064 1527.344060
 206.400000 3.018931 2.990896 2.394863 3241.146143
 206.600000 -2.910621 2.854997 18.207186 970.309855
 206.800000 -3.091065 2.570089 11.864587 1789.374914
 207.000000 -2.944128 3.008708 17.130059 1083.387755
 207.200000 2.975035 2.953022 0.080554 1931.232984
 207.400000 -2.925199 2.682845 17.747056 1030.787134
 207.600000 -2.450375 2.943289 21.888702 23.941827
 207.800000 -2.274646 2.646059 20.699710 31.722101
 208.000000 -2.177774 2.650448 20.211004 26.093104
 208.200000 -2.401416 2.769892 21.582082 50.815129
 208.400000 -2.634283 2.864566 21.872665 4.605882
 208.600000 3.016037 2.614357 2.231816 3188.086360
 208.800000 2.962208 2.966790 -0.004584 2.224134
 209.000000 -2.250887 2.838771 20.577628 26.031035
 209.200000 -1.914427 1.970147 19.149112 1.328876
 209.400000 -1.489480 1.397169 25.241156 226.223748
 209.600000 -1.116726 0.681112 22.577620 621.423587
 209.800000 -0.336298 -0.421890 -0.000000 0.000000
 210.000000 0.474799 -1.392416 -0.000000 0.000000
