#! FIELDS time phi psi ves.bias ves.force2
#! SET min_phi -pi
#! SET max_phi pi
#! SET min_psi -pi
#! SET max_psi pi
 0.000000 -1.498385 0.273949 25.037724 141.910265
 0.200000 -0.548244 0.368332 0.390017 1514.488187
 0.400000 -1.659183 1.000811 22.694189 237.673003
 0.600000 -1.450191 1.111823 25.549824 83.811555
 0.800000 -0.813855 0.744177 11.795932 1541.494424
 1.000000 -1.527391 0.384302 24.673414 173.570544
 1.200000 -2.027562 0.444820 21.662239 7.168568
 1.400000 -1.330479 0.617772 26.048207 35.048905
 1.600000 -0.671432 0.609186 5.908283 2138.088399
 1.800000 -0.879503 0.335239 14.474835 1576.708840
 2.000000 -1.203207 0.390329 24.344745 375.986570
 2.200000 -0.284520 0.103372 -0.000000 0.000000
 2.400000 -1.155243 0.088076 23.343092 497.421889
 2.600000 -0.953781 0.131931 17.409997 1439.725026
 2.800000 -0.714667 -0.015818 7.905983 1812.067777
 3.000000 -0.633986 -0.125578 4.270110 2169.188106
 3.200000 -0.900406 0.269340 15.411824 1578.784307
 3.400000 -1.243880 0.752217 25.111279 267.158646
 3.600000 -1.769611 1.672319 21.480531 40.606602
 3.800000 -1.672958 2.161698 22.579754 239.450428
 4.000000 -2.003173 2.860569 21.603278 4.730147
 4.200000 -2.774918 2.884342 22.493611 289.290016
 4.400000 3.003064 2.811241 2.707991 2732.129122
 4.600000 3.072802 2.975293 6.631566 3303.211048
 4.800000 -2.391913 2.879255 23.760258 26.451169
 5.000000 -1.756152 2.114585 21.658662 57.766104
 5.200000 -1.015774 1.804852 19.727859 1088.010026
 5.400000 -0.530504 1.154030 0.011437 463.813733
 5.600000 -0.678777 1.216851 6.608433 2023.416812
 5.800000 -1.728344 1.182071 21.944037 105.522265
 6.000000 -1.284313 0.498012 25.671229 120.119331
 6.200000 -0.845418 0.655454 13.285759 1484.753572
 6.400000 -0.633765 1.414018 4.593731 2225.523177
 6.600000 -0.730409 2.404582 8.867177 1632.014864
 6.800000 -1.228417 2.686367 24.890291 269.965380
 7.000000 -0.597116 2.020199 2.870413 2146.617989
 7.200000 -0.462188 1.378948 -0.000000 0.000000
 7.400000 -0.764366 1.247656 10.258031 1445.899865
 7.600000 -2.025307 1.076060 21.557762 3.167941
 7.800000 -1.910914 0.540878 21.468369 0.360858
 8.000000 -0.670428 0.558747 6.390148 2032.179504
 8.200000 -1.476483 0.952188 25.547576 94.951794
 8.400000 -1.739435 1.106404 21.910758 83.270211
 8.600000 -1.668912 1.154328 22.779584 223.549610
 8.800000 -0.934669 1.058155 16.837129 1535.988454
 9.000000 -2.117403 1.256804 21.911081 37.286171
 9.200000 -1.422455 1.570882 25.962216 27.595738
 9.400000 -0.594519 0.866349 3.047764 2186.741275
 9.600000 -0.501186 0.230287 -0.000423 0.013088
 9.800000 -1.473332 -0.216633 25.586548 88.039000
 10.000000 -1.952776 0.191462 21.491099 0.007984
 10.200000 -1.831570 0.682078 21.548918 2.422408
 10.400000 -0.458913 1.052863 -0.000000 0.000000
 10.600000 -0.636781 2.189460 5.120401 2148.054628
 10.800000 -1.443943 2.806360 25.838201 48.137153
 11.000000 -2.629576 2.279740 23.733967 31.060468
 11.200000 -3.120564 2.700906 11.191383 2020.996313
 11.400000 -3.062629 -2.917034 13.554978 1393.066706
 11.600000 2.972877 2.542453 1.206587 1988.883157
 11.800000 -2.284736 2.741462 22.953649 29.300414
 12.000000 -2.215435 2.566900 22.534313 45.258523
 12.200000 -2.552186 2.490987 23.914962 1.597936
 12.400000 3.126367 3.009334 9.439078 2589.874380
 12.600000 3.106777 3.045517 8.413898 2882.033400
 12.800000 -2.874095 2.696084 19.867329 859.916009
 13.000000 -2.577749 2.607300 23.862755 7.851289
 13.200000 -2.075035 2.896325 21.659342 15.022392
 13.400000 -2.568621 2.422198 23.865047 5.163282
 13.600000 -2.650449 2.752519 23.500524 41.725377
 13.800000 -3.044109 2.912432 14.214379 1261.901136
 14.000000 2.984131 2.809991 1.722254 2264.508081
 14.200000 -2.475130 2.648077 23.812388 12.299473
 14.400000 -2.101401 2.610298 21.783367 28.609614
 14.600000 -2.155213 2.698331 22.118788 46.101161
 14.800000 -2.781571 2.820037 22.048445 310.952305
 15.000000 -3.009460 2.945749 15.417614 1154.709557
 15.200000 -2.756155 2.980202 22.453759 209.465047
 15.400000 2.971040 2.444370 1.139454 1968.006770
 15.600000 3.048259 2.974736 5.188378 3272.437547
 15.800000 3.069601 2.991121 6.410657 3258.331550
 16.000000 3.120249 2.553093 9.189063 2668.551672
 16.200000 -2.132823 2.996730 22.003700 44.098508
 16.400000 -2.207811 2.351359 22.497480 35.709777
 16.600000 -2.291813 2.346913 22.914574 18.591259
 16.800000 -2.102886 2.854042 21.815682 33.767290
 17.000000 -2.584039 2.782139 23.866046 12.357714
 17.200000 3.108294 2.694816 8.668461 2815.120092
 17.400000 -3.047846 -3.127045 14.128540 1233.370106
 17.600000 -3.089652 2.732200 12.586519 1532.941764
 17.800000 -2.997487 2.589850 15.850678 1140.179880
 18.000000 -2.886207 3.122961 19.529387 934.172224
 18.200000 -3.121242 2.707557 11.355436 1907.228899
 18.400000 -2.941431 2.548552 17.761139 1117.159683
 18.600000 -2.544845 -3.057614 23.969916 0.559482
 18.800000 3.045079 2.530635 5.188420 3342.895644
 19.000000 -2.980292 2.899687 16.457171 1124.888461
 19.200000 -2.985366 2.889098 16.337465 1113.981117
 19.400000 2.989949 2.623454 2.203437 2605.822960
 19.600000 -2.870022 -3.107525 20.062565 823.234143
 19.800000 3.056518 2.689485 5.932640 3385.252564
 20.000000 3.022859 2.810341 3.987094 3213.854504
 20.200000 -2.989389 3.112519 16.268172 1113.165165
 20.400000 3.032117 2.554822 4.617545 3351.205364
 20.600000 -3.029446 3.122891 14.931917 1126.612994
 20.800000 2.988721 2.786313 2.220650 2640.800545
 21.000000 3.126390 2.761896 9.878610 2467.883043
 21.200000 -2.967492 2.995482 17.073920 1123.767927
 21.400000 -2.923727 2.629420 18.529255 1063.961722
 21.600000 -2.780604 2.920025 22.119844 244.190059
 21.800000 -3.110202 2.907914 12.090834 1656.501527
 22.000000 -3.099248 2.688196 12.527290 1522.880908
 22.200000 -2.738759 2.856934 22.677953 123.205044
 22.400000 -2.761659 2.765713 22.403258 168.853813
 22.600000 -3.068064 2.761097 13.787740 1245.896153
 22.800000 -2.900586 -3.137471 19.358034 944.375822
 23.000000 -3.131481 2.713308 11.304125 1949.395813
 23.200000 -2.699069 2.866762 23.080274 78.727806
 23.400000 -2.762291 2.673327 22.424792 157.315347
 23.600000 -2.776416 2.741642 22.237737 195.539613
 23.800000 -2.850527 2.916974 20.838996 586.353822
 24.000000 3.089785 2.805627 8.331654 3066.384823
 24.200000 3.045645 3.032179 5.884788 3552.001603
 24.400000 2.940274 2.831525 0.247152 1972.922119
 24.600000 3.035078 2.831434 5.254646 3551.342496
 24.800000 3.105882 2.941044 9.317043 2778.976907
 25.000000 3.007928 2.721929 3.658348 3305.277643
 25.200000 2.965768 2.986422 1.496199 2450.665034
 25.400000 3.048094 2.814360 6.182961 3577.390472
 25.600000 -3.085457 2.850358 13.481838 1327.146287
 25.800000 -2.691341 2.854857 23.195554 69.173074
 26.000000 -2.497843 2.764554 23.845214 23.245115
 26.200000 -2.504557 2.637556 23.866525 21.298490
 26.400000 -2.364440 2.828098 23.011114 12.357005
 26.600000 -2.645294 2.883572 23.577591 51.211012
 26.800000 -2.849300 2.907229 21.107038 528.278698
 27.000000 -2.805269 3.005491 21.969143 265.658651
 27.200000 -3.017429 2.773247 15.981936 1090.294576
 27.400000 -3.039173 2.858502 15.265204 1088.097617
 27.600000 3.139486 2.866915 11.395088 1999.856490
 27.800000 3.008911 2.886657 4.111802 3579.139012
 28.000000 -2.508432 3.051321 23.890922 20.024938
 28.200000 -2.094522 2.186401 21.753803 88.635364
 28.400000 -1.645456 1.878871 22.839358 239.273384
 28.600000 -0.559364 1.263976 1.675554 1840.235900
 28.800000 -1.141817 1.241402 22.687062 490.101697
 29.000000 -1.708380 0.890394 21.968504 133.925346
 29.200000 -0.927421 0.311997 16.191529 1528.712332
 29.400000 -0.690809 0.024472 7.277045 1485.472243
 29.600000 -0.691536 -0.134009 7.305041 1480.871123
 29.800000 -0.491663 0.006059 -0.000149 0.001594
 30.000000 -1.215297 0.213762 24.113591 300.972523
 30.200000 -1.237902 0.738732 24.443562 232.784986
 30.400000 -1.034380 1.373218 19.876752 874.431380
 30.600000 -0.910727 1.991084 15.507433 1568.638033
 30.800000 -0.569011 2.084260 2.066843 1878.166386
 31.000000 -1.016880 2.155091 19.344261 979.760137
 31.200000 -0.816188 1.866467 11.801565 1399.039809
 31.400000 -0.727692 1.668128 8.604947 1311.388728
 31.600000 -0.744046 1.905289 9.192823 1277.507752
 31.800000 -1.004602 2.134394 18.930469 1047.253277
 32.000000 -0.482983 2.162790 -0.000017 0.000018
 32.200000 -0.907535 2.068523 15.374363 1561.932674
 32.400000 -0.528762 1.780590 0.418067 1582.827208
 32.600000 -0.475823 1.662714 -0.000003 0.000001
 32.800000 -1.098325 1.913828 21.528631 592.872854
 33.000000 -1.406188 2.035479 25.354136 9.520193
 33.200000 -1.291626 1.921750 25.023097 86.166841
 33.400000 -0.525053 1.574184 0.286250 1665.618161
 33.600000 -0.486479 1.394016 -0.000048 0.000160
 33.800000 -1.171682 1.916202 23.144831 422.605689
 34.000000 -0.855082 1.631496 13.307607 1534.989133
 34.200000 -0.931159 1.634475 16.317008 1472.478341
 34.400000 -1.427275 1.758655 25.213965 24.270761
 34.600000 -1.418005 1.021045 25.256362 17.771165
 34.800000 -0.989741 0.230152 18.428168 1107.564052
 35.000000 -0.577212 -0.558762 2.472740 1906.101835
 35.200000 -0.675493 -0.369714 6.681411 1545.772162
 35.400000 -0.804385 0.112278 11.395515 1371.382046
 35.600000 -1.194587 0.933412 23.561119 368.178303
 35.800000 -1.653999 1.464013 22.452772 243.410787
 36.000000 -1.501717 1.172395 24.626692 104.884377
 36.200000 -1.146100 0.685783 22.545420 470.061335
 36.400000 -1.580055 0.956731 23.600644 229.110354
 36.600000 -1.042304 1.165269 20.039952 757.338897
 36.800000 -1.325349 1.032979 25.228462 26.273630
 37.000000 -1.286885 0.810768 24.937715 100.058086
 37.200000 -1.037617 0.664009 19.920526 769.737597
 37.400000 -1.291794 1.021715 24.982264 89.064024
 37.600000 -1.930710 1.017066 20.733528 0.003731
 37.800000 -0.878392 0.883247 14.303110 1600.009192
 38.000000 -1.466299 1.190663 24.926118 63.240090
 38.200000 -1.672433 1.119699 22.080019 228.341590
 38.400000 -0.872027 0.605008 14.073579 1604.942197
 38.600000 -1.075027 0.016656 20.908377 607.302327
 38.800000 -0.751596 -0.150264 9.523402 1269.289457
 39.000000 -0.486962 -0.098097 -0.000105 0.000802
 39.200000 -0.819953 -0.002515 12.050539 1468.964436
 39.400000 -1.098215 0.533867 21.470846 540.928714
 39.600000 -1.282518 1.247201 24.892447 114.066877
 39.800000 -0.811850 1.309274 11.741657 1436.852293
 40.000000 -0.958937 0.979488 17.473303 1277.861892
 40.200000 -1.732461 0.951878 21.257392 103.149056
 40.400000 -1.380383 0.649997 25.338006 1.361102
 40.600000 -1.172222 0.760093 23.101192 418.304390
 40.800000 -1.597620 1.141299 23.264365 267.122371
 41.000000 -1.003828 0.903738 18.993248 940.249518
 41.200000 -1.093578 0.353765 21.394243 546.892720
 41.400000 -0.894157 0.325036 15.068520 1596.014204
 41.600000 -0.933345 0.694842 16.598705 1429.080698
 41.800000 -1.581216 0.959252 23.521932 250.800038
 42.000000 -1.461298 1.179000 24.964582 60.997975
 42.200000 -1.161474 0.935368 22.911717 432.652543
 42.400000 -1.672889 0.824868 21.998632 242.149297
 42.600000 -1.176133 0.881855 23.211932 405.656978
 42.800000 -1.301777 1.153093 25.091859 63.889621
 43.000000 -1.450565 0.914892 25.049569 48.720909
 43.200000 -1.177046 0.811278 23.252209 401.660115
 43.400000 -1.233307 0.566743 24.276499 253.646938
 43.600000 -1.650709 0.895024 22.349502 282.626704
 43.800000 -1.145062 1.336459 22.588618 456.700081
 44.000000 -1.065266 1.464607 20.764533 613.234232
 44.200000 -1.311439 1.059471 25.192929 44.062813
 44.400000 -1.121077 0.447601 22.097637 491.121594
 44.600000 -0.541907 -0.096286 1.157636 1642.775194
 44.800000 -0.546069 -0.206457 1.327328 1681.346028
 45.000000 -0.557328 -0.313209 1.795300 1770.454458
 45.200000 -0.570971 -0.038175 2.390898 1841.059150
 45.400000 -1.127908 0.472011 22.285257 481.680519
 45.600000 -1.173076 0.768418 23.238849 406.165253
 45.800000 -1.090578 1.317314 21.440917 545.625287
 46.000000 -1.177147 1.343914 23.320476 397.722128
 46.200000 -1.467304 0.663472 24.983173 66.780220
 46.400000 -0.907194 0.363195 15.823599 1549.453427
 46.600000 -0.613953 0.157413 4.266034 1842.326705
 46.800000 -0.557147 -0.515301 1.822420 1764.756476
 47.000000 -0.731462 -0.492894 8.933337 1388.189300
 47.200000 -0.733698 0.060165 9.040915 1395.547426
 47.400000 -1.410761 0.776231 25.338064 14.806648
 47.600000 -1.292942 1.290617 25.124335 71.732933
 47.800000 -0.768794 0.902861 10.358334 1437.531331
 48.000000 -1.700654 0.851930 21.504976 205.022008
 48.200000 -1.659358 0.686825 22.157751 309.430627
 48.400000 -0.655352 0.586819 6.046541 1639.633206
 48.600000 -1.286644 1.163985 25.098673 82.464561
 48.800000 -1.658473 1.248588 22.173339 310.902462
 49.000000 -1.139857 0.969382 22.669050 465.125333
 49.200000 -1.440842 0.707365 25.219598 37.463333
 49.400000 -1.737861 1.038125 21.003847 115.915262
 49.600000 -1.001383 0.898314 19.264944 900.623235
 49.800000 -1.278853 1.082498 25.054829 97.777253
 50.000000 -1.654581 0.905840 22.243847 323.875561
 50.200000 -0.724240 0.376489 8.751074 1416.128763
 50.400000 -1.476175 0.662045 24.976031 76.914157
 50.600000 -1.153794 1.205659 23.052310 441.662066
 50.800000 -0.929321 1.174172 16.864024 1421.587381
 51.000000 -1.221269 0.907555 24.331736 265.772769
 51.200000 -1.375020 0.731964 25.500467 1.179223
 51.400000 -1.105131 0.855789 22.033146 524.736734
 51.600000 -1.448282 1.061814 25.212089 43.835900
 51.800000 -1.236761 0.889288 24.617604 211.886328
 52.000000 -1.308511 0.832988 25.354618 34.368479
 52.200000 -1.516970 1.057711 24.601629 149.056514
 52.400000 -1.035307 0.735202 20.365846 720.259029
 52.600000 -1.300953 0.723323 25.343973 43.741690
 52.800000 -1.188333 1.010946 23.850428 358.626343
 53.000000 -1.349028 1.145773 25.528177 1.529427
 53.200000 -1.268964 0.660454 25.118691 109.204053
 53.400000 -0.929822 0.450538 17.015396 1430.231639
 53.600000 -1.420791 0.515257 25.432761 21.260082
 53.800000 -1.897826 0.945734 20.171745 2.622002
 54.000000 -0.744558 1.046484 9.567014 1454.198085
 54.200000 -0.852880 1.249743 13.942880 1747.001488
 54.400000 -1.135319 1.583818 22.874432 484.183060
 54.600000 -1.344483 0.697314 25.605787 2.229057
 54.800000 -1.029794 0.013398 20.306594 753.581216
 55.000000 -0.376166 -0.197901 -0.000000 0.000000
 55.200000 -0.555928 -0.168994 1.963040 1761.705613
 55.400000 -1.270747 0.257614 25.252634 98.466796
 55.600000 -1.289440 1.180389 25.415878 56.993070
 55.800000 -0.658944 1.781512 6.291263 1599.717223
 56.000000 -0.443005 2.263854 -0.000000 0.000000
 56.200000 -1.111074 2.222008 22.436688 545.687371
 56.400000 -1.922914 1.753012 20.027892 1.938318
 56.600000 -1.912531 1.729786 20.043741 2.723874
 56.800000 -1.730983 1.815600 21.018023 169.824438
 57.000000 -1.243942 1.394597 25.007556 173.544623
 57.200000 -1.694670 0.832844 21.568820 297.546060
 57.400000 -1.646405 0.488229 22.487664 409.951828
 57.600000 -0.973146 0.688690 18.713110 1099.169211
 57.800000 -0.855635 1.209585 14.167145 1774.502498
 58.000000 -1.695789 1.837594 21.549579 293.859475
 58.200000 -1.977026 2.051377 19.944656 1.390441
 58.400000 -1.971741 2.685201 19.939460 0.626769
 58.600000 3.090015 2.833686 9.872116 2814.912393
 58.800000 2.985793 2.757018 3.551364 3737.909083
 59.000000 -2.544765 2.975804 23.362381 4.063121
 59.200000 -2.354477 2.596967 22.026502 11.214966
 59.400000 -1.987711 2.749103 19.933314 3.744058
 59.600000 -2.119363 2.653039 20.948630 131.388876
 59.800000 -2.552990 2.778664 23.341340 1.152731
 60.000000 -2.973505 2.996127 17.857946 1107.633372
 60.200000 3.044534 2.706949 7.215085 3786.633700
 60.400000 -2.548697 2.728084 23.307521 2.568229
 60.600000 -1.845436 2.547320 20.117498 11.775597
 60.800000 -2.178690 2.232560 21.527775 70.263308
 61.000000 -2.189656 2.653204 21.614089 53.978349
 61.200000 -2.419691 3.058801 22.364010 73.265866
 61.400000 -2.788118 2.518310 22.197846 82.459591
 61.600000 -2.291525 2.974539 21.879746 0.049661
 61.800000 -2.441382 2.661577 22.558954 86.141726
 62.000000 -2.396394 2.806745 22.181325 49.204600
 62.200000 -2.593530 2.826039 23.225609 8.613180
 62.400000 -2.710832 2.761692 22.654483 24.497472
 62.600000 -2.733647 2.678357 22.540074 26.833720
 62.800000 -2.446137 2.875579 22.581003 87.154797
 63.000000 -2.978199 2.372485 17.644944 1101.539171
 63.200000 3.082675 2.986674 9.386906 2956.548275
 63.400000 -3.011249 3.132770 16.541979 1043.905292
 63.600000 -2.882430 2.473244 20.572217 639.999819
 63.800000 -2.142959 2.880582 21.093326 119.425338
 64.000000 -1.770770 2.562737 20.522963 89.139261
 64.200000 -2.389851 1.774356 22.081109 42.139630
 64.400000 -1.838404 2.256240 20.081302 16.194641
 64.600000 -1.981009 2.758048 19.798629 1.181843
 64.800000 -2.673653 2.829980 22.823862 28.443167
 65.000000 -3.121553 2.804369 12.934430 1355.912376
 65.200000 -2.390518 3.010040 22.071282 42.544059
 65.400000 -2.733145 2.059815 22.505632 28.213378
 65.600000 -2.335527 2.541715 21.842991 3.717833
 65.800000 -2.338166 2.978897 21.848318 4.450576
 66.000000 2.933793 2.518487 0.678076 2215.118149
 66.200000 -2.818440 2.981558 21.774528 185.967297
 66.400000 -2.620579 2.944269 23.082669 20.739257
 66.600000 -2.570594 2.390603 23.224352 0.375056
 66.800000 -1.798719 2.787937 20.266411 46.628093
 67.000000 -2.149367 2.538290 21.089466 115.990237
 67.200000 -2.535853 2.691362 23.171707 11.361462
 67.400000 -2.623646 2.992375 23.065300 21.854501
 67.600000 -2.676954 2.936859 22.784572 29.147772
 67.800000 -2.219453 2.480941 21.638312 23.301403
 68.000000 -1.907828 2.696034 19.823214 6.038877
 68.200000 -2.217166 2.587348 21.613992 26.629439
 68.400000 -2.679689 2.664380 22.772196 29.652507
 68.600000 -2.634759 3.134426 23.015221 25.923743
 68.800000 -3.117980 2.538333 12.988263 1328.557372
 69.000000 -2.196835 2.977828 21.488400 51.732411
 69.200000 -2.311334 2.553720 21.795482 0.802343
 69.400000 -2.437879 2.626206 22.438365 83.796950
 69.600000 -2.538682 2.995373 23.182175 9.901542
 69.800000 -2.690845 2.701345 22.717138 29.098531
 70.000000 -2.436622 2.725896 22.426878 83.241537
 70.200000 -2.250415 2.798013 21.728579 6.382823
 70.400000 -1.976528 2.518985 19.679034 0.148935
 70.600000 -2.077804 2.243068 20.204234 100.084648
 70.800000 -1.799841 2.832019 20.222110 48.778773
 71.000000 -2.638940 2.557105 23.009131 26.610902
 71.200000 -3.064407 2.813287 14.743042 1031.592057
 71.400000 -2.779772 3.112803 22.171794 76.983256
 71.600000 -2.675582 2.502719 22.818166 30.851468
 71.800000 -2.000795 2.539829 19.703230 6.073835
 72.000000 -1.803483 2.764619 20.187471 44.785604
 72.200000 -2.337536 2.502318 21.862985 5.046943
 72.400000 -2.992662 2.680705 17.061254 1099.831039
 72.600000 -3.052813 -3.085366 15.106223 1027.533628
 72.800000 2.939828 2.703583 0.949211 2315.726229
 73.000000 -2.586284 2.685756 23.226525 3.316737
 73.200000 -1.762875 2.772965 20.528823 124.192717
 73.400000 -2.061196 2.195470 20.017037 72.680686
 73.600000 -1.976960 2.343896 19.654119 0.148928
 73.800000 -2.223072 2.755014 21.622311 28.390029
 74.000000 -3.010200 2.757876 16.483276 1076.384705
 74.200000 2.966382 3.020556 2.321328 3052.313690
 74.400000 3.038107 2.944590 6.607700 3657.020606
 74.600000 2.981236 2.668856 3.165113 3387.858145
 74.800000 -2.373348 3.040654 22.009654 23.169678
 75.000000 -1.642263 2.592902 22.690274 495.838263
 75.200000 -2.020548 1.472149 19.754030 18.351475
 75.400000 -1.047113 0.673589 21.206300 790.357983
 75.600000 -0.798001 0.068237 11.921684 1823.806747
 75.800000 -0.682569 -0.637947 7.252657 1529.250080
 76.000000 -0.548566 -0.421252 1.831510 1628.116791
 76.200000 -0.402816 0.176117 -0.000000 0.000000
 76.400000 -1.667394 1.246117 22.130041 464.707097
 76.600000 -2.036682 2.018525 19.837460 34.270256
 76.800000 -1.774204 3.002568 20.388948 96.347648
 77.000000 -2.430415 3.024661 22.411332 69.839481
 77.200000 -2.922140 2.396523 19.336398 915.561554
 77.400000 -2.335400 3.026718 21.907013 5.007065
 77.600000 -2.606626 2.560783 23.209165 9.209174
 77.800000 -2.483760 2.395455 22.869575 64.626768
 78.000000 -1.966246 2.855023 19.667002 0.061762
 78.200000 -2.086549 2.455574 20.251329 101.736737
 78.400000 -2.342417 2.321587 21.935361 7.019373
 78.600000 -2.336900 2.863494 21.921522 5.632014
 78.800000 -2.952440 2.861688 18.376241 1053.276263
 79.000000 2.957000 2.767039 1.830077 2764.305421
 79.200000 -2.891324 3.090944 20.196633 694.330403
 79.400000 -3.056420 2.606014 14.953493 1073.926002
 79.600000 -2.254255 2.994105 21.760072 12.172806
 79.800000 -2.378363 2.693448 22.087712 24.786295
 80.000000 -2.348417 2.626078 21.968975 9.135190
 80.200000 -2.518002 2.961007 23.114996 29.611178
 80.400000 -3.029803 2.794428 15.825271 1072.985092
 80.600000 -2.773056 2.988693 22.231367 87.788788
 80.800000 -2.688440 2.774633 22.831623 34.811909
 81.000000 -2.004892 2.709749 19.732670 7.166298
 81.200000 -2.059378 2.642827 20.019147 58.929082
 81.400000 -2.055341 2.471383 19.988880 53.510166
 81.600000 -2.520007 2.607070 23.134955 26.970794
 81.800000 -2.853798 -3.126110 21.070036 417.381174
 82.000000 -2.952516 2.880406 18.371503 1040.405928
 82.200000 -2.204957 2.641837 21.490406 62.589432
 82.400000 -2.041281 2.398398 19.903575 35.505096
 82.600000 -2.003619 2.482511 19.743874 6.736813
 82.800000 -2.140947 2.828816 20.852717 126.922193
 83.000000 -2.525260 2.945290 23.169469 21.717255
 83.200000 3.046333 2.617196 7.020186 3435.383514
 83.400000 -2.443771 3.037877 22.613370 61.867890
 83.600000 -2.055039 2.518922 20.007941 50.771778
 83.800000 -1.815911 2.016855 20.031887 29.126125
 84.000000 -1.805528 2.005305 20.092679 40.107552
 84.200000 -1.905110 2.422255 19.773121 2.240857
 84.400000 -2.522934 3.014789 23.177732 22.454364
 84.600000 2.932980 2.848865 0.665968 2059.750999
 84.800000 -2.855327 2.971426 21.039934 427.867713
 85.000000 -2.084618 2.413127 20.265766 87.397494
 85.200000 -1.886663 2.116575 19.810545 3.035990
 85.400000 -1.740372 2.207149 20.737066 198.184422
 85.600000 -2.503684 2.524605 23.083564 37.085002
 85.800000 -2.909340 3.079380 19.704788 807.564856
 86.000000 3.108493 3.014734 10.348036 2325.932518
 86.200000 -2.227180 2.499333 21.668879 41.865588
 86.400000 -1.365623 2.243385 26.025362 10.581117
 86.600000 -1.054397 1.688551 21.353083 803.511397
 86.800000 -0.469131 1.289757 -0.000071 0.000336
 87.000000 -1.159066 1.564063 24.102594 536.825569
 87.200000 -1.011767 1.363160 20.093944 923.726448
 87.400000 -1.499347 0.766365 25.102553 121.011652
 87.600000 -1.549857 0.750516 24.424139 255.977648
 87.800000 -1.432409 1.166833 25.677213 44.170870
 88.000000 -1.137011 1.167928 23.564646 622.359083
 88.200000 -1.597184 0.968356 23.550984 409.502827
 88.400000 -1.489843 0.601199 25.193632 104.428181
 88.600000 -1.480096 1.009383 25.289522 89.633069
 88.800000 -1.049688 1.323595 21.201564 819.102382
 89.000000 -1.634700 0.899185 22.756062 474.086308
 89.200000 -1.525229 0.778134 24.775373 181.437114
 89.400000 -1.701128 0.892185 21.372260 344.685234
 89.600000 -0.757962 1.093924 10.104790 1728.651643
 89.800000 -1.871999 1.384880 19.862648 3.203919
 90.000000 -1.669014 1.309850 22.012673 443.322200
 90.200000 -1.483209 0.499564 25.259394 94.022793
 90.400000 -0.715497 0.236467 8.363811 1583.306766
 90.600000 -1.756428 0.575628 20.529539 139.257637
 90.800000 -1.576414 1.413051 23.954452 344.762005
 91.000000 -1.488559 1.242144 25.206411 102.298947
 91.200000 -1.036920 0.723359 20.814272 862.068739
 91.400000 -1.683077 0.758394 21.735301 405.866354
 91.600000 -1.191014 1.134102 24.784239 385.234620
 91.800000 -1.115609 1.214217 23.011111 695.492783
 92.000000 -1.336797 1.257828 26.070118 0.927784
 92.200000 -1.636588 0.917024 22.732281 473.204678
 92.400000 -1.137721 0.743597 23.586321 626.530542
 92.600000 -1.582034 1.055650 23.864227 362.075848
 92.800000 -1.437499 1.230629 25.640704 46.302097
 93.000000 -1.243094 0.908274 25.612475 139.163919
 93.200000 -1.731148 0.755831 20.894149 230.551094
 93.400000 -1.858056 0.716090 19.910054 5.249926
 93.600000 -0.524597 0.953898 0.897824 1331.253703
 93.800000 -1.476370 1.807615 25.344141 82.295411
 94.000000 -2.245480 2.281105 21.798868 33.358843
 94.200000 -3.089055 -3.131212 13.767519 1306.267167
 94.400000 2.963476 -3.015437 2.175114 2748.662538
 94.600000 -2.981135 2.631027 17.450660 1095.182834
 94.800000 -1.775955 2.730498 20.354489 89.328358
 95.000000 -1.748858 2.116695 20.657346 167.289476
 95.200000 -2.013271 2.113098 19.908578 9.831481
 95.400000 -1.806946 2.485440 20.128831 36.383641
 95.600000 -2.098930 3.019753 20.452728 86.703636
 95.800000 3.057201 2.518220 7.510221 3159.235272
 96.000000 3.050982 -3.086622 7.158561 3233.637973
 96.200000 -2.998684 2.849013 16.856022 1123.649369
 96.400000 -2.385242 2.541000 22.383514 26.144745
 96.600000 -1.719305 2.519065 21.124359 276.945719
 96.800000 -2.133837 2.457519 20.801870 108.460574
 97.000000 -2.633096 2.794962 23.222303 15.784552
 97.200000 -2.973926 3.072895 17.673383 1081.930155
 97.400000 2.934923 2.755601 0.796054 2024.065432
 97.600000 -1.941035 2.892629 19.841326 0.116001
 97.800000 -1.894419 1.997971 19.880780 1.760090
 98.000000 -1.780637 1.420363 20.354978 80.867256
 98.200000 -1.272580 0.654031 25.904058 49.818547
 98.400000 -0.990071 0.294893 19.337773 1067.907010
 98.600000 -0.550568 0.113185 1.841217 1415.722846
 98.800000 -0.597731 0.009546 3.649074 1494.588892
 99.000000 -0.662337 -0.368478 6.143062 1493.360924
 99.200000 -0.555142 -0.467287 2.010505 1422.978029
 99.400000 -0.593482 -0.079356 3.476959 1484.693383
 99.600000 -1.151509 0.631313 23.956388 573.370617
 99.800000 -1.726176 1.465441 21.062011 245.552711
 100.000000 -1.771983 1.658520 20.473820 99.831153
 100.200000 -1.765530 1.286533 20.475427 116.086026
 100.400000 -1.077348 0.461014 21.900641 816.181648
 100.600000 -0.819433 0.050443 12.513760 1924.608715
 100.800000 -1.081305 -0.010062 22.013373 807.031694
 101.000000 -0.659050 -0.252016 5.909127 1480.295919
 101.200000 -0.337107 -0.045956 -0.000000 0.000000
 101.400000 -1.015915 0.213918 20.067229 977.242739
 101.600000 -1.433285 1.018737 25.633743 39.442560
 101.800000 -1.694338 1.928715 21.567160 356.890946
 102.000000 -2.201092 2.402070 21.384112 78.293076
 102.200000 -3.050594 -3.120022 14.957101 1213.156286
 102.400000 2.915314 2.903454 -0.023926 38.709067
 102.600000 -2.027445 2.567509 19.903490 14.215743
 102.800000 -1.530341 2.121659 24.715304 186.862567
 103.000000 -1.801203 1.627471 20.201983 46.828029
 103.200000 -1.600118 1.085406 23.540886 394.818902
 103.400000 -0.677051 0.305893 6.582227 1492.660134
 103.600000 -0.499618 -0.207057 -0.016175 99.175791
 103.800000 -0.836428 -0.330255 13.238299 1917.140886
 104.000000 -0.522480 -0.222090 0.739749 1256.845562
 104.200000 -0.996208 0.299444 19.433031 1061.330573
 104.400000 -1.371415 1.134737 25.931007 9.815294
 104.600000 -1.844986 1.500508 20.016487 13.079378
 104.800000 -1.691387 1.418810 21.681455 361.583485
 105.000000 -1.352027 0.674737 25.979965 3.493183
 105.200000 -0.863126 0.341278 14.384521 1841.235499
 105.400000 -0.439913 -0.063412 -0.000000 0.000000
 105.600000 -0.784669 -0.237747 10.962265 1866.312556
 105.800000 -0.688098 -0.276055 7.007881 1505.752346
 106.000000 -0.615491 0.012814 4.233035 1448.654739
 106.200000 -1.294679 0.272015 25.932073 15.448712
 106.400000 -0.918585 0.528799 16.663374 1520.688063
 106.600000 -1.332269 1.320544 25.997678 0.042021
 106.800000 -1.637467 1.578097 22.824929 439.432661
 107.000000 -1.475616 0.946556 25.343073 72.227174
 107.200000 -1.022580 0.431615 20.273120 967.203923
 107.400000 -0.584367 0.112134 3.068609 1440.252727
 107.600000 -0.841030 -0.349357 13.422089 1910.099043
 107.800000 -0.593841 -0.403281 3.428379 1443.302769
 108.000000 -0.734897 -0.249811 8.868430 1658.086366
 108.200000 -1.026537 0.435080 20.397927 953.541959
 108.400000 -1.153880 1.222317 23.939464 557.594584
 108.600000 -0.656799 1.990946 5.827445 1438.193866
 108.800000 -0.789015 2.737336 11.148549 1873.220569
 109.000000 -0.805003 2.157150 11.844375 1911.556359
 109.200000 -0.846550 1.126319 13.671502 1897.993503
 109.400000 -0.675496 -0.169517 6.551011 1457.529204
 109.600000 -0.490979 -0.839745 -0.017144 9.566299
 109.800000 -0.590913 -0.352338 3.345827 1440.707399
 110.000000 -1.187353 0.425444 24.667702 387.802491
 110.200000 -1.470879 1.518364 25.402210 61.885937
 110.400000 -0.861707 1.923716 14.338245 1847.372000
 110.600000 -0.490385 1.980199 -0.016490 9.285363
 110.800000 -0.846646 1.835865 13.686328 1895.799356
 111.000000 -0.926049 1.448858 16.968358 1467.086851
 111.200000 -0.770896 1.028941 10.406281 1804.841882
 111.400000 -1.996971 0.874305 19.825111 1.031609
 111.600000 -1.725437 0.663159 21.230797 251.647993
 111.800000 -0.584303 0.147168 3.131192 1440.944656
 112.000000 -0.546493 -0.128573 1.705955 1381.492738
 112.200000 -0.646002 -0.671110 5.484632 1420.885520
 112.400000 -0.586861 -0.305067 3.248375 1441.144770
 112.600000 -0.970508 0.265693 18.597784 1173.725382
 112.800000 -1.433093 0.555623 25.663534 31.801834
 113.000000 -1.685637 1.439494 21.954211 375.750806
 113.200000 -1.106125 1.466309 22.714802 740.381003
 113.400000 -0.750660 1.104980 9.588529 1716.109229
 113.600000 -1.271402 1.126833 25.798378 50.457297
 113.800000 -1.850111 0.974866 20.095856 17.278687
 114.000000 -1.275781 0.742448 25.828102 41.905872
 114.200000 -1.453551 1.153980 25.547650 41.958045
 114.400000 -1.483099 1.387251 25.329594 70.297905
 114.600000 -0.936445 0.786542 17.405432 1370.483927
 114.800000 -1.693766 0.684510 21.832817 355.608641
 115.000000 -1.255238 0.816414 25.663207 90.359782
 115.200000 -1.144670 1.118901 23.717223 599.588692
 115.400000 -1.552657 0.991741 24.548054 220.570157
 115.600000 -1.172047 0.629823 24.350316 467.862636
 115.800000 -1.490450 0.841744 25.278438 78.588770
 116.000000 -0.880174 0.912302 15.197821 1740.648968
 116.200000 -1.880686 1.224247 20.002565 10.590933
 116.400000 -1.339779 1.128731 25.995290 0.552419
 116.600000 -1.112920 0.835350 22.905612 721.065370
 116.800000 -1.568566 0.763371 24.317268 269.329205
 117.000000 -1.002461 0.927831 19.677097 1002.399983
 117.200000 -1.564435 1.365716 24.404382 255.270833
 117.400000 -1.486355 1.054238 25.342959 70.134261
 117.600000 -1.113793 0.455458 22.936544 720.823243
 117.800000 -0.661987 0.237089 6.180874 1413.905163
 118.000000 -1.101612 0.538652 22.605394 756.449159
 118.200000 -1.281183 0.681389 25.887965 30.987254
 118.400000 -1.553866 1.261565 24.588637 221.022233
 118.600000 -1.662552 1.341567 22.523514 426.258819
 118.800000 -1.140850 0.749750 23.650756 622.689529
 119.000000 -1.374370 0.431469 25.944755 8.155822
 119.200000 -1.386655 0.946886 25.918511 11.364105
 119.400000 -1.340061 1.372432 26.022878 0.683429
 119.600000 -1.309657 1.120380 26.008105 3.888179
 119.800000 -1.440995 0.542485 25.680982 29.469117
 120.000000 -1.072666 0.531222 21.810047 829.454924
 120.200000 -1.405458 1.210366 25.868810 16.637986
 120.400000 -2.007056 1.521501 19.785210 1.074562
 120.600000 -1.901614 2.134906 19.947522 9.694053
 120.800000 -1.964990 3.003751 19.797083 1.936219
 121.000000 -2.712185 2.766566 22.527186 59.630867
 121.200000 -2.988098 2.767762 16.850251 1132.527989
 121.400000 -3.109290 2.966071 12.499980 1537.881596
 121.600000 -3.062079 2.784718 14.269427 1305.156999
 121.800000 -2.572877 2.766198 23.041442 0.831732
 122.000000 -2.080466 2.878940 20.070888 49.028063
 122.200000 -2.111073 2.330247 20.306932 80.769452
 122.400000 -2.003677 2.444354 19.775347 0.412159
 122.600000 -2.194266 2.753293 21.130885 89.977307
 122.800000 -2.740017 2.781965 22.259587 87.186399
 123.000000 -3.053238 2.887421 14.575933 1282.851503
 123.200000 3.013641 2.962591 4.697836 2993.244139
 123.400000 -2.634286 2.814830 22.927709 12.242613
 123.600000 -2.122172 2.630799 20.401321 89.621887
 123.800000 -1.986792 2.565723 19.775110 0.256800
 124.000000 -2.380636 2.574453 22.128237 17.250482
 124.200000 -2.856354 2.871891 20.542741 439.369851
 124.400000 -3.122781 3.126305 11.917144 1664.398565
 124.600000 -2.631744 2.849984 22.923117 10.903286
 124.800000 -1.611475 2.439850 23.682546 400.304023
 125.000000 -2.046290 1.859100 19.867114 15.167534
 125.200000 -2.017812 1.532641 19.790848 2.070543
 125.400000 -1.080404 1.421764 22.078231 834.250418
 125.600000 -1.016110 0.957743 20.162472 950.574681
 125.800000 -1.504461 0.919894 25.318043 94.337230
 126.000000 -1.749557 0.659550 21.056231 192.167431
 126.200000 -1.293074 1.101002 26.097745 14.816002
 126.400000 -1.064082 1.333387 21.607446 863.520191
 126.600000 -0.730297 1.502641 8.914853 1622.203069
 126.800000 -1.025083 1.884028 20.441191 929.482528
 127.000000 -0.591602 2.150323 3.645755 1433.643984
 127.200000 -0.656685 2.158944 6.093902 1391.727184
 127.400000 -0.838674 1.945967 13.563864 1903.090968
 127.600000 -0.543284 1.572775 1.821863 1421.191289
 127.800000 -0.850566 1.650407 14.080245 1865.667103
 128.000000 -0.858579 1.782600 14.424853 1832.004891
 128.200000 -0.562326 1.928903 2.556105 1451.326343
 128.400000 -0.951382 2.269437 18.067968 1221.066869
 128.600000 -0.670863 2.385790 6.639717 1410.663217
 128.800000 -0.741778 1.861360 9.407555 1679.212451
 129.000000 -0.855878 1.727466 14.323405 1840.286262
 129.200000 -0.520501 1.361960 0.996062 1347.738706
 129.400000 -1.032231 1.445957 20.676450 914.931730
 129.600000 -1.152976 0.956973 24.085416 608.205502
 129.800000 -1.065409 0.198390 21.665762 865.481208
 130.000000 -0.792386 0.190924 11.573355 1889.231089
 130.200000 -0.519433 0.085224 0.968856 1348.583851
 130.400000 -0.657317 -0.108617 6.174778 1399.468109
 130.600000 -0.711966 0.034842 8.257742 1538.915001
 130.800000 -0.630205 0.097787 5.161406 1401.397398
 131.000000 -1.247645 0.268248 25.824751 115.737382
 131.200000 -1.524949 0.853879 25.179115 135.723996
 131.400000 -0.992039 1.342614 19.451798 1011.499113
 131.600000 -0.425157 1.869739 -0.000000 0.000000
 131.800000 -1.066059 2.365220 21.700903 864.144613
 132.000000 -0.813980 2.538068 12.563228 1915.217608
 132.200000 -0.473704 1.866420 -0.001690 0.194519
 132.400000 -1.075923 1.509417 21.998452 849.863437
 132.600000 -1.545264 0.710104 24.932450 191.988829
 132.800000 -1.435117 0.226650 25.898908 26.880223
 133.000000 -1.958513 0.619074 19.833453 5.480329
 133.200000 -1.499675 1.247998 25.468150 83.703331
 133.400000 -1.108765 1.396749 22.948420 786.640227
 133.600000 -0.831765 1.153897 13.389457 1893.217175
 133.800000 -1.679016 0.934550 22.382410 425.584907
 134.000000 -1.450874 0.763841 25.824972 33.881031
 134.200000 -0.902377 0.913284 16.355562 1518.977579
 134.400000 -1.522823 1.387264 25.246103 129.431808
 134.600000 -1.563127 0.942392 24.698771 249.922224
 134.800000 -1.027158 0.539069 20.570709 909.813866
 135.000000 -0.965553 0.505574 18.632185 1107.693335
 135.200000 -1.011518 0.351904 20.108481 936.015060
 135.400000 -1.014017 0.469025 20.184818 930.463977
 135.600000 -1.325834 1.061637 26.272316 0.002844
 135.800000 -1.341099 1.340500 26.263026 1.493518
 136.000000 -1.253928 0.762780 25.952136 95.170774
 136.200000 -1.236867 0.650834 25.776648 160.405954
 136.400000 -1.131042 1.063242 23.589985 717.617262
 136.600000 -1.532838 1.284292 25.162302 154.137752
 136.800000 -1.755880 1.005424 21.066608 185.444804
 137.000000 -1.042820 0.778669 21.064378 880.815110
 137.200000 -1.351437 1.122552 26.279395 3.879405
 137.400000 -1.502526 1.150569 25.506821 86.188339
 137.600000 -0.970642 0.755438 18.855236 1066.563364
 137.800000 -1.500225 0.709533 25.527944 82.338653
 138.000000 -1.646813 1.127957 23.126894 465.774772
 138.200000 -0.916275 1.150098 16.977860 1400.647739
 138.400000 -0.590245 0.559493 3.812833 1489.170539
 138.600000 -1.159733 0.232236 24.359479 589.473052
 138.800000 -0.719392 0.020633 8.745508 1581.956865
 139.000000 -0.871952 0.011399 15.227155 1714.229886
 139.200000 -0.588918 -0.186940 3.778949 1495.787643
 139.400000 -0.441873 -0.188382 -0.000001 0.000000
 139.600000 -0.819450 0.084599 13.003361 1910.789216
 139.800000 -1.185385 0.293073 24.962765 444.161911
 140.000000 -1.341672 1.072812 26.335981 1.891651
 140.200000 -0.819560 1.326946 13.035729 1910.522270
 140.400000 -0.593388 1.642796 3.971214 1493.587883
 140.600000 -0.857591 2.247340 14.678098 1792.345612
 140.800000 -0.800186 2.476112 12.188684 1905.379932
 141.000000 -0.599526 1.867069 4.207985 1482.753842
 141.200000 -0.933748 1.252669 17.687500 1262.673303
 141.400000 -1.540936 0.712332 25.151552 176.572128
 141.600000 -1.886469 0.354444 20.060585 18.253862
 141.800000 -1.716935 0.674428 21.735131 337.140400
 142.000000 -1.111877 1.069872 23.147417 787.247801
 142.200000 -0.641161 1.418767 5.844749 1429.210156
 142.400000 -0.733887 1.875707 9.432171 1656.824924
 142.600000 -0.724571 2.234052 9.055539 1612.840942
 142.800000 -0.818257 2.243492 13.035661 1911.659345
 143.000000 -0.872900 1.870036 15.373636 1697.969833
 143.200000 -0.738447 1.442311 9.650066 1680.906337
 143.400000 -1.224294 1.425865 25.746123 223.975064
 143.600000 -1.326575 0.641003 26.425445 0.050029
 143.800000 -1.181928 0.382446 24.963712 472.069589
 144.000000 -0.928711 0.535625 17.559041 1285.278875
 144.200000 -1.330167 0.940118 26.443468 0.332281
 144.400000 -1.839349 1.312124 20.302039 39.154096
 144.600000 -1.349618 1.484761 26.417133 4.203275
 144.800000 -0.758463 0.791850 10.515525 1776.975131
 145.000000 -0.752451 -0.157910 10.263073 1749.400422
 145.200000 -0.484299 -0.919453 -0.027063 5.060580
 145.400000 -0.497258 -0.482208 0.347579 1501.321253
 145.600000 -1.059641 0.571902 21.708840 851.138896
 145.800000 -1.611997 1.863359 23.996360 426.667036
 146.000000 -2.201197 2.695368 20.873665 79.789889
 146.200000 3.025256 3.132967 4.894468 2872.249093
 146.400000 -2.945026 2.879721 17.824994 875.814860
 146.600000 -2.208088 2.716317 20.915956 74.813701
 146.800000 -1.811822 2.426055 20.506922 70.624972
 147.000000 -2.530112 2.496467 22.442351 14.862718
 147.200000 -2.754353 2.964041 21.668131 121.762539
 147.400000 3.124760 2.943488 9.971913 2157.427480
 147.600000 -2.868296 2.551091 19.807992 495.829318
 147.800000 -1.738173 2.835412 21.417913 271.790810
 148.000000 -2.081366 2.265600 19.821969 30.085940
 148.200000 -2.235146 2.563468 21.097488 53.260380
 148.400000 -2.475825 3.028425 22.147535 25.916961
 148.600000 -2.959749 2.681640 17.341533 933.038223
 148.800000 -2.991133 2.862952 16.352075 1052.813969
 149.000000 -2.340725 3.062830 21.597460 9.698683
 149.200000 -2.387210 2.282153 21.731036 12.641087
 149.400000 -1.903022 2.196633 19.969926 20.838111
 149.600000 -1.761363 2.656152 21.082841 193.209655
 149.800000 -2.562184 2.715742 22.477202 4.363372
 150.000000 -3.085172 3.028998 13.031145 1475.755786
 150.200000 -2.939607 3.034207 17.904886 841.018107
 150.400000 -2.799181 2.506099 21.025966 224.104600
 150.600000 -2.231973 2.586864 21.046009 55.601901
 150.800000 -1.917346 2.914853 19.903425 19.553053
 151.000000 -2.549165 2.370989 22.427074 7.890755
 151.200000 -2.526704 2.832237 22.335503 14.836552
 151.400000 -2.348990 2.991430 21.581399 9.544269
 151.600000 -2.840452 2.181620 20.304685 368.825506
 151.800000 -2.091115 2.797075 19.826187 38.525790
 152.000000 -2.228941 2.734266 21.010482 58.066796
 152.200000 -2.482968 2.361277 22.126960 24.412256
 152.400000 -2.611073 2.829113 22.443999 1.764590
 152.600000 -2.210566 3.117766 20.850698 72.365514
 152.800000 -2.818966 2.412027 20.675015 285.811036
 153.000000 -2.233724 2.837471 21.034976 54.224121
 153.200000 -1.933950 2.862278 19.823391 19.421028
 153.400000 -2.303212 2.328057 21.408404 15.187440
 153.600000 -2.417227 2.554176 21.805750 18.098391
 153.800000 -2.235272 -3.094587 21.036214 53.288764
 154.000000 -2.762383 2.590009 21.460583 135.269885
 154.200000 -2.929290 2.578193 18.135829 792.663276
 154.400000 -2.224055 -3.082133 20.944295 62.737726
 154.600000 -2.424784 2.702654 21.833975 19.400429
 154.800000 -2.334309 2.420847 21.512207 10.288037
 155.000000 -2.255767 2.808282 21.168257 38.140169
 155.200000 -2.133699 2.774845 20.112172 80.068729
 155.400000 -2.751077 2.291640 21.554464 114.399784
 155.600000 -2.248414 3.012209 21.119122 43.814393
 155.800000 -2.439872 2.530474 21.899358 21.571512
 156.000000 -2.337553 2.365598 21.521381 10.073739
 156.200000 -1.909080 2.927931 19.934788 25.660222
 156.400000 -2.260665 2.629510 21.194735 35.413338
 156.600000 -2.739473 2.584035 21.657816 96.284568
 156.800000 -2.584622 2.926367 22.404165 0.042470
 157.000000 -2.363249 2.658705 21.603238 10.299567
 157.200000 -2.355322 2.381062 21.580084 10.127446
 157.400000 -1.617438 2.969528 24.001820 455.210315
 157.600000 -2.551419 2.500527 22.357889 4.654496
 157.800000 -2.606065 2.800148 22.383191 1.743520
 158.000000 -2.509207 3.042286 22.222733 16.585828
 158.200000 -2.405197 2.564322 21.758325 15.642820
 158.400000 -2.129357 2.705858 20.056064 79.555380
 158.600000 -2.122778 2.808014 19.998450 73.736915
 158.800000 -2.685526 2.632100 22.064187 40.346581
 159.000000 -2.681181 2.878752 22.091223 37.124543
 159.200000 -2.564301 3.022670 22.376214 1.492413
 159.400000 -2.582666 2.583862 22.388070 0.003419
 159.600000 -2.042687 2.695887 19.552490 3.214544
 159.800000 -2.070967 2.616139 19.642317 20.735619
 160.000000 -2.114047 2.641032 19.920072 65.851524
 160.200000 -2.525456 2.654206 22.288990 10.494544
 160.400000 -2.414950 2.989196 21.810532 17.360466
 160.600000 -2.864814 2.766346 19.672326 483.966610
 160.800000 -3.056640 2.685566 13.911874 1315.434783
 161.000000 -2.435796 3.048353 21.901199 20.358420
 161.200000 -2.566184 2.506245 22.381388 0.896896
 161.400000 -2.132550 2.576533 20.076667 84.529995
 161.600000 -2.090605 2.619386 19.742870 41.194439
 161.800000 -2.368837 2.723533 21.643973 11.628024
 162.000000 -2.704205 2.704915 21.910909 57.428203
 162.200000 3.077581 2.841841 7.338741 2700.658461
 162.400000 -2.502581 2.989539 22.221589 15.961500
 162.600000 -2.050507 2.125420 19.559194 7.024282
 162.800000 -1.539422 2.024863 25.404952 179.390181
 163.000000 -1.952496 1.917011 19.706089 20.207151
 163.200000 -2.215077 2.745611 20.869524 73.771870
 163.400000 3.138115 3.067849 10.281005 2065.532325
 163.600000 -3.095939 2.691893 12.369627 1580.776283
 163.800000 -1.544235 2.465194 25.341723 195.462980
 164.000000 -0.763078 1.998479 11.136482 1798.320586
 164.200000 -0.491320 1.527511 0.322397 1581.771392
 164.400000 -0.693036 1.594003 8.301945 1522.610204
 164.600000 -1.234492 1.845770 26.136211 173.961658
 164.800000 -1.895353 1.516616 19.996855 32.265622
 165.000000 -1.932892 0.831271 19.794315 25.624213
 165.200000 -1.000612 0.402318 20.201977 860.550951
 165.400000 -1.092878 0.348220 22.861441 821.099267
 165.600000 -0.852923 0.195547 15.025233 1751.174305
 165.800000 -1.690435 0.913050 22.408549 446.017266
 166.000000 -1.764136 1.778054 21.106740 186.683610
 166.200000 -2.053312 2.403192 19.568270 9.646265
 166.400000 -2.319013 -3.039860 21.491808 14.790500
 166.600000 3.077824 2.659184 7.268564 2704.314808
 166.800000 -2.784540 2.556122 21.033860 186.585696
 167.000000 -2.251758 3.027367 21.155100 43.338858
 167.200000 -2.501100 2.588590 22.259320 14.593489
 167.400000 -2.315831 2.794967 21.481304 15.609439
 167.600000 -2.185735 2.830510 20.611016 92.154142
 167.800000 -2.311035 2.635023 21.462101 16.482078
 168.000000 -2.616521 2.681942 22.341550 8.268757
 168.200000 -2.482153 3.119959 22.191190 18.928400
 168.400000 -2.987749 2.672542 16.141726 1049.368789
 168.600000 -2.711946 2.841445 21.800883 68.775465
 168.800000 -2.595945 2.809356 22.389011 2.767259
 169.000000 -2.721123 2.580992 21.722271 78.210065
 169.200000 -2.331414 2.908235 21.553423 14.464715
 169.400000 -2.496636 2.651296 22.261218 15.124602
 169.600000 -2.269602 2.752879 21.273448 32.192946
 169.800000 -2.445244 2.704015 22.030955 22.746229
 170.000000 -2.149107 2.775499 20.260188 95.190769
 170.200000 -2.576905 2.578075 22.418804 0.338001
 170.400000 -2.290152 2.968271 21.389175 23.088048
 170.600000 -2.788852 2.651682 20.947983 201.163802
 170.800000 -2.819245 2.664783 20.470345 299.696473
 171.000000 -2.522046 2.985192 22.356387 7.434587
 171.200000 -2.245455 2.622165 21.137446 48.445217
 171.400000 -2.102573 2.600720 19.855687 59.495631
 171.600000 -2.180827 2.596256 20.586363 94.699845
 171.800000 -2.172529 2.777912 20.505010 97.291691
 172.000000 -2.597757 2.425476 22.398200 4.028846
 172.200000 -2.484760 3.056789 22.251805 16.984984
 172.400000 -2.672409 2.864907 22.084242 39.763355
 172.600000 -2.739770 2.774055 21.535511 103.849749
 172.800000 -2.581209 2.835578 22.429272 1.054556
 173.000000 -2.346271 2.828447 21.644844 14.883072
 173.200000 -2.310319 2.427373 21.515176 18.264676
 173.400000 -2.062930 2.765015 19.624143 19.803136
 173.600000 -2.335603 2.662351 21.617742 15.303801
 173.800000 -2.558427 2.555589 22.446945 0.145379
 174.000000 -2.320934 2.979127 21.559385 16.553352
 174.200000 -2.463294 2.648230 22.191081 20.495456
 174.400000 -2.300703 2.679020 21.488771 20.864181
 174.600000 -2.351896 2.826108 21.698975 15.429347
 174.800000 -2.228189 2.626860 21.046037 62.835829
 175.000000 -2.537209 2.522260 22.438235 2.610932
 175.200000 -2.075703 2.985109 19.701401 33.744584
 175.400000 -2.543263 2.644823 22.460845 1.394709
 175.600000 -2.711950 2.670511 21.801314 74.105554
 175.800000 -2.417609 3.019265 21.999133 21.100304
 176.000000 -2.690461 2.512493 21.973294 55.008801
 176.200000 -2.075920 2.487125 19.709891 34.943481
 176.400000 -2.057057 2.896513 19.614983 17.038547
 176.600000 -2.414124 2.547505 22.006419 20.762027
 176.800000 -3.048690 2.826544 13.938039 1301.326584
 177.000000 -2.927591 2.978443 17.882488 831.619983
 177.200000 -2.934107 2.793994 17.681510 862.097918
 177.400000 -2.193106 2.669379 20.783108 92.779799
 177.600000 -2.206766 2.414896 20.911284 83.021580
 177.800000 -1.926706 2.412694 19.789941 25.462137
 178.000000 -2.104047 2.917249 19.919034 67.671545
 178.200000 -2.684847 2.708171 22.033887 54.447745
 178.400000 -3.051314 2.826546 13.814426 1321.068466
 178.600000 -2.985258 2.875854 16.082192 1058.104733
 178.800000 -2.735770 2.504192 21.584816 108.026008
 179.000000 -2.428053 2.424975 22.116144 21.325657
 179.200000 -2.177936 2.827580 20.665928 101.250330
 179.400000 -2.388596 2.581557 21.961180 18.740795
 179.600000 -2.617404 2.584860 22.424493 14.334192
 179.800000 -2.765632 2.951723 21.241599 163.319461
 180.000000 -2.901261 2.815983 18.582624 710.572843
 180.200000 -2.733569 2.895455 21.615830 109.162773
 180.400000 -1.818477 2.947881 20.481413 79.786135
 180.600000 -2.220566 2.241810 21.083781 72.845892
 180.800000 -2.116534 2.431722 20.070007 83.238665
 181.000000 -2.145942 2.952213 20.355784 102.818893
 181.200000 -2.627731 2.645712 22.408586 20.426264
 181.400000 -2.831549 2.634149 20.183291 380.012233
 181.600000 -2.855036 3.037985 19.695441 486.012243
 181.800000 -2.964395 2.691594 16.720303 985.290338
 182.000000 -3.119288 2.775169 11.091257 1859.937829
 182.200000 -2.265601 -2.842587 21.451733 39.163132
 182.400000 -2.485945 2.291855 22.455652 13.002849
 182.600000 -2.120012 1.959083 20.138745 87.599304
 182.800000 -1.721684 2.440828 21.774011 339.059754
 183.000000 -2.256031 3.040526 21.389652 45.154712
 183.200000 -2.860467 2.867005 19.566524 518.679690
 183.400000 -1.867710 2.976995 20.092473 40.979465
 183.600000 -1.943468 1.935909 19.699691 15.050963
 183.800000 -1.857686 0.933490 20.158592 46.231604
 184.000000 -0.457752 0.080776 -0.000561 0.022715
 184.200000 -0.286461 -0.768564 -0.000000 0.000000
 184.400000 -0.680130 -0.543063 7.901516 1517.690886
 184.600000 -0.944028 0.331763 18.486108 1062.207519
 184.800000 -0.882607 1.310045 16.296359 1505.206244
 185.000000 -2.107528 2.178372 20.061898 77.018046
 185.200000 -2.547894 -3.056980 22.641117 0.038910
 185.400000 2.967619 2.915014 1.290318 1919.001439
 185.600000 -2.292069 2.307976 21.656890 28.109633
 185.800000 -1.192610 2.103121 25.392404 401.042910
 186.000000 -0.637787 1.756515 6.260117 1513.070362
 186.200000 -0.493571 1.909280 0.525274 1431.357835
 186.400000 -0.845040 2.219624 14.774674 1746.485868
 186.600000 -1.890741 2.358450 19.945414 30.318756
 186.800000 -2.978338 2.590991 16.233330 1041.658784
 187.000000 -2.818401 -2.887420 20.426996 342.037520
 187.200000 -2.446315 2.661165 22.405238 19.236033
 187.400000 -2.123742 2.117801 20.262909 92.060579
 187.600000 -1.614766 2.235261 24.009631 434.554506
 187.800000 -2.147802 2.581661 20.501664 102.906953
 188.000000 -3.016563 2.753375 14.950711 1183.755223
 188.200000 3.042400 -3.004354 4.945668 2803.748194
 188.400000 -2.620271 2.919370 22.522567 20.270489
 188.600000 -1.487530 2.183233 25.869458 66.391001
 188.800000 -1.751678 1.142300 21.251680 235.431707
 189.000000 -1.661659 0.144430 22.988533 479.244782
 189.200000 -1.908643 -0.027144 19.846559 22.399823
 189.400000 -1.852468 0.620894 20.172820 49.200928
 189.600000 -1.461119 1.449495 26.051333 40.099818
 189.800000 -0.540592 1.981924 2.382644 1635.101555
 190.000000 -0.655269 2.464943 6.943830 1495.103333
 190.200000 -1.057240 2.271511 21.807669 817.392466
 190.400000 -1.449952 1.198428 26.110671 33.208737
 190.600000 -1.178972 0.323738 25.071066 481.634557
 190.800000 -0.272106 -0.225214 -0.000000 0.000000
 191.000000 -0.406626 -0.501600 -0.000000 0.000000
 191.200000 -1.240489 0.206417 26.112957 138.523404
 191.400000 -1.248237 1.145729 26.198874 108.382018
 191.600000 -0.717910 2.022048 9.402526 1619.725788
 191.800000 -0.810445 2.550497 13.298562 1846.682747
 192.000000 -0.817300 1.925821 13.592701 1835.000445
 192.200000 -1.517934 0.751153 25.554359 119.556939
 192.400000 -1.806092 -0.068582 20.567347 104.039700
 192.600000 -2.404495 0.075768 22.312812 22.711950
 192.800000 -1.861055 0.715752 20.113412 44.081484
 193.000000 -0.519652 1.289652 1.560251 1555.737763
 193.200000 -0.563745 2.143684 3.341188 1642.864674
 193.400000 -1.157982 2.903687 24.564725 599.898669
 193.600000 -1.185133 2.244028 25.184751 441.397483
 193.800000 -0.601968 1.255001 4.876410 1572.857268
 194.000000 -1.134508 1.008471 23.963145 708.584601
 194.200000 -1.768035 0.698662 21.024107 189.529254
 194.400000 -1.460195 0.873141 26.027527 38.958808
 194.600000 -1.336278 1.347457 26.515374 1.461328
 194.800000 -1.736694 1.486061 21.504634 285.047856
 195.000000 -1.998276 0.699550 19.646333 0.549824
 195.200000 -1.136520 0.194289 24.010624 698.592373
 195.400000 -0.925409 0.023237 17.820413 1160.987336
 195.600000 -0.155623 -0.485357 -0.000000 0.000000
 195.800000 -0.089146 -1.055222 -0.000000 0.000000
 196.000000 -1.025545 -0.257317 20.879497 821.356976
 196.200000 -0.623449 0.596026 5.738397 1520.846474
 196.400000 -1.323877 1.736224 26.512500 0.016644
 196.600000 -0.883057 2.577160 16.285881 1467.926977
 196.800000 -0.565128 2.226187 3.416780 1638.972210
 197.000000 -0.569147 1.497216 3.579404 1634.860813
 197.200000 -1.600409 0.708663 24.273500 376.399272
 197.400000 -1.511500 -0.162470 25.605140 104.873568
 197.600000 -1.655653 0.313482 23.121275 464.295036
 197.800000 -1.461897 1.343845 26.006796 39.850205
 198.000000 -0.106185 2.006361 -0.000000 0.000000
 198.200000 -0.915513 2.334618 17.475948 1224.001742
 198.400000 -0.859911 2.059667 15.377200 1624.105414
 198.600000 -0.335591 1.561553 -0.000000 0.000000
 198.800000 -0.948426 1.482132 18.575480 1019.889765
 199.000000 -1.867323 0.998146 20.069324 41.745716
 199.200000 -1.536380 0.255194 25.315993 164.361620
 199.400000 -0.777360 -0.191140 11.899650 1809.960263
 199.600000 0.503771 -0.944368 -0.000000 0.000000
