#! FIELDS time phi psi ves.bias ves.force2
#! SET min_phi -pi
#! SET max_phi pi
#! SET min_psi -pi
#! SET max_psi pi
 0.000000 -1.498385 0.273949 25.037724 141.910265
 0.200000 -0.837119 0.728925 12.710753 1554.531623
 0.400000 -1.687650 1.366561 22.270617 201.616897
 0.600000 -1.163115 0.944532 23.476541 485.037169
 0.800000 -1.087821 0.694185 21.657000 704.779524
 1.000000 -1.172599 0.397458 23.682874 461.527425
 1.200000 -0.728440 0.242291 8.285866 1890.240020
 1.400000 -0.639990 -0.176314 4.255892 2168.858055
 1.600000 -0.703268 -0.501757 7.173722 2014.516989
 1.800000 -0.499861 -0.413882 -0.000012 0.000008
 2.000000 -0.845488 0.163128 13.149156 1682.207274
 2.200000 -1.692108 1.091011 22.339954 210.358186
 2.400000 -1.523906 1.868374 24.821121 153.242039
 2.600000 -1.699159 2.400364 22.239033 199.192358
 2.800000 -3.030802 2.988766 15.109011 1318.978682
 3.000000 3.128380 -3.083585 9.805544 2653.976638
 3.200000 -3.132108 2.770175 10.931375 2283.033980
 3.400000 -2.293033 2.701054 23.276032 42.129957
 3.600000 -1.942412 2.651055 21.257707 8.212690
 3.800000 -2.189776 2.475898 22.519406 60.542393
 4.000000 -2.346565 2.711491 23.599973 32.173836
 4.200000 -2.914491 2.903987 19.018381 1028.219500
 4.400000 3.062766 2.933481 6.205113 3398.150791
 4.600000 -2.847326 2.941094 20.995331 679.983272
 4.800000 -2.226941 2.779278 22.816752 68.791546
 5.000000 -2.188722 2.147528 22.497191 69.044675
 5.200000 -1.629123 2.587955 23.512551 216.668573
 5.400000 -2.274815 2.579885 23.301390 58.383340
 5.600000 -2.656277 2.975989 23.870789 47.563221
 5.800000 3.061945 3.005222 6.227567 3425.178460
 6.000000 2.883559 2.823226 -0.000000 0.000000
 6.200000 -2.276076 2.581751 23.383464 60.466446
 6.400000 -1.657971 2.268154 23.108774 226.793325
 6.600000 -1.734743 1.850215 22.016640 150.530091
 6.800000 -1.981906 1.895953 21.371176 4.665987
 7.000000 -1.866825 1.961517 21.216179 0.157690
 7.200000 -1.771744 2.335866 21.703926 80.435342
 7.400000 -2.452084 2.565155 24.247344 5.243503
 7.600000 2.912087 2.889566 -0.000126 0.000946
 7.800000 2.949878 2.909362 0.390337 1800.315260
 8.000000 -2.533936 2.657811 24.327734 0.445376
 8.200000 -1.999772 2.572654 21.430347 2.578755
 8.400000 -1.973647 2.602703 21.394762 1.378241
 8.600000 -2.555631 2.560814 24.309495 2.847413
 8.800000 -3.076382 3.043380 13.492237 1459.791242
 9.000000 2.978061 -3.033408 1.714755 2390.650001
 9.200000 -2.904750 2.913620 19.276720 925.378641
 9.400000 -1.977105 2.664607 21.428053 0.643709
 9.600000 -1.855318 2.340359 21.420398 3.236709
 9.800000 -1.863284 2.365311 21.407957 1.780191
 10.000000 -2.306667 2.645771 23.733276 40.218462
 10.200000 -2.920569 3.034264 18.782274 976.858131
 10.400000 -2.923228 2.916105 18.698954 985.784090
 10.600000 -2.723222 2.842246 23.169049 161.148832
 10.800000 -2.837191 2.620797 21.118291 575.522668
 11.000000 -3.004139 3.095780 16.046210 1140.154745
 11.200000 3.005820 2.859335 3.367835 3001.777327
 11.400000 -2.580688 2.741587 24.295232 7.694177
 11.600000 -2.241887 2.624900 23.264041 106.617362
 11.800000 -2.001242 2.576441 21.528855 0.000160
 12.000000 -2.152367 2.749228 22.257273 110.819567
 12.200000 -2.634797 2.612419 24.084822 42.435898
 12.400000 -3.014376 3.103886 15.712783 1199.237837
 12.600000 -3.088639 2.990303 13.014025 1528.236907
 12.800000 -2.500459 2.728958 24.351284 2.187299
 13.000000 -2.294571 2.477433 23.737815 44.939057
 13.200000 -2.084305 2.839120 21.768192 24.305615
 13.400000 -2.310156 2.679557 23.851911 31.677084
 13.600000 -3.052694 2.491980 14.379065 1306.677851
 13.800000 -3.024568 3.066891 15.377525 1223.220188
 14.000000 -3.007314 3.026903 15.977015 1193.091206
 14.200000 -2.959862 2.426961 17.624839 1113.254875
 14.400000 -2.553879 3.011882 24.453163 0.272074
 14.600000 -2.844939 2.609754 21.047161 607.503905
 14.800000 2.977618 2.815743 2.042917 2507.881131
 15.000000 -2.741020 -2.970176 23.053402 210.522859
 15.200000 -3.041791 2.495233 14.862020 1271.667956
 15.400000 -2.794166 2.644300 22.188680 371.530428
 15.600000 -2.441782 3.064334 24.289135 6.958246
 15.800000 -2.844150 2.382344 21.099116 595.188368
 16.000000 -2.613459 2.971638 24.349113 24.009307
 16.200000 3.089394 2.898846 8.315091 2893.749127
 16.400000 3.057582 2.692463 6.551750 3213.810764
 16.600000 -2.658016 2.992744 24.111262 72.500794
 16.800000 -2.607670 2.684559 24.435632 18.734154
 17.000000 -2.672702 2.574858 23.977716 93.423113
 17.200000 -2.617339 2.873922 24.469558 25.691481
 17.400000 -3.056748 2.848279 14.446195 1341.442933
 17.600000 -3.024338 2.930664 15.605377 1229.113145
 17.800000 3.000095 2.948997 3.337958 2979.664037
 18.000000 -2.344475 2.733947 24.050513 15.137864
 18.200000 -1.968392 2.283175 21.719399 0.011155
 18.400000 -1.638713 2.351810 23.479055 135.353443
 18.600000 -1.886776 2.485549 21.689237 0.094268
 18.800000 -2.560913 2.818998 24.704137 0.008869
 19.000000 3.033774 2.909949 5.278889 3305.823621
 19.200000 -3.100118 2.942058 12.916332 1656.661272
 19.400000 -2.433960 2.507781 24.397454 14.628992
 19.600000 -1.910684 2.296461 21.708600 0.296740
 19.800000 -1.211647 2.478627 23.798781 299.551389
 20.000000 -0.651951 2.273501 4.484700 1968.371991
 20.200000 -0.426213 1.674973 -0.000000 0.000000
 20.400000 -1.463639 1.250185 24.779185 27.690946
 20.600000 -1.592689 0.221070 23.900594 84.837014
 20.800000 -0.809406 -0.505169 10.990162 1592.366129
 21.000000 -0.620713 -0.120742 3.057021 1899.981774
 21.200000 -1.251321 0.277617 24.322284 178.086154
 21.400000 -1.180147 0.794130 23.134573 380.188484
 21.600000 -0.945809 1.734218 16.453567 1518.688680
 21.800000 -0.580565 2.123836 1.351638 1565.886280
 22.000000 -0.772805 2.636314 9.495765 1594.627673
 22.200000 -0.949882 2.065613 16.582417 1494.907414
 22.400000 -0.562871 1.231647 0.665128 1362.833940
 22.600000 -1.211927 0.882290 23.702701 291.179498
 22.800000 -1.445282 0.446868 24.801278 21.245334
 23.000000 -0.584385 0.184586 1.491758 1596.977770
 23.200000 -1.518755 0.437132 24.388692 36.241287
 23.400000 -1.695718 0.879078 22.706814 132.761755
 23.600000 -0.488934 1.255836 -0.000001 0.000000
 23.800000 -0.623852 2.201603 3.148549 1880.087545
 24.000000 -1.581144 2.506068 23.942908 72.679507
 24.200000 -3.059300 2.538008 14.705805 1344.000030
 24.400000 -2.858497 -3.003209 21.009913 653.028912
 24.600000 -1.714283 3.024340 22.491742 117.385385
 24.800000 -1.578155 1.097238 23.962031 69.652416
 25.000000 -0.577188 -0.438872 1.220259 1512.431049
 25.200000 -0.532212 -0.808098 -0.010129 4.580593
 25.400000 -0.683548 0.262461 5.751059 1842.375053
 25.600000 -1.273681 1.569297 24.511167 106.144639
 25.800000 -0.495288 1.981826 -0.000002 0.000000
 26.000000 -1.206000 2.450343 23.556713 305.192825
 26.200000 -2.116211 2.436391 22.061396 54.562558
 26.400000 3.114802 2.747822 10.001746 2680.291476
 26.600000 2.995513 -2.783888 3.249369 3016.540754
 26.800000 -2.966109 2.920777 17.896400 1006.142158
 27.000000 -1.812452 1.975209 21.764732 10.529936
 27.200000 -0.482075 1.042225 -0.000000 0.000000
 27.400000 -0.956273 0.447142 16.773295 1450.574740
 27.600000 -1.349147 0.023045 24.912984 1.417014
 27.800000 -0.508893 -0.131196 -0.000046 0.000115
 28.000000 -0.561257 0.064806 0.647721 1356.989776
 28.200000 -1.530415 0.448877 24.291387 33.405609
 28.400000 -1.082511 1.141087 20.830324 689.558930
 28.600000 -1.153173 1.814076 22.510052 460.757876
 28.800000 -0.682215 1.920018 5.711795 1810.014748
 29.000000 -0.779795 2.366488 9.686741 1569.535035
 29.200000 -0.810106 2.215337 10.896767 1584.362092
 29.400000 -0.880526 1.959353 13.745560 1672.461269
 29.600000 -0.788149 1.436146 10.026084 1563.916395
 29.800000 -1.052282 1.991496 19.996359 836.320301
 30.000000 -0.865183 1.607741 13.118513 1665.842713
 30.200000 -0.673091 1.585871 5.371015 1829.158978
 30.400000 -1.097641 2.042761 21.229729 638.077657
 30.600000 -1.834244 1.721804 21.664573 2.828282
 30.800000 -1.619906 1.495540 23.564195 112.839967
 31.000000 -0.943254 0.461479 16.280577 1510.002736
 31.200000 -0.704406 -0.441111 6.720575 1711.352117
 31.400000 -0.937104 -0.506696 16.053603 1536.150982
 31.600000 -0.719722 0.295763 7.348862 1655.516981
 31.800000 -1.377830 1.185239 24.879618 2.451280
 32.000000 -1.054657 1.135037 20.079927 823.511311
 32.200000 -0.813784 0.781317 11.100909 1568.425188
 32.400000 -1.660182 0.565850 23.103162 147.727069
 32.600000 -1.794016 0.675884 21.771305 25.552204
 32.800000 -0.595060 0.869917 2.096055 1731.196357
 33.000000 -0.735222 1.452799 8.008087 1591.232047
 33.200000 -0.643306 2.082790 4.212176 1881.609185
 33.400000 -0.824050 2.374477 11.532593 1578.358025
 33.600000 -0.670054 2.120471 5.364469 1819.181953
 33.800000 -0.529780 1.669745 -0.013165 7.168420
 34.000000 -0.619735 1.375376 3.190241 1863.915645
 34.200000 -1.305026 1.338393 24.787728 28.933581
 34.400000 -1.240794 0.831326 24.168189 190.935214
 34.600000 -0.705352 0.111709 6.903158 1662.095338
 34.800000 -0.467069 -0.465786 -0.000000 0.000000
 35.000000 -0.671377 -0.462475 5.487951 1806.881627
 35.200000 -0.981117 0.209433 17.768717 1264.190033
 35.400000 -1.208934 1.295796 23.688540 301.964325
 35.600000 -1.644986 1.968773 23.280919 134.264278
 35.800000 -1.920032 2.582991 21.535774 0.101223
 36.000000 -3.106400 2.734435 12.909739 1746.071668
 36.200000 3.063320 3.089796 7.145635 3362.046041
 36.400000 -2.713521 2.854722 23.857184 236.539825
 36.600000 -1.835081 2.490659 21.594533 5.613109
 36.800000 -1.756849 1.911815 22.013441 74.753148
 37.000000 -1.717269 2.053230 22.412764 127.866306
 37.200000 -1.907858 2.494839 21.510855 0.351247
 37.400000 -2.269808 3.055467 23.323300 60.297531
 37.600000 -3.127255 2.639844 11.981756 2032.324309
 37.800000 2.999340 2.994699 3.440351 3046.413941
 38.000000 -2.690083 3.056714 24.179246 181.400498
 38.200000 -2.678229 2.493862 24.315503 154.100733
 38.400000 -2.144239 2.760886 22.067482 92.346232
 38.600000 -1.996428 2.704531 21.435689 0.156037
 38.800000 -2.320368 2.256109 23.629788 31.851549
 39.000000 -2.299003 2.819976 23.502427 40.120319
 39.200000 -2.201468 3.067255 22.654557 109.922548
 39.400000 -2.933862 2.633531 18.728710 888.581566
 39.600000 3.061131 2.950540 7.010848 3363.505106
 39.800000 -2.487128 -2.969201 24.645502 45.905605
 40.000000 -2.966232 2.479907 17.744138 959.603370
 40.200000 -2.614034 2.991303 24.863984 27.789258
 40.400000 3.040283 2.713628 5.795797 3411.882627
 40.600000 3.057206 2.850986 6.782968 3376.200612
 40.800000 -2.301021 2.809709 23.481849 36.295272
 41.000000 -1.998370 1.977556 21.416193 0.239043
 41.200000 -1.290245 1.772854 24.750102 44.084576
 41.400000 -0.528775 1.688722 -0.027447 1.734194
 41.600000 -1.010747 1.986614 18.831064 1062.905780
 41.800000 -0.883128 2.243323 14.047241 1594.760755
 42.000000 -0.493184 2.128786 -0.000005 0.000002
 42.200000 -0.954612 1.841721 16.858851 1408.660295
 42.400000 -0.946226 0.976198 16.541693 1451.389853
 42.600000 -1.281049 0.199937 24.683582 61.470888
 42.800000 -1.661410 0.364435 23.046576 130.985975
 43.000000 -1.104715 0.937402 21.510928 625.893299
 43.200000 -1.343877 1.545716 24.906407 0.177329
 43.400000 -0.750435 1.245984 9.037244 1377.344370
 43.600000 -1.557668 0.953219 23.975372 39.602410
 43.800000 -1.102740 0.299827 21.471680 633.010985
 44.000000 -0.596335 0.054712 2.630200 1958.834689
 44.200000 -0.467753 -0.347989 -0.000000 0.000000
 44.400000 -0.752986 -0.426194 9.160530 1367.215075
 44.600000 -0.581971 -0.115740 2.026284 1888.482511
 44.800000 -0.811514 0.177736 11.321782 1402.836743
 45.000000 -1.449868 0.957969 24.513054 24.276164
 45.200000 -1.044974 1.776558 19.916323 865.009271
 45.400000 -0.574480 1.928218 1.735127 1841.984114
 45.600000 -0.630707 2.034323 4.232167 1990.151671
 45.800000 -0.898555 2.069023 14.725941 1564.000814
 46.000000 -0.577442 1.854586 1.862720 1867.088658
 46.200000 -0.992836 1.832141 18.273042 1152.593729
 46.400000 -1.637562 1.316923 23.266847 112.658552
 46.600000 -0.882994 0.327866 14.139001 1553.379253
 46.800000 -0.494272 -0.234279 -0.000012 0.000009
 47.000000 -0.565671 -0.377339 1.396943 1774.779454
 47.200000 -0.844519 0.222257 12.669278 1478.239229
 47.400000 -1.058731 0.953702 20.321054 797.252652
 47.600000 -1.366204 1.355369 24.892052 10.118682
 47.800000 -1.296652 0.893218 24.861371 24.577913
 48.000000 -1.067455 0.235008 20.564712 763.583419
 48.200000 -0.491518 0.015620 -0.000008 0.000004
 48.400000 -0.917974 0.350455 15.573924 1499.224924
 48.600000 -1.304030 0.504942 24.913684 14.276789
 48.800000 -1.392518 1.233589 24.794165 22.959391
 49.000000 -1.109081 1.338921 21.667949 635.643939
 49.200000 -0.913766 1.025478 15.447668 1501.312503
 49.400000 -1.572324 1.003102 23.830022 50.895175
 49.600000 -1.216962 0.575782 24.028881 281.980735
 49.800000 -1.041479 0.839550 19.849262 856.547975
 50.000000 -1.578852 1.021919 23.782247 56.320149
 50.200000 -1.016920 0.899177 19.130458 965.415984
 50.400000 -1.559031 1.129967 23.922971 43.065642
 50.600000 -1.001068 0.573282 18.627149 1052.404854
 50.800000 -0.977926 0.183616 17.852811 1188.153331
 51.000000 -0.503509 0.051960 -0.000271 0.005459
 51.200000 -0.580077 0.029908 2.212886 1976.548959
 51.400000 -0.943554 -0.231183 16.659663 1369.275230
 51.600000 -0.726030 -0.206189 8.435214 1422.479442
 51.800000 -0.500528 0.130601 -0.000141 0.001472
 52.000000 -1.148363 0.249426 22.676634 541.253534
 52.200000 -1.362561 0.687820 24.990000 11.948866
 52.400000 -1.162316 1.351169 23.023439 500.558107
 52.600000 -0.770849 1.370864 10.132946 1334.964743
 52.800000 -0.981861 1.590602 18.058168 1147.030563
 53.000000 -1.123146 1.541770 22.099701 606.735354
 53.200000 -1.138928 1.004623 22.510990 569.774613
 53.400000 -1.784425 0.441419 21.707345 32.324871
 53.600000 -1.103241 0.505556 21.628635 651.282562
 53.800000 -1.106246 1.362170 21.705139 644.673424
 54.000000 -0.571188 2.161507 1.897702 1939.699701
 54.200000 -1.039995 2.355544 19.955070 827.867333
 54.400000 -0.449426 2.161523 -0.000000 0.000000
 54.600000 -1.095949 1.424498 21.474502 665.249437
 54.800000 -1.251428 0.807317 24.675827 139.660244
 55.000000 -1.675363 0.431222 22.736020 147.931018
 55.200000 -0.609923 0.789866 3.729813 2078.789820
 55.400000 -1.282040 1.641466 24.990494 45.162666
 55.600000 -1.414971 1.727047 24.790896 34.867033
 55.800000 -1.365054 0.982398 25.050984 15.705702
 56.000000 -0.909144 -0.105283 15.563750 1492.428197
 56.200000 -0.180376 -0.785728 -0.000000 0.000000
 56.400000 -0.617401 -0.540650 4.113499 2062.485426
 56.600000 -1.097467 0.325622 21.582616 651.403646
 56.800000 -1.460550 1.718614 24.541635 33.602521
 57.000000 -0.742778 2.342825 9.258146 1376.026963
 57.200000 -0.492915 2.206344 -0.000055 0.000222
 57.400000 -0.895443 1.528238 15.149280 1540.216208
 57.600000 -1.368145 0.413657 25.100596 19.894797
 57.800000 -0.555978 -0.454467 1.385271 1858.584545
 58.000000 -0.431326 -0.398956 -0.000000 0.000000
 58.200000 -1.156239 0.387852 23.080635 529.446437
 58.400000 -1.623778 1.143495 23.326862 136.552031
 58.600000 -0.872994 1.351326 14.320052 1575.201919
 58.800000 -0.765500 1.562343 10.183092 1371.330597
 59.000000 -1.900923 2.158271 21.272117 3.779198
 59.200000 -3.056192 3.068344 14.342913 1269.642586
 59.400000 3.135749 -2.786856 10.622114 2230.987518
 59.600000 -3.056228 2.621316 14.341596 1269.846204
 59.800000 -1.479653 2.646891 24.487948 35.326294
 60.000000 -0.449271 1.898227 -0.000000 0.000000
 60.200000 -1.175684 1.554661 23.579954 474.417216
 60.400000 -1.261465 0.497470 25.010295 103.730021
 60.600000 -0.967357 0.210833 17.981164 1153.287569
 60.800000 -0.518593 -0.118884 -0.011463 192.070451
 61.000000 -0.853428 -0.151858 13.645502 1584.379998
 61.200000 -0.533204 -0.234497 0.576879 1699.996255
 61.400000 -0.534196 -0.142027 0.617800 1701.058761
 61.600000 -0.978395 0.271211 18.398585 1069.246291
 61.800000 -1.353915 0.939967 25.284570 13.955249
 62.000000 -1.491704 1.766132 24.449683 37.638730
 62.200000 -1.258983 1.229918 25.053733 113.360901
 62.400000 -1.352149 0.534556 25.321507 13.252401
 62.600000 -1.805598 0.612521 21.412938 17.698091
 62.800000 -1.031568 1.100162 20.045631 773.771247
 63.000000 -1.145673 1.595196 22.953049 562.696936
 63.200000 -0.863809 2.051471 14.211980 1623.525977
 63.400000 -0.785864 2.221025 11.144520 1436.765200
 63.600000 -0.988850 2.415991 18.833379 982.223105
 63.800000 -0.544224 1.775239 1.115320 1838.297795
 64.000000 -0.497977 1.744118 -0.000806 0.052952
 64.200000 -0.847577 2.044233 13.611441 1623.117709
 64.400000 -0.656965 2.238949 6.225508 1788.850984
 64.600000 -0.695657 2.108395 7.795321 1520.463063
 64.800000 -1.597233 1.813850 23.639715 124.871714
 65.000000 -1.572491 1.034769 23.895857 90.814255
 65.200000 -1.251465 0.236271 25.074282 144.353008
 65.400000 -0.572601 0.127129 2.470997 2111.993114
 65.600000 -1.362667 0.384529 25.369050 23.580493
 65.800000 -1.471994 1.134688 24.651680 43.036963
 66.000000 -0.444934 1.076239 -0.000000 0.000000
 66.200000 -0.748071 1.322523 9.865911 1380.320365
 66.400000 -1.059181 1.713195 20.945625 656.445463
 66.600000 -0.682918 1.164359 7.390696 1586.005309
 66.800000 -1.677545 1.017243 22.582443 195.503944
 67.000000 -1.609659 0.529827 23.505624 150.665771
 67.200000 -0.947619 0.766133 17.687431 1241.165881
 67.400000 -1.130593 1.354639 22.749691 583.250629
 67.600000 -1.182680 1.333231 23.954642 463.912856
 67.800000 -1.203546 0.674597 24.382728 375.483511
 68.000000 -1.019682 0.140552 19.941268 767.936284
 68.200000 -0.433480 0.074335 -0.000000 0.000000
 68.400000 -1.214832 0.512533 24.635399 320.744746
 68.600000 -1.391222 0.991275 25.289090 46.558176
 68.800000 -1.439138 1.626053 24.944333 51.808003
 69.000000 -0.836572 1.250988 13.388673 1641.509413
 69.200000 -1.668377 0.817534 22.699658 212.184555
 69.400000 -0.978514 0.602112 18.836266 997.232101
 69.600000 -1.413089 1.117425 25.162146 54.307342
 69.800000 -1.225647 1.002314 24.865080 265.344582
 70.000000 -1.122901 0.577893 22.653765 586.833142
 70.200000 -1.093421 0.485047 21.984674 600.605731
 70.400000 -2.003483 0.806541 20.671902 1.585207
 70.600000 -1.219072 1.103305 24.802663 297.746711
 70.800000 -0.587614 0.900107 3.385005 2205.876124
 71.000000 -1.355572 1.191966 25.572010 22.322408
 71.200000 -1.898127 0.854667 20.932023 7.750475
 71.400000 -1.025583 0.456495 20.317743 725.179764
 71.600000 -0.814715 0.435239 12.657378 1600.722315
 71.800000 -1.479952 0.696351 24.734534 50.837166
 72.000000 -1.473147 1.188034 24.783139 51.257752
 72.200000 -1.340748 1.222780 25.709276 10.590696
 72.400000 -1.459660 1.042276 24.912209 54.361597
 72.600000 -0.813083 0.092047 12.643395 1604.315725
 72.800000 -0.486158 -0.766555 -0.000157 0.002093
 73.000000 -0.640417 -0.286553 5.878117 1922.399463
 73.200000 -1.529030 0.538766 24.416502 70.038900
 73.400000 -1.404174 1.480289 25.369884 57.678257
 73.600000 -0.944737 1.976079 17.933055 1252.056263
 73.800000 -0.824608 2.143668 13.159697 1654.031903
 74.000000 -1.425766 2.541769 25.203365 60.152885
 74.200000 -2.537712 2.682705 23.976631 20.035108
 74.400000 3.059239 3.128138 6.209533 3023.701123
 74.600000 -2.801133 -3.129208 21.344798 449.976982
 74.800000 -2.297809 2.157333 22.471491 14.949679
 75.000000 -1.759391 1.734694 21.505479 83.932237
 75.200000 -0.970899 1.150566 18.923897 1028.913297
 75.400000 -1.627616 0.688006 23.301122 218.599552
 75.600000 -1.390506 0.629540 25.548619 54.523920
 75.800000 -1.412969 1.147175 25.375814 62.365658
 76.000000 -1.027309 1.477865 20.561462 701.503650
 76.200000 -0.953087 1.629564 18.385162 1170.029848
 76.400000 -1.059283 2.152050 21.425908 619.623704
 76.600000 -0.628722 2.442306 5.505388 2025.323336
 76.800000 -0.983433 1.979760 19.366814 932.338412
 77.000000 -1.008106 1.824647 20.087314 781.994903
 77.200000 -2.105062 1.647522 20.781896 68.178797
 77.400000 -2.158369 2.130994 21.304347 113.195868
 77.600000 -2.063079 3.048149 20.518314 16.917195
 77.800000 -2.616412 2.926789 23.839950 28.876805
 78.000000 -3.002305 2.646288 15.618359 1043.457218
 78.200000 -2.109255 2.965952 20.791828 73.110172
 78.400000 -2.095857 2.213399 20.684590 55.139318
 78.600000 -2.154660 2.184900 21.237406 111.571411
 78.800000 -1.575990 3.019689 24.027566 146.635675
 79.000000 -2.491401 2.739315 23.531763 64.226895
 79.200000 2.928602 2.664683 -0.024223 24.866687
 79.400000 3.021921 3.056190 4.047970 2798.009499
 79.600000 -2.514767 2.714979 23.667580 42.584312
 79.800000 -1.771387 1.966427 21.338831 70.439114
 80.000000 -0.546411 1.810261 1.744042 2109.532458
 80.200000 -0.431214 1.920961 -0.000000 0.000000
 80.400000 -0.999408 2.218218 20.025307 817.559629
 80.600000 -1.022653 2.341231 20.665230 706.179415
 80.800000 -0.613953 2.139473 4.957280 2150.246570
 81.000000 -1.737954 1.808719 21.666455 138.766098
 81.200000 -2.707346 1.684754 22.775504 202.874787
 81.400000 -2.238820 2.887956 21.940461 45.620026
 81.600000 -2.321151 3.052907 22.321721 12.479466
 81.800000 -2.766428 2.116036 21.803893 347.193894
 82.000000 -2.467300 2.908336 23.230630 73.535173
 82.200000 -2.407265 -3.135775 22.715684 49.054209
 82.400000 -3.081397 2.401139 12.734865 1433.678960
 82.600000 -2.634226 2.801605 23.554111 54.204326
 82.800000 -2.328691 3.037466 22.319575 12.895246
 83.000000 -2.778669 2.441314 21.541571 384.709668
 83.200000 -1.994535 3.004963 20.362659 3.577976
 83.400000 -2.321977 2.501505 22.270729 12.710549
 83.600000 -2.403273 2.522325 22.666985 46.585252
 83.800000 -2.266924 2.952028 22.052377 24.215848
 84.000000 -2.626576 2.840845 23.581335 41.727988
 84.200000 -2.642250 2.732032 23.441987 67.196901
 84.400000 -3.005728 2.865541 15.286452 1034.306220
 84.600000 3.135875 2.651190 9.889227 2215.887430
 84.800000 -2.405171 3.122311 22.667054 47.862559
 85.000000 -2.256420 2.603263 21.977825 30.501964
 85.200000 -1.968192 2.061349 20.395034 8.520724
 85.400000 -1.485912 2.091199 25.018050 78.056696
 85.600000 -1.668785 2.388866 22.644933 273.621756
 85.800000 -2.726959 2.739542 22.387663 247.949422
 86.000000 -2.611639 -2.857083 23.615848 21.531882
 86.200000 -2.808888 2.430788 20.810303 497.954652
 86.400000 -2.314780 2.770990 22.197558 13.863286
 86.600000 -2.103993 2.908849 20.642670 60.901579
 86.800000 -2.288667 2.660234 22.096581 17.100761
 87.000000 -2.760306 2.621376 21.798249 337.862633
 87.200000 3.002372 -2.946598 2.901145 2415.808121
 87.400000 -2.973151 2.801830 16.240245 963.244191
 87.600000 -2.108988 2.582595 20.677810 65.547834
 87.800000 -1.688622 2.660066 22.312704 259.141680
 88.000000 -2.391428 2.536077 22.540459 38.338047
 88.200000 -3.096344 2.795227 12.001928 1588.661755
 88.400000 3.076588 -2.995468 6.780104 2840.716969
 88.600000 3.104846 2.672192 8.258891 2609.859219
 88.800000 -2.320043 2.607349 22.192117 14.580073
 89.000000 -1.793606 2.697914 21.036171 53.416426
 89.200000 -2.108424 2.456253 20.666282 62.818714
 89.400000 -2.497897 2.634968 23.323522 49.681725
 89.600000 -2.962292 2.921560 16.530710 942.547212
 89.800000 2.989981 2.790507 2.280997 2176.179747
 90.000000 -2.542255 2.841775 23.566338 12.560959
 90.200000 -2.172603 2.652850 21.242660 86.953740
 90.400000 -2.066374 2.351980 20.397284 21.245921
 90.600000 -1.896073 2.662524 20.535633 9.819357
 90.800000 -2.453928 2.763182 22.970275 65.360672
 91.000000 -2.634603 2.852905 23.392716 50.494407
 91.200000 -2.324738 2.715092 22.176628 16.011886
 91.400000 -2.388408 2.642333 22.485848 37.146740
 91.600000 -2.398511 2.731777 22.549709 42.838011
 91.800000 -2.583411 2.857983 23.591817 1.290529
 92.000000 -3.067211 2.813563 13.052819 1322.284885
 92.200000 -3.025449 -2.998433 14.474746 1085.480845
 92.400000 3.106918 2.619552 8.290199 2573.135612
 92.600000 -2.645316 2.905281 23.283175 68.952904
 92.800000 -2.273806 2.807307 21.958967 23.266279
 93.000000 -2.422835 2.497637 22.724419 55.652130
 93.200000 -2.000364 2.636443 20.260884 0.139618
 93.400000 -2.319972 2.726225 22.158992 17.218695
 93.600000 -2.803564 2.648196 20.802487 499.324515
 93.800000 3.127055 3.048676 9.271095 2334.135997
 94.000000 -2.977656 2.808265 15.980746 960.710241
 94.200000 -2.738850 2.651447 22.063271 287.821533
 94.400000 -2.612081 2.686148 23.474415 21.207188
 94.600000 -3.140323 2.939385 10.005439 2130.492478
 94.800000 -3.010343 2.927089 14.936263 1030.014763
 95.000000 -2.809828 2.740908 20.646277 525.453889
 95.200000 -2.969113 2.663596 16.215783 941.475383
 95.400000 -2.841622 3.040341 19.866897 647.029767
 95.600000 -3.017442 2.888661 14.696856 1050.357358
 95.800000 -2.657741 2.687320 23.141095 90.567044
 96.000000 -2.489042 2.840566 23.232592 47.280291
 96.200000 -2.241612 2.636236 21.762876 42.154992
 96.400000 -2.408505 2.639724 22.641493 46.468660
 96.600000 -2.442204 2.717744 22.885543 56.799919
 96.800000 -2.394006 2.867911 22.546148 40.013554
 97.000000 -2.397885 2.591891 22.570947 41.763262
 97.200000 -2.445523 2.655491 22.924080 55.187713
 97.400000 -2.269986 2.810711 21.929728 29.728334
 97.600000 -2.389610 2.598759 22.535374 38.325660
 97.800000 -2.326990 2.714607 22.205218 21.410510
 98.000000 -2.331091 2.754930 22.224269 21.766535
 98.200000 -2.761998 2.761248 21.637933 360.993208
 98.400000 -2.917379 2.867897 17.742705 867.236370
 98.600000 3.073443 2.864715 6.472922 2812.430144
 98.800000 -2.828359 2.873340 20.184457 608.542024
 99.000000 -2.874883 2.707783 18.961190 768.855532
 99.200000 3.094174 2.853945 7.551664 2696.059835
 99.400000 -3.022508 3.094762 14.501642 1066.183887
 99.600000 -2.930807 2.614856 17.340700 889.155976
 99.800000 -2.397814 2.786504 22.638941 40.704541
 100.000000 -2.039069 2.751427 20.275978 7.650226
 100.200000 -2.086246 2.415928 20.130842 38.542152
 100.400000 -2.107766 2.497013 20.279059 56.546014
 100.600000 -2.301761 2.813828 21.780395 28.254743
 100.800000 -3.036849 2.622845 13.673119 1131.595705
 101.000000 3.141446 3.001822 9.531365 2169.784355
 101.200000 -2.945549 2.924064 16.548685 908.729765
 101.400000 -2.900680 2.548367 17.877098 837.780301
 101.600000 -2.505499 2.856320 23.017533 23.043098
 101.800000 -2.314971 2.873892 21.871603 28.510921
 102.000000 -2.825587 2.463594 19.904555 600.259995
 102.200000 -3.137589 2.915404 9.721038 2125.902808
 102.400000 -2.832237 -3.125539 19.749037 626.977804
 102.600000 -2.760730 2.366383 21.319906 349.803144
 102.800000 -1.895363 2.510788 19.960714 5.468050
 103.000000 -1.931653 2.708050 19.890169 2.500503
 103.200000 -2.435781 2.387317 22.640733 42.100465
 103.400000 -2.780276 2.876394 20.946886 418.691810
 103.600000 3.023720 2.878342 3.473055 2601.311608
 103.800000 -2.666803 2.718392 22.661853 96.677211
 104.000000 -2.165201 2.481680 20.782743 85.079575
 104.200000 -1.820686 2.560090 20.210855 36.983365
 104.400000 -2.061959 2.482189 20.005302 22.250534
 104.600000 -2.415128 2.609102 22.533012 40.531808
 104.800000 -2.445063 2.847746 22.723268 39.207677
 105.000000 3.076143 2.528211 6.232573 2814.746189
 105.200000 -3.108133 3.001714 11.024160 1762.217405
 105.400000 -2.794707 2.995989 20.669816 474.442071
 105.600000 -2.879848 2.543990 18.512081 798.084640
 105.800000 -2.418206 2.993481 22.580753 39.505433
 106.000000 -2.358173 2.670322 22.212679 35.035786
 106.200000 -2.008709 2.488001 19.849029 2.520983
 106.400000 -1.896718 2.521083 19.895570 3.792362
 106.600000 -2.176127 2.597870 20.899806 86.119646
 106.800000 -2.634803 2.655975 22.927062 44.361889
 107.000000 -2.803603 2.978480 20.486332 510.485031
 107.200000 -2.957969 2.860943 16.218666 935.471127
 107.400000 3.075440 2.620943 6.192000 2825.270857
 107.600000 -2.551504 2.927266 23.184401 0.141707
 107.800000 -2.944675 2.638491 16.623630 920.388781
 108.000000 -2.988318 2.734316 15.280492 979.788364
 108.200000 -2.991069 -3.131814 15.205465 987.610531
 108.400000 -3.034875 2.685054 13.785495 1137.092680
 108.600000 -2.794538 2.611076 20.717292 470.116975
 108.800000 -2.604558 2.925611 23.092252 16.225523
 109.000000 -3.090413 2.780586 11.763016 1573.522275
 109.200000 -2.983593 2.839526 15.454779 975.868793
 109.400000 -2.810311 2.935865 20.384313 537.465397
 109.600000 -2.473769 2.685896 22.992093 21.976183
 109.800000 -2.136897 2.474454 20.563411 75.355948
 110.000000 -2.156302 2.606886 20.736679 83.370466
 110.200000 -2.044986 2.823160 19.971871 15.483001
 110.400000 -2.700549 2.499242 22.334567 147.258495
 110.600000 -2.802207 2.988539 20.588794 499.686861
 110.800000 -3.105250 3.068061 11.180401 1753.848476
 111.000000 -3.094918 2.745405 11.605475 1633.714716
 111.200000 -2.697513 2.748360 22.382624 138.336389
 111.400000 -2.590253 2.802979 23.158314 8.779962
 111.600000 -3.035872 2.600557 13.798227 1149.876973
 111.800000 -2.813016 3.060342 20.360780 546.732104
 112.000000 3.111180 2.959243 8.077081 2601.337817
 112.200000 3.032667 2.735550 3.930934 2719.011796
 112.400000 -2.511229 2.912717 23.181442 6.000886
 112.600000 -2.438645 2.626988 22.878174 30.153694
 112.800000 -2.018669 2.577783 19.899730 7.081504
 113.000000 -2.111295 2.685970 20.374832 57.523358
 113.200000 -2.207576 2.803972 21.232978 84.265372
 113.400000 -2.811845 2.689754 20.430494 540.774794
 113.600000 2.949965 2.907808 0.153262 1518.733466
 113.800000 -2.369169 2.974612 22.480002 42.446934
 114.000000 -2.013847 2.216876 19.895131 6.418003
 114.200000 -1.808337 2.181547 20.109853 48.543094
 114.400000 -1.870668 2.363294 19.843480 4.201986
 114.600000 -2.561666 2.940660 23.247992 1.040064
 114.800000 2.989716 3.050416 1.816281 2094.397277
 115.000000 -2.901998 2.848374 18.030931 867.609597
 115.200000 -2.000730 2.583266 19.882366 4.984608
 115.400000 -1.708891 2.140329 21.285500 267.434772
 115.600000 -1.947066 1.887186 19.805543 0.547848
 115.800000 -2.101231 2.528548 20.333636 48.657716
 116.000000 -2.205567 -3.050237 21.229486 84.800415
 116.200000 -3.031479 2.763905 14.038157 1130.356423
 116.400000 -2.986406 2.740251 15.495230 984.337144
 116.600000 -2.968339 -3.125628 16.057847 956.970141
 116.800000 3.003550 2.733582 2.474496 2354.674100
 117.000000 -2.188045 2.947162 21.076117 85.284957
 117.200000 -1.831191 2.252474 19.946884 20.911081
 117.400000 -1.853117 1.912032 19.866498 7.959674
 117.600000 -1.705746 2.160021 21.307054 271.170574
 117.800000 -2.109829 2.703141 20.418749 52.979898
 118.000000 2.965985 2.716976 0.796273 1646.999644
 118.200000 -2.948737 3.012134 16.701751 937.444140
 118.400000 -2.846272 2.569511 19.677122 692.096194
 118.600000 -2.507811 2.868633 23.269965 4.323945
 118.800000 -2.572882 2.685414 23.276242 3.930558
 119.000000 -2.845943 2.582057 19.685791 690.710177
 119.200000 -2.879272 3.007453 18.792248 813.310702
 119.400000 -2.581973 2.878301 23.269084 6.828895
 119.600000 -2.056452 2.394548 20.123169 22.091767
 119.800000 -1.809914 2.351000 20.055437 41.274902
 120.000000 -2.085412 2.689644 20.279293 37.036647
 120.200000 -2.671454 2.843460 22.774803 79.232948
 120.400000 -3.061863 2.913581 13.046880 1340.080075
 120.600000 -2.611820 3.033353 23.173660 21.251188
 120.800000 -2.531099 2.489330 23.334713 0.313354
 121.000000 -2.566645 2.853037 23.315189 2.802169
 121.200000 -2.723605 2.993663 22.214078 184.259585
 121.400000 3.061461 2.645651 5.527307 2955.295546
 121.600000 -2.960798 2.809730 16.393368 955.415175
 121.800000 -2.802549 2.860827 20.807946 489.949614
 122.000000 -3.068786 2.688999 12.807365 1403.371460
 122.200000 -2.171771 3.106758 20.981043 79.358587
 122.400000 -2.000531 2.346157 19.960460 7.047424
 122.600000 -1.750904 2.073913 20.590948 154.870762
 122.800000 -1.818206 2.297270 19.992559 28.872721
 123.000000 -2.212424 2.650372 21.351034 84.172396
 123.200000 3.127767 2.856496 9.062081 2498.743189
 123.400000 2.964843 2.937713 0.762230 1645.912906
 123.600000 -2.536956 2.859422 23.391679 0.025424
 123.800000 -2.098114 2.332454 20.409949 43.050165
 124.000000 -1.596405 2.488908 23.057561 232.358816
 124.200000 -2.251902 2.491234 21.727539 79.633594
 124.400000 3.063935 2.819062 5.688597 2983.103397
 124.600000 -3.078097 -2.930790 12.510156 1504.141066
 124.800000 -2.804013 2.549455 20.845448 496.058074
 125.000000 -2.995295 2.249186 15.378889 1015.099179
 125.200000 -2.405877 -2.835137 22.949013 41.125198
 125.400000 -2.932323 2.683308 17.359972 925.564376
 125.600000 -2.827375 2.546138 20.320824 605.729357
 125.800000 -2.629834 2.862698 23.172595 32.704650
 126.000000 -2.637740 2.817462 23.125267 39.138176
 126.200000 -2.844327 2.433812 19.915492 681.290502
 126.400000 -2.386534 3.078225 22.838444 48.531746
 126.600000 -2.624399 2.624311 23.222749 28.659654
 126.800000 -3.119315 2.500664 10.825398 2021.390801
 127.000000 -2.935744 -3.042485 17.282253 929.895578
 127.200000 2.960268 2.698333 0.590495 1597.329034
 127.400000 -2.676870 2.551113 22.866328 83.587648
 127.600000 -2.046400 2.953882 20.173094 18.792871
 127.800000 -2.170399 2.335045 21.014368 77.059401
 128.000000 -1.984454 2.123178 19.968324 6.015992
 128.200000 -1.813463 2.695604 20.013048 29.148661
 128.400000 -2.282725 2.766595 22.040902 76.976219
 128.600000 3.111973 2.496363 8.326750 2734.411866
 128.800000 -2.718372 -3.021141 22.433555 164.651278
 129.000000 -2.948198 2.815289 16.956008 946.169817
 129.200000 -2.944113 2.400714 17.109037 941.249004
 129.400000 -2.386005 3.060098 22.889492 51.435274
 129.600000 -3.050593 2.662923 13.649441 1284.510539
 129.800000 3.048648 2.694434 4.902334 2983.966825
 130.000000 -2.853040 -3.071264 19.764731 713.782598
 130.200000 -2.991926 2.598156 15.644673 1017.640604
 130.400000 -2.350422 2.698696 22.634051 63.582436
 130.600000 -1.990171 2.912990 20.010488 7.389846
 130.800000 -2.018770 2.444476 20.098326 11.974672
 131.000000 -2.088443 2.381640 20.425499 36.811312
 131.200000 -2.217327 2.824538 21.477440 83.903602
 131.400000 -2.300485 2.703968 22.227581 75.765957
 131.600000 -2.921919 2.491232 17.844350 911.495075
 131.800000 -2.959804 3.048321 16.683601 963.904520
 132.000000 -3.022488 2.804334 14.675194 1124.007687
 132.200000 -2.626708 2.768198 23.328159 30.473881
 132.400000 -2.418760 2.786435 23.162782 40.668359
 132.600000 -2.188103 2.629176 21.225125 78.984633
 132.800000 -2.091794 2.672469 20.478812 38.026663
 133.000000 -1.987913 2.637285 20.029780 8.046121
 133.200000 -2.387242 2.678221 22.962554 54.775484
 133.400000 -2.812064 2.811214 20.896169 515.509295
 133.600000 3.084280 3.114334 6.921238 3029.230217
 133.800000 -3.133886 2.761644 10.298868 2279.071180
 134.000000 -2.662719 2.630100 23.105284 62.768471
 134.200000 -2.385896 2.785884 22.969706 56.260978
 134.400000 -2.222605 2.900981 21.565872 81.656253
 134.600000 -2.121153 2.565933 20.714401 52.128843
 134.800000 -2.052563 2.569182 20.302333 22.875047
 135.000000 -2.099370 2.727137 20.565200 41.818380
 135.200000 -2.366666 2.819384 22.838438 63.579596
 135.400000 -2.711406 2.728704 22.667982 138.706196
 135.600000 -3.002849 2.871404 15.441074 1060.050566
 135.800000 2.964085 3.001760 0.770341 1693.481151
 136.000000 -2.937733 2.857959 17.490071 938.642988
 136.200000 -2.373111 2.592198 22.907461 62.314472
 136.400000 -2.125461 2.567139 20.793276 53.834176
 136.600000 -2.030718 2.603277 20.241804 18.809623
 136.800000 -2.392113 2.470110 23.053292 55.255712
 137.000000 -3.056301 2.852117 13.631976 1353.231461
 137.200000 2.929662 3.126250 -0.004071 1.004296
 137.400000 -2.656095 2.656036 23.230477 54.231445
 137.600000 -1.818095 2.291273 19.954571 18.788731
 137.800000 -1.865287 1.621621 19.847098 0.221299
 138.000000 -1.661578 1.552775 21.764062 262.316326
 138.200000 -1.072506 0.647035 21.689607 567.197084
 138.400000 -0.839314 0.081539 13.911310 1853.464989
 138.600000 -0.577421 -0.182406 2.938714 1889.206310
 138.800000 -0.727067 -0.079095 9.198746 1631.322622
 139.000000 -0.696732 0.092332 7.976286 1628.265453
 139.200000 -0.756097 0.312604 10.363815 1693.914074
 139.400000 -0.767315 0.037798 10.827691 1726.465382
 139.600000 -0.729289 -0.038418 9.270886 1636.525071
 139.800000 -0.418850 -0.202428 -0.000000 0.000000
 140.000000 -0.704587 -0.282706 8.274598 1624.359729
 140.200000 -1.053500 0.025904 21.198256 597.619502
 140.400000 -0.439447 0.215683 -0.000000 0.000000
 140.600000 -0.784530 0.194562 11.534727 1776.436371
 140.800000 -1.115635 0.278620 22.663032 525.372815
 141.000000 -0.963963 0.487016 18.719919 1036.259174
 141.200000 -1.635320 0.965983 22.121562 244.204769
 141.400000 -1.562474 1.423375 23.174060 169.499082
 141.600000 -1.057513 1.137425 21.282531 589.171503
 141.800000 -1.418089 0.763003 24.810591 102.637241
 142.000000 -1.670268 0.806116 21.570449 246.762512
 142.200000 -1.080958 1.015794 21.830155 553.964145
 142.400000 -1.476153 1.160721 24.171153 121.506835
 142.600000 -1.322274 0.744451 25.443586 2.291040
 142.800000 -0.996302 0.461073 19.673218 816.447567
 143.000000 -1.296669 0.567554 25.430719 6.772260
 143.200000 -1.334518 1.293293 25.395581 10.577456
 143.400000 -1.470007 1.069459 24.221531 120.273990
 143.600000 -1.396675 0.689373 24.981941 84.604657
 143.800000 -1.222577 0.623476 24.752054 220.187724
 144.000000 -1.501684 1.196398 23.869440 127.594554
 144.200000 -1.283076 1.129607 25.345012 24.615430
 144.400000 -1.399887 0.802218 24.939889 87.519088
 144.600000 -1.555122 0.757178 23.222461 159.817254
 144.800000 -1.088309 1.267511 21.981396 543.409186
 145.000000 -1.594925 1.345940 22.688947 201.272381
 145.200000 -1.191029 0.738851 24.192894 345.195705
 145.400000 -1.419133 0.328108 24.743040 102.537433
 145.600000 -1.312158 0.908049 25.405107 0.017007
 145.800000 -1.502547 1.539840 23.839107 128.090554
 146.000000 -1.660992 1.981715 21.681625 243.215423
 146.200000 -2.116452 1.919666 20.919333 49.846264
 146.400000 -1.657192 2.853933 21.734583 243.734895
 146.600000 -2.595217 2.817526 23.705716 14.989007
 146.800000 2.914517 2.619419 -0.000099 0.000579
 147.000000 -3.033223 3.098385 14.679015 1212.690216
 147.200000 -2.827379 2.592192 20.863653 563.570457
 147.400000 -2.398212 2.679591 23.270140 60.682533
 147.600000 -1.967210 2.906676 20.081644 18.688818
 147.800000 -1.963189 2.409239 20.064435 17.938724
 148.000000 -2.120241 2.384300 20.959768 50.648648
 148.200000 -1.876183 2.773049 19.817905 0.631923
 148.400000 -2.189002 2.748896 21.495560 62.862127
 148.600000 -2.780295 2.380056 21.875318 339.481945
 148.800000 3.129978 -3.118766 9.594914 2680.683451
 149.000000 3.095212 2.954411 7.719343 3108.432676
 149.200000 -2.774704 2.854283 21.992738 314.079470
 149.400000 -2.475237 2.716148 23.760645 14.990163
 149.600000 -2.054004 2.708671 20.560474 36.692210
 149.800000 -1.922204 2.431760 19.916078 10.713025
 150.000000 -2.005296 2.591838 20.284169 27.919401
 150.200000 -2.367862 2.771597 23.046938 75.693715
 150.400000 -2.940494 2.833459 17.744940 948.835731
 150.600000 -3.114545 2.897609 11.510079 2093.271068
 150.800000 -2.910806 2.885837 18.646180 890.545465
 151.000000 -2.897301 2.441588 19.045225 854.401862
 151.200000 -2.561861 3.066174 23.858170 4.354564
 151.400000 -2.302633 2.865472 22.472462 78.657638
 151.600000 -2.201543 2.303663 21.633701 59.640533
 151.800000 -1.751160 2.498761 20.391658 117.588730
 152.000000 -1.803757 2.798177 19.958688 30.392938
 152.200000 -2.766543 2.461840 22.180788 275.533063
 152.400000 -3.024969 -3.088774 15.063217 1173.951016
 152.600000 3.086370 3.043590 7.263527 3207.198872
 152.800000 -3.017158 2.483219 15.328628 1136.110831
 153.000000 -2.416548 2.993052 23.466755 53.645921
 153.200000 -2.477704 2.799476 23.825274 13.278184
 153.400000 -2.577812 2.394762 23.837095 9.649405
 153.600000 -2.269311 2.805241 22.200997 71.480054
 153.800000 -2.289555 2.783677 22.375106 76.414117
 154.000000 -2.667003 2.339293 23.356170 59.735299
 154.200000 -2.595542 2.889010 23.784156 16.799599
 154.400000 -2.949381 3.058823 17.543691 966.893622
 154.600000 -2.841949 2.686346 20.638563 628.913083
 154.800000 -2.480614 2.979653 23.853824 11.529497
 155.000000 -2.400045 2.780837 23.370900 65.511448
 155.200000 -2.339734 2.701271 22.853713 85.463444
 155.400000 -2.339548 2.761567 22.851995 85.464428
 155.600000 -2.457860 2.785442 23.778894 24.953932
 155.800000 -2.904021 2.692181 18.942804 877.985617
 156.000000 3.003875 3.011652 2.685713 2646.713033
 156.200000 3.107270 2.878624 8.483970 3041.951850
 156.400000 2.988165 2.763857 1.906923 2318.728344
 156.600000 -2.881743 3.039937 19.610107 806.669245
 156.800000 -2.918592 2.849831 18.525996 915.217844
 157.000000 -2.848617 2.652174 20.509134 661.180990
 157.200000 -2.811268 3.012259 21.417654 467.849159
 157.400000 3.029822 2.793285 4.093577 3092.768607
 157.600000 -3.105966 2.871868 12.010696 1983.713412
 157.800000 -2.773513 2.756426 22.148674 292.036168
 158.000000 -3.023845 2.649337 15.189864 1169.880085
 158.200000 -2.743313 2.939318 22.629582 184.323866
 158.400000 3.027018 2.696285 3.948554 3066.004764
 158.600000 -2.958392 2.903965 17.342304 988.057516
 158.800000 -2.529919 2.858816 24.004950 0.313842
 159.000000 -2.303247 2.526802 22.561898 84.561950
 159.200000 -1.595533 2.406921 22.551131 200.214400
 159.400000 -1.927148 2.463779 19.941434 21.375746
 159.600000 -2.086426 2.695978 20.949467 46.274813
 159.800000 -2.681738 2.790225 23.304715 69.955323
 160.000000 3.063612 2.904504 6.046854 3342.941425
 160.200000 3.130980 3.036984 9.830688 2728.145344
 160.400000 3.046869 2.860360 5.095383 3291.503324
 160.600000 -2.859172 2.853934 20.332650 707.824429
 160.800000 -2.982021 2.821931 16.639583 1034.392160
 161.000000 3.115124 2.813311 8.984468 2964.151216
 161.200000 -2.751530 2.818371 22.568664 199.452275
 161.400000 -2.634197 2.649195 23.663631 36.677546
 161.600000 -2.657422 2.717255 23.512201 49.120068
 161.800000 -2.666175 2.981488 23.449089 55.011071
 162.000000 -2.949956 2.839567 17.683244 983.055890
 162.200000 -3.037680 2.807077 14.819702 1258.445767
 162.400000 -2.573224 2.985241 23.975887 12.622682
 162.600000 -2.667733 2.419719 23.452796 55.681326
 162.800000 -2.178884 2.883006 21.612955 47.151629
 163.000000 -2.380655 2.621911 23.365424 86.230032
 163.200000 -2.185973 2.524505 21.673404 48.014846
 163.400000 -2.401730 2.512287 23.572541 72.723962
 163.600000 -2.097968 2.863610 21.081275 46.152612
 163.800000 -2.572452 2.425408 23.997010 12.596461
 164.000000 -2.666377 2.502036 23.479966 54.430905
 164.200000 -2.927872 2.995585 18.452841 949.399113
 164.400000 2.951208 2.721284 0.337931 1739.180558
 164.600000 -2.511166 2.838686 24.121603 0.222493
 164.800000 -1.949936 2.398823 20.067490 37.039345
 165.000000 -1.765205 2.518552 20.160331 88.916722
 165.200000 -2.137065 2.443975 21.373415 44.322243
 165.400000 -2.989772 2.585109 16.514775 1068.632689
 165.600000 2.909877 -3.062055 -0.000046 0.000121
 165.800000 -3.045113 2.714550 14.621625 1318.597290
 166.000000 -2.490961 2.391832 24.117742 4.507662
 166.200000 -1.783225 2.598404 19.991289 57.113086
 166.400000 -1.872681 2.590932 19.739605 2.676429
 166.600000 -2.692776 2.352027 23.321317 76.643969
 166.800000 2.944064 2.871300 0.063992 1097.328473
 167.000000 3.071773 -2.915280 6.642087 3387.484083
 167.200000 -3.002843 2.535409 16.132588 1110.581518
 167.400000 -1.666424 2.649643 21.411709 223.432794
 167.600000 -0.712726 2.034558 8.188961 1641.437257
 167.800000 -0.968022 1.760730 18.411327 1056.150684
 168.000000 -1.380147 0.854297 24.870498 50.736321
 168.200000 -1.794497 0.050807 19.899607 39.932321
 168.400000 -1.593825 0.027364 22.463589 192.062332
 168.600000 -1.635085 0.865589 21.869831 219.617585
 168.800000 -0.614753 1.611632 4.110281 1801.975323
 169.000000 -0.792391 2.429409 11.436347 1752.940627
 169.200000 -0.729262 2.411822 8.822042 1646.115800
 169.400000 -1.203849 1.476511 24.020119 286.682776
 169.600000 -1.270626 0.199371 24.869868 62.477666
 169.800000 -0.801589 -0.612516 11.804221 1768.432171
 170.000000 -0.647472 -0.171597 5.472814 1749.944812
 170.200000 -1.089215 0.351758 21.626016 537.398863
 170.400000 -1.566080 1.038006 22.814102 168.113264
 170.600000 -1.396794 1.738814 24.698943 69.999435
 170.800000 -0.879239 2.294656 15.050004 1680.943507
 171.000000 -0.639310 2.300929 5.115000 1766.214874
 171.200000 -0.878536 1.914161 15.002903 1682.913276
 171.400000 -1.263599 1.391541 24.777589 81.582318
 171.600000 -1.414459 0.413651 24.528800 88.604376
 171.800000 -1.582601 0.385716 22.586962 179.735623
 172.000000 -1.313754 0.746393 25.032722 1.358133
 172.200000 -0.980715 1.475238 18.723677 972.832740
 172.400000 -0.813960 2.006719 12.275443 1778.359220
 172.600000 -0.861139 2.227144 14.264160 1744.705121
 172.800000 -0.814613 2.462540 12.302976 1779.033295
 173.000000 -0.805568 1.894169 11.922014 1767.731490
 173.200000 -0.821276 1.692425 12.569798 1781.079752
 173.400000 -0.841619 1.707587 13.428634 1778.126910
 173.600000 -0.767880 1.774640 10.340326 1694.237657
 173.800000 -0.534450 1.769882 0.759008 1414.821542
 174.000000 -0.758109 2.357163 9.939215 1676.459513
 174.200000 -0.718662 2.276699 8.328000 1639.789040
 174.400000 -0.526713 1.861521 0.463170 1411.314372
 174.600000 -0.699269 1.649834 7.541793 1650.608324
 174.800000 -1.225295 1.279938 24.281579 208.398616
 175.000000 -1.420837 0.375068 24.439696 92.735891
 175.200000 -0.492961 0.077713 -0.000846 0.047275
 175.400000 -0.438522 -0.323479 -0.000000 0.000000
 175.600000 -0.858548 -0.304297 14.117173 1738.782004
 175.800000 -0.574347 -0.164945 2.328665 1705.885466
 176.000000 -0.771730 0.054678 10.485355 1696.001428
 176.200000 -1.018143 0.368134 19.760772 759.121161
 176.400000 -1.684299 1.306074 21.081779 208.765423
 176.600000 -1.798818 1.848723 19.826389 33.484419
 176.800000 -1.905315 2.802579 19.809632 22.379077
 177.000000 -2.162988 2.950922 21.666718 42.278818
 177.200000 -3.024153 2.333226 15.587685 1213.064683
 177.400000 -3.032638 2.970112 15.289559 1257.709920
 177.600000 3.038928 3.040485 4.871221 3367.764002
 177.800000 -3.116404 2.671641 11.908420 2171.001204
 178.000000 -2.689950 2.941615 23.495237 69.797392
 178.200000 3.035000 2.804826 4.653585 3337.729201
 178.400000 -3.129700 2.988968 11.289310 2390.820871
 178.600000 -2.907154 2.760565 19.386508 901.874480
 178.800000 -2.815985 2.505069 21.766005 443.010490
 179.000000 -2.490428 3.137519 24.338424 4.672180
 179.200000 -2.826199 2.686930 21.562254 497.204226
 179.400000 -2.823566 2.746629 21.620521 482.536234
 179.600000 -2.970867 3.055032 17.403890 1053.836364
 179.800000 2.990019 2.706152 2.204015 2554.470842
 180.000000 -2.597152 2.766694 24.130143 26.839788
 180.200000 -1.933526 2.755535 19.961836 42.973233
 180.400000 -1.919866 2.164031 19.877333 33.563895
 180.600000 -1.845147 2.132060 19.662976 0.387520
 180.800000 -2.004138 2.603037 20.508219 69.822108
 181.000000 -2.131582 2.816734 21.483619 44.072766
 181.200000 -2.801424 2.531482 22.109819 360.363323
 181.400000 3.043751 3.010664 5.198576 3434.254471
 181.600000 -2.810304 -2.896840 21.936113 405.586549
 181.800000 3.021760 2.306798 3.930025 3191.492231
 182.000000 -2.264977 2.947779 22.434730 76.996245
 182.200000 -1.713113 2.733144 20.638734 169.780598
 182.400000 -1.920307 1.773228 19.882161 34.044967
 182.600000 -1.368668 1.432914 24.761866 30.125608
 182.800000 -1.043084 0.530580 20.342750 662.504157
 183.000000 -1.625448 0.415263 21.886910 207.404425
 183.200000 -1.774100 0.921575 19.975362 66.101900
 183.400000 -0.681499 1.287065 6.783039 1676.382836
 183.600000 -1.216268 1.718018 24.018043 236.372804
 183.800000 -1.937495 1.647480 19.993408 45.817887
 184.000000 -1.728018 2.130212 20.446015 145.207804
 184.200000 -1.669369 2.699403 21.231262 207.215657
 184.400000 -2.661475 2.749581 23.777101 49.728949
 184.600000 3.038961 3.072404 4.953343 3416.030914
 184.800000 3.052421 3.031960 5.745312 3496.475793
 185.000000 -3.095192 2.410774 12.973176 1865.956322
 185.200000 -2.106391 2.698339 21.329738 49.284772
 185.400000 -1.697351 2.769174 20.833210 184.224451
 185.600000 -2.036588 2.311476 20.793959 68.001813
 185.800000 -2.081921 2.336201 21.152236 56.158992
 186.000000 -1.880056 2.961729 19.714676 8.149650
 186.200000 -2.213703 2.658997 22.045674 49.990288
 186.400000 -2.347492 2.698576 23.292484 122.280250
 186.600000 -2.182101 3.120955 21.832457 42.323443
 186.800000 -2.291948 2.638926 22.702412 97.315344
 187.000000 -2.376060 2.371721 23.605190 114.474748
 187.200000 -1.959010 2.814069 20.170388 58.408660
 187.400000 -1.979545 2.658930 20.332987 66.364370
 187.600000 -2.453920 2.383866 24.287204 32.806864
 187.800000 -2.231817 2.972215 22.184782 57.774961
 188.000000 -2.391895 2.751506 23.778690 103.057054
 188.200000 -2.385569 2.434935 23.725070 108.420538
 188.400000 -2.262183 2.746083 22.440757 76.565170
 188.600000 -2.273437 2.746565 22.541754 84.599398
 188.800000 -2.694530 2.234897 23.553187 67.449498
 189.000000 -2.504766 2.855140 24.462400 0.566646
 189.200000 -2.894927 2.931268 19.958754 845.241898
 189.400000 3.054535 2.711519 5.931195 3521.053393
 189.600000 -2.727544 2.903295 23.258341 105.686586
 189.800000 -2.655958 2.626988 23.848167 47.150442
 190.000000 -2.866794 2.790278 20.742501 703.121390
 190.200000 -3.005630 3.111910 16.448742 1161.641335
 190.400000 -2.940057 2.670937 18.599892 1000.535227
 190.600000 -2.579977 2.575034 24.309260 22.517331
 190.800000 -2.249601 2.959224 22.353154 69.397071
 191.000000 -2.300352 2.528859 22.826280 105.438143
 191.200000 -1.852525 2.620248 19.695257 0.264855
 191.400000 -1.974506 2.557932 20.322911 65.514386
 191.600000 -2.087633 2.508262 21.238333 53.696820
 191.800000 -2.249707 2.632210 22.364889 70.105118
 192.000000 -2.143688 2.827762 21.622067 42.085885
 192.200000 -2.444234 2.468377 24.291121 42.665390
 192.400000 -2.290055 2.861518 22.747739 99.125416
 192.600000 -2.452158 2.794949 24.340042 33.750214
 192.800000 -2.168695 2.515845 21.793582 41.966123
 193.000000 -1.987352 2.642886 20.437596 68.920987
 193.200000 -1.961625 2.768914 20.238326 61.184222
 193.400000 -2.308928 2.434057 22.959396 111.899546
 193.600000 -2.085381 2.686919 21.241209 54.584113
 193.800000 -2.307044 2.815178 22.939520 110.786217
 194.000000 -2.454454 2.519717 24.367538 30.870416
 194.200000 -2.240647 2.819844 22.338363 66.536981
 194.400000 -2.206083 2.664876 22.075497 50.755662
 194.600000 -2.156963 2.487765 21.744212 42.987138
 194.800000 -2.331994 2.627688 23.230899 121.474992
 195.000000 -2.294641 2.925919 22.833047 102.945443
 195.200000 -2.716154 2.593027 23.428080 88.201013
 195.400000 -2.663754 2.854496 23.851395 50.584309
 195.600000 -3.140862 2.911653 10.961119 2613.303623
 195.800000 2.974577 2.753293 1.572802 2259.501532
 196.000000 -2.907427 3.119833 19.685826 888.563809
 196.200000 3.087219 2.708200 7.930640 3415.303626
 196.400000 -3.060941 2.884713 14.537847 1505.240156
 196.600000 -2.883228 2.975162 20.399444 776.700603
 196.800000 3.075617 2.865316 7.247930 3502.364154
 197.000000 -2.591213 2.790299 24.315079 27.970519
 197.200000 -1.826646 2.501489 19.727986 3.029552
 197.400000 -1.868662 1.983196 19.744501 5.858261
 197.600000 -1.734700 2.273234 20.320780 113.839237
 197.800000 -2.197956 2.598951 22.081350 50.431896
 198.000000 -2.627233 3.019843 24.114085 39.669654
 198.200000 2.934162 2.698054 -0.026748 7.752263
 198.400000 3.087149 3.055401 7.945870 3422.669699
 198.600000 -3.001214 2.782404 16.726224 1161.835459
 198.800000 -2.783933 2.782061 22.626849 251.351847
 199.000000 -2.563708 2.862225 24.463888 16.474799
 199.200000 -3.071926 2.603839 14.148435 1624.235089
 199.400000 -2.975701 2.870052 17.600423 1089.391118
 199.600000 3.080637 2.946144 7.574326 3479.537200
 199.800000 -2.708396 2.829489 23.537310 78.348124
 200.000000 -2.284780 2.830112 22.848957 95.271596
 200.200000 -1.951349 2.596185 21.611047 60.084961
 200.400000 -1.794620 2.343383 21.233350 24.405137
 200.600000 -2.003702 2.228074 22.047638 74.831455
 200.800000 -2.156884 2.739569 23.246294 48.198101
 201.000000 -2.556337 3.049718 25.909542 13.209691
 201.200000 3.061318 2.697732 7.833609 3562.455586
 201.400000 -2.744443 2.986372 24.581467 132.727771
 201.600000 -2.116204 2.712585 22.966219 53.585321
 201.800000 -1.883661 2.055080 21.201023 15.061264
 202.000000 -1.362999 2.051033 25.899741 18.150383
 202.200000 -0.622322 2.098130 5.504748 1772.661365
 202.400000 -0.599621 2.043971 4.550835 1749.723320
 202.600000 -0.977084 2.062278 19.497778 1006.072166
 202.800000 -1.928067 1.709752 21.445230 46.414678
 203.000000 -1.911234 1.928378 21.338153 34.527053
 203.200000 -1.651314 2.352294 22.704911 184.585473
 203.400000 -2.096176 2.941760 22.829002 59.569954
 203.600000 2.985315 2.661923 3.529818 2552.142582
 203.800000 2.927126 3.020975 1.061492 1123.563051
 204.000000 -3.067940 2.894681 15.750712 1604.151886
 204.200000 -2.886464 2.868393 21.810930 766.151450
 204.400000 -2.222990 2.858337 23.777204 63.691266
 204.600000 -1.768319 2.341252 21.372517 52.368145
 204.800000 -1.762111 1.938865 21.419250 61.077930
 205.000000 -1.701703 2.091777 22.035337 147.319796
 205.200000 -1.959882 2.631254 21.692625 65.007257
 205.400000 -2.246411 2.961410 23.984079 74.283841
 205.600000 -2.972859 2.585672 19.175397 1079.402618
 205.800000 3.141467 2.934342 12.401770 2671.438830
 206.000000 2.970543 3.106426 2.812443 2191.186893
 206.200000 -3.051930 2.613458 16.410225 1466.310887
 206.400000 -2.415083 2.748598 25.636719 63.749844
 206.600000 -1.867626 2.575175 21.156158 7.308138
 206.800000 -1.948365 2.251628 21.605303 59.445314
 207.000000 -1.970646 2.328979 21.784595 69.413095
 207.200000 -2.109147 2.774605 22.955339 59.306083
 207.400000 -2.402798 2.845895 25.541494 75.107713
 207.600000 2.956613 2.496946 2.189823 1841.721859
 207.800000 -2.667763 3.098173 25.285441 53.731373
 208.000000 -2.767843 2.677184 24.299580 189.300620
 208.200000 -2.820472 2.696721 23.419443 400.173440
 208.400000 -2.811302 -3.073419 23.597617 355.691478
 208.600000 3.032058 2.518592 6.120710 3434.722484
 208.800000 -2.683338 3.063034 25.171475 61.206869
 209.000000 -2.536545 2.768552 25.997067 5.377209
 209.200000 -2.577326 2.371808 25.852284 22.413656
 209.400000 -2.497904 2.903069 26.030255 0.732921
 209.600000 -2.775711 2.952042 24.199642 212.850773
 209.800000 -2.970457 2.800026 19.302134 1066.933686
 210.000000 -3.048820 2.812733 16.563079 1446.814761
 210.200000 -2.851753 2.875091 22.751691 564.461069
 210.400000 -2.693611 2.930659 25.103437 67.254686
 210.600000 -2.515985 2.718573 26.036771 0.492451
 210.800000 -2.293900 2.530720 24.484767 97.083412
 211.000000 -2.058223 2.645147 22.562594 72.093177
 211.200000 -1.747243 2.791408 21.516633 72.196539
 211.400000 -2.292454 2.332049 24.481170 96.148878
 211.600000 -2.125222 3.041092 23.109052 58.854664
 211.800000 -2.657271 2.820517 25.386195 49.416487
 212.000000 2.984250 2.452963 3.491219 2563.513612
 212.200000 -3.130505 -3.130563 13.034141 2509.864215
 212.400000 2.874917 2.860963 -0.015177 2.705821
 212.600000 -2.445412 2.484627 25.881593 30.334908
 212.800000 -1.528452 2.690350 24.116574 137.602112
 213.000000 -1.562830 2.167833 23.704641 149.648423
 213.200000 -1.934144 2.035862 21.522737 51.759469
 213.400000 -1.581432 2.584940 23.456516 154.787520
 213.600000 -1.965840 2.686627 21.769810 68.747179
 213.800000 -2.737895 2.404919 24.708263 119.410263
 214.000000 -2.941612 2.937509 20.272174 971.826559
 214.200000 3.042294 3.044408 6.755556 3562.548654
 214.400000 2.996757 2.445019 4.150392 2872.747607
 214.600000 -2.461740 2.887803 25.974533 16.834921
 214.800000 -2.015692 2.651786 22.206469 78.891844
 215.000000 -1.834740 2.221438 21.132648 0.009767
 215.200000 -1.594897 2.408096 23.252916 155.777146
 215.400000 -1.987332 2.814748 21.961491 75.452992
 215.600000 2.893815 2.443060 0.068869 461.581725
 215.800000 -2.644153 3.008743 25.507435 45.576722
 216.000000 -2.822054 2.574300 23.444984 401.034253
 216.200000 -2.702750 2.417819 25.070686 75.555817
 216.400000 -2.433845 -3.035345 25.841215 40.512232
 216.600000 -3.058236 2.568380 16.285132 1540.196381
 216.800000 -2.920807 2.794337 20.943541 890.127383
 217.000000 3.127963 3.095353 11.782231 2942.299412
 217.200000 3.077252 2.785169 8.877316 3578.434528
 217.400000 -2.559079 2.550697 25.991149 13.599136
 217.600000 -1.595754 2.895634 23.208920 152.699768
 217.800000 -2.170497 2.061181 23.506449 59.703397
 218.000000 -1.764868 2.239586 21.371012 42.158311
 218.200000 -2.012706 2.632808 22.200618 79.331954
 218.400000 -2.050099 2.897296 22.532685 77.165608
 218.600000 3.056722 2.499170 7.650011 3636.943801
 218.800000 2.918789 2.981731 0.781198 1001.040953
 219.000000 -2.317542 3.075477 24.803343 101.018199
 219.200000 -2.098621 1.865292 22.952614 68.275100
 219.400000 -0.730291 1.000817 9.577944 1604.327075
 219.600000 -1.774693 0.790676 21.315733 30.035415
 219.800000 -2.004530 0.420047 22.132738 78.683681
 220.000000 -1.682629 0.209909 22.128793 128.221291
 220.200000 -0.459858 0.556956 -0.003726 0.382001
 220.400000 -1.471816 1.287135 24.586357 112.008233
 220.600000 -1.862552 1.790381 21.196260 6.382781
 220.800000 -1.645538 2.346336 22.555699 144.399345
 221.000000 -1.955185 3.014820 21.718364 63.110255
 221.200000 3.003618 2.659766 4.561101 3054.931892
 221.400000 3.031555 3.112806 6.165175 3497.213291
 221.600000 -3.139468 2.772820 12.666710 2688.333670
 221.800000 -2.761557 2.848072 24.483690 170.286926
 222.000000 -2.082256 2.835691 22.827685 72.136496
 222.200000 -1.725112 2.125014 21.686232 80.006666
 222.400000 -0.982766 1.377027 19.144073 983.534445
 222.600000 -0.759831 0.153140 10.691902 1591.975675
 222.800000 -0.529654 -0.864084 1.442783 1186.134234
 223.000000 -0.548735 -0.357669 2.126431 1377.644503
 223.200000 -1.258601 0.860395 25.053224 103.235055
 223.400000 -1.713033 1.438588 21.796792 90.649512
 223.600000 -1.303373 1.375319 25.372680 16.356464
 223.800000 -1.410926 1.023591 25.097350 61.275637
 224.000000 -1.538565 0.711110 23.784844 131.948896
 224.200000 -1.140584 0.661790 23.106502 432.679386
 224.400000 -1.595280 1.244870 23.109823 138.543485
 224.600000 -1.589636 1.154442 23.176202 138.110982
 224.800000 -1.090748 0.585052 22.006119 545.293719
 225.000000 -1.476094 0.640215 24.461670 112.125736
 225.200000 -1.128491 1.236815 22.828346 459.186393
 225.400000 -1.290603 1.451444 25.262960 34.397631
 225.600000 -1.355339 0.917833 25.359544 6.900161
 225.800000 -1.455900 0.557757 24.653545 99.920583
 226.000000 -1.085413 0.857661 21.858103 558.990252
 226.200000 -1.456064 1.362482 24.638502 99.654845
 226.400000 -1.714674 1.337951 21.778761 84.003433
 226.600000 -1.065313 0.757551 21.349326 616.456943
 226.800000 -1.361049 0.646933 25.325893 10.384925
 227.000000 -1.587761 1.048946 23.176293 135.390035
 227.200000 -1.001998 1.266891 19.609651 881.866556
 227.400000 -1.123537 1.486609 22.679001 470.317956
 227.600000 -1.620106 1.172111 22.792248 133.907764
 227.800000 -1.056796 0.495184 21.113682 645.205010
 228.000000 -0.566133 0.083148 2.697535 1501.787787
 228.200000 -0.738255 -0.191700 9.700688 1596.739775
 228.400000 -0.915187 -0.148560 16.677145 1370.874059
 228.600000 -0.664286 0.126775 6.700205 1706.840672
 228.800000 -1.788801 0.789918 21.289761 13.877399
 229.000000 -1.761619 1.556644 21.421672 35.322914
 229.200000 -0.607040 1.185091 4.305048 1699.053774
 229.400000 -1.061325 1.673330 21.187245 631.279332
 229.600000 -1.348289 1.586662 25.314537 2.586038
 229.800000 -1.157233 0.550708 23.339929 393.932684
 230.000000 -1.245159 0.375536 24.779256 143.548046
 230.200000 -1.058924 0.918968 21.107121 639.882917
 230.400000 -1.590972 1.344861 23.105823 131.650866
 230.600000 -1.145562 1.236891 23.085904 422.007378
 230.800000 -1.159835 1.025363 23.373236 388.283078
 231.000000 -1.446550 0.922731 24.688218 91.653826
 231.200000 -1.148780 0.653059 23.134915 415.401388
 231.400000 -1.528522 0.885727 23.808477 125.799702
 231.600000 -1.020255 1.072512 20.055947 794.579529
 231.800000 -1.625426 1.275882 22.706533 127.908031
 232.000000 -1.368620 0.837882 25.235575 14.875171
 232.200000 -0.587573 0.367085 3.457029 1616.269227
 232.400000 -1.415937 0.550213 24.941597 62.675343
 232.600000 -1.697481 1.064859 21.936852 91.638614
 232.800000 -0.506544 1.047153 0.545825 925.594990
 233.000000 -1.326656 1.444362 25.284524 1.558015
 233.200000 -1.622488 0.990744 22.731836 126.421314
 233.400000 -1.033810 0.367863 20.394938 737.188624
 233.600000 -1.201072 0.720100 24.081487 279.012346
 233.800000 -1.741290 1.107362 21.568225 51.252988
 234.000000 -1.221129 1.278159 24.397778 218.595440
 234.200000 -1.470604 1.031556 24.422031 107.154880
 234.400000 -1.420806 1.101278 24.891119 67.050580
 234.600000 -1.181533 0.778433 23.724386 335.366866
 234.800000 -1.774046 0.719966 21.374934 22.773536
 235.000000 -1.539883 0.962748 23.664480 126.965284
 235.200000 -1.376777 1.281484 25.174386 20.707267
 235.400000 -1.675005 1.006689 22.161592 104.559553
 235.600000 -1.002970 0.627055 19.484770 883.587313
 235.800000 -1.518344 0.656688 23.902928 123.869643
 236.000000 -1.405971 1.104834 25.001908 51.014538
 236.200000 -0.954690 1.372522 17.929619 1156.328367
 236.400000 -1.144072 1.665604 22.963931 430.275020
 236.600000 -1.133894 1.493072 22.750016 453.194438
 236.800000 -1.172621 0.951924 23.532241 361.246501
 237.000000 -1.586605 0.471202 23.131653 128.066677
 237.200000 -1.388892 0.679055 25.107244 31.874307
 237.400000 -1.058579 1.196732 20.984467 648.484697
 237.600000 -1.756841 1.444170 21.477641 36.352537
 237.800000 -1.425593 1.312374 24.845407 71.009251
 238.000000 -1.479380 0.772365 24.325638 111.621532
 238.200000 -1.424723 0.570031 24.852702 69.713451
 238.400000 -0.839400 0.966627 13.553146 1585.499016
 238.600000 -1.706392 1.616898 21.864588 80.541953
 238.800000 -1.698541 1.645366 21.936410 86.796885
 239.000000 -0.929129 1.468593 17.001284 1301.285021
 239.200000 -1.186266 1.633503 23.756920 327.235973
 239.400000 -1.319740 1.304619 25.228025 6.356032
 239.600000 -1.414806 0.635110 24.932650 58.873095
 239.800000 -1.103276 0.661275 22.040272 526.109152
 240.000000 -1.518285 1.248441 23.904279 123.908524
 240.200000 -1.393499 1.198772 25.080085 35.596313
 240.400000 -1.394554 0.700024 25.073742 36.716491
 240.600000 -1.302335 0.722820 25.161941 24.288938
 240.800000 -1.350418 1.022014 25.243805 1.953823
 241.000000 -1.307625 0.870101 25.186100 17.676263
 241.200000 -1.214141 0.955267 24.219841 248.803000
 241.400000 -1.474803 0.997951 24.382357 108.887427
 241.600000 -0.846123 0.798771 13.774608 1578.008819
 241.800000 -1.668422 0.803674 22.242771 106.209968
 242.000000 -0.757957 0.907607 10.252558 1600.860276
 242.200000 -1.319393 1.294878 25.227819 7.180458
 242.400000 -1.270033 1.039531 24.929756 87.679822
 242.600000 -1.223009 0.486442 24.353508 222.776337
 242.800000 -0.866209 0.252765 14.553353 1543.341361
 243.000000 -0.940211 0.649566 17.334888 1243.640300
 243.200000 -1.748197 1.331408 21.552398 44.295065
 243.400000 -1.475544 1.597268 24.385955 109.182500
 243.600000 -1.079920 1.171024 21.450248 596.705814
 243.800000 -1.462129 0.632929 24.523532 100.887915
 244.000000 -1.356686 0.910735 25.241036 4.164688
 244.200000 -0.956446 1.529863 17.870157 1156.083988
 244.400000 -0.817061 2.019185 12.572563 1598.917714
 244.600000 -0.546508 2.203636 1.678447 1272.787107
 244.800000 -0.828637 2.219493 13.035093 1593.677114
 245.000000 -0.665605 1.848588 6.450866 1714.720629
 245.200000 -0.523367 1.572854 0.876828 1033.812747
 245.400000 -1.014111 1.912412 19.678864 848.896826
 245.600000 -0.837437 1.846789 13.374760 1586.821732
 245.800000 -0.615959 1.878919 4.374083 1698.162053
 246.000000 -0.880459 1.983785 15.070322 1505.160664
 246.200000 -1.665716 1.857660 22.289643 108.725817
 246.400000 -1.930363 2.116005 21.577506 39.853230
 246.600000 -1.810121 2.858580 21.282987 4.375395
 246.800000 -2.050015 2.864730 22.545660 78.603449
 247.000000 -2.501227 2.232194 26.094026 0.794107
 247.200000 -2.167528 2.839922 23.542268 66.488910
 247.400000 -1.917926 -3.126974 21.502339 31.970608
 247.600000 -1.963279 2.259849 21.807043 58.056198
 247.800000 -1.764225 1.810158 21.463653 31.652000
 248.000000 -1.345772 1.405669 25.271060 0.314983
 248.200000 -1.445782 0.605346 24.714252 87.283751
 248.400000 -1.531845 0.640829 23.798883 128.620400
 248.600000 -1.393964 1.355210 25.115729 33.408182
 248.800000 -1.677078 1.903326 22.179000 102.598979
 249.000000 -2.199732 2.631308 23.801037 67.492577
 249.200000 -2.747200 3.039388 24.652433 140.135811
 249.400000 3.026265 2.796068 5.860263 3523.233418
 249.600000 -2.701478 2.703754 25.119897 78.436465
 249.800000 -2.314282 2.698270 24.811825 90.972910
 250.000000 -2.073955 2.425950 22.747967 76.055215
 250.200000 -1.359606 2.636104 25.263536 4.418627
 250.400000 -0.546916 2.187877 1.607420 1261.925822
 250.600000 -0.518575 1.627287 0.659835 981.947112
 250.800000 -1.376703 1.421536 25.211033 16.042339
 251.000000 -1.555492 0.379753 23.541216 132.070533
 251.200000 -0.376855 -0.265932 -0.000000 0.000000
 251.400000 -0.376987 -0.344369 -0.000000 0.000000
 251.600000 -1.691952 0.151075 22.042116 92.883768
 251.800000 -2.011275 0.884543 22.196496 73.017213
 252.000000 -0.909371 1.167422 16.109363 1402.264502
 252.200000 -1.144478 1.819684 22.879595 452.922729
 252.400000 -1.306297 2.565004 25.198036 23.943935
 252.600000 -2.057094 2.551794 22.593369 76.235975
 252.800000 -2.947143 2.696191 20.274105 934.084105
 253.000000 -2.839348 -3.045225 23.126694 456.974351
 253.200000 -2.865661 2.749501 22.521477 583.345692
 253.400000 3.075831 2.360889 8.847348 3691.772237
 253.600000 3.072769 3.139868 8.661048 3708.809721
 253.800000 -3.023243 2.975041 17.762433 1276.475325
 254.000000 -2.812052 1.891342 23.663006 336.083753
 254.200000 -1.668353 2.608108 22.289860 109.329146
 254.400000 -0.690582 2.370197 7.341223 1701.177014
 254.600000 -0.803870 1.534009 11.930678 1610.562471
 254.800000 -1.673860 1.180114 22.232708 106.013024
 255.000000 -1.224935 0.365680 24.363845 228.155722
 255.200000 -0.527092 -0.014881 0.871176 1051.417267
 255.400000 -0.437918 -0.290817 -0.000004 0.000000
 255.600000 -0.864601 -0.063237 14.340738 1549.195166
 255.800000 -0.617880 0.131442 4.309262 1702.464303
 256.000000 -0.853753 -0.085278 13.912312 1569.383729
 256.200000 -1.109582 0.242765 22.086987 540.239811
 256.400000 -0.683173 0.325408 7.015299 1713.299621
 256.600000 -0.922460 0.151096 16.542424 1349.548056
 256.800000 -1.372841 0.517803 25.248996 11.055220
 257.000000 -1.271145 1.255812 24.939031 95.267084
 257.200000 -1.945661 2.096927 21.679396 45.565826
 257.400000 -1.840609 3.114822 21.276350 0.055799
 257.600000 -2.977256 2.970612 19.310826 1044.925065
 257.800000 3.105844 2.669200 10.621828 3382.577751
 258.000000 -2.613904 3.139743 25.704356 32.633114
 258.200000 -2.772471 2.714321 24.275735 198.637374
 258.400000 -2.647569 2.758524 25.487133 46.150332
 258.600000 -2.442976 2.846607 25.834939 28.770286
 258.800000 -2.625750 2.669233 25.627907 37.283969
 259.000000 -2.602554 2.873209 25.760315 27.939715
 259.200000 -3.080810 2.862721 15.503456 1825.603864
 259.400000 -2.938282 3.074958 20.517773 896.349762
 259.600000 -2.656448 2.723276 25.422128 50.127739
 259.800000 -2.340764 2.614147 25.018601 88.438977
 260.000000 -1.858196 2.608703 21.294854 2.389185
 260.200000 -1.898207 2.409468 21.413214 18.137062
 260.400000 -2.020355 2.432170 22.254578 71.078552
 260.600000 -2.132424 2.657451 23.202493 67.634670
 260.800000 -2.044760 2.907984 22.462295 73.320390
 261.000000 -2.315857 2.410690 24.778872 89.144187
 261.200000 -1.821185 2.662073 21.292468 1.810590
 261.400000 -2.004911 2.639926 22.124670 67.912612
 261.600000 -2.290739 2.494540 24.539797 85.346951
 261.800000 -2.243789 2.889150 24.119619 74.715051
 262.000000 -2.214936 2.681329 23.875056 69.343128
 262.200000 -2.281619 2.443003 24.455901 82.884760
 262.400000 -1.971840 2.616922 21.861773 56.595222
 262.600000 -2.040082 2.755938 22.419463 72.931146
 262.800000 -2.317767 2.358506 24.791022 88.033942
 263.000000 -2.045308 2.684111 22.464137 73.193901
 263.200000 -1.886944 2.849446 21.372303 12.256224
 263.400000 -2.239931 2.137214 24.090549 73.388561
 263.600000 -1.852644 2.452210 21.292736 1.168520
 263.800000 -1.812673 2.604818 21.311186 4.118193
 264.000000 -2.338370 2.516772 24.982844 86.068634
 264.200000 -2.862129 2.744735 22.558866 557.441965
 264.400000 -2.907184 3.005811 21.399443 766.261825
 264.600000 -2.648538 2.975276 25.460255 47.110258
 264.800000 -1.944334 2.432652 21.670149 42.755409
 265.000000 -1.615396 2.340447 22.899945 132.568307
 265.200000 -1.831795 2.129448 21.294613 0.270609
 265.400000 -1.918656 2.529156 21.520073 28.381892
 265.600000 -2.147070 3.034175 23.329254 68.306934
 265.800000 -2.936333 2.572311 20.558519 885.998490
 266.000000 3.071538 2.764258 8.527198 3724.134233
 266.200000 2.934985 -2.971733 1.194411 1395.246132
 266.400000 -2.859777 2.591992 22.607379 544.604073
 266.600000 -1.955986 2.599284 21.754772 48.051519
 266.800000 -1.668557 2.685462 22.314854 109.984787
 267.000000 -2.033364 2.375838 22.366011 72.233982
 267.200000 -2.477827 2.485507 25.922895 8.002161
 267.400000 -2.279759 -3.088432 24.451837 78.285094
 267.600000 -2.834982 2.434767 23.149923 427.510453
 267.800000 -2.368690 2.815698 25.246654 73.337126
 268.000000 -2.350120 2.767200 25.084353 78.946718
 268.200000 -2.458843 2.670904 25.850834 17.697806
 268.400000 -2.085208 2.620873 22.813619 73.710130
 268.600000 -1.768037 2.700809 21.497806 28.761981
 268.800000 -2.193110 2.294358 23.719856 68.574836
 269.000000 -1.904542 2.544784 21.463837 20.340412
 269.200000 -1.941950 2.795660 21.673187 40.053140
 269.400000 -1.817433 2.460606 21.328728 2.581534
 269.600000 -2.163570 2.388568 23.479233 69.432918
 269.800000 -1.662755 2.885940 22.385599 112.796649
 270.000000 -2.071219 2.565136 22.695479 73.990482
 270.200000 -2.046898 2.332699 22.490805 72.623050
 270.400000 -1.614958 2.639403 22.919047 131.275377
 270.600000 -1.617023 2.678109 22.895407 130.771327
 270.800000 -2.151674 2.181139 23.384339 70.392374
 271.000000 -1.962497 2.619411 21.817366 49.811955
 271.200000 -1.964947 2.874485 21.842489 50.840434
 271.400000 -2.120486 2.439194 23.127046 72.194130
 271.600000 -2.153797 2.498663 23.408216 70.351404
 271.800000 -1.867458 2.882749 21.357644 4.725919
 272.000000 -2.161857 2.597010 23.475735 70.004216
 272.200000 -2.193604 2.421921 23.748004 69.515463
 272.400000 -1.943017 2.745362 21.704462 40.283595
 272.600000 -1.855254 2.929214 21.345712 1.780985
 272.800000 -2.259681 2.302107 24.304256 73.267392
 273.000000 -1.790766 2.723503 21.417262 12.932445
 273.200000 -2.050357 2.678499 22.544371 72.132321
 273.400000 -2.055872 2.554484 22.591280 72.565473
 273.600000 -2.139926 2.645116 23.308386 71.262048
 273.800000 -1.932902 2.852761 21.653592 35.055013
 274.000000 -2.152237 2.429877 23.412076 70.608182
 274.200000 -1.861865 2.249256 21.379633 3.450663
 274.400000 -1.516039 2.672926 24.066038 127.694600
 274.600000 -1.937169 2.524942 21.692454 37.057953
 274.800000 -2.442517 2.526799 25.748282 26.036443
 275.000000 -2.704203 2.830452 24.973867 85.729137
 275.200000 3.033298 2.710841 6.134586 3608.161379
 275.400000 -3.095678 2.890284 14.760865 2056.517161
 275.600000 -2.718217 2.873848 24.832516 100.656531
 275.800000 -3.102838 2.608044 14.432043 2162.686239
 276.000000 -2.951297 2.908168 20.077909 948.873563
 276.200000 2.891357 2.785786 -0.026210 2.442150
 276.400000 -3.087925 2.656284 15.102690 1949.910980
 276.600000 -2.545669 2.996482 25.904691 4.064026
 276.800000 -2.717668 2.447628 24.832056 100.169635
 277.000000 -2.707665 2.854862 24.929400 89.555079
 277.200000 -2.836079 -3.008892 23.082191 421.625831
 277.400000 3.062576 2.583568 7.902975 3739.766493
 277.600000 -2.924225 2.636794 20.882582 833.866378
 277.800000 -2.499562 3.068773 25.920601 1.556079
 278.000000 -2.941667 2.217163 20.367662 908.938112
 278.200000 -2.908942 2.804020 21.314218 764.445284
 278.400000 3.130599 -3.099366 11.894509 2996.695084
 278.600000 3.034818 2.743358 6.207077 3622.948515
 278.800000 -1.923327 2.478879 21.662783 29.871580
 279.000000 -0.769224 2.250361 10.276895 1596.175122
 279.200000 -0.381001 1.744369 -0.000000 0.000000
 279.400000 -1.108875 1.402505 21.910292 549.833483
 279.600000 -1.498806 0.712130 24.250882 119.362588
 279.800000 -1.120705 0.487840 22.183732 518.946763
 280.000000 -1.447985 1.241039 24.764320 80.991545
 280.200000 -1.897017 1.615108 21.557702 17.217247
 280.400000 -1.318603 2.188518 25.178042 18.752222
 280.600000 -0.747879 2.663877 9.395444 1616.043533
 280.800000 -1.371429 2.045813 25.225303 5.628504
 281.000000 -1.484380 0.724891 24.404041 110.686382
 281.200000 -0.863585 0.016665 13.986030 1550.667934
 281.400000 1.109162 -1.005374 -0.000000 0.000000
