#! FIELDS time phi psi ves.bias ves.force2
#! SET min_phi -pi
#! SET max_phi pi
#! SET min_psi -pi
#! SET max_psi pi
 0.000000 -1.498385 0.273949 27.215882 148.921278
 0.200000 -1.031030 0.726922 21.393212 1209.174829
 0.400000 -0.942830 1.521012 18.118487 1557.606062
 0.600000 -0.385921 1.722194 0.828543 89.914578
 0.800000 -1.186276 2.373389 25.927432 487.841640
 1.000000 -1.857341 2.562233 22.830506 8.283679
 1.200000 2.911384 2.650105 1.964940 307.948137
 1.400000 3.077508 -3.069489 7.773972 2648.450721
 1.600000 -2.805741 2.696696 23.418849 377.899325
 1.800000 -3.022281 2.487935 17.067911 1693.624812
 2.000000 -2.481904 3.102199 25.913446 0.016222
 2.200000 -3.064804 2.559964 15.419737 2164.955964
 2.400000 -3.009691 2.687323 17.753103 1461.842451
 2.600000 -2.902746 3.118697 21.174196 726.439220
 2.800000 -3.114807 2.582476 12.920714 2807.024689
 3.000000 -2.803587 2.943137 23.462061 358.926596
 3.200000 -3.019285 2.726185 17.586044 1568.676508
 3.400000 3.084131 2.834810 8.516588 2911.613550
 3.600000 -3.115604 2.873083 13.091513 2810.216105
 3.800000 3.039557 2.792184 6.235351 2271.581613
 4.000000 -2.882023 2.807034 21.891535 606.023450
 4.200000 -2.853291 2.820379 22.658538 465.062944
 4.400000 3.095223 2.652411 9.442974 3032.121909
 4.600000 3.067112 2.807210 7.918634 2815.518941
 4.800000 -2.764142 2.954930 24.217632 184.487755
 5.000000 -2.382793 2.567564 25.556955 66.727157
 5.200000 -2.199348 2.362016 23.911306 56.697502
 5.400000 -1.847485 2.870293 22.660540 12.788343
 5.600000 -2.334698 2.500984 25.084626 90.347263
 5.800000 -2.511674 2.720700 26.076556 0.751709
 6.000000 3.058943 2.899225 7.694591 2805.761809
 6.200000 3.107449 2.987743 10.505627 3068.848906
 6.400000 -2.686228 2.686057 25.174357 76.054736
 6.600000 -2.011727 2.540937 22.690746 18.218687
 6.800000 -1.626266 2.479495 24.997805 323.213470
 7.000000 -2.206262 2.279094 23.996267 59.957083
 7.200000 -2.405228 2.822209 25.753260 59.484118
 7.400000 -2.733414 2.964972 24.752316 114.835314
 7.600000 2.938730 2.595422 2.705799 942.254615
 7.800000 -2.781670 3.133097 24.162404 194.939488
 8.000000 -2.346336 3.044117 25.242233 85.034520
 8.200000 -2.522843 2.395019 26.219527 2.741856
 8.400000 -2.164625 -3.122062 23.711043 66.210748
 8.600000 -2.578444 2.719441 26.019402 27.522186
 8.800000 3.015803 2.418562 5.869644 2396.966910
 9.000000 3.117430 3.097198 11.332920 2977.697376
 9.200000 2.952456 2.983490 3.211684 1313.018264
 9.400000 -2.937590 2.508800 20.917196 872.343776
 9.600000 -1.693792 2.880987 23.837962 177.254716
 9.800000 -1.970425 2.103161 22.493963 4.548994
 10.000000 -2.128457 2.258788 23.419089 67.897078
 10.200000 -2.182757 3.017076 23.910216 77.305989
 10.400000 -2.178487 3.072056 23.872693 77.116960
 10.600000 -2.891123 2.373396 22.227513 641.184628
 10.800000 -2.382626 2.951714 25.831025 86.283208
 11.000000 -2.062540 2.785548 22.911574 49.675516
 11.200000 -2.149769 2.124598 23.698215 82.575743
 11.400000 -1.735105 2.271373 23.360823 89.467150
 11.600000 -1.999647 2.570381 22.555613 17.173523
 11.800000 -2.846375 2.846509 23.304841 414.372330
 12.000000 3.077542 -3.080689 9.508723 3073.204509
 12.200000 3.104350 2.833950 11.065856 2925.693058
 12.400000 -2.566581 2.574815 26.302921 43.139241
 12.600000 -1.728944 2.808055 23.432306 91.232755
 12.800000 -2.264375 2.360321 24.797222 80.976985
 13.000000 -2.182581 2.586480 24.082107 78.916375
 13.200000 -2.277507 2.938804 24.983362 80.214793
 13.400000 -2.411896 2.610624 26.272993 66.357296
 13.600000 -2.494152 2.514298 26.629925 0.027977
 13.800000 -2.240832 3.010091 24.665846 71.380117
 14.000000 -2.770855 2.641666 24.566010 131.255678
 14.200000 -2.722439 2.876815 25.050680 73.492121
 14.400000 -2.619750 2.862117 25.938250 82.711686
 14.600000 -2.858311 2.645806 23.163578 484.370587
 14.800000 -2.513299 2.888020 26.672624 6.852008
 15.000000 -2.839135 2.745932 23.560198 374.623924
 15.200000 2.985552 2.788029 4.853815 2404.459413
 15.400000 -2.716075 -3.107666 25.184304 68.603343
 15.600000 -2.587527 2.506162 26.287541 71.671522
 15.800000 -2.513992 2.351301 26.735318 7.519127
 16.000000 -1.992801 3.072939 22.571450 19.329771
 16.200000 -2.032708 2.629386 22.830786 67.221909
 16.400000 -2.155895 2.278198 24.155865 118.055992
 16.600000 -1.739635 2.733351 23.339343 58.091314
 16.800000 -2.015227 2.714169 22.700404 44.726492
 17.000000 -2.692811 2.537074 25.453351 66.248934
 17.200000 -2.712650 -3.091701 25.363755 69.351562
 17.400000 -3.089089 2.880644 15.587733 1700.079572
 17.600000 3.138004 2.576948 13.079881 2348.948300
 17.800000 -2.870808 3.036838 23.002910 630.827116
 18.000000 -2.960953 2.791998 20.293701 1130.601482
 18.200000 -2.880966 2.792411 22.790742 726.507491
 18.400000 -2.967368 2.885465 20.098194 1159.879437
 18.600000 3.093590 2.641654 10.849128 2921.024331
 18.800000 -2.882244 2.839648 22.756199 735.321636
 19.000000 -2.635496 2.933739 26.082441 72.728808
 19.200000 -2.841925 2.530395 23.819764 469.726736
 19.400000 -2.409424 -3.129564 26.659623 58.245105
 19.600000 -2.597357 2.673646 26.467026 66.514695
 19.800000 2.988157 2.418298 5.055443 2648.771618
 20.000000 2.999267 -3.069573 5.637594 2837.649271
 20.200000 3.027481 2.945820 7.233236 3211.651623
 20.400000 -2.449965 2.446061 26.960024 18.816736
 20.600000 -1.657526 2.699327 24.074310 172.305727
 20.800000 -2.095582 2.436900 23.643285 149.441364
 21.000000 -2.474004 2.466299 27.034492 3.271605
 21.200000 -2.785140 3.102321 24.995131 181.391370
 21.400000 2.944307 2.824685 3.013850 1823.728862
 21.600000 -2.239000 2.741673 25.271211 79.655030
 21.800000 -1.643379 2.304711 24.248751 201.027111
 22.000000 -1.690084 1.743930 23.674728 106.319097
 22.200000 -1.599580 1.159805 24.917189 269.590156
 22.400000 -0.541150 0.121916 2.053840 528.408320
 22.600000 -0.458030 -0.720618 0.491109 214.927858
 22.800000 -0.558040 -0.553144 2.455728 605.105923
 23.000000 -0.699283 0.447216 6.914032 1504.571944
 23.200000 -1.133421 1.256152 23.628000 739.811187
 23.400000 -1.628733 1.219789 24.452963 224.317794
 23.600000 -1.003870 0.690232 19.571600 1217.483389
 23.800000 -1.264906 0.615291 26.359829 184.835466
 24.000000 -1.196989 0.998274 25.175597 449.536458
 24.200000 -0.816379 1.276459 11.900481 2032.702798
 24.400000 -0.759746 1.379969 9.374619 1895.665819
 24.600000 -1.059582 1.661297 21.397842 1023.575352
 24.800000 -0.897254 1.384713 15.451636 1754.875721
 25.000000 -1.082363 1.083048 22.112599 944.691988
 25.200000 -1.635536 0.963618 24.359617 206.098299
 25.400000 -1.035410 0.857759 20.589761 1098.757210
 25.600000 -1.843451 0.938749 22.765091 13.318120
 25.800000 -1.384647 1.075908 27.135826 0.058494
 26.000000 -1.113409 1.067263 23.012543 825.239117
 26.200000 -0.895875 0.863258 15.396924 1749.046199
 26.400000 -1.776601 1.164615 23.049529 26.486918
 26.600000 -1.173731 1.198615 24.586997 560.563867
 26.800000 -0.687533 0.939845 6.419792 1427.416544
 27.000000 -1.651042 1.006374 24.153295 176.940853
 27.200000 -1.455229 0.691516 26.844251 58.469767
 27.400000 -0.663942 0.183667 5.553907 1268.478742
 27.600000 -0.789931 -0.233521 10.732108 2018.590091
 27.800000 -0.697695 -0.563453 6.812446 1515.552584
 28.000000 -0.593570 -0.170092 3.290405 829.998620
 28.200000 -1.069102 0.497590 21.645463 971.639897
 28.400000 -1.216082 1.226467 25.475404 369.850787
 28.600000 -0.654460 1.459876 5.225001 1211.526546
 28.800000 -0.758165 1.908732 9.340599 1917.971500
 29.000000 -1.069278 2.305052 21.650938 971.098031
 29.200000 -1.889360 2.540103 22.610878 7.651797
 29.400000 2.976080 2.702612 4.603866 2883.800241
 29.600000 2.940860 -2.777063 2.847464 2067.870948
 29.800000 3.102821 2.880725 11.774987 2699.262783
 30.000000 -2.576256 2.425364 26.969959 40.573972
 30.200000 -1.551462 2.950556 25.677242 225.205665
 30.400000 -1.989585 2.524279 22.671443 27.650773
 30.600000 -2.302484 2.361786 26.011873 74.306646
 30.800000 -1.940245 2.798197 22.536348 0.157265
 31.000000 -2.027673 2.742262 22.947496 83.905151
 31.200000 -2.656030 2.038234 26.441112 43.677555
 31.400000 -2.147939 3.039759 24.450593 168.076355
 31.600000 -1.940437 2.869961 22.541391 0.170161
 31.800000 -1.942243 1.868882 22.542277 0.323570
 32.000000 -1.359850 0.744151 27.020880 7.904776
 32.200000 -0.876592 -0.009782 14.703499 1773.922884
 32.400000 -0.417664 -0.539517 -0.008255 0.355297
 32.600000 -0.523846 -0.263110 1.420300 535.067962
 32.800000 -1.220839 0.718961 25.557354 341.378584
 33.000000 -0.991609 1.788825 19.083704 1190.772495
 33.200000 -0.383232 2.189529 -0.000732 0.001195
 33.400000 -0.904681 2.261014 15.875569 1596.308956
 33.600000 -0.535237 1.668114 1.680917 598.775325
 33.800000 -0.487948 1.297425 0.637618 385.203012
 34.000000 -1.022122 1.614464 20.119687 1096.347141
 34.200000 -0.994177 0.560470 19.191119 1169.918222
 34.400000 -0.620938 -0.575755 4.143397 1067.493765
 34.600000 -0.635681 -0.672771 4.635579 1162.777161
 34.800000 -0.699428 0.245312 7.008962 1622.843801
 35.000000 -1.464975 1.397850 26.701465 67.320800
 35.200000 -1.806374 1.917867 22.971019 22.526885
 35.400000 -1.799217 2.386551 23.005524 23.991746
 35.600000 -2.379832 2.748182 26.688155 69.010118
 35.800000 3.106409 2.873364 12.017328 2533.813268
 36.000000 -2.983829 2.972091 19.759618 1375.835404
 36.200000 -2.596269 2.769208 26.866414 40.457343
 36.400000 -2.602416 2.446512 26.827024 41.596843
 36.600000 -2.165379 3.084151 24.699397 139.641927
 36.800000 -2.244565 2.643378 25.514621 81.145715
 37.000000 -1.875210 2.322429 22.705183 9.600078
 37.200000 -1.770905 2.324540 23.169621 31.813354
 37.400000 -2.088475 2.523389 23.741933 158.398950
 37.600000 -2.827365 2.823421 24.708034 433.896744
 37.800000 2.997738 2.975451 5.866667 3420.897815
 38.000000 -3.002478 2.943842 19.051171 1374.752509
 38.200000 -2.648450 2.652876 26.546025 39.064686
 38.400000 -2.370261 2.892433 26.599911 70.976269
 38.600000 -2.278497 2.725572 25.813545 72.329751
 38.800000 -2.602650 2.552744 26.836324 39.380748
 39.000000 -3.109420 2.796329 15.039578 1610.607432
 39.200000 3.074248 3.024349 10.334216 3044.082923
 39.400000 -3.017580 2.570326 18.489881 1361.065952
 39.600000 -2.498075 2.732274 27.251709 0.002158
 39.800000 -2.214419 2.691965 25.246247 94.705819
 40.000000 -2.127647 2.603448 24.266670 158.310256
 40.200000 -1.800141 2.531717 23.049906 23.998283
 40.400000 -1.796841 2.511742 23.066195 24.739671
 40.600000 -2.372953 2.670019 26.642559 68.614548
 40.800000 -2.685330 2.697757 26.362247 38.798277
 41.000000 2.945618 2.828601 2.979957 2525.438664
 41.200000 -2.954938 2.876475 20.816805 1347.169763
 41.400000 -2.499709 2.715917 27.265944 0.033394
 41.600000 -2.443401 2.568262 27.136031 21.942368
 41.800000 -2.140475 2.997986 24.448181 150.902286
 42.000000 -2.031302 2.434508 23.160499 87.740402
 42.200000 -1.785185 2.319847 23.151279 27.470105
 42.400000 -1.904082 2.470256 22.701660 2.427809
 42.600000 -2.146134 2.811893 24.538293 148.367678
 42.800000 -2.657367 2.679001 26.574931 36.695171
 43.000000 -3.085546 2.680399 15.994081 1446.662384
 43.200000 -3.059741 3.004513 16.966705 1362.762364
 43.400000 3.138289 2.719305 13.572817 2001.408615
 43.600000 -2.474509 2.798122 27.266806 4.324389
 43.800000 -1.879006 2.537675 22.778419 8.092375
 44.000000 -1.847101 2.144772 22.887566 15.236584
 44.200000 -1.807942 2.576625 23.077029 21.037461
 44.400000 -2.464447 2.712655 27.254123 8.455146
 44.600000 3.113952 2.842218 12.447789 2380.762721
 44.800000 -3.031261 3.056940 18.025130 1341.112788
 45.000000 -2.967051 2.624167 20.389364 1355.382171
 45.200000 -2.309668 2.836325 26.195574 73.093516
 45.400000 -2.088641 2.750287 23.876424 150.998905
 45.600000 -1.908863 2.167066 22.773701 1.581799
 45.800000 -1.741374 2.475593 23.444301 37.837226
 46.000000 -2.270710 2.638393 25.860409 75.847038
 46.200000 -2.728046 2.730609 26.179433 73.230465
 46.400000 3.078026 2.973177 10.603564 3020.937609
 46.600000 2.881837 2.843557 0.229460 1147.649566
 46.800000 -3.009250 2.739615 18.869526 1344.787450
 47.000000 -2.358245 2.770063 26.626340 67.258757
 47.200000 -2.233292 2.324693 25.560993 89.578470
 47.400000 -1.891776 2.579736 22.881844 4.817952
 47.600000 -2.153638 2.616039 24.710611 142.004988
 47.800000 -2.401072 2.928217 26.974212 47.546015
 48.000000 -2.815980 2.737859 25.003397 393.645422
 48.200000 2.956412 2.949481 3.488757 2983.568785
 48.400000 -2.896589 2.922310 22.892920 1020.226991
 48.600000 -2.816020 2.678522 25.010577 398.076662
 48.800000 -2.630535 2.874397 26.872678 32.669798
 49.000000 -2.587813 2.811143 27.103642 24.714885
 49.200000 -2.834550 2.572782 24.630949 530.562099
 49.400000 2.978093 3.043001 4.719771 3429.269713
 49.600000 -3.016463 2.879083 18.654491 1336.661578
 49.800000 -2.449442 2.496487 27.273432 15.044970
 50.000000 -2.168818 2.447728 24.927294 134.178478
 50.200000 -1.689808 2.923563 23.820821 58.652888
 50.400000 -2.074067 2.317850 23.796166 130.094580
 50.600000 -2.192713 2.542382 25.215076 118.558654
 50.800000 -1.852857 2.712376 23.097898 9.712140
 51.000000 -2.143835 2.653829 24.646748 149.745500
 51.200000 -2.219118 2.582683 25.519840 100.146466
 51.400000 -2.164077 2.981568 24.919162 138.970434
 51.600000 -2.135169 2.737635 24.568749 153.129681
 51.800000 -2.213526 2.388160 25.463382 103.746100
 52.000000 -1.929131 2.679498 22.980510 0.064275
 52.200000 -2.132846 2.579726 24.580717 154.405130
 52.400000 -2.061642 2.740233 23.726538 115.277150
 52.600000 -2.038219 2.811671 23.493060 83.261461
 52.800000 -2.147899 2.346151 24.766261 148.799265
 53.000000 -1.747582 2.318309 23.501742 15.899190
 53.200000 -1.775689 2.598645 23.418354 8.883666
 53.400000 -2.439344 2.598228 27.282675 20.829138
 53.600000 -3.124890 2.630251 14.560940 1787.517775
 53.800000 3.098658 -3.118445 11.774733 2665.764444
 54.000000 -3.015822 2.688111 18.748500 1365.953408
 54.200000 -2.817545 2.656500 25.099883 410.641730
 54.400000 -2.982835 2.939345 19.986850 1364.930498
 54.600000 3.013088 3.022927 6.848163 3765.681190
 54.800000 -2.847882 2.633806 24.412396 627.648295
 55.000000 -2.256617 2.902976 25.991705 73.519614
 55.200000 -2.129909 2.488965 24.687629 154.417330
 55.400000 -1.524431 2.662068 25.672036 154.321617
 55.600000 -2.066364 2.309577 23.922109 120.639013
 55.800000 -2.144894 2.720398 24.872428 149.056511
 56.000000 -2.714202 2.843193 26.502983 68.585842
 56.200000 2.938636 2.754478 2.498754 2726.419883
 56.400000 -2.982072 3.049290 20.070148 1382.451176
 56.600000 -3.111436 2.634015 15.144949 1675.544212
 56.800000 -3.000373 2.703868 19.387856 1394.897588
 57.000000 -3.034372 2.977010 18.116715 1401.396713
 57.200000 3.121125 2.833351 12.924943 2286.833187
 57.400000 -2.639030 2.766562 27.048660 32.833443
 57.600000 -2.361484 2.600410 26.871371 45.288363
 57.800000 -2.020141 2.523725 23.580675 57.590535
 58.000000 -1.818701 2.751516 23.421565 3.133569
 58.200000 -2.215676 2.440639 25.788631 90.945340
 58.400000 -2.290420 2.599298 26.403639 52.791941
 58.600000 -2.008721 2.832221 23.545101 42.876693
 58.800000 -2.156463 2.383916 25.150616 141.375320
 59.000000 -1.928267 2.620466 23.299621 0.002021
 59.200000 -1.935515 2.531751 23.350340 0.359866
 59.400000 -1.993975 2.376374 23.513041 27.699942
 59.600000 -2.042289 2.634142 23.870926 88.777010
 59.800000 -1.943997 2.710960 23.357710 1.316204
 60.000000 -2.468017 2.648365 27.454391 7.987433
 60.200000 -2.941934 2.832642 21.685013 1267.898597
 60.400000 3.132912 2.998167 13.507596 2126.346541
 60.600000 3.080255 2.760808 10.860025 2980.882145
 60.800000 -2.804709 2.871021 25.457958 311.098724
 61.000000 3.061011 2.700978 9.780491 3309.934569
 61.200000 2.905066 2.900890 0.850230 1863.682092
 61.400000 -2.762231 2.911309 26.105400 151.787084
 61.600000 -1.874289 2.342185 23.476464 1.080189
 61.800000 -1.091019 1.334205 21.882027 858.093470
 62.000000 -1.165277 1.004082 23.861818 549.442066
 62.200000 -1.777197 0.703705 23.578478 0.297561
 62.400000 -0.756487 0.437629 9.386967 1872.160047
 62.600000 -1.432130 1.053767 26.297081 20.061758
 62.800000 -1.208384 1.253350 24.743308 351.986578
 63.000000 -0.522772 0.503757 0.946805 859.365328
 63.200000 -1.453400 0.502806 26.155483 44.721833
 63.400000 -2.057364 0.614838 24.262217 108.082399
 63.600000 -1.634934 0.512082 24.143562 86.841103
 63.800000 -0.765141 0.779449 9.741519 1898.382752
 64.000000 -1.396279 1.025961 26.368491 0.544265
 64.200000 -1.046565 1.009133 20.464432 971.483681
 64.400000 -0.447854 1.011418 -0.000051 0.000078
 64.600000 -1.746949 1.597038 23.624957 0.639741
 64.800000 -1.820064 1.523847 23.612534 0.017262
 65.000000 -0.754001 1.643958 9.238457 1861.767288
 65.200000 -0.865945 1.871670 14.059203 1693.074547
 65.400000 -0.738529 2.136235 8.558329 1795.102793
 65.600000 -1.091100 2.156698 21.796561 853.541436
 65.800000 -0.692879 1.937526 6.691534 1543.000424
 66.000000 -0.843855 1.850784 13.134689 1806.718650
 66.200000 -0.490513 1.741045 -0.021877 29.340329
 66.400000 -1.200692 2.145661 24.512209 382.881094
 66.600000 -1.768905 2.506271 23.651236 0.049183
 66.800000 -2.878554 2.648622 23.875425 790.497234
 67.000000 2.950726 -2.971596 3.149377 3326.483138
 67.200000 3.077455 2.795147 10.813133 3018.694633
 67.400000 -2.618079 2.556875 27.306823 26.322753
 67.600000 -2.205406 2.613287 26.054215 72.898746
 67.800000 -2.159207 2.597800 25.609808 113.015512
 68.000000 -2.433891 2.446621 27.389825 18.329906
 68.200000 -2.616010 2.738624 27.327083 25.321313
 68.400000 -3.121529 2.779297 14.885251 1813.876081
 68.600000 -2.869936 2.896945 24.137812 712.576931
 68.800000 -2.848755 2.785211 24.669510 552.207657
 69.000000 2.967039 2.678639 4.122345 3703.555032
 69.200000 2.937985 3.085044 2.426458 3087.492739
 69.400000 -2.540292 2.725198 27.586190 1.669316
 69.600000 -1.512192 2.126173 25.491381 132.698542
 69.800000 -0.631958 1.006284 4.391788 1247.022170
 70.000000 -1.219026 0.717068 24.805676 303.114454
 70.200000 -1.871217 0.617920 23.786632 0.115098
 70.400000 -1.526097 0.486405 25.310192 147.229887
 70.600000 -0.729288 0.460031 8.120206 1738.725805
 70.800000 -1.667883 0.852253 23.844998 26.953157
 71.000000 -0.872780 1.002855 14.268821 1642.560413
 71.200000 -0.377570 0.915097 -0.000000 0.000000
 71.400000 -1.390892 1.471124 26.228935 0.018527
 71.600000 -1.868915 0.906568 23.812569 0.208849
 71.800000 -0.578884 0.468458 2.553599 1112.963332
 72.000000 -1.658271 0.342492 23.895765 35.816197
 72.200000 -1.310560 0.866052 25.901700 61.436429
 72.400000 -0.684008 1.206230 6.288542 1486.333696
 72.600000 -0.721991 1.908999 7.803363 1695.755568
 72.800000 -0.733654 2.461996 8.287921 1755.430904
 73.000000 -0.762477 2.114753 9.516692 1870.196820
 73.200000 -0.543084 1.780162 1.353937 1037.939834
 73.400000 -1.191084 1.126043 24.223068 416.017563
 73.600000 -1.127279 0.367811 22.710303 714.210762
 73.800000 -0.629043 -0.095233 4.262914 1252.827281
 74.000000 -0.643940 -0.375949 4.795448 1304.555744
 74.200000 -0.597502 -0.313488 3.167043 1180.457642
 74.400000 -0.706537 -0.027145 7.184341 1611.626025
 74.600000 -1.254973 0.637841 25.291073 178.091465
 74.800000 -1.504936 1.302981 25.516662 121.970633
 75.000000 -0.620446 1.421683 3.963931 1234.594967
 75.200000 -0.689000 2.072641 6.505420 1516.680059
 75.400000 -0.792375 2.298736 10.831263 1894.085922
 75.600000 -0.750741 2.344143 9.031387 1817.451345
 75.800000 -0.990991 1.651626 18.527889 1102.895179
 76.000000 -1.188323 1.584428 24.153593 427.252883
 76.200000 -1.713879 1.005529 23.730295 0.260438
 76.400000 -0.604013 0.149754 3.411196 1221.651301
 76.600000 -0.696166 -0.213899 6.809651 1555.798245
 76.800000 -0.839716 -0.256908 12.880120 1768.716038
 77.000000 -0.817887 -0.029299 11.951485 1845.125724
 77.200000 -0.689426 0.184581 6.574226 1523.085374
 77.400000 -1.587584 0.652187 24.505178 130.037702
 77.600000 -1.380414 1.279165 26.151524 1.124228
 77.800000 -0.649278 1.697815 5.054412 1353.219210
 78.000000 -0.765267 2.218574 9.699453 1842.132630
 78.200000 -0.609172 2.164764 3.633621 1265.375808
 78.400000 -0.832983 1.941958 12.623499 1762.110929
 78.600000 -0.917021 1.729223 15.936942 1340.990181
 78.800000 -0.573339 1.168231 2.373515 1208.118489
 79.000000 -1.551013 0.943078 24.943661 152.159082
 79.200000 -1.737531 0.669862 23.751121 1.227767
 79.400000 -0.736800 0.454599 8.561910 1731.978492
 79.600000 -1.744132 0.801110 23.759418 1.954025
 79.800000 -1.421616 1.046437 26.085858 9.690330
 80.000000 -0.663693 1.257445 5.660863 1423.056820
 80.200000 -1.063264 1.875082 20.802283 958.885078
 80.400000 -1.782277 2.475523 23.841671 4.884842
 80.600000 -2.459528 2.917003 27.493560 9.831403
 80.800000 -3.125117 2.833228 14.761887 1794.916157
 81.000000 2.943440 2.806169 2.704056 3540.769143
 81.200000 -2.745355 2.677508 26.401775 103.488525
 81.400000 -2.137920 2.581176 25.719416 111.299299
 81.600000 -1.829385 2.632369 23.947767 2.909947
 81.800000 -1.760721 2.449214 23.804820 3.884861
 82.000000 -1.917213 2.496999 24.058875 2.509544
 82.200000 -2.204716 2.710690 26.335071 53.894017
 82.400000 -2.595129 2.660911 27.434477 16.692471
 82.600000 -2.923898 3.029090 22.655638 1152.756677
 82.800000 2.994246 2.790338 5.907086 4186.611413
 83.000000 -2.737198 2.866964 26.478504 92.289507
 83.200000 -2.367529 2.696472 27.115545 16.909286
 83.400000 -2.053823 2.668180 24.839762 97.333526
 83.600000 -1.759592 2.458289 23.830273 3.863890
 83.800000 -1.527873 2.463614 25.214473 133.836896
 84.000000 -1.871706 2.347938 24.032520 1.167923
 84.200000 -2.268506 2.701003 26.720440 20.236602
 84.400000 -3.026946 2.922544 18.730863 1608.846251
 84.600000 -3.105510 3.043536 15.570717 1674.766506
 84.800000 -2.714383 2.689165 26.677511 70.200347
 85.000000 -2.712120 2.696689 26.696358 68.534147
 85.200000 -2.665790 2.877169 27.041905 43.683144
 85.400000 2.906381 2.534421 0.609005 2531.824506
 85.600000 3.074147 2.912443 10.776946 2961.717330
 85.800000 -2.989030 3.093844 20.245903 1554.440958
 86.000000 -2.933645 2.607458 22.330328 1233.637231
 86.200000 -1.911450 2.832310 24.120394 2.286588
 86.400000 -1.619658 2.350301 24.214303 72.773661
 86.600000 -1.632581 1.916381 24.111283 54.691155
 86.800000 -1.120031 0.965040 22.434915 765.254633
 87.000000 -0.645444 -0.316390 5.197823 1453.799713
 87.200000 -0.533853 -0.835115 1.004695 1332.371737
 87.400000 -0.584536 -0.343690 2.903332 1440.392244
 87.600000 -0.982344 0.750307 18.143764 1085.998399
 87.800000 -1.475963 1.483580 25.718540 64.204776
 88.000000 -1.085389 1.547099 21.423011 905.310046
 88.200000 -0.507735 1.444255 0.045444 794.462362
 88.400000 -1.068184 1.592834 20.888565 956.869499
 88.600000 -1.163766 1.324015 23.535993 541.757398
 88.800000 -1.562119 0.860355 24.821697 128.669162
 89.000000 -0.902244 0.287144 15.397424 1289.725246
 89.200000 -0.328652 -0.184940 -0.000000 0.000000
 89.400000 -0.826295 -0.446897 12.521270 1587.851750
 89.600000 -0.640205 -0.186812 5.076524 1482.868748
 89.800000 -0.931419 0.509570 16.422605 1182.509409
 90.000000 -1.339556 1.016830 25.897158 24.435001
 90.200000 -1.486858 1.180099 25.622257 73.976293
 90.400000 -1.111561 1.120925 22.168705 801.821953
 90.600000 -1.506446 0.878236 25.440333 98.252794
 90.800000 -0.929877 0.517411 16.371338 1180.529004
 91.000000 -1.390705 0.568116 26.027715 0.179215
 91.200000 -1.013723 1.110852 19.149942 1042.073731
 91.400000 -1.172190 1.576733 23.708813 494.324992
 91.600000 -0.862173 1.486072 13.942435 1426.217370
 91.800000 -1.327415 1.286328 25.817167 36.288935
 92.000000 -1.167245 0.420803 23.597443 519.949438
 92.200000 -0.462187 -0.490572 -0.000001 0.000000
 92.400000 -0.746229 -0.269769 9.349151 1629.935331
 92.600000 -0.948436 0.078066 17.010240 1126.593599
 92.800000 -0.802227 0.563719 11.613513 1611.940797
 93.000000 -1.685422 1.515308 23.942886 5.076260
 93.200000 -1.393083 1.672284 26.028401 0.082244
 93.400000 -0.472567 1.586487 -0.000011 0.000010
 93.600000 -0.287004 1.689769 -0.000000 0.000000
 93.800000 -0.673861 2.313034 6.507844 1528.730940
 94.000000 -1.292406 2.296797 25.551995 82.444768
 94.200000 -1.244676 2.283119 25.010278 189.886201
 94.400000 -0.706428 1.949114 7.823795 1563.803990
 94.600000 -0.560080 1.974510 2.046773 1593.383957
 94.800000 -0.954146 1.832698 17.220035 1107.162400
 95.000000 -0.518041 1.289009 0.395940 1572.874665
 95.200000 -0.976018 1.720636 17.952494 1069.226642
 95.400000 -0.798412 1.343688 11.537290 1588.714413
 95.600000 -1.722645 1.254032 23.943610 0.055418
 95.800000 -1.270406 0.747961 25.333472 124.011221
 96.000000 -0.717855 0.508731 8.313004 1573.949879
 96.200000 -0.872946 0.092745 14.430482 1343.603780
 96.400000 -0.687089 -0.372563 7.138940 1541.040500
 96.600000 0.189666 -0.580158 -0.000000 0.000000
