#! FIELDS time phi psi ves.bias ves.force2
#! SET min_phi -pi
#! SET max_phi pi
#! SET min_psi -pi
#! SET max_psi pi
 0.000000 -1.498385 0.273949 25.037724 141.910265
 0.200000 -1.276379 1.098649 25.488002 143.489790
 0.400000 -0.639132 1.536451 4.344626 2182.560858
 0.600000 -0.680324 2.051342 6.251355 2064.899391
 0.800000 -0.767116 2.522255 9.948948 1607.064423
 1.000000 -0.808612 2.188080 11.590086 1541.751056
 1.200000 -0.750463 1.688839 9.712810 1592.788276
 1.400000 -1.332407 1.140863 26.018420 24.984009
 1.600000 -1.608671 0.479539 23.463468 289.474318
 1.800000 -1.378233 0.772902 26.094121 2.476562
 2.000000 -1.248022 1.629115 25.095707 261.886906
 2.200000 -0.772758 1.412937 10.657144 1523.670308
 2.400000 -1.144493 1.807406 23.119550 507.681953
 2.600000 -1.606967 2.018161 23.553474 322.756162
 2.800000 -2.077381 2.262550 21.770918 24.048839
 3.000000 -2.034742 2.956691 21.596763 11.521527
 3.200000 -2.976689 2.644002 16.959520 1190.064893
 3.400000 -2.924020 2.986164 18.730488 1055.980233
 3.600000 -2.832927 3.025994 21.349313 574.250415
 3.800000 -3.038316 2.565926 14.772175 1358.115894
 4.000000 -2.293839 3.093196 23.299145 37.032787
 4.200000 -2.758479 2.537302 22.828081 231.196191
 4.400000 -3.056033 2.845553 14.164877 1507.886791
 4.600000 -3.092784 -3.115837 12.667615 1840.685136
 4.800000 2.969877 2.655053 1.127380 1970.837919
 5.000000 -2.319065 2.683164 23.433039 32.131809
 5.200000 -1.717800 2.586330 21.608151 182.654492
 5.400000 -2.059156 2.137099 21.784711 9.374918
 5.600000 -2.251272 2.318640 22.966733 58.859433
 5.800000 -2.209456 -3.076247 22.637667 62.465849
 6.000000 -2.774372 2.625549 22.612544 287.495257
 6.200000 -3.140673 2.593613 10.494002 2582.697779
 6.400000 3.062514 -3.132597 6.076428 3327.705367
 6.600000 2.966843 2.775574 1.026905 1876.188644
 6.800000 -2.288313 2.582850 23.301885 45.502090
 7.000000 -1.435603 2.589404 25.956910 73.937417
 7.200000 -1.855383 1.958452 20.943813 9.041395
 7.400000 -1.850669 2.131697 20.930528 6.891085
 7.600000 -1.732356 2.761310 21.440191 142.027451
 7.800000 -2.339592 2.654529 23.632609 23.910378
 8.000000 3.084981 2.690096 7.483835 3197.897116
 8.200000 3.001769 -3.131914 2.897444 2768.989023
 8.400000 -3.056274 2.601626 14.327545 1533.087488
 8.600000 -2.466208 2.478606 24.130760 11.115173
 8.800000 -2.127391 2.915868 22.154163 37.373079
 9.000000 -2.059624 2.660782 21.835608 12.584922
 9.200000 -2.025092 2.217058 21.753430 9.111773
 9.400000 -1.782608 2.500717 21.091846 23.961365
 9.600000 -2.041003 2.715971 21.801654 9.458886
 9.800000 -2.434914 2.559705 24.023402 11.054412
 10.000000 -2.984073 2.736418 17.023620 1199.541785
 10.200000 -3.124284 -3.134133 11.508424 2177.169059
 10.400000 -2.823899 2.731173 21.676318 447.764856
 10.600000 -2.224303 2.502002 22.989925 66.174088
 10.800000 -1.753811 2.671466 21.314684 65.544973
 11.000000 -1.882296 2.377397 21.218330 19.905939
 11.200000 -2.220614 2.347028 23.011197 65.372336
 11.400000 -2.299969 2.931702 23.546993 26.088105
 11.600000 -3.016850 3.044991 15.920503 1334.556072
 11.800000 -2.906228 2.819580 19.616567 870.760795
 12.000000 -2.611630 2.679229 24.184475 14.422590
 12.200000 -2.173308 2.703364 22.673006 69.740617
 12.400000 -2.737807 2.544466 23.142340 163.789363
 12.600000 -2.748018 2.877459 23.007612 184.843673
 12.800000 -3.098626 2.762029 12.732351 1849.788299
 13.000000 3.060982 2.859741 6.461060 3237.870407
 13.200000 -2.162362 2.770128 22.618801 71.751490
 13.400000 -1.614838 2.165010 23.163919 265.893550
 13.600000 -1.623716 1.678468 23.019726 261.352996
 13.800000 -1.353055 0.741934 25.971409 7.338443
 14.000000 -0.646350 0.030169 4.706871 2344.798133
 14.200000 -0.444979 -0.362683 -0.000000 0.000000
 14.400000 -0.688549 -0.447844 6.673339 2151.831525
 14.600000 -0.451455 -0.198422 -0.000000 0.000000
 14.800000 -1.055209 0.122567 20.457933 816.706085
 15.000000 -1.296791 0.713099 25.528797 129.746993
 15.200000 -1.585857 1.539516 23.599435 252.865335
 15.400000 -1.307470 1.603822 25.599008 99.714942
 15.600000 -1.398285 1.096600 25.869899 15.441533
 15.800000 -1.210842 0.313028 24.089832 389.822495
 16.000000 -0.519075 0.206451 -0.000707 0.032113
 16.200000 -1.422780 0.376744 25.736297 48.594777
 16.400000 -1.940144 0.804558 21.722433 9.969318
 16.600000 -1.240143 1.497256 24.609727 315.501505
 16.800000 -1.070026 1.657304 20.830652 739.377840
 17.000000 -0.863665 2.154495 13.645812 1417.705084
 17.200000 -1.152374 2.295077 22.816026 480.530540
 17.400000 -0.665258 2.439146 5.563624 2266.467230
 17.600000 -0.777922 1.947094 10.413971 1481.361097
 17.800000 -0.711228 1.764750 7.678222 1938.531895
 18.000000 -1.833411 1.546003 21.374368 3.607132
 18.200000 -1.636064 0.865344 22.822475 228.036217
 18.400000 -1.093640 0.478147 21.437805 631.645506
 18.600000 -1.146011 0.227034 22.665258 485.871080
 18.800000 -0.905328 0.320958 15.202362 1446.439552
 19.000000 -1.100486 1.010236 21.608088 606.265811
 19.200000 -1.110465 1.565916 21.859664 561.778810
 19.400000 -0.795103 1.251246 11.096834 1406.729068
 19.600000 -1.043491 0.994740 20.088352 877.177074
 19.800000 -1.508549 0.711861 24.818704 204.172356
 20.000000 -1.006748 0.898338 18.931103 1110.502395
 20.200000 -1.338684 1.275502 25.793454 40.077103
 20.400000 -0.648095 1.170876 4.797127 2334.816057
 20.600000 -1.642504 1.154438 22.746575 217.468303
 20.800000 -1.399065 0.700806 25.889606 9.562886
 21.000000 -0.676033 0.194382 6.133491 2218.282886
 21.200000 -0.635306 0.019316 4.189452 2346.108583
 21.400000 -0.716812 -0.515885 8.005812 1900.438340
 21.600000 -0.809725 -0.171209 11.691295 1377.205570
 21.800000 -1.021456 0.386777 19.476909 1026.308485
 22.000000 -1.492049 1.195340 25.086082 177.578303
 22.200000 -1.439843 1.585223 25.682134 69.896671
 22.400000 -0.760541 1.388758 9.865049 1555.113768
 22.600000 -1.496542 1.375825 25.044813 185.108489
 22.800000 -1.590012 0.797562 23.602030 260.990552
 23.000000 -1.036390 0.377506 19.976820 930.496543
 23.200000 -1.010775 0.114716 19.192308 1105.264140
 23.400000 -0.704196 0.207025 7.537595 2023.850716
 23.600000 -1.356771 0.751243 25.914676 15.109462
 23.800000 -1.014591 1.205389 19.318427 1079.804638
 24.000000 -1.131651 1.199757 22.460229 475.018423
 24.200000 -1.219235 1.068236 24.228258 326.447304
 24.400000 -1.846021 0.849109 21.388084 2.253328
 24.600000 -0.877564 0.854110 14.305139 1398.579795
 24.800000 -1.195221 1.205210 23.783042 360.274434
 25.000000 -1.428214 1.320842 25.834516 45.008571
 25.200000 -0.537142 0.663973 -0.006829 225.327195
 25.400000 -1.105651 0.163368 21.957053 557.784924
 25.600000 -0.648226 -0.125201 4.961719 2417.785155
 25.800000 -0.734075 0.127788 8.925483 1756.554210
 26.000000 -1.614251 0.857377 23.282306 260.218069
 26.200000 -1.471881 1.513029 25.483289 137.339739
 26.400000 -0.707702 1.877503 7.822649 2009.958840
 26.600000 -0.880967 2.002165 14.515348 1402.414408
 26.800000 -0.460073 2.194751 -0.000000 0.000000
 27.000000 -1.795687 2.195880 21.390163 5.975066
 27.200000 -2.463255 2.472397 23.777518 1.833852
 27.400000 -3.027535 3.061929 15.415849 1352.658138
 27.600000 2.940046 3.036839 0.289388 1760.736503
 27.800000 -2.807146 2.648409 21.809302 408.842493
 28.000000 -2.349938 2.706022 23.745611 0.693969
 28.200000 -2.574472 2.812767 23.972229 0.926486
 28.400000 3.008386 2.586496 3.484417 2810.633644
 28.600000 -2.995498 2.915090 16.531805 1194.523938
 28.800000 -2.689064 2.762128 23.545737 86.531786
 29.000000 -2.892528 2.635529 19.739490 752.536434
 29.200000 -2.848551 3.046504 20.854068 570.166960
 29.400000 -3.121598 2.783692 11.528997 2108.604742
 29.600000 3.046662 2.695232 5.554261 3077.157658
 29.800000 -2.535858 2.980419 23.875044 5.213321
 30.000000 -2.507284 2.676123 23.808305 5.124492
 30.200000 -2.545812 2.659823 23.876969 4.566253
 30.400000 -2.941433 3.101655 18.285744 961.422823
 30.600000 -3.022923 2.964169 15.542829 1322.428788
 30.800000 -3.051272 2.565035 14.481322 1488.998535
 31.000000 -2.614338 2.797690 23.918772 2.726203
 31.200000 -2.622658 2.769546 23.896702 5.645653
 31.400000 -2.983568 2.649543 16.926111 1142.192745
 31.600000 -2.768935 2.950432 22.484448 284.762917
 31.800000 3.099933 2.895461 8.445960 2827.332578
 32.000000 2.966484 2.764194 1.377429 2027.667700
 32.200000 -2.747841 3.034677 22.823641 219.166256
 32.400000 -2.742243 2.572809 22.905029 203.648573
 32.600000 -2.641603 2.663647 23.836937 17.693936
 32.800000 -3.000987 2.876330 16.335476 1222.037216
 33.000000 2.976803 3.027795 1.850218 2246.236092
 33.200000 -3.069710 2.520800 13.770002 1625.233070
 33.400000 -2.410580 2.943279 23.678153 0.089713
 33.600000 -2.158341 2.613993 22.233882 98.667460
 33.800000 -2.063789 2.207150 21.564605 14.861236
 34.000000 -1.835017 2.262633 21.220056 0.208361
 34.200000 -2.183463 2.639237 22.469924 112.237151
 34.400000 -3.123484 2.924120 11.463060 2143.061699
 34.600000 -3.061346 3.139728 14.115374 1555.600968
 34.800000 -2.794508 2.762655 22.058617 363.222734
 35.000000 -2.444170 2.626476 23.698728 1.315937
 35.200000 -2.324956 2.900313 23.549370 9.325442
 35.400000 -2.400275 2.644652 23.657018 0.453552
 35.600000 -2.626242 2.740988 23.935722 8.606993
 35.800000 -2.980952 2.776884 17.050197 1135.733656
 36.000000 2.890022 3.035479 -0.000004 0.000001
 36.200000 -2.969949 2.700651 17.431825 1090.302516
 36.400000 -2.767384 2.753137 22.562767 275.017383
 36.600000 -2.411085 2.753109 23.664316 0.913745
 36.800000 -2.727750 2.610990 23.147983 166.993841
 37.000000 -2.718965 3.030467 23.257848 146.118775
 37.200000 3.096917 2.986857 8.364932 2886.630062
 37.400000 2.986714 2.758253 2.355943 2492.044197
 37.600000 -2.465454 2.821996 23.759064 5.708192
 37.800000 -2.398061 2.612002 23.651785 1.065564
 38.000000 -2.031624 2.622553 21.341300 5.303942
 38.200000 -2.118516 2.685167 21.761002 68.983003
 38.400000 -2.115920 2.703657 21.739674 66.049764
 38.600000 -2.494208 2.523709 23.857824 9.651084
 38.800000 -2.552957 2.841987 24.029254 4.835643
 39.000000 -2.900135 2.861509 19.614030 792.229748
 39.200000 3.085334 2.760202 7.779174 3002.238389
 39.400000 -2.866605 3.079006 20.529724 642.450067
 39.600000 -2.689255 2.766940 23.643702 91.151894
 39.800000 -2.468044 2.640488 23.808219 8.473532
 40.000000 -2.384769 2.773699 23.643928 1.955011
 40.200000 -2.590058 2.771088 24.147713 0.024835
 40.400000 -2.843633 2.870822 21.106639 545.364363
 40.600000 2.972204 2.818904 1.681000 2233.674842
 40.800000 -3.132354 3.017505 11.165028 2243.145475
 41.000000 -2.815547 2.787826 21.728159 437.128967
 41.200000 -2.887802 2.860802 20.014173 731.027069
 41.400000 -3.026308 3.003371 15.585603 1334.371486
 41.600000 3.126023 2.873778 9.976531 2566.454355
 41.800000 -2.920553 2.788819 19.086266 875.202586
 42.000000 -2.387214 2.912747 23.669119 2.957303
 42.200000 -2.605774 2.507482 24.209067 2.570699
 42.400000 -2.241218 2.709998 23.007866 83.051951
 42.600000 -2.546734 2.829650 24.164708 7.070403
 42.800000 -2.833920 2.731026 21.381133 499.799744
 43.000000 -2.926023 2.894329 18.966195 894.215783
 43.200000 -2.977150 3.027769 17.390164 1112.713975
 43.400000 -2.698411 2.728746 23.660912 117.178077
 43.600000 -2.232802 2.671468 22.925181 93.709688
 43.800000 -1.970350 2.636141 21.073924 1.200509
 44.000000 -2.046211 2.619653 21.246353 16.572388
 44.200000 -2.469382 2.477968 23.979271 14.287875
 44.400000 -2.445823 3.141448 23.894936 11.221249
 44.600000 -3.103333 2.858172 12.617392 1954.982651
 44.800000 2.910159 2.749738 -0.000577 0.021980
 45.000000 -3.047318 -3.101590 14.922472 1476.495034
 45.200000 -2.798032 2.915903 22.204382 364.811113
 45.400000 -2.575930 2.573829 24.354065 0.256415
 45.600000 -2.269053 3.066127 23.234150 58.332303
 45.800000 -2.466066 2.610642 24.015268 15.209157
 46.000000 -3.068353 2.492042 14.135377 1636.730206
 46.200000 2.997580 -3.056158 3.014629 2779.581209
 46.400000 2.992826 2.747288 2.765835 2696.167110
 46.600000 -2.410763 2.474793 23.866720 10.176192
 46.800000 -1.712955 2.627461 21.704633 130.191908
 47.000000 -1.877088 2.228112 20.933216 0.037623
 47.200000 -2.479163 2.416095 24.170163 17.742558
 47.400000 -2.704850 3.037228 23.700343 141.816493
 47.600000 2.825805 2.667585 -0.000000 0.000000
 47.800000 -2.419184 2.675939 23.933667 12.480402
 48.000000 -1.764857 2.589167 21.212314 46.268680
 48.200000 -1.876958 1.992561 20.887802 0.019304
 48.400000 -1.990944 2.288083 21.009864 4.133962
 48.600000 -2.216251 2.795769 22.739307 117.105868
 48.800000 -2.566572 2.885407 24.495007 0.754818
 49.000000 2.939606 2.702997 0.323573 1784.378308
 49.200000 -2.841645 2.855089 21.398064 494.842198
 49.400000 -2.760401 2.665058 22.959337 266.185584
 49.600000 -2.759830 2.889938 22.968647 264.875672
 49.800000 -2.933231 2.926788 19.020610 880.058066
 50.000000 -3.045633 2.906059 15.201620 1483.816797
 50.200000 -3.118814 2.893640 12.130616 2198.996046
 50.400000 -2.839166 2.742417 21.491108 485.858417
 50.600000 -2.764104 2.895098 22.935571 274.225094
 50.800000 -3.041629 2.920615 15.392447 1457.423781
 51.000000 2.937508 2.908611 0.254094 1810.785691
 51.200000 -3.069790 2.964937 14.324777 1689.344792
 51.400000 -3.057300 2.741125 14.829871 1583.551165
 51.600000 -3.066838 2.878205 14.445641 1663.348867
 51.800000 3.018404 3.064550 4.229374 3134.540882
 52.000000 3.089393 2.810898 8.281628 3136.847759
 52.200000 -2.675801 2.776270 24.180226 93.009578
 52.400000 -2.736685 2.706040 23.438975 210.592308
 52.600000 -2.779007 2.867382 22.762478 304.080948
 52.800000 3.003110 2.745648 3.405181 2942.251499
 53.000000 -2.992840 -3.061587 17.269857 1172.883479
 53.200000 -2.434149 2.597086 24.202323 22.370584
 53.400000 -1.968268 2.350771 20.900214 3.441916
 53.600000 -1.259362 2.681833 24.686679 193.357220
 53.800000 -0.684674 2.114901 6.570866 2248.454422
 54.000000 -0.556639 1.595447 0.633246 1514.162239
 54.200000 -1.249362 1.091582 24.515126 209.119350
 54.400000 -1.763820 0.416690 21.094817 46.043937
 54.600000 -1.556533 0.479981 23.912553 272.755002
 54.800000 -1.008029 1.099412 19.075071 1168.239077
 55.000000 -1.233191 1.592785 24.274277 234.264194
 55.200000 -0.692064 1.315165 6.860751 2191.662921
 55.400000 -0.599349 1.043274 2.411326 2098.783946
 55.600000 -1.238789 1.027242 24.332812 225.042624
 55.800000 -1.676055 0.707193 21.988125 184.566648
 56.000000 -0.846962 0.711799 13.088290 1340.678952
 56.200000 -1.371858 0.886019 25.582675 3.626246
 56.400000 -1.182720 0.872314 23.398045 309.463144
 56.600000 -1.097543 0.793799 21.653316 587.107273
 56.800000 -1.664308 0.794245 22.137209 201.270352
 57.000000 -1.436968 0.866307 25.405475 51.883912
 57.200000 -1.029400 0.932404 19.716735 1032.295696
 57.400000 -1.679217 1.121866 21.920686 174.530077
 57.600000 -1.048325 0.686358 20.304646 898.504132
 57.800000 -0.570431 0.009911 1.120140 1671.037630
 58.000000 -0.539535 -0.757720 -0.015964 108.389724
 58.200000 -0.458866 -0.563520 -0.000000 0.000000
 58.400000 -0.625331 0.355132 3.582827 2306.201864
 58.600000 -1.474103 1.096420 25.023010 133.474084
 58.800000 -1.749376 1.407875 21.163047 64.554403
 59.000000 -0.850765 1.458818 13.161034 1338.800625
 59.200000 -1.158383 1.276062 22.905727 356.621653
 59.400000 -1.616400 0.827081 22.827292 254.439895
 59.600000 -1.571740 0.547107 23.558415 273.732773
 59.800000 -0.863172 1.016230 13.595433 1352.120726
 60.000000 -1.085545 1.467078 21.309434 655.032732
 60.200000 -0.829065 1.038227 12.328570 1331.570097
 60.400000 -1.427168 0.653754 25.416610 35.409029
 60.600000 -1.157651 0.761556 22.880684 356.797848
 60.800000 -1.354534 1.123417 25.471581 19.673832
 61.000000 -1.291960 1.058617 24.955887 132.498313
 61.200000 -1.208436 0.645034 23.761166 264.864952
 61.400000 -1.181369 0.664216 23.304477 306.500329
 61.600000 -1.214121 1.246173 23.853004 257.092260
 61.800000 -1.656211 1.538389 22.224287 202.078229
 62.000000 -1.571801 1.431033 23.546833 268.716644
 62.200000 -0.970152 0.655751 17.570859 1392.327143
 62.400000 -0.987983 0.035176 18.227533 1315.790748
 62.600000 -0.519551 -0.624442 -0.000733 0.032161
 62.800000 -0.405897 -0.464667 -0.000000 0.000000
 63.000000 -1.282789 0.310495 24.836934 148.834525
 63.200000 -1.226086 1.457088 24.044677 238.680520
 63.400000 -1.561140 2.356909 23.725151 259.020717
 63.600000 -2.706565 2.773367 24.114660 142.565308
 63.800000 2.980968 -3.001988 2.367197 2594.384232
 64.000000 3.084054 2.878124 8.221212 3334.874504
 64.200000 -2.637576 2.636923 24.753104 36.488089
 64.400000 -1.875504 2.885699 20.598536 1.031711
 64.600000 -1.503950 2.417981 24.594553 190.542774
 64.800000 -1.876810 1.923785 20.597246 0.922393
 65.000000 -1.885525 1.955704 20.590440 0.366495
 65.200000 -1.592196 2.415113 23.236037 253.478056
 65.400000 -2.541364 2.734931 24.899422 7.624518
 65.600000 3.024775 2.981251 4.780120 3303.886917
 65.800000 -2.987860 3.032123 17.946435 1169.242070
 66.000000 -2.157309 2.526410 21.883533 126.178227
 66.200000 -1.628136 2.279925 22.685793 228.314185
 66.400000 -1.812088 2.188684 20.761250 22.044771
 66.600000 -2.123007 2.512450 21.500088 98.904738
 66.800000 -2.826432 2.955658 22.259619 383.126839
 67.000000 2.759028 2.860969 -0.000000 0.000000
 67.200000 -2.390696 2.814921 24.064796 43.639052
 67.400000 -1.672990 2.291918 22.058764 177.631746
 67.600000 -1.807889 1.945599 20.787396 26.247097
 67.800000 -1.723049 1.845686 21.456380 112.727602
 68.000000 -1.793623 2.293236 20.866958 36.434782
 68.200000 -2.036643 3.046456 20.813100 26.087681
 68.400000 2.902394 2.752664 -0.000314 0.006271
 68.600000 -2.478163 2.965293 24.626216 35.391879
 68.800000 -1.767385 2.367471 21.073555 61.967631
 69.000000 -1.591480 2.216882 23.268956 240.439605
 69.200000 -1.884608 1.789043 20.560262 2.537757
 69.400000 -1.905809 2.200399 20.535961 0.505749
 69.600000 -1.908475 2.771054 20.534207 0.365717
 69.800000 -2.538245 2.683159 24.917745 9.474816
 70.000000 -2.831014 2.685269 22.213930 391.616662
 70.200000 -3.093457 -3.106742 13.813183 2104.104599
 70.400000 2.883958 2.659843 -0.000005 0.000001
 70.600000 -2.529697 2.811265 24.893835 13.508782
 70.800000 -1.701822 2.743641 21.770000 132.997005
 71.000000 -2.107675 2.144285 21.299755 86.375256
 71.200000 -1.950243 2.425887 20.538375 0.503068
 71.400000 -2.083026 3.036019 21.078145 62.225224
 71.600000 -2.613848 2.665666 24.916241 13.784102
 71.800000 -3.113920 2.733128 12.854848 2352.384055
 72.000000 3.131201 -3.074008 10.916769 2838.110628
 72.200000 3.002460 2.603779 3.588458 3004.414105
 72.400000 -2.829504 2.532139 22.289951 380.103027
 72.600000 -2.322647 2.960792 23.524813 67.413709
 72.800000 -2.176670 2.454165 22.020367 131.756662
 73.000000 -1.811242 2.260952 20.879665 33.099237
 73.200000 -1.787480 2.296297 21.054166 50.106111
 73.400000 -2.124494 2.732980 21.455918 99.938591
 73.600000 -2.922378 2.753160 20.117781 784.784424
 73.800000 2.974671 3.017157 2.145266 2467.168931
 74.000000 2.981185 3.016918 2.473409 2607.718194
 74.200000 -2.627613 2.736698 24.860043 25.915032
 74.400000 -1.866126 2.553093 20.662948 11.744435
 74.600000 -1.798150 2.367251 21.005353 44.317555
 74.800000 -2.099650 2.254436 21.226592 77.973390
 75.000000 -2.333254 2.998693 23.587361 65.282911
 75.200000 -2.756151 2.854488 23.556348 206.034127
 75.400000 3.013641 2.674879 4.258931 3167.931002
 75.600000 2.913635 2.996811 -0.008843 4.228483
 75.800000 -2.842671 2.750841 22.071651 414.902006
 76.000000 -2.617733 2.499539 24.907160 17.512684
 76.200000 -2.001956 2.985071 20.638787 10.492952
 76.400000 -1.979728 2.564915 20.581013 3.874547
 76.600000 -2.155163 2.126638 21.788831 116.287055
 76.800000 -1.720093 2.544724 21.710430 99.969581
 77.000000 -2.371035 2.870890 23.869491 59.786360
 77.200000 2.936934 2.632441 0.507789 1694.797311
 77.400000 -3.141224 3.018634 11.552900 2676.060160
 77.600000 -3.123312 3.000106 12.459997 2454.484273
 77.800000 -2.836621 2.834858 22.225449 388.026517
 78.000000 -1.995591 2.774218 20.627142 8.418091
 78.200000 -1.801591 2.335547 21.073012 46.114486
 78.400000 -2.044728 2.281085 20.850543 34.723366
 78.600000 -2.198179 2.908128 22.269254 116.428750
 78.800000 -2.756394 2.808217 23.575581 197.812901
 79.000000 3.043493 2.621144 6.042187 3395.042107
 79.200000 -3.024543 2.957230 16.806448 1480.704330
 79.400000 3.066327 2.765077 7.397658 3376.743608
 79.600000 -3.011702 2.957129 17.292482 1385.440408
 79.800000 3.095301 2.915212 9.060526 3183.821970
 80.000000 2.959562 2.701198 1.534519 2168.499972
 80.200000 -2.869000 3.035766 21.587823 505.788734
 80.400000 -3.001416 2.738616 17.690287 1313.148140
 80.600000 -2.824968 2.717996 22.486531 341.102732
 80.800000 -2.150397 3.047275 21.773532 106.608126
 81.000000 -2.111322 2.402887 21.388710 85.372606
 81.200000 -1.911163 1.683386 20.628780 3.747657
 81.400000 -1.010805 1.190784 18.749934 1250.130354
 81.600000 -1.539377 0.755538 23.975543 187.948291
 81.800000 -1.823647 0.595290 20.988201 36.692045
 82.000000 -1.372684 0.712427 25.290147 3.235250
 82.200000 -0.584843 1.318677 1.473076 1691.522403
 82.400000 -0.803652 2.171395 10.942716 1388.680686
 82.600000 -0.602155 2.388731 2.207946 1906.040810
 82.800000 -0.596048 1.873187 1.943784 1835.494844
 83.000000 -1.682093 0.820929 22.188543 107.872699
 83.200000 -1.030742 -0.176385 19.393584 1114.757234
 83.400000 -0.809055 -0.499851 11.123820 1374.485083
 83.600000 -0.628690 0.052496 3.389850 2124.070678
 83.800000 -1.374908 1.027646 25.258981 2.355852
 84.000000 -1.608941 1.609731 23.031970 157.280983
 84.200000 -0.951461 1.202929 16.467820 1493.338672
 84.400000 -1.426749 0.738328 25.139774 30.431942
 84.600000 -1.566010 0.627559 23.586499 178.410652
 84.800000 -0.972660 0.833256 17.281513 1445.936231
 85.000000 -0.936850 1.214458 15.902177 1501.137031
 85.200000 -1.256407 1.416537 24.233277 185.457864
 85.400000 -1.122696 0.637259 21.912839 497.361096
 85.600000 -0.725936 0.033498 7.805791 1831.029767
 85.800000 -0.518637 -0.083380 -0.000225 0.002809
 86.000000 -1.015297 0.077976 18.830849 1223.212976
 86.200000 -0.896423 0.543732 14.317306 1448.489170
 86.400000 -1.007298 1.405351 18.535664 1276.322414
 86.600000 -0.754895 1.687774 8.994164 1617.744032
 86.800000 -0.665559 2.029139 5.074982 2170.806953
 87.000000 -1.001255 2.241129 18.318191 1313.148896
 87.200000 -0.525391 2.125284 -0.001065 0.064558
 87.400000 -0.570067 1.799960 0.853911 1462.237115
 87.600000 -1.108394 1.513770 21.561176 567.556081
 87.800000 -1.305500 0.561875 24.798547 99.957102
 88.000000 -0.423916 -0.761097 -0.000000 0.000000
 88.200000 -0.526448 -0.458023 -0.001354 0.104321
 88.400000 -1.026370 0.339242 19.189443 1142.212644
 88.600000 -1.365049 1.325360 25.187873 8.406179
 88.800000 -0.562023 2.068292 0.549407 1385.862510
 89.000000 -1.225147 2.432450 23.750142 232.832992
 89.200000 -2.099134 2.468800 21.362589 70.190220
 89.400000 3.046629 2.792434 6.448801 3360.198670
 89.600000 2.954378 -2.983398 1.473456 2124.824374
 89.800000 -2.552255 2.495192 24.970881 2.866281
 90.000000 -1.437770 1.884594 25.024099 47.966411
 90.200000 -0.563870 1.746977 0.618989 1392.137319
 90.400000 -0.643657 1.811020 4.037165 2148.640412
 90.600000 -0.966351 1.999117 17.000670 1465.626152
 90.800000 -0.945528 2.312950 16.197341 1504.036876
 91.000000 -0.735681 2.175070 8.175023 1747.931564
 91.200000 -0.382080 1.706473 -0.000000 0.000000
 91.400000 -1.265760 1.673575 24.311798 172.535008
 91.600000 -1.804973 1.229619 21.214184 52.219445
 91.800000 -1.040725 0.482627 19.654140 1027.271781
 92.000000 -0.635105 0.049859 3.644350 2116.095557
 92.200000 -0.845042 -0.181899 12.371062 1368.897597
 92.400000 -0.589953 -0.342922 1.654908 1724.971034
 92.600000 -0.692949 -0.142431 6.312748 2035.124572
 92.800000 -0.890493 0.343779 14.074285 1449.401606
 93.000000 -1.616172 0.999291 22.934493 127.662379
 93.200000 -0.750394 1.177888 8.781624 1637.426745
 93.400000 -0.704384 1.673935 6.831473 1958.871095
 93.600000 -0.748129 2.195721 8.689771 1652.319273
 93.800000 -0.932152 2.637900 15.681265 1505.306754
 94.000000 -0.513109 1.925774 -0.000064 0.000219
 94.200000 -0.776024 1.228884 9.802401 1488.225061
 94.400000 -1.429644 0.682220 25.038998 36.957116
 94.600000 -1.782737 0.543678 21.397052 60.548959
 94.800000 -1.170702 1.027867 22.805385 330.433546
 95.000000 -1.098635 1.674023 21.282802 612.219854
 95.200000 -0.691920 1.758790 6.302263 2022.579975
 95.400000 -0.729015 2.241082 7.920039 1773.513992
 95.600000 -0.713586 2.352931 7.260298 1883.245178
 95.800000 -0.788405 2.010494 10.283474 1433.590350
 96.000000 -0.707402 1.540193 6.990411 1925.769894
 96.200000 -0.895496 1.330259 14.286773 1452.431176
 96.400000 -1.492047 0.924759 24.448579 136.256577
 96.600000 -0.916464 0.329123 15.090885 1485.912657
 96.800000 -1.186323 0.409837 23.073612 298.656827
 97.000000 -1.014850 0.570379 18.784006 1195.249372
 97.200000 -1.444319 1.330055 24.919099 61.121796
 97.400000 -1.858205 1.555450 20.890347 29.126511
 97.600000 -1.459184 1.320029 24.791540 86.573198
 97.800000 -1.049272 0.615503 19.912929 938.981906
 98.000000 -1.553070 0.653706 23.678653 162.075562
 98.200000 -0.933508 1.170477 15.767727 1491.344042
 98.400000 -0.784611 1.727545 10.184475 1428.450759
 98.600000 -0.547479 2.087118 0.095208 1155.135812
 98.800000 -0.658730 2.284656 4.855899 2137.806964
 99.000000 -0.699418 2.053550 6.705198 1959.759966
 99.200000 -0.578375 1.536397 1.301209 1637.587987
 99.400000 -1.370855 1.371445 25.149964 3.418110
 99.600000 -1.596084 0.398849 23.150625 136.418137
 99.800000 -0.533143 -0.202343 -0.011360 5.662327
 100.000000 -0.729266 -0.146010 8.016759 1740.692453
 100.200000 -1.248202 0.174988 24.881204 203.689865
 100.400000 -0.621162 0.104405 4.021420 2071.019487
 100.600000 -0.705757 -0.094069 7.879959 1903.877212
 100.800000 -0.623613 -0.351578 4.133142 2084.441738
 101.000000 -0.517705 -0.461506 0.036642 466.541740
 101.200000 -0.773473 0.170676 10.658976 1448.646538
 101.400000 -1.818702 1.407295 21.962973 49.652445
 101.600000 -1.859638 2.409498 21.704182 30.031690
 101.800000 -2.561443 2.906415 25.680461 0.612230
 102.000000 2.904401 2.912723 0.425912 1134.360060
 102.200000 -2.521767 2.730874 25.554364 18.793875
 102.400000 -1.885695 2.381514 21.569118 17.654742
 102.600000 -1.877499 1.782166 21.605407 21.612852
 102.800000 -1.293639 1.640263 25.443864 122.567046
 103.000000 -0.429107 0.726568 -0.000000 0.000000
 103.200000 -0.618128 -0.300172 3.963692 2077.674124
 103.400000 -0.626897 -0.630336 4.365523 2118.948528
 103.600000 -0.410857 -0.116049 -0.000000 0.000000
 103.800000 -1.106887 0.707455 22.284641 548.658052
 104.000000 -2.033310 1.364931 21.638730 28.912948
 104.200000 -1.562737 1.915217 24.360844 156.895325
 104.400000 -0.567459 2.345479 1.807689 1568.919854
 104.600000 -0.569864 1.971843 1.903456 1602.022276
 104.800000 -0.822449 1.646055 12.504608 1311.747345
 105.000000 -1.228682 0.948620 24.551813 234.869918
 105.200000 -1.200112 0.255240 24.085632 278.412927
 105.400000 -0.474139 -0.016939 -0.000070 0.000142
 105.600000 -0.646519 -0.524287 5.334719 2147.721707
 105.800000 -0.661566 -0.563515 6.029949 2115.155439
 106.000000 -0.868424 0.059275 14.189963 1363.328565
 106.200000 -1.618221 1.045443 23.686947 119.330773
 106.400000 -1.529828 1.571563 24.758346 160.889586
 106.600000 -0.665227 1.442282 6.231594 2093.233073
 106.800000 -0.752271 1.856421 9.932237 1509.041442
 107.000000 -0.699461 2.352341 7.761777 1885.660008
 107.200000 -0.980459 2.133747 18.414943 1325.624144
 107.400000 -0.469178 1.984544 -0.000031 0.000027
 107.600000 -0.590415 1.590747 2.853994 1895.123735
 107.800000 -0.706519 1.853383 8.097428 1819.073867
 108.000000 -0.778145 2.030392 10.933690 1371.482167
 108.200000 -0.777940 2.144269 10.950196 1362.096700
 108.400000 -0.881510 2.353163 14.709051 1377.582978
 108.600000 -0.693402 1.784542 7.567760 1904.087797
 108.800000 -0.979141 1.733982 18.370878 1321.115804
 109.000000 -1.851459 1.476783 21.718641 37.869176
 109.200000 -1.726728 0.689031 22.643006 68.049929
 109.400000 -0.391669 -0.240178 -0.000000 0.000000
 109.600000 -0.305447 -0.783417 -0.000000 0.000000
 109.800000 -0.536809 -0.515978 0.791459 1227.798251
 110.000000 -1.152974 0.485781 23.197400 377.888646
 110.200000 -1.224774 1.645110 24.442541 247.707220
 110.400000 -0.723498 2.027711 8.914712 1646.540534
 110.600000 -0.867806 2.049380 14.234346 1335.202497
 110.800000 -1.302669 1.765438 25.477483 102.664901
 111.000000 -0.462447 0.725109 -0.000011 0.000003
 111.200000 -0.969094 -0.348248 18.020235 1333.708179
 111.400000 -0.562818 -0.754236 1.840046 1647.783935
 111.600000 0.445118 -0.351747 -0.000000 0.000000
