1017.200000
4820.600000
2190.800000
207.600000
3166.400000
1384.000000
645.400000
3154.800000
823.400000
156.000000
328.600000
5274.000000
2698.600000
4807.400000
2737.600000
1027.600000
7773.200000
1058.200000
3338.600000
4122.200000
1410.400000
719.200000
3297.800000
928.800000
1114.600000
541.600000
402.600000
577.600000
3265.000000
2033.600000
3530.400000
3316.000000
367.200000
57.400000
4367.600000
915.000000
4.600000
514.000000
6888.800000
261.200000
2345.200000
3188.800000
650.800000
371.400000
3193.800000
2287.000000
3237.000000
1714.000000
1628.000000
864.200000
282.000000
1891.600000
2884.200000
1066.400000
2823.000000
3129.000000
373.600000
12470.400000
2914.400000
11353.600000
