5.441921267803596
28.27450221101947
12.008716565357476
1.3850363273471762
17.340065991829917
8.98265367652414
3.7579473661202485
18.591829206462634
5.809669171163759
0.8184416839361173
1.487873218973782
31.097638586009122
16.335498256494024
26.33300365435247
15.734278169841174
6.572348748121082
43.24169137538994
5.684372307455114
20.365656033296947
26.22149724942471
7.223697921558185
3.5877299062829997
19.067293540240275
4.871681227860844
6.830843707339872
2.531296329265102
2.07254595256189
3.5353727583290055
20.01522203074449
11.612780769263477
20.142894470435955
19.576250799483173
1.8591446168753978
0.2920337981101715
25.505999685465586
5.216623813195052
0.0258091241816584
3.0406778095534523
39.778045256792595
1.7881911909957695
14.27616098224844
20.483015896411768
3.177043126568107
2.100453022735302
19.512779801227495
12.464253075686266
17.843584672407417
10.514680334094962
9.921704170082116
4.091496159068357
1.7175694031514828
11.25864213452311
15.081190956664996
5.896253921483487
16.756700079424785
19.58926928722608
2.2361748007753666
73.81266568178955
17.423384156586927
65.55738808282037
