#! FIELDS time phi psi ves.bias ves.force2
#! SET min_phi -pi
#! SET max_phi pi
#! SET min_psi -pi
#! SET max_psi pi
 0.000000 -1.498385 0.273949 27.215882 148.921278
 0.200000 -1.450124 0.536154 27.703806 61.851106
 0.400000 -1.253105 1.022120 27.144657 202.740743
 0.600000 -0.785380 1.246567 11.358304 1985.069795
 0.800000 -0.951641 1.393579 18.464147 1520.618814
 1.000000 -1.463639 1.175435 27.588650 84.040034
 1.200000 -1.917929 0.798154 22.692862 0.158031
 1.400000 -1.050411 0.598070 22.232528 927.910043
 1.600000 -1.163368 0.701370 25.360279 594.512854
 1.800000 -1.737172 1.077248 23.679777 164.983870
 2.000000 -1.639010 0.950987 25.260417 327.205858
 2.200000 -0.646435 0.657585 5.877284 1113.835697
 2.400000 -2.238437 0.487413 24.349692 76.902715
 2.600000 -1.866740 0.362242 22.842683 13.864667
 2.800000 -0.559017 0.170874 3.373670 578.317360
 3.000000 -0.677476 0.000592 6.966963 1356.621870
 3.200000 -0.826211 -0.216699 13.429572 2134.965574
 3.400000 -0.343103 -0.260946 0.299123 51.652172
 3.600000 -0.663491 -0.023219 6.538377 1266.160737
 3.800000 -1.305192 0.468838 27.761183 82.021286
 4.000000 -1.654432 1.511155 25.311673 280.838248
 4.200000 -0.586034 1.608287 4.183022 823.777452
 4.400000 -0.496021 2.433632 2.041355 348.384572
 4.600000 -1.046719 2.179864 22.202556 960.695718
 4.800000 -0.459598 1.519780 1.437069 212.206310
 5.000000 -0.756549 1.577477 10.395951 1855.574315
 5.200000 -0.859833 2.127298 15.058797 1929.183818
 5.400000 -0.564662 2.132936 3.724277 774.288814
 5.600000 -0.822105 2.100989 13.396389 1936.980511
 5.800000 -1.006374 1.742295 20.929717 1191.996303
 6.000000 -0.819919 1.670825 13.300207 1934.382609
 6.200000 -1.252980 1.849421 27.099833 199.173531
 6.400000 -0.668381 1.596301 7.334941 1370.622237
 6.600000 -0.436204 1.712958 1.135454 170.787207
 6.800000 -1.182910 2.126773 25.872694 428.225542
 7.000000 -0.296964 1.904310 0.009234 11.470097
 7.200000 -0.911535 2.257431 17.400711 1722.753754
 7.400000 -0.613573 1.782867 5.582673 1191.819998
 7.600000 -0.493085 1.781658 2.129124 449.195257
 7.800000 -1.686736 1.998784 24.915828 270.796011
 8.000000 -2.365784 2.166743 25.238532 33.627132
 8.200000 -2.773093 -3.141492 23.642718 262.296071
 8.400000 2.977754 -3.080754 3.226883 1019.891863
 8.600000 -2.836283 2.565113 22.444436 471.671411
 8.800000 -1.943920 2.524634 22.647899 0.322818
 9.000000 -1.843500 2.431884 22.928194 45.552794
 9.200000 -2.098616 2.408094 23.183049 31.589639
 9.400000 -2.804365 2.867644 23.062426 360.178454
 9.600000 3.075674 2.946987 7.363508 2576.772228
 9.800000 -2.930330 2.683902 19.978654 919.051706
 10.000000 -2.354278 2.683980 25.103429 39.208119
 10.200000 -2.518921 2.662165 25.493350 1.675716
 10.400000 -2.639342 2.659435 25.058397 39.256881
 10.600000 -3.012822 2.969369 17.069187 1633.268684
 10.800000 -3.038502 2.940197 15.986169 1929.981590
 11.000000 -3.018352 2.696964 16.843607 1694.997010
 11.200000 -2.692508 2.882196 24.627440 94.926221
 11.400000 -2.844337 2.742014 22.219328 495.102664
 11.600000 -3.000305 2.879215 17.582044 1493.035068
 11.800000 -3.090489 3.049677 13.552659 2524.583913
 12.000000 3.128000 2.703110 10.153084 2883.118450
 12.200000 -3.069083 2.853657 14.670903 2265.412431
 12.400000 3.074967 3.060233 7.425871 2587.786978
 12.600000 3.095486 2.777657 8.489954 2777.464757
 12.800000 -3.045100 2.872560 15.775149 1975.180439
 13.000000 3.127629 3.027566 10.207450 2894.849257
 13.200000 -3.115541 2.784025 12.493731 2683.002077
 13.400000 -2.987530 2.700145 18.147996 1281.178027
 13.600000 -2.608068 3.041131 25.225883 22.268509
 13.800000 -2.895853 2.683794 20.978292 706.836376
 14.000000 3.053052 2.724305 6.466533 2396.832170
 14.200000 3.024992 3.115693 5.245402 2058.874533
 14.400000 -3.085962 2.768752 14.127638 2328.869392
 14.600000 -2.526454 2.711109 25.487761 3.487833
 14.800000 -2.092572 2.725284 23.115026 22.545219
 15.000000 -2.097253 2.617265 23.137405 23.185959
 15.200000 -2.294780 2.595735 24.560089 79.253638
 15.400000 -2.424471 2.731551 25.434724 11.304195
 15.600000 -2.953954 2.827183 19.377411 967.603576
 15.800000 3.007224 2.972816 4.560790 1865.239119
 16.000000 -3.052599 2.783617 15.765655 1842.614937
 16.200000 -3.027843 2.858400 16.858322 1503.499869
 16.400000 3.025626 2.786054 5.508604 2279.148840
 16.600000 2.932781 2.900492 1.960912 759.566179
 16.800000 -2.613281 2.914774 25.233517 21.142169
 17.000000 -2.423686 2.598055 25.430082 12.813769
 17.200000 -2.034433 2.626415 22.824570 25.714174
 17.400000 -2.273729 2.715149 24.373404 73.796668
 17.600000 -2.411870 2.610450 25.389348 19.727843
 17.800000 -2.600295 2.788393 25.306836 16.865560
 18.000000 2.993238 2.767455 4.142090 1846.582443
 18.200000 -3.120486 2.932961 13.016679 2447.223543
 18.400000 -2.844095 3.032542 22.381900 519.625903
 18.600000 -2.404194 2.702322 25.379112 24.472844
 18.800000 -1.895723 2.467904 22.431361 3.753837
 19.000000 -2.069048 2.295824 23.008049 32.778776
 19.200000 -2.044444 2.591665 22.867554 33.554695
 19.400000 -2.592488 2.866425 25.378588 15.030869
 19.600000 3.141205 2.766095 12.081942 2654.496127
 19.800000 -2.721240 3.004746 24.508670 122.793948
 20.000000 -2.014300 2.549151 22.699448 28.001298
 20.200000 -1.945241 2.331833 22.413332 5.052546
 20.400000 -1.805093 2.470749 22.956276 104.618225
 20.600000 -2.374095 2.596819 25.264967 43.993710
 20.800000 -2.876006 2.904900 21.648750 645.426988
 21.000000 3.039944 3.080052 6.710228 2891.600653
 21.200000 -3.011491 2.705524 17.747368 1094.553748
 21.400000 -2.450378 2.952158 25.633339 4.222904
 21.600000 -2.283311 2.578886 24.566729 71.868733
 21.800000 -2.318644 2.531061 24.866444 70.092871
 22.000000 -2.312449 2.911203 24.814347 71.272288
 22.200000 -2.677430 2.729792 24.969022 52.877757
 22.400000 -2.945191 2.772923 19.804740 827.789883
 22.600000 2.946570 3.015995 2.460516 1380.475983
 22.800000 3.053953 2.844801 7.692436 3140.768041
 23.000000 -2.551204 2.909587 25.575457 9.437798
 23.200000 -2.508459 2.700367 25.696234 2.698922
 23.400000 -2.458333 2.704174 25.713121 1.278876
 23.600000 -2.942035 2.898824 19.923474 812.832357
 23.800000 3.068653 2.930077 8.636482 3224.500637
 24.000000 -2.938827 2.918202 20.014746 806.559650
 24.200000 -2.664323 2.864187 25.112277 40.147795
 24.400000 -2.882719 2.741282 21.583817 681.071069
 24.600000 -3.104491 2.894489 14.453443 1917.453269
 24.800000 2.969621 2.960053 3.463339 2023.276302
 25.000000 -2.910794 2.824511 20.832395 748.233875
 25.200000 -2.606744 2.776572 25.445302 19.322697
 25.400000 -2.693931 2.767761 24.937058 64.915627
 25.600000 -2.931946 2.957931 20.302047 789.614171
 25.800000 2.996760 2.796888 4.830967 2679.077557
 26.000000 3.072574 2.951222 9.075554 3292.142163
 26.200000 -2.803992 2.798482 23.539759 376.296709
 26.400000 -2.701256 2.586824 24.931197 69.416551
 26.600000 -2.409321 2.909211 25.695319 18.284186
 26.800000 -2.650954 2.762503 25.268353 29.392530
 27.000000 -2.827655 2.876656 23.049745 482.546929
 27.200000 -2.748003 2.887418 24.528751 161.155518
 27.400000 2.889851 2.441787 0.679191 591.695539
 27.600000 -2.782407 3.093564 24.020930 284.704311
 27.800000 -2.935263 2.821403 20.317899 813.778937
 28.000000 -3.043746 2.454407 17.032764 1132.128117
 28.200000 -2.763401 3.111888 24.415545 205.939304
 28.400000 -2.806946 3.003498 23.669206 396.176005
 28.600000 -2.826669 2.432393 23.253371 493.854668
 28.800000 -2.347286 2.833832 25.376241 58.089993
 29.000000 -2.207509 2.666638 24.182490 68.705911
 29.200000 -2.289455 2.157314 24.912223 78.694136
 29.400000 -2.011175 2.689509 22.699484 38.014918
 29.600000 -2.185960 2.655665 24.018910 66.746972
 29.800000 -2.691198 2.697844 25.233817 43.208244
 30.000000 -3.003344 2.920915 18.448312 915.741364
 30.200000 2.906585 2.823768 1.087740 961.838321
 30.400000 -2.412874 2.737789 25.827004 16.937940
 30.600000 -1.934888 2.352189 22.371692 4.487471
 30.800000 -1.828610 2.116710 22.586480 39.809132
 31.000000 -1.973057 2.463480 22.500194 20.368912
 31.200000 -2.266610 2.901170 24.759495 81.277585
 31.400000 2.899320 2.849614 0.852995 849.218794
 31.600000 3.076630 3.012067 9.898554 3471.463652
 31.800000 -2.621047 2.714207 25.668319 10.381806
 32.000000 -1.953107 2.298667 22.433987 11.169316
 32.200000 -0.996616 2.367870 20.265837 1298.042339
 32.400000 -0.563743 1.978868 3.824854 1294.445104
 32.600000 -0.679591 1.624250 8.239729 1454.258597
 32.800000 -1.238331 1.768456 26.020707 143.209622
 33.000000 -1.255328 1.527421 26.213036 113.934606
 33.200000 -1.096537 0.625010 23.360164 673.947134
 33.400000 -0.528204 -0.454884 2.580393 1040.373369
 33.600000 -0.602427 -0.377992 5.246743 1466.396885
 33.800000 -1.060045 -0.157593 22.337559 903.257526
 34.000000 -0.878498 0.564023 15.690776 1523.138115
 34.200000 -1.278257 1.681000 26.376282 81.095473
 34.400000 -1.208332 1.836435 25.561671 209.038598
 34.600000 -0.341636 1.787606 -0.003163 0.002525
 34.800000 -0.780879 1.822125 11.959899 1363.711539
 35.000000 -0.614817 1.893231 5.710770 1486.604810
 35.200000 -0.309050 1.783180 -0.002018 0.000012
 35.400000 -1.081319 2.082482 22.902274 767.792857
 35.600000 -0.538144 1.755746 2.876295 1143.375602
 35.800000 -0.635197 1.740233 6.487733 1488.708828
 36.000000 -0.829820 1.819683 13.772205 1442.248320
 36.200000 -0.779742 1.951432 11.886815 1361.990613
 36.400000 -0.759623 2.037900 11.146713 1346.797754
 36.600000 -0.620299 2.083686 5.921695 1481.826927
 36.800000 -0.575638 2.045179 4.221990 1385.571864
 37.000000 -0.750758 1.910903 10.821533 1344.691996
 37.200000 -0.982780 1.934162 19.662421 1341.182674
 37.400000 -0.582925 1.832629 4.512779 1425.429017
 37.600000 -1.340282 1.980753 26.729913 17.046696
 37.800000 -1.803793 2.318637 22.682709 43.995216
 38.000000 -2.624431 2.885764 25.868947 5.872544
 38.200000 3.083184 -3.106716 10.692618 3469.833497
 38.400000 -2.996848 2.662901 19.058306 907.922622
 38.600000 -2.048754 2.224255 23.001966 54.209750
 38.800000 -1.722916 2.412467 23.406749 134.863360
 39.000000 -2.016446 2.482780 22.779265 40.502917
 39.200000 -3.106512 2.840985 15.404636 1638.333399
 39.400000 2.985384 -3.037981 4.723574 3382.525261
 39.600000 2.991666 2.670069 5.092468 3512.622474
 39.800000 -2.584717 2.819022 25.992702 3.910904
 40.000000 -2.080613 2.932835 23.248978 64.783462
 40.200000 -2.066205 2.400150 23.135654 61.504285
 40.400000 -1.990331 2.213274 22.623320 28.444161
 40.600000 -1.733428 2.824631 23.254969 115.093655
 40.800000 -2.347147 2.707093 25.568998 57.597663
 41.000000 -3.066236 2.516317 16.935201 1161.067085
 41.200000 -2.907931 -3.130595 21.814787 880.773066
 41.400000 2.951936 2.761012 2.909453 2592.065169
 41.600000 -2.918821 2.687554 21.489889 898.108765
 41.800000 -1.876636 2.940420 22.377340 1.693350
 42.000000 -2.003270 2.295424 22.703415 35.294744
 42.200000 -1.801296 1.896335 22.665053 38.824737
 42.400000 -1.813665 1.924877 22.592971 29.414242
 42.600000 -1.695509 1.954212 23.664830 151.286524
 42.800000 -2.183347 2.452949 24.156449 78.256539
 43.000000 -2.465400 -3.129508 26.133158 1.826419
 43.200000 2.853180 2.836527 -0.003398 0.203723
 43.400000 -2.523659 2.606967 26.142885 0.818600
 43.600000 -1.795639 2.623438 22.712822 42.620380
 43.800000 -1.997552 2.176286 22.687755 32.555762
 44.000000 -2.025226 2.598928 22.861443 46.279182
 44.200000 -2.287107 2.777336 25.108008 76.745276
 44.400000 -2.650360 2.767523 25.958265 5.651066
 44.600000 -2.975629 2.792233 19.863545 899.652378
 44.800000 -3.014460 2.919401 18.698479 913.089788
 45.000000 -3.106959 2.893665 15.572750 1600.965314
 45.200000 -3.017129 2.803848 18.648052 916.708744
 45.400000 -2.515198 2.790167 26.163249 0.308066
 45.600000 -2.254636 2.421617 24.832219 80.602198
 45.800000 -1.734341 2.531938 23.238952 99.896890
 46.000000 -2.279744 2.524300 25.056346 78.291710
 46.200000 -2.303335 2.884547 25.277982 73.110617
 46.400000 -2.871796 2.790021 22.995121 755.250435
 46.600000 3.060589 2.618396 9.629655 3923.276850
 46.800000 -2.585159 2.998667 26.103426 1.558337
 47.000000 -2.329564 2.509476 25.494802 62.929645
 47.200000 -2.229152 2.415969 24.637322 82.733732
 47.400000 -2.093400 2.670491 23.450559 66.972750
 47.600000 -2.173097 2.680597 24.133210 78.397829
 47.800000 -2.676474 2.524197 25.952711 11.846376
 48.000000 -2.582764 3.048072 26.121886 1.319445
 48.200000 -3.065618 2.829414 17.220264 1129.922658
 48.400000 -3.043790 2.603487 17.930238 997.968178
 48.600000 -2.319701 -3.118130 25.465067 67.046870
 48.800000 -2.440939 2.519479 26.145424 6.025406
 49.000000 -1.939455 2.677981 22.529254 8.368757
 49.200000 -2.007873 2.658376 22.864981 38.258152
 49.400000 -2.100246 2.720953 23.551655 68.808202
 49.600000 -2.120774 2.559006 23.724253 72.447886
 49.800000 -2.015159 2.773231 22.910999 41.516468
 50.000000 -2.148277 2.545739 23.961596 76.372875
 50.200000 -2.250684 2.612875 24.920821 82.293302
 50.400000 -2.317914 2.620248 25.508832 66.390969
 50.600000 -2.327807 2.914209 25.588050 61.783029
 50.800000 -2.882512 2.618298 22.815975 786.324672
 51.000000 -2.689219 2.909488 25.975953 18.944573
 51.200000 -2.573270 2.801646 26.221786 1.007836
 51.400000 -2.473444 2.441931 26.265956 0.636592
 51.600000 -2.009632 2.738719 22.938550 42.751780
 51.800000 -1.954698 2.716556 22.642021 16.714826
 52.000000 -2.240706 2.466122 24.875131 81.847951
 52.200000 -2.199658 2.548353 24.551433 80.591606
 52.400000 -2.005535 2.922172 22.945196 42.628162
 52.600000 -2.252750 2.496111 25.028934 79.992980
 52.800000 -2.426557 2.652754 26.207547 9.080851
 53.000000 -2.204495 2.769936 24.594878 80.785346
 53.200000 -2.170334 2.696760 24.349986 80.401729
 53.400000 -2.091197 2.377998 23.651083 73.834567
 53.600000 -1.725199 2.801258 23.315209 87.153738
 53.800000 -2.256276 2.439120 25.120067 77.782405
 54.000000 -2.711752 2.760618 25.928143 43.003973
 54.200000 -2.928731 -3.073490 21.574137 885.347204
 54.400000 2.918100 2.648420 1.221116 1950.566388
 54.600000 -2.285709 2.996988 25.432694 68.065303
 54.800000 -1.881081 2.684713 22.545707 0.000578
 55.000000 -2.020207 2.302627 23.122348 55.004865
 55.200000 -1.798473 2.127622 22.776635 26.908219
 55.400000 -2.000584 2.638816 23.021911 47.254847
 55.600000 -2.331638 2.721623 25.831263 46.502487
 55.800000 3.082210 2.615891 11.155654 3623.785251
 56.000000 -2.855731 -3.119596 23.651736 647.576632
 56.200000 -2.919670 2.699243 21.896798 866.697359
 56.400000 -2.391049 2.703331 26.196355 17.376798
 56.600000 -1.629553 2.713799 24.302790 130.824613
 56.800000 -1.945180 1.978635 22.748955 18.562066
 57.000000 -1.672654 2.159486 23.822565 114.784613
 57.200000 -1.555467 2.516258 25.111105 111.774405
 57.400000 -2.234980 2.790707 25.171585 74.549480
 57.600000 2.914902 2.771930 1.034590 1917.304459
 57.800000 3.007611 2.991908 6.359984 4351.683361
 58.000000 -2.922711 2.821942 21.836988 866.915352
 58.200000 -2.255912 2.720746 25.400558 67.565315
 58.400000 -1.961443 2.535699 22.910664 29.101379
 58.600000 -1.772280 2.565291 22.959483 37.723782
 58.800000 -2.272667 2.442584 25.535420 61.911303
 59.000000 -2.230144 2.885196 25.182904 74.868369
 59.200000 -2.755407 2.677987 25.628679 150.879427
 59.400000 2.936957 2.920646 2.078820 2730.023563
 59.600000 -2.852136 2.912138 23.823366 604.668354
 59.800000 -2.597406 2.591282 26.419186 0.949220
 60.000000 -2.227867 2.393667 25.219013 74.150164
 60.200000 -1.561851 2.772300 24.976883 104.971952
 60.400000 -2.187939 2.454940 24.918325 83.696116
 60.600000 -2.652057 2.631577 26.355043 7.583884
 60.800000 -2.932649 3.019708 21.629682 866.542768
 61.000000 2.911046 2.682986 0.831902 1866.782504
 61.200000 -2.635344 2.708778 26.426020 4.176101
 61.400000 -1.951528 2.724567 22.980434 26.934167
 61.600000 -1.825193 2.347207 22.785038 5.789204
 61.800000 -1.804666 2.076142 22.847798 13.711467
 62.000000 -1.869072 2.477355 22.741379 0.171300
 62.200000 -2.078959 2.867697 23.991712 85.311975
 62.400000 -2.920208 2.674732 22.048916 831.281313
 62.600000 2.943231 2.883630 2.403893 3026.090088
 62.800000 2.984799 -3.075570 4.910261 4154.098426
 63.000000 3.120339 2.796587 13.405419 2740.542113
 63.200000 -2.392955 2.789395 26.379390 8.201374
 63.400000 -2.356748 2.702058 26.253552 16.918674
 63.600000 -2.420328 2.650806 26.446351 4.210155
 63.800000 -3.038743 2.874860 18.479197 1060.408399
 64.000000 3.028336 2.895791 7.810996 4459.263090
 64.200000 3.047990 2.745086 9.129804 4275.419395
 64.400000 2.967613 2.842707 3.846311 3818.816344
 64.600000 3.057100 3.074419 9.720792 4135.348260
 64.800000 2.922363 2.710569 1.322702 2357.907912
 65.000000 -2.898124 3.032576 22.726878 755.822722
 65.200000 3.013807 2.652549 6.889911 4499.445229
 65.400000 -2.905400 2.812737 22.553587 770.484830
 65.600000 -2.925664 2.922883 21.981009 824.066721
 65.800000 -2.968405 2.543792 20.723960 900.412556
 66.000000 -2.393290 2.841750 26.433712 6.913402
 66.200000 -2.427797 2.780257 26.529156 2.932959
 66.400000 -2.735471 2.496422 25.964307 111.280958
 66.600000 -2.689127 2.996575 26.345065 36.798503
 66.800000 -2.879795 2.814806 23.275949 670.106586
 67.000000 -3.055699 2.730336 18.001487 1177.661211
 67.200000 -2.655983 3.013117 26.534214 13.825249
 67.400000 -3.036793 2.672574 18.674600 1085.862897
 67.600000 -2.685091 2.882535 26.395824 34.476127
 67.800000 -2.736772 2.994915 25.970626 116.453570
 68.000000 -2.797934 2.440005 25.103023 311.546814
 68.200000 -2.569751 2.870821 26.706777 0.000555
 68.400000 -2.747553 2.867318 25.873632 144.553361
 68.600000 -2.929904 2.549482 21.990317 812.012335
 68.800000 -2.837607 2.951456 24.347563 472.884776
 69.000000 -3.017754 2.803582 19.335939 1024.065795
 69.200000 -3.110725 2.680132 16.016576 1767.583717
 69.400000 -2.782979 2.896299 25.408611 250.759991
 69.600000 -3.051264 2.632604 18.269393 1193.265637
 69.800000 -2.761397 2.682630 25.725344 182.806457
 70.000000 -2.820073 3.051582 24.747732 390.728140
 70.200000 3.096181 2.722903 12.274914 3264.353163
 70.400000 -3.034519 2.788334 18.886354 1126.951442
 70.600000 -2.579523 2.867145 26.784906 0.006525
 70.800000 -2.613171 2.591752 26.760726 2.099395
 71.000000 -2.371013 3.017432 26.494541 7.713647
 71.200000 -2.855149 2.623161 24.102370 512.139814
 71.400000 -3.021954 2.883596 19.357688 1095.490142
 71.600000 -2.822382 -3.101882 24.793472 380.570765
 71.800000 2.879009 2.700044 -0.003387 0.810324
 72.000000 -2.460451 2.843502 26.692268 2.507398
 72.200000 -1.679686 2.802611 23.660128 56.698269
 72.400000 -1.886410 1.855317 23.097134 5.910801
 72.600000 -1.370557 1.508604 25.701490 0.011845
 72.800000 -1.124392 0.853808 22.911940 535.583487
 73.000000 -1.266777 0.523851 25.234402 86.111104
 73.200000 -0.999125 0.855986 19.319432 1105.338198
 73.400000 -1.385752 1.238572 25.664787 1.026292
 73.600000 -1.208837 1.098013 24.496793 226.849200
 73.800000 -1.242849 0.811066 24.951423 136.213816
 74.000000 -1.395153 0.754220 25.652119 2.814626
 74.200000 -1.295432 1.103878 25.407633 43.143987
 74.400000 -1.306683 1.360744 25.475605 30.449540
 74.600000 -1.502169 1.080095 25.111875 53.443857
 74.800000 -1.189950 0.465222 24.170003 287.770011
 75.000000 -1.037345 0.593842 20.509299 928.787777
 75.200000 -1.689734 1.097260 23.566785 44.147495
 75.400000 -1.497773 1.306479 25.118542 51.986988
 75.600000 -0.724727 0.987395 9.279741 1216.076778
 75.800000 -1.506249 0.873375 25.056250 56.002364
 76.000000 -1.436869 0.688938 25.480941 19.939845
 76.200000 -0.810369 0.806278 12.297451 1350.513967
 76.400000 -1.694554 1.267204 23.532932 39.827541
 76.600000 -1.460286 1.264679 25.344381 33.207196
 76.800000 -0.964193 1.071893 18.033944 1256.701931
 77.000000 -1.501481 0.946703 25.071591 54.340472
 77.200000 -1.328864 0.883690 25.552029 11.757481
 77.400000 -0.934560 0.812783 16.937557 1356.358375
 77.600000 -1.447970 1.180124 25.398082 27.138396
 77.800000 -1.492286 1.269299 25.122663 50.294674
 78.000000 -1.152969 0.983934 23.424223 432.610487
 78.200000 -1.576218 0.802700 24.437325 71.957770
 78.400000 -1.129124 0.986161 22.890374 532.414510
 78.600000 -1.411043 1.361122 25.543531 9.718644
 78.800000 -1.214074 1.038955 24.510196 221.517329
 79.000000 -1.187949 0.532924 24.086855 306.675950
 79.200000 -1.367493 0.878566 25.614819 0.000614
 79.400000 -1.341100 1.231837 25.586304 4.940612
 79.600000 -1.089655 1.111041 21.898969 707.842507
 79.800000 -1.209380 0.646039 24.441521 238.839772
 80.000000 -1.266780 0.529138 25.157699 90.054699
 80.200000 -1.297693 1.112047 25.417377 39.231076
 80.400000 -1.101639 1.326765 22.207594 665.292158
 80.600000 -1.228866 0.998924 24.738971 182.391107
 80.800000 -1.330830 0.679062 25.570620 9.183428
 81.000000 -1.023138 0.750977 19.937833 1014.794948
 81.200000 -1.529335 0.981644 24.804453 65.693226
 81.400000 -1.398535 1.175432 25.585618 7.197248
 81.600000 -0.792143 0.729860 11.502759 1321.007138
 81.800000 -1.583292 0.716561 24.354325 70.562523
 82.000000 -0.770928 0.643980 10.738790 1273.820861
 82.200000 -1.180830 0.792760 24.006873 356.105529
 82.400000 -1.545557 0.949965 24.668905 69.027286
 82.600000 -0.985645 0.680990 18.662627 1186.133733
 82.800000 -1.491648 0.832430 25.094430 53.282793
 83.000000 -1.380934 0.934756 25.634450 2.528916
 83.200000 -0.991400 0.957918 18.848767 1166.115160
 83.400000 -1.266328 0.997585 25.250746 89.176887
 83.600000 -1.441365 0.909730 25.422116 29.504751
 83.800000 -1.167388 0.731194 23.761327 418.323537
 84.000000 -1.350103 0.957523 25.663667 0.595005
 84.200000 -1.395186 1.142765 25.629465 8.302572
 84.400000 -1.048502 0.690502 20.693702 936.441783
 84.600000 -0.839442 0.067049 13.198836 1443.314472
 84.800000 -0.501002 -0.146275 0.467747 1409.801700
 85.000000 -0.502812 -0.299313 0.535533 1396.902974
 85.200000 -1.318665 0.276536 25.643524 12.428440
 85.400000 -1.706604 1.024745 23.455300 29.722255
 85.600000 -0.438752 1.477933 -0.000001 0.000000
 85.800000 -0.680055 2.221988 7.426374 1277.960761
 86.000000 -1.246483 2.638473 25.100302 137.736302
 86.200000 -1.877552 2.189799 23.238924 6.706322
 86.400000 -2.360518 2.602776 26.686315 6.135758
 86.600000 -2.690620 3.016617 26.849105 58.059338
 86.800000 2.872167 2.899818 -0.000048 0.000216
 87.000000 2.984891 2.637104 5.225505 4653.643340
 87.200000 2.955355 3.000600 3.255501 4156.727984
 87.400000 2.990490 2.869580 5.609983 4708.128640
 87.600000 -2.878404 2.747972 24.242707 472.339256
 87.800000 -1.971559 2.707258 23.626610 30.704211
 88.000000 -1.762293 2.497587 23.222714 7.237150
 88.200000 -1.729945 2.287418 23.337449 19.461041
 88.400000 -1.700675 2.406027 23.488035 34.183993
 88.600000 -1.933725 2.759872 23.443361 19.114373
 88.800000 -2.391980 2.746900 26.765420 4.655587
 89.000000 -2.957334 2.637086 22.191411 963.629781
 89.200000 2.880506 2.815363 -0.000443 0.021801
 89.400000 2.876807 2.836211 -0.000131 0.001813
 89.600000 -2.408244 2.690830 26.804460 5.085533
 89.800000 -1.592416 2.543885 24.320187 75.347247
 90.000000 -1.699168 2.173570 23.499944 35.185813
 90.200000 -1.811373 2.111526 23.166877 0.000859
 90.400000 -1.789972 2.590457 23.179123 1.275241
 90.600000 -2.039605 2.829762 24.092423 62.493576
 90.800000 -2.741972 2.642312 26.408002 118.883664
 91.000000 2.998888 2.740581 6.216446 4759.840099
 91.200000 2.929636 -3.044742 1.670128 3464.755639
 91.400000 3.004315 2.709664 6.602530 4755.714266
 91.600000 -2.386853 2.971747 26.764125 4.420189
 91.800000 -1.948159 2.711930 23.535316 21.642970
 92.000000 -1.857976 2.141918 23.228568 4.019225
 92.200000 -1.544904 1.975883 24.749523 71.780984
 92.400000 -1.417061 1.925722 25.651448 23.153434
 92.600000 -1.726472 2.084765 23.380476 20.527775
 92.800000 -1.719596 2.570759 23.412871 23.907859
 93.000000 -2.234555 2.782534 26.073242 76.889804
 93.200000 -3.054307 2.810945 18.777271 1682.559293
 93.400000 -3.089581 3.057587 17.283370 1912.414421
 93.600000 2.921360 2.777079 1.196980 3224.221255
 93.800000 -2.688609 2.578126 26.932105 62.068060
 94.000000 -1.920840 2.822921 23.443447 14.508836
 94.200000 -1.835632 2.269672 23.239860 1.163338
 94.400000 -1.848880 2.032075 23.257677 2.570094
 94.600000 -1.671961 2.320313 23.729449 47.960975
 94.800000 -1.807985 2.665927 23.226820 0.028260
 95.000000 -2.438034 2.642330 26.893046 8.093209
 95.200000 2.996515 2.975310 6.131040 4802.940433
 95.400000 2.942325 3.016750 2.471361 4026.581143
 95.600000 -2.692465 2.706176 26.915868 68.297798
 95.800000 -1.932409 2.444294 23.515898 15.561781
 96.000000 -1.079250 2.426984 21.604702 894.458703
 96.200000 -0.500525 1.955910 0.078014 1257.694170
 96.400000 -0.715166 1.131006 8.409054 1236.875457
 96.600000 -1.646081 0.789690 23.952747 57.270039
 96.800000 -1.368199 0.656244 25.851635 3.554705
 97.000000 -0.971121 0.463468 18.025452 1284.432741
 97.200000 -1.558323 0.786038 24.680519 67.938386
 97.400000 -1.050823 1.122557 20.714747 1010.656493
 97.600000 -0.826320 1.704214 12.475993 1499.831979
 97.800000 -0.778950 2.433955 10.678552 1371.545538
 98.000000 -0.856919 2.478377 13.669775 1536.058367
 98.200000 -0.606964 1.839991 4.400562 1582.707965
 98.400000 -0.886528 1.019555 14.818848 1524.944080
 98.600000 -1.407939 0.386981 25.733468 20.896528
 98.800000 -1.656446 -0.026627 23.914165 51.356394
 99.000000 -1.558792 0.237379 24.688061 66.524650
 99.200000 -0.799544 1.151239 11.422340 1440.192765
 99.400000 -0.716763 2.123082 8.413644 1235.563491
 99.600000 -0.748655 2.587390 9.544400 1288.339155
 99.800000 -0.823101 1.979493 12.326301 1501.641806
 100.000000 -0.847993 0.856295 13.297861 1539.879621
 100.200000 -1.516351 0.476898 25.654538 58.181715
 100.400000 -1.464019 0.753818 26.032244 44.821074
 100.600000 -0.984449 1.407649 19.085278 1242.138340
 100.800000 -0.700768 1.635752 8.453532 1236.688315
 101.000000 -0.496112 1.805516 0.436122 1515.597858
 101.200000 -0.897536 2.329846 15.842842 1512.791600
 101.400000 -0.806014 2.266678 12.265847 1465.314474
 101.600000 -0.783701 2.030242 11.421418 1397.654869
 101.800000 -1.177785 1.688732 24.789663 461.920362
 102.000000 -0.719501 0.673382 9.100199 1242.663766
 102.200000 -1.386837 0.297595 26.442937 11.846618
 102.400000 -1.285251 0.508007 26.329601 47.327337
 102.600000 -0.849500 1.443432 13.956132 1548.717601
 102.800000 -0.792410 2.257132 11.744719 1429.012443
 103.000000 -0.962508 2.258574 18.292581 1316.595947
 103.200000 -0.730769 1.796891 9.484784 1266.540218
 103.400000 -0.915765 0.794955 16.548821 1467.863748
 103.600000 -1.392377 0.495364 26.427023 14.672095
 103.800000 -1.827279 0.211389 23.981156 0.049584
 104.000000 -0.860167 0.166771 14.378189 1554.771692
 104.200000 -0.771959 0.663329 10.975690 1376.467766
 104.400000 -1.336053 1.259339 26.530488 0.596773
 104.600000 -1.593178 1.050870 25.085053 58.647149
 104.800000 -0.739682 0.630151 9.798613 1289.045135
 105.000000 -1.652182 0.603199 24.647435 49.061265
 105.200000 -1.396119 0.966899 26.422381 16.839550
 105.400000 -0.851922 1.368285 14.063764 1558.965816
 105.600000 -0.899180 1.790015 15.920973 1508.881505
 105.800000 -0.767277 2.182429 10.804010 1368.348227
 106.000000 -0.605610 2.299156 4.845526 1643.182144
 106.200000 -0.899883 2.080534 15.958990 1503.285753
 106.400000 -0.567240 1.787393 3.225969 1827.196692
 106.600000 -0.723902 1.803607 9.235158 1279.000533
 106.800000 -0.931672 2.033024 17.173149 1409.418159
 107.000000 -0.575539 2.182544 3.579606 1802.832317
 107.200000 -0.630084 1.940793 5.799807 1521.046030
 107.400000 -0.723021 1.831403 9.211533 1287.303578
 107.600000 -0.734424 1.500155 9.621811 1303.325265
 107.800000 -0.998522 1.588267 19.578948 1166.961962
 108.000000 -1.157108 0.809960 24.315766 580.152047
 108.200000 -1.189249 0.512837 25.031514 416.480372
 108.400000 -0.991398 0.653850 19.342207 1183.890547
 108.600000 -1.303822 1.242398 26.465889 20.882181
 108.800000 -1.573421 0.978102 25.263314 55.524133
 109.000000 -0.831441 0.522621 13.305166 1542.426757
 109.200000 -1.287262 0.663544 26.377928 46.042525
 109.400000 -1.076884 0.823777 22.112105 911.467121
 109.600000 -1.484834 1.229400 25.915223 48.829271
 109.800000 -1.083567 0.935456 22.312636 889.235915
 110.000000 -1.066643 0.562973 21.800117 944.244906
 110.200000 -1.635606 0.805039 24.821585 49.658283
 110.400000 -0.988626 1.049141 19.270429 1180.992489
 110.600000 -1.214152 1.565278 25.509259 294.699800
 110.800000 -1.129801 1.314189 23.629043 708.960925
 111.000000 -1.207186 0.761447 25.386372 328.038527
 111.200000 -1.314214 0.469416 26.528848 10.932659
 111.400000 -0.820996 0.608068 12.958203 1535.646034
 111.600000 -1.486385 1.097405 25.920309 49.518008
 111.800000 -1.316794 1.169418 26.536975 8.962966
 112.000000 -1.051005 0.815678 21.335362 986.020735
 112.200000 -1.518563 0.697097 25.699613 54.410044
 112.400000 -1.378786 1.212878 26.534629 9.012250
 112.600000 -1.133088 1.242438 23.738438 690.774017
 112.800000 -1.339539 0.943753 26.588148 0.229173
 113.000000 -1.484124 0.709218 25.948941 49.841221
 113.200000 -0.964196 0.789026 18.474698 1255.934190
 113.400000 -1.326254 1.421121 26.590715 3.860938
 113.600000 -1.376914 1.011435 26.559583 8.197412
 113.800000 -0.849901 0.359766 14.138770 1561.067086
 114.000000 -0.975091 0.283891 18.857799 1217.156683
 114.200000 -0.853321 0.157983 14.295340 1564.853117
 114.400000 -0.723938 -0.081009 9.320181 1357.507862
 114.600000 -0.575032 0.115972 3.460017 1908.280131
 114.800000 -0.888617 0.137621 15.681983 1510.712786
 115.000000 -0.860593 0.095771 14.582786 1559.335960
 115.200000 -0.637477 0.131169 6.069359 1582.070514
 115.400000 -0.603151 -0.196655 4.661174 1786.659221
 115.600000 -0.528656 -0.285445 1.408392 1871.233689
 115.800000 -0.687938 -0.000638 8.002762 1386.729878
 116.000000 -1.024516 0.218246 20.567059 1050.529354
 116.200000 -1.219353 0.803268 25.670867 273.654274
 116.400000 -1.382090 1.393938 26.605806 10.603010
 116.600000 -0.932293 1.127530 17.395433 1368.994329
 116.800000 -1.304082 0.781814 26.572430 23.317563
 117.000000 -1.454639 0.678686 26.219181 46.507490
 117.200000 -1.119625 0.923663 23.455772 735.804279
 117.400000 -0.740609 1.442150 9.993912 1402.253324
 117.600000 -0.611349 1.794927 5.010836 1767.568644
 117.800000 -0.705007 2.055073 8.668582 1382.559601
 118.000000 -0.840628 2.271412 13.870209 1574.839547
 118.200000 -0.947271 2.127733 17.997000 1310.435454
 118.400000 -0.650408 1.779033 6.608807 1550.188733
 118.600000 -0.740063 1.730809 9.994839 1406.110736
 118.800000 -0.640245 1.494623 6.205249 1605.044075
 119.000000 -0.716314 1.452107 9.108338 1385.962236
 119.200000 -1.101599 1.560351 22.993081 795.970707
 119.400000 -1.010825 1.084001 20.215580 1076.095932
 119.600000 -1.465145 0.550789 26.194709 54.191472
 119.800000 -1.511599 0.709851 25.834671 64.126152
 120.000000 -0.813412 1.096751 12.848832 1557.649112
 120.200000 -0.475259 1.907839 -0.000251 0.005973
 120.400000 -0.906905 2.715895 16.556527 1456.998411
 120.600000 -0.841909 2.266833 14.009339 1579.201036
 120.800000 -0.504074 1.492389 0.286225 2013.198384
 121.000000 -0.871788 1.163867 15.192863 1550.185508
 121.200000 -1.538879 0.827773 25.633352 68.784547
 121.400000 -1.454751 0.458269 26.305008 52.579835
 121.600000 -1.116205 0.967753 23.438223 733.447212
 121.800000 -1.645457 1.410534 24.787101 52.708867
 122.000000 -1.012913 1.084381 20.342223 1060.223839
 122.200000 -0.449659 0.392767 -0.000000 0.000000
 122.400000 -1.057791 0.311873 21.779483 917.278155
 122.600000 -1.417866 0.592829 26.567026 33.150622
 122.800000 -0.923885 1.351258 17.264635 1394.356418
 123.000000 -0.825553 1.759096 13.423908 1578.400694
 123.200000 -0.651915 2.071251 6.754839 1605.424771
 123.400000 -0.632365 2.298779 5.957714 1723.522604
 123.600000 -1.060688 2.269940 21.893963 902.142320
 123.800000 -0.589396 1.876639 4.102053 2000.534764
 124.000000 -0.975619 1.952120 19.157680 1184.776623
 124.200000 -1.007095 2.076851 20.247010 1063.312260
 124.400000 -0.692752 2.114655 8.371856 1455.359488
 124.600000 -0.946388 1.967047 18.164092 1300.890920
 124.800000 -1.133147 1.794524 23.944257 655.092025
 125.000000 -0.644392 1.305392 6.473517 1659.522451
 125.200000 -1.069594 1.547674 22.215029 861.487988
 125.400000 -0.996060 1.146759 19.920048 1098.352888
 125.600000 -1.260433 0.585713 26.386226 123.797362
 125.800000 -0.808472 -0.006540 12.848265 1569.730989
 126.000000 -0.408234 -0.212047 -0.000000 0.000000
 126.200000 -0.639629 -0.440174 6.324736 1711.118137
 126.400000 -0.858477 -0.128495 14.877376 1586.469779
 126.600000 -0.392818 -0.047365 -0.000000 0.000000
 126.800000 -1.015520 0.224487 20.594619 1025.341688
 127.000000 -1.408468 0.897877 26.689453 27.895295
 127.200000 -1.192393 1.460092 25.358014 388.021029
 127.400000 -0.778412 1.393765 11.734629 1519.578468
 127.600000 -1.055803 1.648211 21.877115 889.079716
 127.800000 -1.003712 1.684591 20.252569 1063.293495
 128.000000 -0.582056 1.158328 3.826484 2108.431827
 128.200000 -1.132620 1.032316 24.030785 630.490783
 128.400000 -1.555529 0.788632 25.555769 78.220994
 128.600000 -0.833873 0.435927 13.968969 1606.212392
 128.800000 -1.250616 0.634159 26.315128 153.120272
 129.000000 -1.350804 0.820300 26.894400 0.112220
 129.200000 -1.041707 1.084701 21.529128 922.048932
 129.400000 -1.142811 1.096062 24.309040 584.964740
 129.600000 -1.153338 0.689963 24.559090 543.502766
 129.800000 -0.624557 0.005294 5.762370 1850.669113
 130.000000 -0.571804 -0.249044 3.382496 2187.823061
 130.200000 -0.500583 -0.351362 0.085057 1686.193030
 130.400000 -0.634647 -0.093409 6.216806 1788.336052
 130.600000 -0.919683 0.304514 17.423764 1424.238674
 130.800000 -1.359684 0.850495 26.923122 1.412527
 131.000000 -1.522689 1.388080 25.871393 81.859479
 131.200000 -0.512772 0.922802 0.648281 2036.743388
 131.400000 -1.769403 0.815327 24.039749 14.370240
 131.600000 -1.175838 0.578014 25.108674 439.997527
 131.800000 -0.991949 0.432871 20.031378 1103.165601
 132.000000 -0.754039 0.408772 10.930169 1481.662688
 132.200000 -1.559342 0.946478 25.554989 87.426879
 132.400000 -0.730186 1.191241 10.052713 1459.489021
 132.600000 -0.889776 1.435017 16.351264 1538.686442
 132.800000 -0.645277 1.344282 6.718477 1734.306856
 133.000000 -1.308172 1.121991 26.873726 23.059625
 133.200000 -1.126030 0.666854 24.014325 621.328442
 133.400000 -0.792412 0.454198 12.504875 1565.326661
 133.600000 -0.818668 -0.004135 13.551282 1607.635710
 133.800000 -0.658215 -0.335041 7.279467 1661.674204
 134.000000 -0.553072 -0.437027 2.550459 2292.126580
 134.200000 -0.873503 -0.013133 15.794426 1582.986468
 134.400000 -1.065712 0.547618 22.428328 819.110312
 134.600000 -1.651121 1.205789 24.740034 66.633415
 134.800000 -0.935680 1.129695 18.187364 1355.682818
 135.000000 -1.265143 0.931604 26.586055 106.639035
 135.200000 -1.460532 0.837762 26.513651 67.662647
 135.400000 -0.912083 0.742528 17.344985 1458.029227
 135.600000 -1.118094 0.969078 23.875499 638.094215
 135.800000 -1.643415 0.943376 24.800695 72.005050
 136.000000 -0.910309 0.566862 17.277177 1465.223690
 136.200000 -0.713085 0.202191 9.544969 1488.541883
 136.400000 -0.489373 -0.293521 -0.010726 9.104034
 136.600000 -0.374579 -0.544218 -0.000000 0.000000
 136.800000 -0.485685 -0.487938 -0.003481 1.253512
 137.000000 -0.561995 0.242941 3.029337 2339.732587
 137.200000 -1.464510 1.350260 26.529883 72.392342
 137.400000 -1.344060 1.350867 27.074923 0.701589
 137.600000 -0.731269 0.548539 10.285115 1485.936429
 137.800000 -1.605894 0.468613 25.143646 93.216331
 138.000000 -1.529121 0.803012 25.916402 102.417945
 138.200000 -0.691610 1.268144 8.784543 1545.747233
 138.400000 -0.538860 1.750699 1.941985 2351.115721
 138.600000 -0.653164 2.289480 7.232189 1739.526110
 138.800000 -0.808732 2.394425 13.364579 1605.480674
 139.000000 -0.809951 2.116361 13.413443 1607.113396
 139.200000 -0.786196 1.546110 12.512133 1569.456845
 139.400000 -1.308234 1.338594 27.013187 25.842860
 139.600000 -1.440794 0.494458 26.771763 54.362965
 139.800000 -0.757408 0.275041 11.381163 1519.059960
 140.000000 -1.086815 0.401998 23.185296 723.694713
 140.200000 -0.942988 0.458573 18.706474 1306.119907
 140.400000 -1.661635 1.013247 24.632428 73.513741
 140.600000 -0.796753 1.181225 12.978122 1588.859119
 140.800000 -1.422723 1.179117 26.922458 38.142476
 141.000000 -1.394343 0.756131 27.066655 15.317805
 141.200000 -0.520193 0.216445 1.088372 2271.254595
 141.400000 -0.572263 -0.254166 3.637847 2393.449162
 141.600000 -0.977185 -0.378967 19.943445 1139.753508
 141.800000 -0.469983 -0.104757 -0.000021 0.000049
 142.000000 -1.596555 0.960841 25.263285 111.155541
 142.200000 -1.079883 1.270185 23.097348 732.751315
 142.400000 0.630633 0.641065 -0.000000 0.000000
 142.600000 1.040261 -0.168487 -0.000000 0.000000
