#! FIELDS time phi psi ves.bias ves.force2
#! SET min_phi -pi
#! SET max_phi pi
#! SET min_psi -pi
#! SET max_psi pi
 0.000000 -1.498385 0.273949 27.215882 148.921278
 0.200000 -0.681772 0.611076 7.017858 1412.506061
 0.400000 -1.349795 1.422497 27.965681 8.262628
 0.600000 -1.615021 1.178338 25.429114 278.546242
 0.800000 -0.728360 0.302864 8.877008 1759.015065
 1.000000 -0.420369 -0.582446 1.176620 116.833903
 1.200000 -0.510414 -0.823763 2.349943 296.874133
 1.400000 -0.691628 -0.154117 7.598849 1605.388383
 1.600000 -0.848697 0.429467 14.372430 1831.508024
 1.800000 -1.622121 1.142314 25.553602 286.024394
 2.000000 -1.559965 1.143791 26.572192 239.475532
 2.200000 -0.853037 1.000175 14.587712 1749.424625
 2.400000 -1.783043 1.076165 23.281371 108.490430
 2.600000 -0.770891 0.715742 11.107835 1795.796176
 2.800000 -1.392163 0.987807 28.187530 2.671162
 3.000000 -1.239255 0.995617 27.002029 296.987684
 3.200000 -0.879935 0.703603 15.734908 1647.800562
 3.400000 -0.901762 0.772077 16.614847 1601.707564
 3.600000 -1.884023 0.818955 22.664625 7.420231
 3.800000 -1.441301 0.757866 28.068638 46.475699
 4.000000 -0.837116 0.657472 13.977526 1716.185788
 4.200000 -1.469321 0.918252 27.900853 93.915310
 4.400000 -1.167358 1.038718 25.557568 594.535037
 4.600000 -0.865807 1.090766 15.246838 1611.461060
 4.800000 -1.827577 1.321197 23.022002 62.525781
 5.000000 -1.598369 0.826506 26.145854 250.753818
 5.200000 -0.733858 0.509323 9.902567 1744.623271
 5.400000 -1.720909 0.852461 24.301547 193.643208
 5.600000 -1.303894 0.993635 28.004034 104.853779
 5.800000 -0.638006 0.978613 6.060123 1366.586717
 6.000000 -1.023872 1.365556 21.253785 1222.127827
 6.200000 -0.859436 0.870157 15.138463 1554.626536
 6.400000 -0.625072 0.063102 5.657156 1310.463946
 6.600000 -0.787920 -0.550461 12.252598 1700.470019
 6.800000 -0.388433 -0.596978 0.666590 74.477157
 7.000000 -1.076073 0.291688 23.025619 1014.892176
 7.200000 -1.285545 1.403229 27.864996 152.194033
 7.400000 -0.762467 1.363239 11.341976 1722.248245
 7.600000 -0.518039 1.501428 2.543142 511.701864
 7.800000 -0.819149 2.115844 13.654323 1598.608401
 8.000000 -0.757055 2.313941 11.117115 1730.195843
 8.200000 -0.895957 2.339971 16.715419 1377.576409
 8.400000 -0.864195 1.745847 15.526547 1427.644189
 8.600000 -0.584122 1.350754 4.455933 1096.660587
 8.800000 -1.222848 1.203133 26.919149 367.215098
 9.000000 -1.117700 0.531744 24.356549 849.436583
 9.200000 -0.601899 -0.442886 5.187956 1304.872190
 9.400000 -0.402769 -0.533082 0.716622 100.282044
 9.600000 -0.715966 0.045485 9.765836 1748.448241
 9.800000 -1.189085 0.810205 26.257926 518.913851
 10.000000 -1.360266 1.325458 28.539878 10.429568
 10.200000 -0.487494 1.097747 1.987195 427.202781
 10.400000 -1.079798 1.218819 23.265002 1006.958958
 10.600000 -1.174148 0.847011 25.944643 597.980565
 10.800000 -0.554375 0.212703 3.708642 945.796374
 11.000000 -0.936192 -0.169206 18.352683 1261.128721
 11.200000 -0.576562 -0.473639 4.546882 1184.296123
 11.400000 -0.492699 -0.244856 2.151503 497.597592
 11.600000 -0.885592 0.333084 16.646245 1294.689540
 11.800000 -1.438485 1.159329 28.470245 48.393169
 12.000000 -0.673670 1.584451 8.315770 1723.380972
 12.200000 -0.534879 2.056356 3.331981 869.994939
 12.400000 -0.854373 2.600236 15.611003 1334.436240
 12.600000 -0.963651 2.273812 19.481838 1195.770721
 12.800000 -0.675120 1.741305 8.528308 1713.545835
 13.000000 -1.234555 1.454105 27.373879 353.696019
 13.200000 -1.391901 0.719107 28.769345 5.696371
 13.400000 -0.611980 0.033186 6.162466 1505.498598
 13.600000 -0.884268 0.034919 16.789973 1268.164070
 13.800000 -0.743201 0.045155 11.483691 1600.123794
 14.000000 -1.409637 0.882621 28.706751 21.592431
 14.200000 -0.884367 1.546066 16.893886 1256.073428
 14.400000 -0.516682 2.186471 3.024379 834.076716
 14.600000 -1.241612 2.372585 27.611587 348.688657
 14.800000 -2.398469 2.282402 25.077313 22.089016
 15.000000 3.045632 2.986767 5.635698 2144.250265
 15.200000 3.095454 -3.088702 8.079633 2762.871321
 15.400000 -2.846727 2.499993 21.878702 507.861232
 15.600000 -2.338694 2.377751 24.653462 62.102219
 15.800000 -1.888196 2.934335 22.556409 26.871840
 16.000000 -2.578250 2.364369 25.045339 12.716489
 16.200000 -3.053869 2.805943 14.979220 2125.168609
 16.400000 -3.058045 -3.064799 14.785578 2175.589686
 16.600000 -2.990224 2.618996 17.637434 1400.890966
 16.800000 -2.360315 2.767322 24.782993 48.103449
 17.000000 -1.857389 2.818561 22.723529 55.563239
 17.200000 -2.213596 2.370791 23.442117 79.234548
 17.400000 -2.098465 2.598364 22.636481 24.487551
 17.600000 -2.216911 2.902476 23.471771 80.714800
 17.800000 -2.643919 2.726126 24.652577 41.241206
 18.000000 3.093756 2.703283 7.972967 2743.721684
 18.200000 -2.992117 -3.072397 17.538494 1423.481152
 18.400000 3.011768 2.607608 4.096297 1635.560449
 18.600000 -2.929311 2.639140 19.664716 914.234004
 18.800000 -2.905536 2.975805 20.354237 772.781464
 19.000000 -3.141577 2.680808 10.526289 2859.425080
 19.200000 -2.864907 2.976010 21.413994 578.012863
 19.400000 -3.073764 2.943224 14.035602 2310.689036
 19.600000 -3.050669 2.831921 15.113856 2048.522146
 19.800000 -2.521305 2.793354 25.078207 2.663642
 20.000000 -2.224520 2.586657 23.570347 78.813492
 20.200000 -2.025682 2.474854 22.310668 9.321982
 20.400000 -2.044557 2.537655 22.376047 14.911275
 20.600000 -2.406588 2.698923 24.935151 15.841853
 20.800000 3.096741 2.817080 8.224741 2789.041029
 21.000000 3.033466 3.062698 5.071107 2079.800417
 21.200000 -2.698143 3.026418 24.156075 84.171255
 21.400000 -2.425345 2.609246 24.980104 8.330712
 21.600000 -1.985545 2.622233 22.211310 1.251822
 21.800000 -2.134422 2.660413 22.886279 51.334741
 22.000000 -2.549388 2.685903 24.971815 6.933776
 22.200000 -3.034226 2.955309 15.901216 1791.650711
 22.400000 2.954907 3.016007 2.082290 914.182538
 22.600000 -3.083453 2.843416 13.673084 2312.448543
 22.800000 3.083140 2.820373 7.620064 2738.266831
 23.000000 3.078878 2.976928 7.397677 2707.616889
 23.200000 2.955840 2.906003 2.106526 974.993585
 23.400000 -3.049688 2.690445 15.275999 1904.715469
 23.600000 2.992418 2.964779 3.405471 1572.666991
 23.800000 3.083693 2.904929 7.734812 2775.051840
 24.000000 -3.051334 2.610454 15.203976 1921.751448
 24.200000 -2.547237 2.937878 24.914947 7.701085
 24.400000 -2.670657 2.809728 24.341548 47.780708
 24.600000 -2.735206 2.782399 23.766628 127.074211
 24.800000 -2.784006 2.899744 23.107580 252.220201
 25.000000 -2.953722 2.843264 18.945273 1069.272014
 25.200000 2.942395 2.921487 1.691122 882.023207
 25.400000 3.118782 2.942038 9.851330 2841.462332
 25.600000 -2.753427 2.814014 23.574840 163.807759
 25.800000 -2.530130 2.691063 24.952382 4.743341
 26.000000 -2.199431 2.701241 23.480109 71.183883
 26.200000 -2.231534 2.678571 23.766001 70.757688
 26.400000 -2.082873 2.717651 22.592648 40.076074
 26.600000 -2.318528 2.604542 24.443339 46.540479
 26.800000 -2.155973 2.781967 23.130885 66.219636
 27.000000 -2.619647 2.738997 24.651999 20.941655
 27.200000 3.130200 2.668330 10.688185 2747.645543
 27.400000 -3.035108 -3.040421 16.103283 1530.703679
 27.600000 -2.946826 2.820641 19.207770 1003.287215
 27.800000 -2.502776 2.649735 25.000692 1.163362
 28.000000 -2.220583 2.693272 23.721114 73.477962
 28.200000 -2.032183 2.520999 22.299914 20.989927
 28.400000 -1.985674 2.590132 22.149786 3.289871
 28.600000 -2.091576 2.547891 22.659874 54.136253
 28.800000 -2.204451 2.765109 23.626085 78.928991
 29.000000 -2.597773 2.759970 24.773962 14.133748
 29.200000 -3.059861 2.894482 15.222140 1652.277819
 29.400000 3.132384 -3.129398 11.009904 2689.291029
 29.600000 3.091203 2.733779 8.803946 3001.511056
 29.800000 -2.043936 2.639270 22.369496 31.242438
 30.000000 -1.823381 2.544951 22.694480 77.807015
 30.200000 -2.155922 2.458665 23.298940 89.920417
 30.400000 -2.726357 2.851240 24.005800 104.092514
 30.600000 2.871635 2.988502 -0.007965 34.182538
 30.800000 -3.068578 2.829625 14.927168 1687.977280
 31.000000 -2.456290 2.747221 25.024799 0.595608
 31.200000 -2.191019 2.490523 23.687663 88.392664
 31.400000 -1.889141 2.561571 22.228417 18.022273
 31.600000 -2.260533 2.607101 24.273909 52.714786
 31.800000 3.104739 2.560629 9.746488 2940.783878
 32.000000 2.812272 -2.985024 -0.002345 0.004131
 32.200000 -3.102010 2.771005 13.635542 1963.706789
 32.400000 -1.969411 2.669051 22.112578 1.901740
 32.600000 -1.981431 2.143563 22.134236 4.949560
 32.800000 -1.979661 2.113538 22.130407 4.410438
 33.000000 -2.186538 2.588937 23.703383 93.306745
 33.200000 -2.090026 3.137109 22.800433 82.450987
 33.400000 -2.922296 2.510579 20.032551 887.371809
 33.600000 -3.051279 2.912713 15.756917 1404.432692
 33.800000 -2.886229 -3.033673 21.064395 744.295711
 34.000000 3.042005 2.424139 6.439366 3109.311653
 34.200000 -2.381051 2.936260 24.955410 5.256559
 34.400000 -2.015934 2.833604 22.298542 24.635192
 34.600000 -2.057395 1.843754 22.562265 58.919563
 34.800000 -1.659396 1.071610 24.649669 254.270334
 35.000000 -0.764315 0.408427 12.855881 1250.239279
 35.200000 -1.076404 0.232312 23.157577 844.418252
 35.400000 -1.308504 1.003565 28.556572 68.594144
 35.600000 -1.656925 1.574605 24.655770 254.349799
 35.800000 -1.975633 1.813763 22.184586 4.927946
 36.000000 -1.656233 2.620667 24.666828 254.930432
 36.200000 -2.456207 2.868674 25.074256 0.152301
 36.400000 2.828341 2.561396 -0.000821 0.001455
 36.600000 -3.100918 2.935212 13.958293 1785.952031
 36.800000 -3.033221 2.673879 16.525021 1188.597346
 37.000000 -2.656890 2.719627 24.643924 28.128378
 37.200000 -2.212476 2.957932 24.208703 75.862314
 37.400000 -1.960699 2.507976 22.209729 1.903760
 37.600000 -1.800388 2.092683 22.802637 73.096169
 37.800000 -1.715520 2.753025 23.740761 179.565107
 38.000000 -2.618527 2.669148 24.823343 14.023382
 38.200000 2.960799 2.962232 2.457801 2023.527001
 38.400000 3.051095 2.876084 7.322397 3406.583571
 38.600000 -2.516677 2.555038 25.065298 1.033107
 38.800000 -1.845457 2.201875 22.494343 31.956166
 39.000000 -1.734046 2.557740 23.490946 148.672380
 39.200000 -2.679984 2.386377 24.539612 40.107424
 39.400000 2.931060 3.055632 1.251264 1330.105876
 39.600000 -2.792945 2.940995 23.275612 303.561614
 39.800000 -2.503261 2.280243 25.084441 0.458167
 40.000000 -1.924469 2.566775 22.255963 0.719261
 40.200000 -1.933636 2.684386 22.277705 0.027875
 40.400000 -2.616017 2.383213 24.861364 12.874124
 40.600000 -3.098589 2.924882 14.288987 1605.691679
 40.800000 2.992875 3.124334 4.115206 2921.039992
 41.000000 -3.004989 2.545388 17.549618 1004.095608
 41.200000 -2.162474 2.701591 23.919430 109.457549
 41.400000 -1.836965 2.725290 22.586069 30.887908
 41.600000 -2.131979 2.327911 23.591669 118.759446
 41.800000 -1.999569 2.593746 22.455289 20.863766
 42.000000 -2.177312 2.880636 24.071238 99.452259
 42.200000 -2.719367 2.486772 24.291217 83.520390
 42.400000 -2.897754 3.018747 20.842365 823.716073
 42.600000 2.955316 3.097996 2.280827 2127.953607
 42.800000 -2.884773 2.671017 21.209407 773.871893
 43.000000 -2.040403 2.788093 22.760826 55.529487
 43.200000 -1.815109 2.507149 22.739002 37.749464
 43.400000 -2.032056 2.386660 22.756605 48.129332
 43.600000 -2.291941 2.621854 24.916987 11.538685
 43.800000 -2.382748 3.019510 25.086257 0.816548
 44.000000 3.128876 2.541084 11.998843 2430.290293
 44.200000 2.996624 3.054271 4.485993 3252.995839
 44.400000 -2.693150 3.092862 24.535454 48.191559
 44.600000 -2.322435 2.338262 25.027123 3.928209
 44.800000 -1.601951 2.222969 25.310205 274.227837
 45.000000 -1.630150 2.408951 24.851555 253.319846
 45.200000 -2.348657 2.383286 25.089392 1.223820
 45.400000 -3.048472 3.064237 16.295832 1054.924042
 45.600000 3.137565 -3.126362 12.539377 2221.240924
 45.800000 -2.796128 2.657068 23.334314 319.293375
 46.000000 -1.953019 2.580749 22.526861 3.871515
 46.200000 -1.823889 2.538589 22.724486 21.043274
 46.400000 -2.093298 2.406275 23.449282 95.593950
 46.600000 -2.571386 2.774417 25.060990 3.941708
 46.800000 3.139056 2.942822 12.670595 2174.069403
 47.000000 -2.993042 2.921203 18.052588 927.259016
 47.200000 -2.278263 2.740666 24.995281 12.382267
 47.400000 -1.867303 2.499181 22.611236 3.586350
 47.600000 -1.778328 2.314825 23.003708 52.281734
 47.800000 -2.211910 2.563149 24.629298 56.899742
 48.000000 -2.923921 2.889114 20.164298 888.937865
 48.200000 2.994451 2.727035 4.523373 3432.012739
 48.400000 -2.677594 2.910116 24.709824 34.383738
 48.600000 -2.491869 2.368683 25.164638 0.109664
 48.800000 -2.544464 2.523185 25.126323 1.464985
 49.000000 -2.957320 2.992538 19.176128 910.653952
 49.200000 3.040271 2.910251 7.363182 3812.229016
 49.400000 -2.877891 2.767657 21.520083 748.537612
 49.600000 -1.862659 2.818923 22.696791 2.606880
 49.800000 -1.758809 2.163069 23.167310 62.810658
 50.000000 -1.964298 2.246410 22.759241 8.571534
 50.200000 -2.022498 2.656299 23.070454 37.162775
 50.400000 -2.070076 2.955672 23.422249 73.781522
 50.600000 -2.789153 2.305263 23.547415 293.356444
 50.800000 -2.800723 3.032201 23.340469 347.639461
 51.000000 3.034694 2.960907 7.072551 3854.060124
 51.200000 -2.997841 2.612213 18.023483 888.717810
 51.400000 -2.467353 2.769411 25.221682 0.005688
 51.600000 -2.449373 2.567992 25.222446 0.000364
 51.800000 -2.848229 2.752714 22.333841 602.318208
 52.000000 -2.741274 3.080640 24.246484 127.418311
 52.200000 -2.877139 2.610921 21.609893 745.514643
 52.400000 -2.659559 2.660485 24.897421 23.682332
 52.600000 -2.585827 2.843346 25.144612 4.477234
 52.800000 -3.138963 2.645644 13.227846 1972.646612
 53.000000 -2.675252 3.085326 24.814394 32.928468
 53.200000 -2.480905 2.761143 25.269919 0.003188
 53.400000 -2.296675 2.342027 25.187817 4.487617
 53.600000 -2.285987 2.520822 25.162540 6.866999
 53.800000 -1.997941 -2.930228 23.096314 22.339286
 54.000000 -2.790429 2.547518 23.606987 297.498795
 54.200000 -2.916181 2.648070 20.553771 873.971252
 54.400000 -2.501216 3.121321 25.300522 0.072822
 54.600000 -3.015007 2.624283 17.606228 879.930273
 54.800000 -2.446603 2.893249 25.300765 0.023831
 55.000000 -2.653965 2.965396 24.988657 20.931075
 55.200000 -3.070153 2.599127 15.951132 1052.108997
 55.400000 3.082168 3.123813 10.203335 3316.578605
 55.600000 -2.934063 2.883804 20.053698 898.617886
 55.800000 -2.881144 2.545996 21.595060 767.436553
 56.000000 -2.713931 2.989334 24.642149 73.734230
 56.200000 3.137763 2.970075 13.121826 2062.317752
 56.400000 2.928125 2.470724 1.197506 1988.845099
 56.600000 -2.257421 -2.935219 25.120237 17.983736
 56.800000 -2.591333 2.547570 25.275621 5.568146
 57.000000 -2.402703 2.626393 25.364640 0.211515
 57.200000 -2.575287 2.909378 25.352952 3.860462
 57.400000 2.964605 2.669909 3.066483 3180.012780
 57.600000 2.899446 2.799056 0.044403 760.832296
 57.800000 -3.040222 3.063572 16.960569 919.019284
 58.000000 -2.599293 2.396367 25.297591 7.071689
 58.200000 -2.094903 2.710078 23.960312 67.884572
 58.400000 -2.190087 2.689764 24.752142 55.429685
 58.600000 -2.333250 2.550584 25.364790 2.430249
 58.800000 -2.776816 2.576657 24.013525 235.070120
 59.000000 -3.102818 -3.106992 14.940634 1345.705399
 59.200000 -2.870356 2.876620 22.069120 709.520617
 59.400000 -2.331973 2.585576 25.386005 3.060381
 59.600000 -2.444212 2.546229 25.511376 0.504740
 59.800000 -3.132106 2.806284 13.825794 1776.398151
 60.000000 3.077616 -3.120559 10.125203 3401.407401
 60.200000 -2.199574 2.584692 24.864580 46.607185
 60.400000 -1.662245 1.851541 24.034263 159.933467
 60.600000 -1.541718 1.329765 25.880714 279.210260
 60.800000 -0.881812 0.163512 16.243816 1267.237093
 61.000000 -0.513196 -0.444111 2.271670 1537.843478
 61.200000 -0.165723 -0.623096 -0.000578 0.000158
 61.400000 1.092318 -1.028829 -0.000000 0.000000
