#! FIELDS time phi psi ves.bias ves.force2
#! SET min_phi -pi
#! SET max_phi pi
#! SET min_psi -pi
#! SET max_psi pi
 0.000000 -1.498385 0.273949 27.215882 148.921278
 0.200000 -1.310464 0.446280 27.764191 54.729023
 0.400000 -0.703367 1.102474 7.854202 1585.472225
 0.600000 -0.914010 2.006566 16.958797 1681.461432
 0.800000 -0.769072 2.538311 10.634782 1948.030333
 1.000000 -0.755771 2.190805 10.051069 1900.962405
 1.200000 -0.681142 1.673971 7.504083 1567.845137
 1.400000 -0.633100 1.112197 5.702838 1231.652646
 1.600000 -1.454329 0.782385 27.764927 102.490169
 1.800000 -1.815664 0.647601 22.902489 32.774646
 2.000000 -0.968199 0.611778 19.231844 1346.526968
 2.200000 -1.061098 1.130850 22.552316 1063.507036
 2.400000 -0.824025 1.660493 13.634297 1610.204615
 2.600000 -0.788379 1.598032 12.192237 1663.793793
 2.800000 -0.829383 2.150176 13.849050 1602.795939
 3.000000 -0.871807 2.369396 15.533611 1553.156259
 3.200000 -0.763023 2.208271 11.385491 1702.136099
 3.400000 -0.763168 1.728468 11.391461 1701.825961
 3.600000 -0.847529 1.181476 14.780199 1541.530881
 3.800000 -1.327957 0.820617 28.040567 40.366196
 4.000000 -1.279753 0.547645 27.590675 147.771194
 4.200000 -0.977355 0.820402 19.901385 1329.363285
 4.400000 -1.201334 1.350707 26.333322 388.807340
 4.600000 -1.097260 0.962466 23.838095 800.840102
 4.800000 -1.044887 0.587327 22.243316 1057.147510
 5.000000 -1.083758 0.454332 23.448343 866.072767
 5.200000 -0.879796 0.732453 16.331333 1488.102084
 5.400000 -1.620610 1.057838 25.318023 259.907561
 5.600000 -1.007050 0.746250 21.095185 1242.410214
 5.800000 -0.931323 0.459063 18.304578 1440.336611
 6.000000 -0.728273 0.008999 10.243087 1795.837338
 6.200000 -0.644843 -0.224476 6.784366 1731.692573
 6.400000 -0.532712 -0.198696 2.800320 737.357495
 6.600000 -1.413232 0.483612 28.215710 39.664440
 6.800000 -1.546528 1.314100 26.558633 259.890333
 7.000000 -0.941076 1.597808 18.824061 1438.206661
 7.200000 -0.477061 1.536214 1.554659 325.958830
 7.400000 -0.758936 2.130811 11.733171 1722.797619
 7.600000 -0.903723 2.243690 17.505266 1508.068422
 7.800000 -0.547214 2.159222 3.251463 923.596917
 8.000000 -0.727788 1.712974 10.425247 1801.660382
 8.200000 -0.828908 1.338627 14.719294 1577.353185
 8.400000 -0.909693 0.599710 17.869799 1467.057625
 8.600000 -1.548052 0.427404 26.582093 251.358812
 8.800000 -1.655478 0.880453 24.851598 250.139283
 9.000000 -0.877583 1.286550 16.630501 1510.288368
 9.200000 -0.824519 1.558322 14.700311 1600.065923
 9.400000 -0.724239 1.595597 10.522951 1870.833482
 9.600000 -0.594360 1.855040 5.036256 1441.805575
 9.800000 -0.584158 2.059711 4.655410 1345.139907
 10.000000 -0.859394 2.369570 16.078687 1526.730896
 10.200000 -0.470742 1.920430 1.539325 354.730566
 10.400000 -0.621374 1.615046 6.229042 1708.428869
 10.600000 -0.746657 1.817779 11.663261 1838.020354
 10.800000 -1.246102 1.911169 27.571214 231.400319
 11.000000 -0.521368 1.729230 2.709568 756.220536
 11.200000 -0.634792 1.922490 6.970263 1830.527714
 11.400000 -0.898318 2.186343 17.877947 1372.557973
 11.600000 -0.599969 2.174955 5.524277 1599.571947
 11.800000 -0.672483 1.897819 8.612033 1939.930140
 12.000000 -0.915289 1.913297 18.501765 1329.343372
 12.200000 -0.725360 1.374366 11.136807 1877.232059
 12.400000 -1.195876 1.279707 26.720920 404.719857
 12.600000 -1.748604 0.736056 23.394849 201.039180
 12.800000 -1.434865 0.490937 28.133547 80.431848
 13.000000 -1.179862 1.118738 26.387970 459.817192
 13.200000 -0.815233 1.400614 15.044075 1554.431361
 13.400000 -0.752247 1.396328 12.468544 1791.799519
 13.600000 -1.542117 1.193257 26.776652 236.871960
 13.800000 -1.530740 0.625677 26.949558 224.890014
 14.000000 -0.979810 0.231083 20.938243 1036.444774
 14.200000 -1.055181 0.492162 23.274273 800.532105
 14.400000 -1.344145 0.722855 28.515928 3.762865
 14.600000 -1.750991 1.299591 23.330896 216.473286
 14.800000 -1.107982 1.762140 24.708892 675.537109
 15.000000 -0.766709 1.738628 13.238328 1746.732861
 15.200000 -0.851082 1.963062 16.741560 1392.411755
 15.400000 -0.704321 2.023367 10.689009 1975.420520
 15.600000 -0.535693 2.046836 3.592311 1191.162413
 15.800000 -1.259002 1.898717 27.881406 181.589806
 16.000000 -2.233950 1.197747 23.673642 81.864848
 16.200000 -1.741652 0.414311 23.454766 252.940735
 16.400000 -0.509791 -0.112532 2.810244 965.641453
 16.600000 -0.496436 -0.387329 2.410412 828.786249
 16.800000 -0.678871 -0.752011 9.691509 2034.554932
 17.000000 -0.498976 -0.383818 2.484076 854.396403
 17.200000 -0.556342 -0.059930 4.539496 1479.619101
 17.400000 -1.371302 -0.089835 28.563178 2.511853
 17.600000 -1.887229 0.577510 21.996314 8.990107
 17.800000 -1.994325 1.222612 22.098845 14.497007
 18.000000 -0.676784 1.780515 9.729641 2038.470248
 18.200000 -1.331826 2.701494 28.535019 11.025291
 18.400000 -1.222433 2.829793 27.381415 304.685942
 18.600000 -0.722237 1.810513 11.891363 1954.803435
 18.800000 0.050059 0.901203 -0.000000 0.000000
 19.000000 1.281053 -0.093327 -0.000000 0.000000
