#! FIELDS time phi psi ves.bias ves.force2
#! SET min_phi -pi
#! SET max_phi pi
#! SET min_psi -pi
#! SET max_psi pi
 0.000000 -1.498385 0.273949 21.102548 145.576228
 0.200000 -0.991059 0.905528 14.959176 1195.619188
 0.400000 -1.540144 1.565670 20.551164 202.365915
 0.600000 -1.789244 1.643501 17.087759 53.653927
 0.800000 -1.683473 1.850317 18.309011 224.301283
 1.000000 -1.640490 1.842198 18.982639 260.361817
 1.200000 -1.902262 1.679287 16.898590 11.882156
 1.400000 -1.595248 2.035421 20.070954 204.410506
 1.600000 -1.974502 2.643365 16.791284 0.417416
 1.800000 -2.855502 2.761517 16.972470 553.652071
 2.000000 -3.010590 2.968804 12.438064 1202.686013
 2.200000 -2.451799 2.818928 19.934120 27.120593
 2.400000 -2.489081 2.374919 20.094154 10.648751
 2.600000 -1.971007 2.597472 16.911521 1.859357
 2.800000 -1.986331 2.698135 16.898296 0.121719
 3.000000 -2.552058 2.384114 20.169098 0.917970
 3.200000 -2.833132 2.877867 17.392581 437.712578
 3.400000 2.989335 2.926641 -0.008215 3.000817
 3.600000 3.141232 2.683470 6.765081 2741.615825
 3.800000 -2.813458 2.891148 17.785355 360.802675
 4.000000 -2.269133 2.917423 18.708331 71.973607
 4.200000 -2.057168 2.385957 17.177085 11.773497
 4.400000 -2.175515 2.083089 17.913089 65.902910
 4.600000 -1.723396 2.871499 18.433805 95.330116
 4.800000 -2.804937 2.732179 17.979798 324.462759
 5.000000 -3.066311 2.987169 10.449779 1700.895300
 5.200000 -2.795806 2.680107 18.146090 287.555437
 5.400000 -2.546180 2.433595 20.352804 7.455580
 5.600000 -2.189642 2.559064 18.076481 61.647639
 5.800000 -1.859235 3.044198 17.526860 19.076465
 6.000000 -2.676005 2.295059 19.573048 69.944886
 6.200000 -2.891481 2.677287 16.069533 682.539906
 6.400000 -2.848864 -3.133076 17.115561 518.027895
 6.600000 3.111844 2.383710 5.405592 2976.274491
 6.800000 -2.497660 2.662389 20.456463 1.082078
 7.000000 -1.947948 2.929889 17.304216 3.055715
 7.200000 -1.954105 2.358894 17.339185 1.760007
 7.400000 -2.161422 2.002999 17.949690 45.424884
 7.600000 -1.654634 2.643067 19.079025 134.536019
 7.800000 -2.464903 2.826443 20.417079 14.188098
 8.000000 3.064185 2.764284 2.874839 2702.081013
 8.200000 -2.752386 -3.090760 18.975452 163.926496
 8.400000 -2.911428 2.522507 15.609994 779.023351
 8.600000 -2.486693 2.719618 20.493029 3.283087
 8.800000 -2.402557 2.819520 20.063616 61.698014
 9.000000 -2.122597 2.487203 17.759369 32.163833
 9.200000 -2.221172 2.459078 18.526197 66.608854
 9.400000 -2.313711 2.851274 19.325224 80.924458
 9.600000 -2.823609 2.611236 17.849655 426.661130
 9.800000 -3.031192 2.925204 11.934968 1257.196004
 10.000000 -3.054734 3.057039 11.065592 1483.683154
 10.200000 -2.727365 2.699575 19.350249 106.852351
 10.400000 -2.239093 2.648276 18.771546 70.159073
 10.600000 -2.004763 2.736492 17.450603 0.260993
 10.800000 -2.472069 2.421064 20.488532 8.227035
 11.000000 -2.802343 2.998507 18.305429 326.721164
 11.200000 -3.100233 2.998068 9.231857 2083.137514
 11.400000 -2.918801 2.649845 15.539095 826.790301
 11.600000 -1.743222 2.714219 18.154484 40.152524
 11.800000 -1.909373 2.208239 17.588237 3.779774
 12.000000 -1.930385 2.384660 17.550072 2.788368
 12.200000 -2.388478 2.788707 20.104438 51.483988
 12.400000 -2.768195 3.041697 18.946119 195.262219
 12.600000 -3.111882 2.775554 8.731074 2250.187185
 12.800000 3.012605 2.842523 0.606440 1704.702958
 13.000000 -2.576065 2.814129 20.453351 16.915419
 13.200000 -2.586384 2.526467 20.441559 20.793564
 13.400000 -2.312582 2.828159 19.563020 65.210882
 13.600000 -2.338205 2.756789 19.767749 62.241486
 13.800000 -2.764830 2.405406 19.029509 183.411266
 14.000000 -2.551996 3.043345 20.570404 8.013684
 14.200000 -3.104799 2.765835 9.154169 2095.284579
 14.400000 -2.890915 2.729690 16.431967 753.037856
 14.600000 -2.534914 3.014240 20.668061 2.656238
 14.800000 -2.532242 2.609402 20.672177 2.108790
 15.000000 -2.476081 2.694451 20.643227 6.236246
 15.200000 -2.403384 2.901892 20.379052 41.740148
 15.400000 -2.940207 2.745080 15.038082 903.615703
 15.600000 -3.076215 2.879294 10.437353 1663.945355
 15.800000 -3.119855 3.134596 8.497375 2321.005950
 16.000000 -3.035727 2.595429 11.971239 1248.952548
 16.200000 -2.612523 2.676874 20.505214 32.451736
 16.400000 -2.244579 2.894009 19.150673 85.706569
 16.600000 -2.542555 2.517243 20.800235 5.443655
 16.800000 -2.530137 2.707441 20.824062 2.235202
 17.000000 -2.996406 2.918980 13.333978 1018.088147
 17.200000 2.992090 2.873941 -0.015221 130.003849
 17.400000 -2.819016 2.944776 18.287272 424.676774
 17.600000 -2.763929 2.654079 19.238611 197.897905
 17.800000 -2.790654 2.784260 18.822457 293.646093
 18.000000 -2.980918 2.817315 13.859558 964.496202
 18.200000 2.972199 2.769249 -0.000947 0.053274
 18.400000 -2.663145 3.083962 20.352686 56.822534
 18.600000 -2.931764 2.548840 15.378167 882.435709
 18.800000 -2.880743 2.775971 16.840114 740.209833
 19.000000 2.978758 3.069096 -0.004718 1.301029
 19.200000 -2.945311 2.632506 15.034985 914.203169
 19.400000 -2.641922 2.832455 20.588049 46.685210
 19.600000 -2.692776 2.716700 20.194249 77.429614
 19.800000 3.052332 2.937101 2.818346 2850.044017
 20.000000 -3.125547 2.832139 8.505769 2359.279938
 20.200000 -2.520836 2.866462 21.153275 0.013719
 20.400000 -2.153103 2.596025 18.297716 97.277269
 20.600000 -1.958585 2.426466 17.651641 2.695228
 20.800000 -2.161184 2.557574 18.378730 103.598467
 21.000000 -2.448757 2.897544 20.968400 25.108427
 21.200000 -3.127817 2.745308 8.538155 2361.926013
 21.400000 -2.820387 -3.135157 18.562468 447.669199
 21.600000 -2.860379 2.647432 17.620306 665.454274
 21.800000 -2.950462 2.741341 15.012728 947.215627
 22.000000 -2.924616 2.921675 15.800490 907.135710
 22.200000 3.023351 2.679236 1.518741 2349.408929
 22.400000 -2.793688 2.826739 19.175121 305.326812
 22.600000 -2.803079 2.816318 19.005436 348.523455
 22.800000 -2.967709 2.768029 14.563763 990.506696
 23.000000 -2.869261 2.845831 17.494674 710.066713
 23.200000 -2.963500 2.795699 14.798622 1012.384759
 23.400000 -2.911327 2.907581 16.421836 904.408427
 23.600000 -3.088963 2.691533 10.414921 1722.383649
 23.800000 -2.873316 3.119693 17.513274 732.776818
 24.000000 2.987169 2.772532 -0.001123 331.602198
 24.200000 -2.933414 2.683868 15.878457 983.644103
 24.400000 -2.708349 2.992533 20.421585 74.510152
 24.600000 -2.868720 2.838097 17.775906 700.945121
 24.800000 -2.885885 2.793754 17.305728 798.283603
 25.000000 -3.070549 2.949720 11.235753 1510.138137
 25.200000 -2.755680 2.936720 20.038324 133.286524
 25.400000 -2.562937 2.623028 21.344177 7.459386
 25.600000 -2.192773 2.757936 18.714597 137.724493
 25.800000 -2.022714 2.632477 17.562715 0.013629
 26.000000 -2.084503 2.364828 17.715237 26.704869
 26.200000 -2.035718 2.836231 17.562633 0.904133
 26.400000 -2.094508 2.809111 17.764471 37.475532
 26.600000 -2.550437 2.566567 21.409732 2.834685
 26.800000 -2.472603 2.800505 21.299674 19.793022
 27.000000 -2.307025 3.103851 19.996411 97.910969
 27.200000 -2.619409 2.403479 21.190088 28.194437
 27.400000 -2.145604 2.892021 18.199996 104.589782
 27.600000 -2.153622 2.764976 18.283803 113.806461
 27.800000 -2.167486 2.385838 18.436171 127.214406
 28.000000 -2.008638 2.531645 17.559025 0.258311
 28.200000 -2.096253 2.792972 17.815655 43.274756
 28.400000 -2.851287 2.499493 18.743922 553.319001
 28.600000 2.980065 3.053397 -0.027846 0.001600
 28.800000 3.046571 2.958774 3.003344 3033.143703
 29.000000 -3.069403 2.613441 11.577336 1588.543921
 29.200000 -2.895729 2.927204 17.662579 874.957648
 29.400000 -2.613261 2.822788 21.302920 27.653510
 29.600000 -2.442105 2.488255 21.259596 46.291860
 29.800000 -1.834659 2.878081 17.453533 7.129068
 30.000000 -2.178709 2.437684 18.638594 132.299670
 30.200000 -2.150242 2.534050 18.357271 108.592220
 30.400000 -2.289102 2.899930 19.900104 105.410887
 30.600000 -2.348785 2.630829 20.488869 91.193594
 30.800000 -2.504448 2.527117 21.588464 4.259087
 31.000000 -2.132786 -3.122828 18.183290 89.632997
 31.200000 -2.029245 2.501642 17.662516 2.852886
 31.400000 -2.010520 2.170692 17.640478 0.520948
 31.600000 -1.486715 2.548127 19.689088 56.782626
 31.800000 -1.766895 2.704725 17.273601 0.117231
 32.000000 -2.583411 2.606755 21.528799 17.748240
 32.200000 -2.969300 2.865158 15.484018 1233.284897
 32.400000 -2.984136 -3.133275 14.960323 1257.955914
 32.600000 -2.830425 2.903504 19.560208 381.507977
 32.800000 -2.125331 2.665944 18.237705 80.633245
 33.000000 -1.641834 2.235836 18.013192 123.337394
 33.200000 -1.458009 1.934093 19.782317 34.801776
 33.400000 -1.497372 1.412358 19.510709 62.544209
 33.600000 -0.877451 0.424437 9.128389 1543.407148
 33.800000 -0.577881 -0.577516 -0.000002 0.000000
 34.000000 -0.693669 -0.383756 1.471746 1357.237394
 34.200000 -1.211420 0.709916 18.891085 275.311885
 34.400000 -0.713305 1.832883 2.181512 1564.547458
 34.600000 -0.942628 2.746212 11.500551 1236.956791
 34.800000 -0.752227 2.216083 3.794901 1835.808980
 35.000000 -0.948175 0.839610 11.694769 1215.058403
 35.200000 -0.882269 -0.089783 9.238719 1504.890598
 35.400000 -0.642597 -0.810912 -0.022330 6.385535
 35.600000 -0.688221 -0.076556 1.208387 1283.684995
 35.800000 -1.585304 1.161601 18.574587 138.478966
 36.000000 -1.484369 2.325301 19.551105 49.864680
 36.200000 -2.051240 3.073846 17.931225 20.610734
 36.400000 -2.938859 2.667149 16.765959 1199.121805
 36.600000 -3.006472 2.954186 14.339457 1343.460414
 36.800000 -2.004908 -3.101563 17.779363 5.106276
 37.000000 -2.032453 1.894016 17.856511 11.854784
 37.200000 -1.491108 1.078033 19.459082 53.478711
 37.400000 -0.751721 0.108670 3.726724 1839.755366
 37.600000 -0.893939 -0.697026 9.636826 1421.520801
 37.800000 -0.611594 -0.427039 -0.000078 0.000162
 38.000000 -1.417929 1.311474 19.841847 10.142967
 38.200000 -0.648381 2.268214 -0.027336 2.027724
 38.400000 -0.707662 2.413639 1.902419 1526.559304
 38.600000 -1.054426 1.647161 14.947907 866.412732
 38.800000 -1.130535 0.325481 17.019455 604.696289
 39.000000 -0.837213 -0.436159 7.382746 1700.453565
 39.200000 -0.653725 -0.533052 0.025510 421.245842
 39.400000 -1.063128 0.411540 15.174242 839.099134
 39.600000 -1.403638 1.642241 19.831231 4.322733
 39.800000 -0.552595 1.902758 -0.000000 0.000000
 40.000000 -0.719023 2.306790 2.362604 1643.800837
 40.200000 -0.823587 2.321370 6.825123 1723.343014
 40.400000 -0.662795 1.901555 0.312808 1151.841886
 40.600000 -1.121476 1.426159 16.732589 630.209954
 40.800000 -1.403813 0.427858 19.815717 3.787541
 41.000000 -1.428583 0.284728 19.748308 12.158399
 41.200000 -0.831863 0.717025 7.180715 1653.972067
 41.400000 -0.984631 1.555319 12.711913 1056.932892
 41.600000 -0.784441 1.870827 5.193683 1835.453592
 41.800000 -0.678087 2.227827 0.851974 1222.290125
 42.000000 -1.073556 2.317911 15.429881 801.792096
 42.200000 -1.113535 2.148421 16.494188 642.642244
 42.400000 -0.675331 2.042956 0.781587 1210.823171
 42.600000 -0.787911 1.857327 5.375544 1811.526710
 42.800000 -0.765336 1.985509 4.409111 1844.006222
 43.000000 -0.897654 2.222765 9.724863 1322.125558
 43.200000 -1.157808 2.394922 17.518457 451.485126
 43.400000 -2.088490 1.853703 18.364496 51.914739
 43.600000 -2.144149 2.025181 18.815059 76.193397
 43.800000 -1.563275 2.801472 18.654340 145.248886
 44.000000 -1.553617 2.784216 18.768704 134.988790
 44.200000 -2.584583 2.234593 21.784082 24.352616
 44.400000 -2.414719 2.995151 21.277145 102.429779
 44.600000 -2.668664 2.884477 21.316123 25.283018
 44.800000 -3.012976 2.316339 14.233596 1436.334168
 45.000000 -2.310382 -3.024995 20.231784 79.051697
 45.200000 -2.040370 2.998146 18.100857 31.828495
 45.400000 -2.096263 1.962349 18.468547 56.301205
 45.600000 -1.601832 1.188458 18.118872 173.762843
 45.800000 -0.738199 0.338381 3.380610 1810.844998
 46.000000 -1.815509 0.156530 16.906243 19.971740
 46.200000 -1.562437 0.463673 18.607919 154.588016
 46.400000 -0.893720 0.832332 9.618445 1266.511724
 46.600000 -0.811042 1.776152 6.485199 1640.483476
 46.800000 -0.699296 2.455006 1.802542 1583.769657
 47.000000 -0.727799 2.362395 2.976163 1782.462443
 47.200000 -1.443694 1.569831 19.637917 18.387051
 47.400000 -1.209925 0.201300 18.376546 238.744354
 47.600000 -0.629230 -0.579751 -0.002380 0.251595
 47.800000 -0.735403 -0.447324 3.342738 1823.520764
 48.000000 -1.526649 0.846296 19.008397 113.389740
 48.200000 -1.077439 1.985784 15.508781 747.305901
 48.400000 -1.047612 2.448006 14.660639 867.720326
 48.600000 -2.280208 2.480560 19.936639 62.031143
 48.800000 3.048380 2.656384 3.512832 3211.393285
 49.000000 -2.759096 -2.760525 20.889479 44.244187
 49.200000 -2.958565 2.555422 16.310582 1373.115665
 49.400000 -2.761304 2.434487 20.878654 47.110928
 49.600000 -1.858224 3.135225 17.050079 41.704957
 49.800000 -1.824916 2.621825 16.853590 26.520688
 50.000000 -2.006235 1.598894 17.977394 33.736655
 50.200000 -0.888093 1.096578 9.487332 1191.784675
 50.400000 -1.282762 0.456573 19.186135 87.023522
 50.600000 -1.405336 0.002354 19.728561 0.599024
 50.800000 -1.312392 0.233873 19.428679 49.506821
 51.000000 -1.284106 0.713056 19.198603 85.105906
 51.200000 -1.824891 1.205090 16.813766 27.136842
 51.400000 -0.834580 1.240892 7.596328 1398.244408
 51.600000 -1.349713 1.073838 19.629301 17.609183
 51.800000 -1.545565 0.705983 18.750684 152.123070
 52.000000 -0.703598 0.338654 2.165282 1751.994866
 52.200000 -1.329968 0.537238 19.525452 35.179666
 52.400000 -1.582318 1.185108 18.261488 185.644951
 52.600000 -0.499184 1.335254 -0.000000 0.000000
 52.800000 -1.073189 1.723349 15.364313 755.391198
 53.000000 -0.975055 1.468969 12.381118 1038.699739
 53.200000 -1.282805 0.864129 19.152922 91.968525
 53.400000 -1.330272 0.571723 19.524908 36.264650
 53.600000 -0.805388 0.773142 6.546761 1551.528834
 53.800000 -1.410300 1.540052 19.731287 1.207806
 54.000000 -1.688810 1.406223 16.953227 74.848237
 54.200000 -0.908994 0.908469 10.240917 1075.375031
 54.400000 -1.636758 0.820351 17.510552 160.973333
 54.600000 -1.232389 1.003625 18.573131 176.369145
 54.800000 -1.186764 1.415130 17.887027 285.385314
 55.000000 -1.076645 1.341488 15.460064 739.877263
 55.200000 -1.258473 0.808268 18.897264 131.656612
 55.400000 -1.045484 0.265043 14.581060 873.520762
 55.600000 -1.445065 0.558495 19.659949 21.517271
 55.800000 -1.009232 1.126100 13.474050 981.826441
 56.000000 -1.429738 1.668629 19.719107 9.473983
 56.200000 -1.509187 1.533574 19.175387 113.485579
 56.400000 -1.063589 0.572290 15.117422 800.542667
 56.600000 -0.804229 -0.291940 6.602918 1529.115618
 56.800000 -0.602525 -0.504570 -0.000012 0.000005
 57.000000 -1.083093 0.383017 15.653546 710.007686
 57.200000 -1.526513 1.544413 18.989325 145.287079
 57.400000 -1.720669 2.270926 16.696778 29.086479
 57.600000 -1.873158 -3.072024 17.017260 51.484537
 57.800000 -2.796223 2.548269 20.559201 129.045839
 58.000000 3.090487 2.787892 5.825528 3213.102467
 58.200000 -3.027070 3.063799 13.643883 1585.170354
 58.400000 2.833784 2.727263 -0.000000 0.000000
 58.600000 -2.015331 2.701349 18.069644 51.323988
 58.800000 -1.196463 2.493397 18.082536 252.016370
 59.000000 -0.756221 1.757193 4.684428 1879.848559
 59.200000 -1.335018 1.227580 19.637365 39.820440
 59.400000 -1.741859 0.544831 16.602810 9.831279
 59.600000 -1.006719 0.374044 13.440677 1004.271652
 59.800000 -0.998982 0.562146 13.194714 1016.817425
 60.000000 -1.259189 0.532265 18.947619 134.353938
 60.200000 -1.372871 1.150280 19.831273 8.241137
 60.400000 -0.874995 1.428522 9.221208 1074.713957
 60.600000 -1.179960 1.223555 17.833054 291.584886
 60.800000 -1.100342 0.676288 16.168741 624.828508
 61.000000 -1.412741 0.640292 19.860384 2.198260
 61.200000 -0.953746 0.993613 11.764860 1037.339953
 61.400000 -1.508991 1.476754 19.226108 132.876964
 61.600000 -1.107585 1.274658 16.371477 586.199367
 61.800000 -1.429979 0.649376 19.842557 12.464582
 62.000000 -0.909578 0.443576 10.350927 1018.387060
 62.200000 -1.253578 0.675760 18.922319 144.052520
 62.400000 -0.936856 1.198628 11.236011 1028.875214
 62.600000 -0.960062 1.289595 11.983775 1046.985520
 62.800000 -1.000503 1.252440 13.293457 1036.906812
 63.000000 -1.479492 0.847552 19.552789 83.871891
 63.200000 -0.836298 0.300080 7.977480 1220.960301
 63.400000 -1.171360 0.519393 17.752924 305.793221
 63.600000 -1.221061 1.151636 18.524611 190.700519
 63.800000 -1.068703 1.580812 15.412758 797.546381
 64.000000 -1.074910 1.091075 15.586199 763.924812
 64.200000 -1.468607 0.724100 19.696618 70.123690
 64.400000 -0.953362 0.724657 11.807111 1053.106822
 64.600000 -1.262445 1.225952 19.079423 133.330782
 64.800000 -1.357150 1.249825 19.889511 22.447014
 65.000000 -0.886101 0.815296 9.651735 1028.066389
 65.200000 -1.569089 0.934495 18.459453 220.764653
 65.400000 -1.077198 1.140477 15.722828 757.945148
 65.600000 -1.465338 1.516281 19.753137 67.383717
 65.800000 -1.549970 1.276585 18.740927 210.697630
 66.000000 -1.204478 0.843858 18.354603 218.695014
 66.200000 -1.219644 0.615944 18.607036 190.280056
 66.400000 -1.086756 0.745725 16.021872 704.560659
 66.600000 -1.474570 1.424962 19.703829 87.661181
 66.800000 -1.205550 1.074842 18.406635 214.991828
 67.000000 -1.713336 0.825961 16.735514 43.651882
 67.200000 -1.142987 0.732528 17.377730 406.509787
 67.400000 -1.426028 1.253507 20.057582 13.330722
 67.600000 -1.266675 1.194883 19.243468 129.212516
 67.800000 -1.139749 0.977588 17.311858 420.939519
 68.000000 -1.357684 0.976193 20.013105 21.818225
 68.200000 -1.004715 0.654485 13.603403 1087.917053
 68.400000 -1.503074 0.861407 19.453246 153.300675
 68.600000 -1.386827 1.197503 20.148766 1.591724
 68.800000 -0.907316 1.155588 10.407306 1027.980226
 69.000000 -1.701637 0.929753 16.825343 64.436067
 69.200000 -0.898684 0.306874 10.151223 1030.559628
 69.400000 -0.808117 -0.025081 7.067064 1440.051333
 69.600000 -0.725006 -0.033128 3.519702 2118.294170
 69.800000 -0.603980 0.095504 -0.000010 0.000005
 70.000000 -1.241175 0.611902 19.039101 159.211797
 70.200000 -1.648414 1.394742 17.402248 161.551792
 70.400000 -0.930394 1.373116 11.200819 1060.588292
 70.600000 -1.356743 1.204461 20.153225 21.476311
 70.800000 -1.560977 0.783333 18.684875 238.228958
 71.000000 -0.848852 0.565003 8.547804 1147.993764
 71.200000 -0.863255 0.717418 9.054720 1089.551470
 71.400000 -1.707248 1.090542 16.797258 65.314808
 71.600000 -1.270364 1.231717 19.484753 124.107247
 71.800000 -1.256988 1.128428 19.331178 139.657618
 72.000000 -1.661169 0.884635 17.262480 143.334751
 72.200000 -0.919235 0.728448 10.896502 1051.111764
 72.400000 -1.223591 0.926235 18.955172 184.241833
 72.600000 -1.361702 1.079618 20.266842 15.933719
 72.800000 -0.884336 0.851130 9.770575 1044.937018
 73.000000 -1.465365 1.142951 20.005519 83.004173
 73.200000 -1.077633 0.839680 16.072535 801.037982
 73.400000 -1.538697 0.981928 19.119299 227.486179
 73.600000 -1.318431 1.036730 20.053131 65.084706
 73.800000 -1.105621 1.176952 16.818912 624.033179
 74.000000 -1.679069 1.229186 17.095894 119.587110
 74.200000 -0.864037 0.919726 9.162404 1099.821413
 74.400000 -1.404631 0.831666 20.422434 2.349064
 74.600000 -1.214001 1.051958 18.928580 202.695897
 74.800000 -1.122269 1.103685 17.264526 529.310311
 75.000000 -1.750755 1.107087 16.537451 22.718950
 75.200000 -1.287638 0.871001 19.886887 103.515666
 75.400000 -1.320863 0.990303 20.187460 60.793985
 75.600000 -1.677126 0.956006 17.156115 132.289676
 75.800000 -0.844278 0.831063 8.518730 1195.777324
 76.000000 -1.543862 1.107328 19.112304 238.348862
 76.200000 -1.428411 0.914014 20.447415 24.401885
 76.400000 -1.011246 0.628658 14.108338 1132.028772
 76.600000 -1.555480 0.885522 18.970082 250.183305
 76.800000 -1.815773 1.312949 16.395915 0.838437
 77.000000 -0.734415 1.043003 4.039279 2191.441954
 77.200000 -1.641634 1.298893 17.669046 201.968838
 77.400000 -1.627878 0.890109 17.869300 221.465761
 77.600000 -0.643747 0.260921 0.006554 428.380776
 77.800000 -1.005568 -0.044700 13.954025 1149.251816
 78.000000 -0.632420 -0.074557 -0.007939 3.673229
 78.200000 -1.046009 0.304711 15.332787 1018.190186
 78.400000 -1.514645 1.004563 19.673372 200.517270
 78.600000 -1.181933 1.725262 18.659244 286.626653
 78.800000 -0.844918 2.036474 8.614928 1211.815929
 79.000000 -0.770261 2.208919 5.698470 1921.595533
 79.200000 -0.908293 2.212254 10.750690 1069.658171
 79.400000 -0.829504 1.998185 8.095149 1320.955159
 79.600000 -0.777588 1.831823 6.040262 1850.583925
 79.800000 -1.289603 1.414548 20.135651 99.087864
 80.000000 -1.283134 0.654070 20.069912 107.471369
 80.200000 -0.914249 0.218741 10.976655 1076.149965
 80.400000 -1.280053 0.352465 20.092495 110.457672
 80.600000 -1.691776 0.928768 17.100157 133.915227
 80.800000 -1.230378 1.187873 19.498941 179.084836
 81.000000 -0.950095 1.579230 12.168476 1139.702664
 81.200000 -1.819381 1.864200 16.325934 0.002928
 81.400000 -1.766471 1.776733 16.469938 28.748363
 81.600000 -1.620850 1.792170 18.108648 243.773062
 81.800000 -1.677438 1.179395 17.297743 162.634152
 82.000000 -0.869106 0.285842 9.528027 1104.818360
 82.200000 -0.756995 -0.272546 5.208341 2104.334863
 82.400000 -0.627368 -0.525761 -0.002296 0.369908
 82.600000 -0.646535 -0.048590 0.107915 1527.388183
 82.800000 -0.965362 0.418750 12.753650 1177.280587
 83.000000 -1.509458 1.007466 19.909786 197.468144
 83.200000 -1.267055 1.393335 20.111924 125.698390
 83.400000 -0.940828 0.887904 11.952725 1128.996112
 83.600000 -1.931571 0.817511 16.807070 72.371744
 83.800000 -1.279333 0.693330 20.245103 109.723208
 84.000000 -0.783224 0.529303 6.403051 1812.643106
 84.200000 -1.187078 0.635309 19.069334 275.268302
 84.400000 -1.971078 1.143014 17.140285 91.961843
 84.600000 -0.852985 1.171463 9.083451 1163.454569
 84.800000 -1.589407 1.206628 18.725119 268.675031
 85.000000 -1.727511 1.101072 16.808792 95.424918
 85.200000 -1.061451 0.687771 16.123861 986.666772
 85.400000 -0.832647 0.408025 8.406523 1292.491523
 85.600000 -1.263724 0.369659 20.174857 129.637359
 85.800000 -0.772059 0.504616 5.985610 1959.384369
 86.000000 -1.703190 1.192117 17.098388 138.636477
 86.200000 -1.976489 1.357853 17.135947 93.318317
 86.400000 -0.879305 1.061425 10.029642 1069.786253
 86.600000 -1.867905 1.209749 16.333533 11.797700
 86.800000 -1.415159 0.644453 20.965845 15.128268
 87.000000 -0.964487 0.677245 12.857836 1190.888318
 87.200000 -1.700380 0.930066 17.193384 151.229738
 87.400000 -1.154576 1.119672 18.623280 400.303756
 87.600000 -1.297479 1.443978 20.618694 84.391601
 87.800000 -1.738620 1.086820 16.771605 93.093889
 88.000000 -0.813559 0.376097 7.775038 1467.435675
 88.200000 -0.773523 -0.049015 6.159926 1965.496464
 88.400000 -0.957431 -0.364154 12.684497 1178.032701
 88.600000 -0.843939 0.123145 8.919485 1204.422679
 88.800000 -0.606738 0.442441 -0.000014 0.000012
 89.000000 -1.710162 0.883095 17.106992 140.967116
 89.200000 -1.690491 1.504724 17.385179 172.944490
 89.400000 -0.874623 1.248783 9.987653 1067.428401
 89.600000 -1.703570 1.198032 17.217699 154.954002
 89.800000 -1.661383 0.598822 17.787929 209.320192
 90.000000 -0.644518 0.195095 0.108282 1612.750663
 90.200000 -0.564994 -0.059858 -0.000000 0.000000
 90.400000 -1.216061 0.005948 19.805806 203.268912
 90.600000 -0.709076 -0.034777 3.139969 2488.848664
 90.800000 -0.842100 0.296876 8.935326 1208.982557
 91.000000 -1.806371 1.203530 16.333845 18.853989
 91.200000 -1.577709 1.938073 19.169232 263.032861
 91.400000 -1.852716 2.404865 16.241188 0.217848
 91.600000 -2.431206 3.106666 20.363668 118.512198
 91.800000 2.917787 2.567461 -0.000000 0.000000
 92.000000 -3.004474 2.871064 13.776018 1600.763193
 92.200000 -2.616266 3.108831 20.712804 22.277453
 92.400000 -2.653194 2.554057 20.535361 22.403497
 92.600000 -2.196620 2.796125 18.309062 7.767635
 92.800000 -1.758092 2.636491 16.704687 89.831107
 93.000000 -2.235546 2.251831 18.440026 17.401144
 93.200000 -2.301460 2.679778 18.821597 75.663005
 93.400000 -2.548689 3.058136 20.905585 1.135759
 93.600000 -3.124918 2.596327 8.459959 2370.291627
 93.800000 3.126057 2.857283 6.842629 2663.504516
 94.000000 -2.189213 -2.999322 18.257077 6.902089
 94.200000 -2.338479 2.253686 19.162297 123.746900
 94.400000 -1.797978 2.490364 16.424539 41.996017
 94.600000 -2.071487 2.629002 17.756563 46.913234
 94.800000 -2.295541 2.761673 18.742796 68.184773
 95.000000 -2.829901 2.685741 19.134347 297.957659
 95.200000 -2.733443 3.008424 20.080141 27.528503
 95.400000 -2.585693 2.687021 20.750363 13.474264
 95.600000 -2.281386 2.574889 18.609073 51.929628
 95.800000 -1.962904 2.699507 16.773700 81.999824
 96.000000 -2.021376 2.595350 17.325729 84.229705
 96.200000 -1.875488 2.539409 16.240261 2.908643
 96.400000 -2.044439 2.531039 17.505625 68.218189
 96.600000 -1.878741 2.661725 16.246412 4.307832
 96.800000 -2.122799 2.625537 17.985103 15.785423
 97.000000 -2.222161 2.721855 18.279698 12.281402
 97.200000 -2.492285 2.695497 20.683282 24.188742
 97.400000 -2.193731 2.849565 18.173852 7.094565
 97.600000 -2.304960 2.363598 18.759623 80.464549
 97.800000 -1.628105 2.821402 18.550042 229.703442
 98.000000 -2.069307 2.454602 17.678862 47.690154
 98.200000 -2.045565 2.534391 17.485853 65.385466
 98.400000 -2.523357 2.720817 20.753963 2.028834
 98.600000 -2.682323 2.729480 20.239141 19.259753
 98.800000 -2.728377 2.785820 20.028668 26.126443
 99.000000 -2.369544 2.837535 19.448378 146.423596
 99.200000 -1.983536 2.365233 16.918354 85.867005
 99.400000 -1.707385 2.278610 17.473093 171.842146
 99.600000 -1.787856 2.529082 16.578804 70.292541
 99.800000 -2.619295 2.629439 20.503313 20.954785
 100.000000 -3.141186 2.982862 7.475635 2518.142209
 100.200000 3.082273 2.835727 4.875950 2734.345549
 100.400000 -2.227257 2.540110 18.760098 14.849127
 100.600000 -1.754555 2.310635 17.448853 120.626609
 100.800000 -1.725863 2.435063 17.786281 154.885896
 101.000000 -2.347290 2.664701 19.688845 131.013971
 101.200000 3.073909 2.627411 4.412052 2681.459408
 101.400000 -2.744467 3.101659 20.381409 37.325516
 101.600000 -2.647870 2.584759 20.843135 21.727824
 101.800000 -2.171430 2.414308 18.577906 6.522336
 102.000000 -1.597970 2.539845 19.615344 236.568435
 102.200000 -1.866227 2.694343 16.777254 0.062036
 102.400000 -2.736534 2.208442 20.400827 32.057930
 102.600000 -2.632851 3.010127 20.888144 21.906406
 102.800000 3.099537 2.826813 5.721494 2734.685256
 103.000000 -2.375398 3.006182 19.991825 143.903685
 103.200000 -1.323767 2.348511 21.843996 41.708006
 103.400000 -0.623778 1.513856 -0.005535 239.664084
 103.600000 -0.998040 1.103210 15.009611 1280.131520
 103.800000 -1.275028 0.849337 21.431293 104.349031
 104.000000 -1.853948 0.674037 16.792993 3.410524
 104.200000 -0.803756 0.689805 8.433489 1579.583257
 104.400000 -1.608140 1.316787 19.496747 225.008129
 104.600000 -1.093998 1.202739 18.230702 821.164558
 104.800000 -1.337354 0.677939 21.934810 25.459406
 105.000000 -1.262327 0.517763 21.311314 120.438497
 105.200000 -1.235142 0.737459 21.008912 159.440515
 105.400000 -1.087568 1.259163 18.058950 875.027736
 105.600000 -1.254274 1.165351 21.239012 130.877559
 105.800000 -0.680796 0.558304 2.493024 2537.801913
 106.000000 -2.032513 0.673768 17.819026 68.247506
 106.200000 -1.587070 0.721743 19.841214 229.184323
 106.400000 -0.658331 0.889554 1.407287 2133.853602
 106.600000 -0.712459 1.599352 4.138493 2742.166699
 106.800000 -0.948399 2.294892 13.301617 1146.773467
 107.000000 -0.612162 2.493666 -0.007266 2.678136
 107.200000 -1.057914 1.740466 17.161097 1102.958524
 107.400000 -1.251317 0.573213 21.247170 133.525325
 107.600000 -0.610465 -0.212256 -0.004953 1.316179
 107.800000 -0.301828 -0.698320 -0.000000 0.000000
 108.000000 -0.824758 -0.001770 9.270141 1316.242895
 108.200000 -1.524006 0.662937 20.813478 215.237906
 108.400000 -1.642564 1.770193 19.051570 202.816561
 108.600000 -1.632158 1.887837 19.200522 207.007979
 108.800000 -1.983221 2.344932 17.354955 74.036360
 109.000000 -2.533757 2.854733 21.049302 0.042605
 109.200000 3.006358 2.846507 1.087582 1519.342583
 109.400000 3.139270 2.765371 7.556428 2507.120641
 109.600000 -2.518776 2.870636 21.010391 2.688818
 109.800000 -2.657459 2.558219 20.614479 22.017505
 110.000000 -1.964192 2.769534 17.188601 63.268189
 110.200000 -1.911747 2.548212 16.855315 16.221423
 110.400000 -1.821044 2.273230 16.961352 41.650047
 110.600000 -1.877118 2.430583 16.781077 0.022023
 110.800000 -2.049094 2.930064 17.876376 52.569738
 111.000000 -2.560134 2.616600 20.979379 3.724928
 111.200000 -2.974108 2.769021 14.922287 1458.988871
 111.400000 -2.981963 -3.074087 14.620007 1502.364126
 111.600000 -3.096398 2.896923 9.785031 2130.167229
 111.800000 -2.733837 2.650401 20.186355 37.114701
 112.000000 -2.264364 2.969314 18.779653 40.830011
 112.200000 -2.329211 2.485006 19.312335 106.368133
 112.400000 -2.032437 2.475603 17.734259 59.092045
 112.600000 -1.912862 2.720779 16.866516 16.201686
 112.800000 -2.112352 2.595421 18.203307 15.617301
 113.000000 -2.738241 2.615258 20.135660 41.053336
 113.200000 -2.644277 -3.087131 20.600740 22.984357
 113.400000 3.097001 2.828792 5.296892 2643.175916
 113.600000 3.089321 2.678737 4.902415 2630.778322
 113.800000 -2.165365 -3.063377 18.353588 7.391370
 114.000000 -1.962007 2.405986 17.165254 55.864700
 114.200000 -1.706174 2.052708 18.241162 180.408842
 114.400000 -1.924178 1.690808 16.931131 24.189406
 114.600000 -1.200187 1.906831 20.698468 226.900430
 114.800000 -0.386288 1.754788 -0.000129 0.000029
 115.000000 -0.594473 2.093562 -0.000142 0.000915
 115.200000 -1.280990 2.331292 21.678487 84.738798
 115.400000 -2.042359 2.315276 17.780922 47.063172
 115.600000 -2.525877 2.785363 20.900889 1.209087
 115.800000 3.087952 3.027091 4.794341 2613.632220
 116.000000 3.082175 2.958419 4.499587 2591.285646
 116.200000 -2.083097 2.717789 18.011000 24.359872
 116.400000 -1.866558 2.200792 16.841762 1.565175
 116.600000 -1.926065 2.255958 16.960550 23.778604
 116.800000 -1.968926 2.537702 17.228709 53.008126
 117.000000 -2.280547 2.961516 18.833310 57.111675
 117.200000 3.017297 2.383681 1.409946 1698.638060
 117.400000 -2.344856 3.060120 19.419528 113.388852
 117.600000 -1.588803 2.460592 19.921264 217.259078
 117.800000 -0.989645 1.419394 14.845247 1318.726644
 118.000000 -1.184777 0.285351 20.495827 275.424824
 118.200000 -0.612856 -0.670583 -0.010198 5.026668
 118.400000 -0.642314 -0.280151 0.757604 1841.584895
 118.600000 -0.798563 0.338181 8.379817 1629.212452
 118.800000 -1.653803 1.174818 18.991388 197.003630
 119.000000 -1.170695 1.126230 20.264843 332.570908
 119.200000 -0.923573 0.720435 12.567715 1052.209579
 119.400000 -1.934499 0.714078 17.045138 26.884803
 119.600000 -1.982833 0.635208 17.351577 49.762573
 119.800000 -1.306363 0.695088 21.919185 49.128483
 120.000000 -0.845320 0.731829 10.088463 1099.258099
 120.200000 -1.415172 1.112658 22.059155 28.881108
 120.400000 -0.966586 0.987810 14.029373 1251.973637
 120.600000 -1.162929 1.004991 20.148133 370.781966
 120.800000 -1.787295 0.983595 17.338633 86.093901
 121.000000 -1.293015 0.662559 21.827801 63.759471
 121.200000 -0.919863 0.684341 12.455350 1036.338469
 121.400000 -1.539959 0.873068 20.662850 213.980567
 121.600000 -1.532556 1.046740 20.770673 210.043618
 121.800000 -1.012610 1.051270 15.707893 1350.751630
 122.000000 -1.540453 0.996756 20.655618 214.200230
 122.200000 -1.382041 0.640550 22.180185 1.473252
 122.400000 -0.896093 0.787872 11.709333 970.352673
 122.600000 -0.819612 0.991313 9.218225 1328.314385
 122.800000 -1.499875 1.087934 21.235724 176.707172
 123.000000 -1.091269 0.761309 18.415009 901.205181
 123.200000 -1.383961 0.815038 22.185692 2.169375
 123.400000 -1.516771 1.262632 21.014043 196.327958
 123.600000 -1.162815 1.041048 20.188619 372.068430
 123.800000 -0.652156 0.601417 1.225990 2110.831401
 124.000000 -1.773240 0.980943 17.512608 103.440451
 124.200000 -1.686282 1.060551 18.589809 184.745739
 124.400000 -1.106744 1.000706 18.889744 770.368161
 124.600000 -1.448210 1.258867 21.845950 83.783203
 124.800000 -1.332146 0.837200 22.113673 19.471507
 125.000000 -1.458347 0.905211 21.747999 103.153001
 125.200000 -1.162291 1.044139 20.211719 376.144752
 125.400000 -1.605990 1.122040 19.735898 212.234675
 125.600000 -1.125500 0.635176 19.399733 618.507529
 125.800000 -1.132760 0.248529 19.576183 563.512471
 126.000000 -0.980621 0.479234 14.573392 1317.822612
 126.200000 -1.596940 1.209696 19.880664 215.224282
 126.400000 -1.686779 1.515773 18.605076 185.326723
 126.600000 -1.381228 0.928759 22.226792 1.472788
 126.800000 -0.973077 0.247901 14.311916 1292.921260
 127.000000 -0.762282 -0.139181 6.856731 2232.243598
 127.200000 -0.663107 0.043303 1.764567 2374.920512
 127.400000 -1.147822 0.331489 19.954584 463.164405
 127.600000 -0.978851 0.537778 14.534292 1316.415130
 127.800000 -1.175874 0.998313 20.502684 312.001177
 128.000000 -1.484025 1.110150 21.499030 149.788159
 128.200000 -1.231546 0.582972 21.338569 146.165838
 128.400000 -1.151794 0.548559 20.058592 438.733844
 128.600000 -1.570959 1.099596 20.293402 219.354790
 128.800000 -1.275769 1.011094 21.801588 79.352295
 129.000000 -0.977665 0.787458 14.508815 1314.163204
 129.200000 -1.530355 0.851258 20.908031 206.644721
 129.400000 -1.568359 1.001621 20.349916 220.428084
 129.600000 -0.804765 1.047722 8.718029 1532.854692
 129.800000 -1.539498 1.282941 20.775630 212.419510
 130.000000 -1.433139 0.589127 22.044556 56.856786
 130.200000 -0.656240 0.104845 1.449595 2230.503126
 130.400000 -0.752500 -0.261765 6.415719 2408.850927
 130.600000 -0.569021 -0.280865 -0.000002 0.000000
 130.800000 -0.622976 0.043578 0.025758 670.080299
 131.000000 -1.360431 0.797063 22.295387 1.381757
 131.200000 -1.701676 1.593762 18.459788 184.433471
 131.400000 -1.798067 1.643654 17.359642 66.879287
 131.600000 -1.610934 1.620307 19.757779 218.385703
 131.800000 -1.544216 1.321301 20.748397 214.920177
 132.000000 -0.857765 0.215027 10.604688 1036.965667
 132.200000 -0.665844 -0.287140 1.930844 2446.734107
 132.400000 -0.566676 -0.102078 -0.000002 0.000000
 132.600000 -1.633822 0.766624 19.443195 215.379121
 132.800000 -1.624645 1.849235 19.578216 217.494874
 133.000000 -1.859740 2.741663 17.045615 4.383531
 133.200000 -2.742611 -3.121809 19.603631 64.128044
 133.400000 -2.821146 2.897564 18.679117 280.320285
 133.600000 -2.366236 2.702829 19.380424 105.355467
 133.800000 -1.717442 2.550685 18.278376 176.572690
 134.000000 -2.069819 2.274956 17.735043 11.462855
 134.200000 -1.870421 2.631707 17.044599 1.370910
 134.400000 -2.463128 2.679844 20.244892 45.480216
 134.600000 -2.912722 2.830514 16.439846 976.924690
 134.800000 -2.966707 3.111912 14.579191 1382.530922
 135.000000 -3.048858 2.602978 11.298843 1795.251510
 135.200000 -2.570558 2.944676 20.467205 4.395053
 135.400000 -2.538966 2.500276 20.496428 0.109406
 135.600000 -2.130283 2.873474 17.867605 6.323049
 135.800000 -2.387839 2.558516 19.560565 101.850676
 136.000000 -2.372911 2.541639 19.408894 103.998259
 136.200000 -2.262840 2.854397 18.407378 47.175924
 136.400000 -2.399581 2.575370 19.659647 96.655592
 136.600000 -2.283644 2.632315 18.560267 61.160857
 136.800000 -2.289867 2.675622 18.609785 65.468978
 137.000000 -2.290745 2.676436 18.616901 66.076418
 137.200000 -2.416350 2.754956 19.806615 85.447326
 137.400000 -2.233556 2.717263 18.219212 31.190231
 137.600000 -2.368520 2.682670 19.338119 100.791169
 137.800000 -2.264814 2.704082 18.415848 49.001401
 138.000000 -2.304690 2.737093 18.729304 75.105102
 138.200000 -2.278312 2.550212 18.517185 58.343525
 138.400000 -2.062472 2.847687 17.632916 9.471905
 138.600000 -2.309947 2.552680 18.778256 77.827282
 138.800000 -2.288044 2.755182 18.593443 64.476098
 139.000000 -2.309523 2.845458 18.774512 77.582054
 139.200000 -2.449380 2.656476 20.062228 53.627050
 139.400000 -2.235059 2.680190 18.232223 35.234063
 139.600000 -2.070723 2.764036 17.642368 8.412367
 139.800000 -2.255411 2.340888 18.361617 45.956263
 140.000000 -2.335544 2.712141 19.022234 88.588949
 140.200000 -2.363440 2.899660 19.298629 91.149274
 140.400000 -2.749211 2.759671 19.367311 77.984802
 140.600000 -2.609253 2.928141 20.243171 18.066824
 140.800000 -2.695891 2.731355 19.765050 42.132934
 141.000000 -2.488276 2.773920 20.279417 19.593907
 141.200000 -2.245402 2.732826 18.316567 44.543625
 141.400000 -2.299228 2.585069 18.726252 71.484888
 141.600000 -2.238025 2.708021 18.268355 40.915823
 141.800000 -2.341798 2.846849 19.106178 86.086130
 142.000000 -2.377259 2.681448 19.437985 86.872321
 142.200000 -2.355188 2.757800 19.248226 85.119615
 142.400000 -1.986564 2.819279 17.333304 12.900503
 142.600000 -2.383487 2.471375 19.507840 81.862539
 142.800000 -2.185274 2.723465 17.985643 21.778863
 143.000000 -2.183223 2.816348 17.976144 21.124780
 143.200000 -2.565676 2.617317 20.326098 3.521841
 143.400000 -2.371817 2.927937 19.421207 80.820324
 143.600000 -2.670268 2.721423 19.865634 36.555331
 143.800000 -2.568673 2.867962 20.320175 4.306630
 144.000000 -2.749892 2.893158 19.290344 82.328224
 144.200000 -2.783571 2.923676 18.913072 148.328440
 144.400000 -2.605198 2.705303 20.191273 17.193885
 144.600000 -2.322614 2.776511 19.002067 78.671558
 144.800000 -2.173141 2.675185 17.935450 22.307055
 145.000000 -2.255801 2.593979 18.446128 57.023623
 145.200000 -2.284121 2.745797 18.697486 69.893949
 145.400000 -2.464599 2.772002 20.139104 26.647942
 145.600000 3.101421 2.706516 4.798782 2458.849763
 145.800000 -3.116912 3.103812 7.959580 2211.228773
 146.000000 -2.999938 2.723465 13.002656 1559.732775
 146.200000 -2.859080 2.817997 17.557339 530.016235
 146.400000 -2.496633 2.940730 20.267346 8.146745
 146.600000 -3.043771 2.481507 11.188378 1772.071682
 146.800000 -2.888141 2.970553 16.821770 759.770484
 147.000000 -3.107347 3.058555 8.381165 2148.582485
 147.200000 -3.088015 2.466461 9.241551 2023.162976
 147.400000 -2.349784 2.977775 19.321630 74.245744
 147.600000 -2.252046 2.742405 18.483802 63.930068
 147.800000 -2.351317 2.403848 19.334833 73.971469
 148.000000 -2.227498 2.871588 18.295101 53.998173
 148.200000 -2.271158 2.923182 18.668014 72.594447
 148.400000 -2.956680 2.656067 14.569189 1299.123475
 148.600000 3.018221 3.014439 0.914448 1510.218201
 148.800000 3.103110 3.014912 4.814789 2456.332010
 149.000000 -3.005683 2.561826 12.705570 1581.362627
 149.200000 -2.787629 2.943556 18.761042 172.049358
 149.400000 -2.632798 2.879281 20.008625 27.133636
 149.600000 -2.953306 2.648724 14.669343 1271.422404
 149.800000 3.050675 2.998414 2.272923 2063.967263
 150.000000 3.032314 2.988205 1.468218 1768.493896
 150.200000 -2.782291 2.515478 18.814126 158.987111
 150.400000 -2.165352 2.721409 17.910708 34.652360
 150.600000 -2.277243 2.449710 18.773587 77.780616
 150.800000 -2.410202 2.622704 19.856328 43.439637
 151.000000 -2.264086 2.793392 18.658124 76.061086
 151.200000 -2.957541 2.687908 14.484504 1292.531375
 151.400000 3.039968 2.843660 1.764973 1895.424474
 151.600000 -2.543033 -3.041527 20.279543 0.650821
 151.800000 -2.598208 2.158470 20.147409 14.686972
 152.000000 -1.835703 2.190042 17.211871 21.965360
 152.200000 -1.715935 2.491573 18.413876 203.520807
 152.400000 -2.502741 2.662351 20.259201 2.521753
 152.600000 -2.843606 -3.010823 17.768386 433.673971
 152.800000 -3.097726 2.818273 8.727608 2093.937778
 153.000000 -2.973842 2.196378 13.871861 1391.671034
 153.200000 -2.675439 2.910651 19.727152 42.029772
 153.400000 -2.195448 -2.968738 18.142241 60.945057
 153.600000 -2.774213 2.174521 18.870543 144.289733
 153.800000 -2.069937 2.264393 17.483339 9.434751
 154.000000 -1.830452 2.879848 17.232267 26.897396
 154.200000 -2.521147 2.658825 20.271128 0.104293
 154.400000 -3.058889 2.635846 10.431190 1848.668006
 154.600000 -2.837823 2.937586 17.853132 400.665384
 154.800000 2.933066 2.505366 -0.000002 0.000000
 155.000000 -2.392626 2.815052 19.808135 40.220065
 155.200000 -1.847766 2.746890 17.152479 12.443249
 155.400000 -2.139819 1.912941 17.769732 34.143028
 155.600000 -1.912139 2.178870 17.089300 1.112961
 155.800000 -1.736444 2.649547 18.126781 177.533300
 156.000000 -2.464127 2.721916 20.166425 10.532843
 156.200000 -2.889042 2.900667 16.604292 757.414657
 156.400000 3.027518 2.685572 1.170885 1670.026605
 156.600000 -2.659141 2.875400 19.815909 36.955571
 156.800000 -2.128669 2.507951 17.706240 30.009509
 157.000000 -1.838872 2.548936 17.187453 18.975721
 157.200000 -2.132273 2.435919 17.725525 33.816258
 157.400000 -2.237879 2.881115 18.582787 92.488067
 157.600000 -3.122358 2.614481 7.527935 2278.906370
 157.800000 -2.990580 2.971296 13.188896 1469.892176
 158.000000 -2.123227 2.773690 17.674975 28.767938
 158.200000 -1.796655 1.826975 17.458847 71.556536
 158.400000 -1.426349 1.129242 22.287555 36.613650
 158.600000 -0.926395 0.267059 12.931415 1153.472034
 158.800000 -0.493292 -0.001944 -0.000001 0.000000
 159.000000 -1.106107 0.156005 19.181939 771.737167
 159.200000 -1.195163 1.059680 21.071679 238.053862
 159.400000 -1.368158 1.475073 22.452924 0.047326
 159.600000 -0.804110 0.840022 8.723410 1594.877684
 159.800000 -1.367039 0.505017 22.452614 0.113773
 160.000000 -1.012706 0.990506 16.050789 1379.390243
 160.200000 -0.688744 1.633232 3.111438 2719.437860
 160.400000 -0.731366 2.279455 5.350947 2667.576318
 160.600000 -0.695281 2.377034 3.453912 2766.185195
 160.800000 -1.014612 2.186477 16.120654 1376.538320
 161.000000 -0.992395 1.673880 15.293246 1386.228515
 161.200000 -0.659434 1.390877 1.638471 2259.625590
 161.400000 -1.352332 1.492569 22.431186 3.448226
 161.600000 -1.434469 0.600285 22.224001 46.645772
 161.800000 -0.665036 -0.244904 1.908201 2374.869591
 162.000000 -0.629370 -0.392186 0.320513 1741.080388
 162.200000 -0.794841 0.160292 8.328015 1728.724852
 162.400000 -1.010944 0.821579 15.987067 1381.340747
 162.600000 -1.304363 1.390139 22.229901 39.963158
 162.800000 -1.449954 1.110702 22.104432 68.386328
 163.000000 -1.147449 0.615198 20.192285 461.614160
 163.200000 -1.523107 0.887664 21.302920 170.121453
 163.400000 -1.212378 1.306190 21.314910 188.165288
 163.600000 -1.232239 0.984905 21.569603 143.220077
 163.800000 -1.539424 0.682541 21.084667 187.333101
 164.000000 -1.432703 0.986040 22.232428 44.552806
 164.200000 -0.963771 1.460523 14.246187 1319.693530
 164.400000 -1.274051 1.499730 22.004989 76.620852
 164.600000 -0.678712 1.030432 2.594419 2589.115425
 164.800000 -1.868432 0.775903 17.104129 3.003219
 165.000000 -1.348981 0.446093 22.427090 4.694532
 165.200000 -0.666523 0.658750 1.987136 2387.822338
 165.400000 -0.794030 1.130988 8.285506 1740.103008
 165.600000 -1.557836 1.260380 20.829955 204.275024
 165.800000 -1.333235 0.603368 22.385181 13.793748
 166.000000 -0.805618 0.284565 8.757382 1579.653448
 166.200000 -0.825860 0.508200 9.528448 1351.307601
 166.400000 -1.620373 1.092624 19.890960 245.429553
 166.600000 -1.698022 1.280058 18.668980 231.806933
 166.800000 -0.502771 1.016155 -0.000001 0.000000
 167.000000 -0.962130 0.740281 14.196053 1317.194343
 167.200000 -1.213993 0.453602 21.346704 187.047059
 167.400000 -1.551622 0.830883 20.925462 198.885552
 167.600000 -0.944693 1.430614 13.576651 1252.866938
 167.800000 -0.651171 1.117800 1.270076 2054.064060
 168.000000 -1.036675 1.500937 16.949422 1285.552061
 168.200000 -1.345437 0.846211 22.436069 6.141017
 168.400000 -0.587427 -0.038330 -0.000087 0.000290
 168.600000 -0.945726 -0.397447 13.620136 1260.713084
 168.800000 -0.810042 -0.362944 8.927474 1526.345235
 169.000000 -0.952473 0.064375 13.860943 1287.037167
 169.200000 -0.947896 0.838715 13.704675 1272.057534
 169.400000 -1.671570 1.480802 19.081468 253.964275
 169.600000 -1.147583 1.266920 20.204847 458.369528
 169.800000 -1.195099 0.919996 21.076674 242.372191
 170.000000 -1.784900 0.787374 17.549247 88.419837
 170.200000 -1.635027 0.853963 19.670746 255.904154
 170.400000 -0.978977 0.887336 14.846149 1369.987012
 170.600000 -1.362013 1.245349 22.474335 0.532607
 170.800000 -1.781857 1.296772 17.576427 94.244589
 171.000000 -1.493627 1.207501 21.689705 132.223401
 171.200000 -0.602802 0.431781 -0.002801 0.414146
 171.400000 -1.134379 -0.062842 19.916772 539.982508
 171.600000 -0.737897 -0.018990 5.684321 2547.259654
 171.800000 -0.676372 0.049979 2.504276 2528.815995
 172.000000 -1.263343 0.374426 21.937233 94.723129
 172.200000 -1.509861 0.908522 21.508058 151.855761
 172.400000 -0.631097 1.187341 0.445225 1663.218455
 172.600000 -1.340128 1.260568 22.445247 8.953078
 172.800000 -1.342629 0.830344 22.452412 7.487469
 173.000000 -1.311226 0.257074 22.317712 33.399296
 173.200000 -0.650349 -0.102429 1.272227 2030.001405
 173.400000 -0.874288 0.030608 11.223351 1120.563307
 173.600000 -0.646157 -0.001008 1.085635 1930.704087
 173.800000 -1.382097 0.312494 22.486322 2.283970
 174.000000 -1.028701 0.840131 16.714612 1307.590940
 174.200000 -1.595537 1.645597 20.322564 236.093257
 174.400000 -1.877035 2.151991 17.077570 1.255114
 174.600000 -2.405063 2.755643 20.025725 7.180067
 174.800000 -3.012375 -3.036427 12.158000 1570.312187
 175.000000 3.122047 2.615031 5.401401 2520.095041
 175.200000 -2.648861 2.948112 19.721246 36.064330
 175.400000 -2.199134 2.744988 18.323950 139.006478
 175.600000 -2.013276 2.539899 17.174043 1.890035
 175.800000 -1.858488 2.513119 17.106578 5.979449
 176.000000 -2.252755 2.721219 18.963465 132.287310
 176.200000 -2.933297 2.756820 14.991006 1044.453519
 176.400000 -2.975650 2.854415 13.529612 1334.853040
 176.600000 -2.742261 2.932827 18.942291 115.745574
 176.800000 -2.450269 2.634029 20.101508 1.144118
 177.000000 -2.104776 2.543244 17.448553 34.031502
 177.200000 -2.066120 2.731752 17.268834 10.077901
 177.400000 -2.267772 2.570325 19.145901 119.969520
 177.600000 -2.765143 2.695228 18.662091 156.603930
 177.800000 -3.046127 2.954147 10.737458 1786.468103
 178.000000 3.102919 2.863984 4.392713 2523.492543
 178.200000 -2.904785 2.757552 15.831747 833.010769
 178.400000 -2.719398 2.836568 19.147928 90.116403
 178.600000 -2.830202 2.781402 17.626066 371.534532
 178.800000 3.126848 2.718358 5.583519 2519.667011
 179.000000 -3.133259 3.025212 6.731611 2418.097125
 179.200000 -2.862364 2.777479 16.924770 545.893436
 179.400000 -2.319443 2.790847 19.643066 54.865664
 179.600000 -1.933679 2.550579 17.068390 0.753935
 179.800000 -2.097074 2.381444 17.384334 28.531976
 180.000000 -2.368047 2.703177 19.915519 15.528589
 180.200000 -3.082079 2.831508 9.139617 2050.643731
 180.400000 2.900986 2.913112 -0.000000 0.000000
 180.600000 -2.689891 2.880112 19.387966 64.856180
 180.800000 -2.288779 2.565397 19.388190 94.333050
 181.000000 -2.016912 2.733590 17.149802 1.567228
 181.200000 -2.133952 2.641946 17.632824 72.295977
 181.400000 -2.703188 2.733161 19.267669 77.058117
 181.600000 -3.114919 3.002029 7.601570 2306.864490
 181.800000 3.099866 3.095425 4.195372 2532.345777
 182.000000 -3.041247 2.786397 10.911529 1744.985360
 182.200000 -2.466904 2.991141 20.079723 0.068406
 182.400000 -2.246431 2.755878 18.933465 148.260844
 182.600000 -2.179306 2.609409 18.097483 137.769877
 182.800000 -1.883341 2.550588 17.045342 0.461736
 183.000000 -2.183864 2.671139 18.151481 142.863128
 183.200000 -2.842448 2.786493 17.302657 435.791804
 183.400000 3.136920 3.107995 6.055015 2507.950478
 183.600000 -3.120826 2.931616 7.310686 2353.563723
 183.800000 -3.011004 2.762238 12.123209 1529.607068
 184.000000 -3.040064 2.673599 10.951371 1726.304990
 184.200000 3.118793 2.814064 5.140206 2569.050997
 184.400000 -2.127754 3.008969 17.580948 66.066597
 184.600000 -1.595157 2.072076 20.370416 237.092302
 184.800000 -1.617243 0.714316 20.023079 257.131830
 185.000000 -0.600205 -0.190774 -0.002899 0.424974
 185.200000 -0.591831 -0.578866 -0.000472 0.010108
 185.400000 -0.751616 0.071583 6.403974 2308.575456
 185.600000 -1.201545 0.978411 21.223556 231.574430
 185.800000 -1.311527 1.337755 22.389865 34.243384
 186.000000 -1.596104 1.172710 20.357662 237.851922
 186.200000 -0.954993 0.599447 14.074738 1340.991585
 186.400000 -1.846501 0.811131 17.101459 11.210621
 186.600000 -1.273228 1.010557 22.099649 86.736795
 186.800000 -0.810962 1.296050 8.982320 1514.160175
 187.000000 -0.750173 1.469108 6.335222 2322.139272
 187.200000 -1.263163 1.244465 22.003094 103.228836
 187.400000 -1.304570 0.626964 22.350718 42.641959
 187.600000 -0.677624 0.159224 2.663258 2495.992534
 187.800000 -0.711075 -0.044271 4.374127 2653.842394
 188.000000 -1.154691 -0.221551 20.397103 410.398314
 188.200000 -0.518973 -0.279360 -0.000001 0.000000
 188.400000 -0.718239 0.021605 4.746691 2620.604737
 188.600000 -0.885968 0.050530 11.650206 1164.705240
 188.800000 -0.529545 0.021492 -0.000001 0.000000
 189.000000 -0.796255 -0.489308 8.394597 1681.701375
 189.200000 -0.549992 -0.437106 -0.000001 0.000000
 189.400000 -1.233911 0.586537 21.677894 157.205853
 189.600000 -1.128073 1.597180 19.816747 562.101575
 189.800000 -0.578359 1.957863 -0.000042 0.000053
 190.000000 -1.115285 2.173488 19.502320 648.892450
 190.200000 -0.645545 2.256008 1.175626 1913.164882
 190.400000 -0.865114 2.027827 10.943016 1179.274229
 190.600000 -1.557651 1.922028 20.932960 196.247483
 190.800000 -1.780594 1.228296 17.530921 108.294629
 191.000000 -1.093083 0.850715 18.906124 814.603089
 191.200000 -1.444328 0.800421 22.230630 64.799296
 191.400000 -1.174799 0.864581 20.790283 321.910576
 191.600000 -1.548003 1.138866 21.066388 186.106531
 191.800000 -1.173589 0.955351 20.768504 326.592738
 192.000000 -1.536838 0.753323 21.216325 174.608986
 192.200000 -1.105205 0.897023 19.252323 719.180775
 192.400000 -1.582028 1.298469 20.582364 222.012450
 192.600000 -1.269574 1.055383 22.087403 93.639759
 192.800000 -1.399393 0.576721 22.505708 14.678599
 193.000000 -1.003209 0.578071 15.894718 1375.146513
 193.200000 -1.352995 1.004060 22.573750 1.713990
 193.400000 -1.425719 1.223900 22.375580 42.263314
 193.600000 -1.232706 0.821144 21.683910 161.256379
 193.800000 -1.429270 0.731034 22.351914 46.592029
 194.000000 -1.364547 1.105423 22.581296 0.000014
 194.200000 -1.230256 1.327537 21.665033 167.870254
 194.400000 -1.084999 0.749093 18.695072 877.605349
 194.600000 -1.274899 0.442847 22.162131 85.905329
 194.800000 -1.127828 0.708255 19.837481 562.885817
 195.000000 -1.502396 1.463711 21.656270 139.896461
 195.200000 -1.142153 1.074933 20.175340 479.195519
 195.400000 -0.964838 0.231015 14.478003 1385.338295
 195.600000 -0.639716 -0.261817 0.975687 1788.611710
 195.800000 -0.134752 -0.785128 -0.000000 0.000000
 196.000000 -0.737216 -0.278604 5.757439 2420.860180
 196.200000 -1.102845 0.678799 19.222988 742.077692
 196.400000 -1.301346 1.333742 22.410608 46.090249
 196.600000 -1.130449 1.186565 19.922370 550.292794
 196.800000 -1.237479 0.830209 21.789898 154.901561
 197.000000 -1.712710 0.726084 18.434638 259.945308
 197.200000 -1.430791 0.927693 22.376406 53.560925
 197.400000 -0.553649 0.896013 -0.000002 0.000000
 197.600000 -0.748273 1.590221 6.307927 2276.681757
 197.800000 -0.667904 2.107567 2.284350 2348.921328
 198.000000 -0.752837 2.350556 6.524295 2217.755325
 198.200000 -0.811808 2.214636 9.045409 1470.232325
 198.400000 -0.718927 1.737110 4.870267 2559.127533
 198.600000 -1.544625 1.463396 21.123865 187.814435
 198.800000 -1.922808 0.476224 16.982264 0.668187
 199.000000 -1.430688 0.108291 22.385456 54.725927
 199.200000 -0.628572 0.132204 0.564242 1578.859322
 199.400000 -0.683057 0.460902 3.059588 2526.206657
 199.600000 -1.290051 0.574751 22.381030 61.497801
 199.800000 -2.105732 0.956088 17.359748 44.152247
 200.000000 -1.609744 1.184979 20.157085 255.672058
 200.200000 -0.883367 0.852255 10.910065 1178.307668
 200.400000 -1.031426 1.200493 16.310930 1283.450388
 200.600000 -1.616390 1.328903 19.368647 262.621097
 200.800000 -1.310371 0.816024 21.854204 33.007044
 201.000000 -1.512726 0.830005 20.865859 158.557800
 201.200000 -1.355585 1.192473 22.017822 0.257037
 201.400000 -1.261061 1.139589 21.469220 111.299599
 201.600000 -1.315602 0.700139 21.903334 26.609881
 201.800000 -1.372311 0.823144 22.009610 2.204040
 202.000000 -1.477399 1.160976 21.292166 121.083174
 202.200000 -1.315969 1.146868 21.930170 26.048972
 202.400000 -1.425980 0.729302 21.786079 53.975261
 202.600000 -1.457658 0.671949 21.511147 97.740701
 202.800000 -0.842586 1.144127 9.518572 1240.025462
 203.000000 -1.677688 1.341226 18.339623 295.962718
 203.200000 -1.423394 0.741723 21.823849 52.119609
 203.400000 -0.865345 0.348357 10.315756 1178.701940
 203.600000 -0.713674 0.310217 3.998560 2560.510993
 203.800000 -0.874343 0.006033 10.624321 1174.896521
 204.000000 -0.528409 0.031296 -0.000000 0.000000
 204.200000 -0.628563 0.203414 -0.015728 149.520568
 204.400000 -1.557210 0.631267 20.293356 206.598169
 204.600000 -1.229144 1.381365 21.158539 181.493314
 204.800000 -0.689709 1.726770 2.798170 2562.249347
 205.000000 -0.777629 2.360805 7.038044 1834.359643
 205.200000 -0.805138 2.531161 8.171994 1502.451107
 205.400000 -0.667748 2.061647 1.725372 2355.910672
 205.600000 -0.739810 1.437471 5.328404 2324.652821
 205.800000 -1.491557 1.043091 21.176363 146.412334
 206.000000 -1.505135 0.425491 21.008087 160.597239
 206.200000 -1.384313 0.809611 22.096073 10.985663
 206.400000 -1.089013 1.626839 18.294138 865.019105
 206.600000 -0.619367 1.767284 -0.010029 6.391735
 206.800000 -0.876906 2.458813 10.743699 1176.313996
 207.000000 -0.764214 2.406401 6.481858 2001.536159
 207.200000 -0.616487 1.886122 -0.005368 2.124824
 207.400000 -0.865042 1.502958 10.349998 1177.148223
 207.600000 -1.630820 0.799746 19.160942 283.717625
 207.800000 -1.288786 0.267677 21.879920 65.928037
 208.000000 -0.796399 0.143540 7.858393 1585.250839
 208.200000 -1.320398 0.754533 22.106631 20.782484
 208.400000 -1.191614 1.436645 20.667840 290.968362
 208.600000 -1.104156 2.153645 18.755671 747.817183
 208.800000 -0.624610 2.339058 -0.027736 0.781870
 209.000000 -0.636499 1.987287 0.352481 2013.055019
 209.200000 -1.219818 1.458201 21.135431 213.660232
 209.400000 -1.545217 0.297014 20.508603 204.749880
 209.600000 -0.747973 -0.155620 5.797383 2197.844759
 209.800000 -0.668847 -0.054974 1.867627 2382.280631
 210.000000 -1.167369 0.299097 20.244426 381.774125
 210.200000 -1.082952 1.072635 18.178707 913.722929
 210.400000 -0.705534 1.843805 3.735124 2565.322809
 210.600000 -0.644245 2.104384 0.740900 1974.782167
 210.800000 -0.630737 2.309494 0.140599 1871.070691
 211.000000 -0.866563 1.860204 10.444379 1172.273938
 211.200000 -0.696346 1.421479 3.296675 2572.464731
 211.400000 -1.060989 1.519492 17.502516 1089.199404
 211.600000 -1.812220 0.683026 16.491559 54.164181
 211.800000 -1.255160 0.342254 21.647409 135.137768
 212.000000 -0.667678 0.171216 1.862318 2375.531503
 212.200000 -0.661158 -0.011782 1.575755 2288.538122
 212.400000 -0.974407 -0.044170 14.358591 1451.586914
 212.600000 -0.698272 0.060914 3.423410 2571.296565
 212.800000 -1.067018 0.268217 17.717791 1041.974185
 213.000000 -1.308924 0.884030 22.151666 35.322573
 213.200000 -1.089631 1.423200 18.433593 861.097720
 213.400000 -0.930709 1.464806 12.736491 1335.812931
 213.600000 -0.661714 1.384039 1.632708 2303.951224
 213.800000 -1.203674 1.424262 20.973462 263.916229
 214.000000 -1.618679 0.731873 19.391952 282.553493
 214.200000 -0.621002 -0.110063 -0.027693 1.076718
 214.400000 -0.645842 -0.201916 0.922788 2033.702596
 214.600000 -0.684811 0.023620 2.805282 2539.745768
 214.800000 -1.232430 0.687474 21.427950 190.794401
 215.000000 -1.390695 1.365185 22.253033 22.175027
 215.200000 -1.649073 1.292372 18.874935 312.321708
 215.400000 -1.167170 0.552561 20.360182 391.084241
 215.600000 -0.912843 0.596609 12.122716 1267.992252
 215.800000 -1.692304 0.778250 18.104403 312.817785
 216.000000 -1.769363 1.053993 16.897617 156.096281
 216.200000 -0.945971 1.020029 13.348502 1400.110844
 216.400000 -1.293182 1.086434 22.147801 61.708292
 216.600000 -1.724312 0.992593 17.554781 270.300744
 216.800000 -1.570417 0.760527 20.187153 238.370595
 217.000000 -0.784051 0.708978 7.550965 1649.771237
 217.200000 -1.642425 1.048487 19.001081 310.868393
 217.400000 -1.607406 1.109973 19.601893 276.483964
 217.600000 -1.078914 0.698307 18.189165 947.523309
 217.800000 -1.196326 0.627409 20.940219 292.599161
 218.000000 -1.578518 1.055838 20.068961 247.081677
 218.200000 -1.100903 1.313086 18.854231 776.510335
 218.400000 -1.445678 1.214232 21.899092 113.932429
 218.600000 -1.598000 0.745155 19.766209 267.856092
 218.800000 -1.136569 0.719133 19.765007 542.409043
 219.000000 -1.505605 1.057392 21.154423 188.650572
 219.200000 -1.708235 1.283839 17.832186 305.925031
 219.400000 -1.274503 0.759466 22.062745 100.707582
 219.600000 -1.068346 0.437326 17.897364 1033.813676
 219.800000 -1.092830 0.597175 18.645785 838.052601
 220.000000 -1.545517 0.906230 20.595848 221.981550
 220.200000 -1.505463 1.246922 21.187663 192.827517
 220.400000 -1.079906 1.091655 18.281895 940.432205
 220.600000 -1.670466 0.998828 18.516137 332.358107
 220.800000 -1.775342 0.757107 16.807587 148.526699
 221.000000 -1.124639 1.109118 19.521048 614.161461
 221.200000 -1.528817 1.222103 20.871915 213.383315
 221.400000 -1.733618 1.110155 17.405925 263.852216
 221.600000 -1.022210 0.678092 16.337149 1363.925784
 221.800000 -1.023736 0.679460 16.393406 1355.569130
 222.000000 -1.703580 1.038143 17.920778 318.381579
 222.200000 -1.638858 1.367711 19.105931 319.512384
 222.400000 -1.241085 1.003768 21.748496 181.857814
 222.600000 -0.694243 -0.063032 3.525692 2561.993908
 222.800000 -0.685276 -0.353358 3.071961 2553.557038
 223.000000 -0.697785 -0.250475 3.704916 2556.210034
 223.200000 -0.623890 0.147862 0.199592 1970.303655
 223.400000 -0.616939 0.388487 -0.019432 91.867612
 223.600000 -1.376810 0.576062 22.538988 12.689552
 223.800000 -1.905265 1.116173 16.120687 0.000566
 224.000000 -1.401294 1.606382 22.412218 45.215155
 224.200000 -0.814487 0.777882 8.880715 1290.403501
 224.400000 -1.518400 0.594067 21.074771 210.675113
 224.600000 -1.761781 0.750538 16.979759 197.282826
 224.800000 -0.989629 1.004285 15.169553 1486.211803
 225.000000 -0.800122 1.520684 8.353543 1409.401613
 225.200000 -0.851561 2.254133 10.180436 1138.891567
 225.400000 -0.922256 2.363383 12.629652 1331.183069
 225.600000 -0.817833 2.163471 9.019543 1261.517689
 225.800000 -0.814412 1.131289 8.897527 1284.460510
 226.000000 -1.753931 0.286063 17.094848 223.260042
 226.200000 -2.002300 0.125270 16.129662 0.177163
 226.400000 -1.909099 0.650169 16.091789 0.002891
 226.600000 -0.834801 1.197516 9.630898 1172.850727
 226.800000 -1.007256 2.254318 15.890392 1444.115333
 227.000000 -0.874149 2.783631 10.961564 1150.701292
 227.200000 -0.954798 1.774794 13.890481 1468.088327
 227.400000 -0.943125 0.819250 13.446057 1428.692081
 227.600000 -2.055939 0.453953 16.178485 5.573925
 227.800000 -2.328693 0.174206 18.848724 23.058807
 228.000000 -1.850645 0.092174 16.175355 14.915808
 228.200000 -0.570726 0.204220 -0.000002 0.000000
 228.400000 -0.753110 0.603788 6.537946 1955.644337
 228.600000 -2.029646 1.168326 16.125073 0.938872
 228.800000 -1.769278 1.891631 16.878622 186.019745
 229.000000 -1.111785 2.273664 19.367439 691.238271
 229.200000 -0.563117 2.286693 -0.000001 0.000000
 229.400000 -0.944082 1.558673 13.523994 1437.930588
 229.600000 -1.672606 0.522038 18.555989 359.033617
 229.800000 -1.742003 0.068600 17.292795 269.163730
 230.000000 -2.034665 0.397021 16.119997 1.291226
 230.200000 -1.718891 1.231119 17.698163 326.037343
 230.400000 -1.036323 1.408899 17.057286 1277.072379
 230.600000 -1.763587 1.382184 16.962385 208.769710
 230.800000 -1.804413 0.931148 16.469977 90.841329
 231.000000 -0.918908 0.471355 12.608681 1328.024924
 231.200000 -1.446767 0.732277 22.162850 137.633786
 231.400000 -1.602394 1.177020 19.858960 291.717974
 231.600000 -0.970782 0.868113 14.595800 1508.292368
 231.800000 -1.389694 0.916586 22.675806 32.055551
 232.000000 -1.610941 0.894255 19.711654 302.362430
 232.200000 -0.973821 0.868574 14.737030 1511.995430
 232.400000 -1.546691 1.081023 20.777689 239.090829
 232.600000 -1.437127 0.930023 22.293197 121.314015
 232.800000 -1.134343 0.836252 20.003825 547.273181
 233.000000 -1.776121 0.939477 16.795283 175.320837
 233.200000 -1.838859 1.116646 16.207172 30.358674
 233.400000 -1.077479 1.102003 18.494156 937.488624
 233.600000 -1.270289 0.921552 22.362108 124.640830
 233.800000 -1.568390 0.937922 20.453727 256.971929
 234.000000 -1.466273 1.116893 21.961718 171.355011
 234.200000 -1.485232 1.066921 21.727049 196.192015
 234.400000 -1.623093 1.003574 19.543627 322.333368
 234.600000 -0.975601 0.551791 14.853032 1516.812872
 234.800000 -0.919610 0.456575 12.718705 1343.254187
 235.000000 -1.311595 0.534039 22.744752 35.683005
 235.200000 -1.370687 0.964514 22.861694 9.093867
 235.400000 -1.594393 1.271407 20.060670 287.028193
 235.600000 -1.219508 0.837970 21.709083 253.892911
 235.800000 -1.122619 0.483634 19.780168 606.978727
 236.000000 -1.025491 0.517486 16.782861 1342.372502
 236.200000 -0.949607 0.565160 13.894214 1478.746935
 236.400000 -1.610092 1.034127 19.807107 309.338000
 236.600000 -1.740136 1.244709 17.364976 297.963734
 236.800000 -1.181042 0.726826 21.059866 357.014797
 237.000000 -1.307876 0.586180 22.773942 43.681830
 237.200000 -1.819811 0.827323 16.327774 66.216381
 237.400000 -1.536586 1.333714 21.033949 239.424806
 237.600000 -0.635292 0.963474 1.059342 2035.522077
 237.800000 -1.612698 1.064574 19.779424 315.222922
 238.000000 -1.600459 0.931811 19.993836 298.845421
 238.200000 -1.208350 0.795252 21.588652 285.255328
 238.400000 -1.635199 1.223091 19.388929 349.432683
 238.600000 -1.968885 1.441280 16.013624 0.005976
 238.800000 -1.174349 1.005775 20.971795 377.855722
 239.000000 -1.060160 0.382142 18.062706 1065.369689
 239.200000 -0.843892 0.128739 10.202173 1133.283397
 239.400000 -0.575499 0.096739 -0.000026 0.000035
 239.600000 -1.039324 0.108897 17.381269 1233.266388
 239.800000 -0.706252 0.220884 4.606668 2478.305126
 240.000000 -1.156049 0.783511 20.622056 440.666636
 240.200000 -1.765226 1.201900 16.976380 235.116075
 240.400000 -1.640806 1.458673 19.319683 363.034379
 240.600000 -1.005374 1.185827 16.160578 1450.225601
 240.800000 -0.913633 0.275889 12.639583 1337.354781
 241.000000 -0.594485 -0.295122 -0.003569 0.860581
 241.200000 -0.620395 -0.598864 0.494640 1826.937326
 241.400000 -0.633135 -0.323614 1.050046 2019.402744
 241.600000 -0.655354 0.222705 2.097245 2396.127448
 241.800000 -1.540750 1.086270 21.062807 246.464012
 242.000000 -1.696480 1.182230 18.236044 397.710259
 242.200000 -1.235473 1.018122 22.103619 225.476559
 242.400000 -1.181631 0.606962 21.188942 356.888046
 242.600000 -1.525028 0.756957 21.330315 237.013164
 242.800000 -1.205372 0.979605 21.617492 296.735880
 243.000000 -0.719041 0.909565 5.309419 2345.947372
 243.200000 -1.438997 0.938702 22.556377 133.706635
 243.400000 -1.547520 0.927564 21.001651 253.380019
 243.600000 -0.803766 0.790213 8.902668 1305.092612
 243.800000 -1.551423 1.080640 20.939334 256.369495
 244.000000 -1.699790 1.080818 18.195797 403.699394
 244.200000 -1.625772 0.715500 19.679836 351.219128
 244.400000 -0.804732 0.696466 8.959515 1297.551512
 244.600000 -1.587421 0.947879 20.367425 294.189211
 244.800000 -1.703019 1.197138 18.144750 405.295730
 245.000000 -0.884919 0.870351 11.714244 1218.197752
 245.200000 -1.635577 0.567067 19.515963 369.057015
 245.400000 -2.049309 0.521472 15.953918 1.947570
 245.600000 -1.600687 0.507315 20.160101 313.633429
 245.800000 -0.719568 1.020242 5.406705 2333.090044
 246.000000 -0.900372 1.677181 12.285409 1290.702365
 246.200000 -0.493535 1.922443 -0.000000 0.000000
 246.400000 -1.016466 2.326292 16.741197 1374.860981
 246.600000 -0.632133 2.327579 1.115913 2032.281100
 246.800000 -0.701899 1.806780 4.559829 2504.576643
 247.000000 -1.077925 1.200773 18.810645 885.669731
 247.200000 -1.795727 0.399094 16.584995 152.781836
 247.400000 -1.734328 0.400285 17.568764 361.855098
 247.600000 -1.885128 0.608161 15.984689 4.418899
 247.800000 -0.759952 0.989862 7.285296 1778.184430
 248.000000 -0.770521 1.488505 7.722076 1639.734629
 248.200000 -0.604892 2.025427 0.015629 568.856239
 248.400000 -0.901740 2.656199 12.410952 1308.271041
 248.600000 -0.834028 2.268995 10.070214 1163.053076
 248.800000 -0.775408 1.158467 7.941189 1577.929683
 249.000000 -1.626171 0.698555 19.761009 359.893723
 249.200000 -1.923326 0.538039 15.931406 0.345271
 249.400000 -1.500706 0.855607 21.868641 221.829374
 249.600000 -0.905550 1.024743 12.576753 1330.056893
 249.800000 -1.194791 1.495006 21.567262 326.327975
 250.000000 -1.500810 1.177585 21.867101 221.914158
 250.200000 -1.340108 0.467113 23.270094 4.424249
 250.400000 -0.938872 0.569764 13.855747 1481.576690
 250.600000 -1.424538 0.910849 22.888811 105.204618
 250.800000 -1.837767 1.235606 16.189223 49.654097
 251.000000 -1.530850 1.243262 21.431627 243.436659
 251.200000 -1.040393 0.886551 17.730591 1176.515324
 251.400000 -1.501284 0.791905 21.907615 222.717052
 251.600000 -1.643058 1.094231 19.496157 395.142809
 251.800000 -1.172774 1.021734 21.191137 380.402438
 252.000000 -1.402845 1.072736 23.109482 58.865788
 252.200000 -1.688162 1.049435 18.584725 445.740362
 252.400000 -0.877096 0.816934 11.642757 1214.992921
 252.600000 -1.517227 1.104055 21.692506 234.551307
 252.800000 -1.710268 1.243291 18.120290 432.083573
 253.000000 -1.438214 0.771336 22.790108 134.208692
 253.200000 -0.898444 0.667959 12.425969 1308.122633
 253.400000 -1.685391 0.959880 18.663991 449.489949
 253.600000 -1.542969 1.065636 21.317532 252.707038
 253.800000 -0.967570 0.635577 15.057865 1533.296712
 254.000000 -0.810335 0.177018 9.366859 1264.526671
 254.200000 -0.734813 0.138010 6.341134 2122.069852
 254.400000 -0.665382 0.005988 2.901994 2544.569629
 254.600000 -0.610249 -0.140066 0.340597 1816.014937
 254.800000 -0.552122 -0.086894 -0.000002 0.000000
 255.000000 -1.319017 0.432496 23.286199 32.062080
 255.200000 -1.600429 1.084142 20.403434 323.956535
 255.400000 -1.328669 1.370543 23.357640 17.144574
 255.600000 -1.023255 1.026526 17.233349 1295.717647
 255.800000 -1.560088 0.538879 21.094348 268.063553
 256.000000 -1.776637 0.868110 16.915428 248.576071
 256.200000 -1.336179 1.310963 23.408852 8.578672
 256.400000 -0.695849 1.934166 4.498546 2547.613123
 256.600000 -0.662540 2.457643 2.807138 2531.910272
 256.800000 -0.889992 2.218392 12.201119 1279.533164
 257.000000 -0.568246 1.733680 -0.000054 0.000142
 257.200000 -0.798607 1.604525 9.038039 1346.991633
 257.400000 -1.280332 1.250702 23.023067 127.414938
 257.600000 -1.754612 0.472893 17.317850 342.471882
 257.800000 -1.247985 0.534502 22.600469 214.409942
 258.000000 -1.010557 1.024494 16.823148 1377.128237
 258.200000 -0.860007 1.918158 11.203145 1185.266952
 258.400000 -0.568133 2.422261 -0.000070 0.000243
 258.600000 -0.674569 2.210815 3.468043 2598.103780
 258.800000 -0.839216 1.704097 10.490551 1173.993733
 259.000000 -1.189348 0.866568 21.639807 342.035977
 259.200000 -1.506742 0.400291 22.035062 225.432498
 259.400000 -1.850761 0.657268 16.115330 41.616637
 259.600000 -1.495418 1.324715 22.203389 216.302644
 259.800000 -1.271229 1.643766 22.958839 154.825359
 260.000000 -0.842480 1.157254 10.628429 1172.579972
 260.200000 -1.349263 0.484209 23.531025 0.683683
 260.400000 -0.959620 0.178946 14.946280 1535.170821
 260.600000 -0.730403 0.059103 6.292269 2173.348224
 260.800000 -0.943555 0.007393 14.318640 1511.957281
 261.000000 -0.630877 0.083659 1.372468 2106.575658
 261.200000 0.424685 -0.405788 -0.000000 0.000000
