#! FIELDS time phi psi ves.bias ves.force2
#! SET min_phi -pi
#! SET max_phi pi
#! SET min_psi -pi
#! SET max_psi pi
 0.000000 -1.498385 0.273949 23.369432 70.063852
 0.200000 -1.330767 1.060611 23.940690 12.405924
 0.400000 -0.897580 1.665158 13.799274 1386.379112
 0.600000 -0.610371 2.063588 1.558101 1864.135173
 0.800000 -0.967279 2.547716 16.330159 1229.418824
 1.000000 -0.676487 2.164110 4.591750 2217.921638
 1.200000 -0.668188 1.787234 4.517344 2296.088605
 1.400000 -0.586780 1.280364 0.785808 1720.296203
 1.600000 -1.410861 1.489233 24.043482 5.276916
 1.800000 -2.166333 0.880323 21.018183 86.177577
 2.000000 -1.229867 0.061787 22.973720 197.233501
 2.200000 -0.695864 -0.063854 6.111204 2134.208129
 2.400000 -0.668175 -0.324564 4.805223 2298.883924
 2.600000 -1.571284 0.740753 22.724492 166.457746
 2.800000 -1.153865 1.426536 21.639961 369.966175
 3.000000 -0.587699 2.076438 1.009899 1910.866614
 3.200000 -0.784606 2.531283 9.898662 1357.674916
 3.400000 -0.962350 2.134838 16.367137 1314.105169
 3.600000 -0.601803 1.382387 1.810826 2172.970365
 3.800000 -1.219743 0.894439 22.772789 214.979337
 4.000000 -2.051769 0.852789 20.070188 31.149867
 4.200000 -1.158210 0.628581 21.771432 322.347080
 4.400000 -1.114906 0.833858 20.924508 456.275421
 4.600000 -1.900337 1.217369 19.606457 0.073929
 4.800000 -1.655565 0.927577 21.562247 209.279728
 5.000000 -0.678060 0.444539 5.644247 2190.440430
 5.200000 -1.900554 0.743825 19.628719 0.026662
 5.400000 -1.601957 0.999092 22.342600 172.265779
 5.600000 -0.783925 0.810579 10.062074 1261.984565
 5.800000 -0.882616 1.088312 13.525065 1314.522108
 6.000000 -1.641599 1.157681 21.807822 188.901758
 6.200000 -1.279083 0.704975 23.495548 116.963736
 6.400000 -0.859352 0.393918 12.738661 1259.245277
 6.600000 -1.205569 0.272047 22.530156 226.514299
 6.800000 -1.267901 0.829519 23.369968 135.371172
 7.000000 -1.508675 1.393382 23.480026 88.947015
 7.200000 -1.108703 1.086598 20.860659 465.285900
 7.400000 -1.579521 0.873380 22.769105 148.853457
 7.600000 -1.050045 0.639685 19.419375 774.631634
 7.800000 -0.629028 0.380942 3.537904 2417.610878
 8.000000 -0.822246 -0.361735 11.480999 1209.380274
 8.200000 -0.548915 -0.884114 -0.026009 18.339939
 8.400000 -0.554828 0.104227 0.129309 1969.640980
 8.600000 -1.243451 0.939416 23.227094 163.451997
 8.800000 -1.674334 1.402253 21.526084 208.708553
 9.000000 -1.213758 1.143414 22.817132 218.408423
 9.200000 -1.431287 0.794100 24.109383 13.612953
 9.400000 -1.682428 0.917379 21.444387 216.250596
 9.600000 -0.910663 1.002875 14.748927 1401.936535
 9.800000 -0.553056 1.231131 0.165677 2121.892859
 10.000000 -0.825655 2.260255 11.648797 1240.173389
 10.200000 -1.003356 2.699113 18.113118 1036.945351
 10.400000 -0.654187 2.151509 5.029951 2133.322963
 10.600000 -1.022685 1.265127 18.717335 918.174349
 10.800000 -1.386108 0.452741 24.230036 0.126195
 11.000000 -1.050688 0.157441 19.526350 755.551487
 11.200000 -0.596430 -0.080905 2.393632 2256.902360
 11.400000 -0.846229 -0.021784 12.505482 1342.703145
 11.600000 -0.538952 -0.032916 -0.024645 12.245191
 11.800000 -0.838436 0.273414 12.220798 1326.746964
 12.000000 -1.809885 0.406174 19.993131 43.871568
 12.200000 -1.948960 0.768262 19.575825 0.223136
 12.400000 -0.969474 0.936634 17.124571 1161.392026
 12.600000 -1.030093 1.091248 19.026076 815.315794
 12.800000 -1.258445 1.094851 23.666021 131.420361
 13.000000 -1.451262 0.729318 24.142825 17.134325
 13.200000 -0.982216 0.617695 17.620089 1057.958297
 13.400000 -1.759479 1.245102 20.410888 124.969969
 13.600000 -1.469665 1.774222 24.094617 25.577666
 13.800000 -0.769075 1.318395 9.849188 1312.256211
 14.000000 -1.188673 0.964702 22.692411 327.077213
 14.200000 -2.040109 0.688290 19.609665 9.409495
 14.400000 -1.783550 0.627273 20.164039 81.756892
 14.600000 -1.148855 0.736610 21.962644 436.525237
 14.800000 -1.127025 1.495916 21.495064 480.691424
 15.000000 -0.919113 1.635960 15.492670 1373.385200
 15.200000 -0.589392 1.836325 2.439636 2244.526900
 15.400000 -0.548845 2.230585 0.557986 2051.458453
 15.600000 -0.901954 2.244075 14.914651 1443.798887
 15.800000 -0.888333 1.965956 14.394338 1471.832416
 16.000000 -0.520465 1.603680 -0.001048 0.123349
 16.200000 -0.533655 1.775456 -0.009857 279.999205
 16.400000 -0.739488 2.078093 8.877283 1337.574998
 16.600000 -0.810411 2.082249 11.473558 1402.457921
 16.800000 -0.952697 2.168292 16.861430 1204.085150
 17.000000 -1.659347 2.338763 21.971375 307.086710
 17.200000 -2.509654 2.524155 22.478496 3.644255
 17.400000 3.040423 -2.972913 2.904906 2591.131012
 17.600000 3.063530 2.873928 4.122733 2941.433844
 17.800000 -2.393135 2.475907 21.861259 50.309489
 18.000000 -1.834477 2.799406 19.834063 24.167946
 18.200000 -2.090702 2.604807 19.663821 31.520961
 18.400000 -2.888686 2.458014 18.129006 776.568109
 18.600000 3.103477 -3.010668 6.303994 3143.528449
 18.800000 3.064250 2.996860 4.123733 2946.326429
 19.000000 -2.936300 2.366446 16.721036 966.568243
 19.200000 -2.552506 3.040443 22.394029 2.722806
 19.400000 -2.333519 2.876371 21.363769 45.193333
 19.600000 -2.865458 2.417681 18.716944 663.798553
 19.800000 -2.532040 2.926883 22.411477 0.001574
 20.000000 -2.663503 2.918399 21.836077 59.210615
 20.200000 3.098651 2.617459 5.996834 3169.308302
 20.400000 -2.656728 2.999137 21.875608 54.775213
 20.600000 -2.673545 2.414875 21.745052 66.189667
 20.800000 -2.560666 2.371233 22.366105 5.091874
 21.000000 -2.040167 3.133226 19.405074 3.318126
 21.200000 -2.433691 2.652887 22.027499 44.860048
 21.400000 -2.834215 2.328272 19.439880 520.016024
 21.600000 -2.729012 -3.141530 21.216907 134.037585
 21.800000 3.029295 2.909977 2.256279 2360.026097
 22.000000 -2.893212 2.495784 17.920203 802.428196
 22.200000 -2.236380 2.940196 20.601610 53.837997
 22.400000 -2.206697 2.739155 20.376383 61.220889
 22.600000 -2.312837 2.381077 21.132442 47.447091
 22.800000 -2.196150 2.609611 20.293143 63.263006
 23.000000 -2.239276 2.974660 20.622789 53.130799
 23.200000 -2.781787 2.608944 20.511470 292.565804
 23.400000 -2.682706 2.854392 21.723950 71.976109
 23.600000 3.111688 2.970838 6.702974 3130.372875
 23.800000 3.129892 2.917592 7.711788 2996.564962
 24.000000 -2.332673 2.709661 21.264262 48.756111
 24.200000 -1.899881 2.715154 19.558310 8.182845
 24.400000 -2.187574 2.283963 20.231828 65.517565
 24.600000 -2.205630 2.785757 20.375860 61.412974
 24.800000 -2.471499 2.886852 22.229258 27.158170
 25.000000 -3.132179 2.798654 8.843677 2730.638998
 25.200000 2.994238 2.882237 0.683653 1609.213642
 25.400000 3.105256 3.114041 6.346225 3144.009237
 25.600000 -2.949694 2.538804 16.147287 1038.454698
 25.800000 -2.598843 2.681538 22.304019 16.983825
 26.000000 -2.397192 3.101587 21.725804 57.476876
 26.200000 -2.764109 2.580546 20.874757 236.499588
 26.400000 3.051308 2.836845 3.378466 2799.870258
 26.600000 3.012240 3.000089 1.454346 2015.237711
 26.800000 3.066781 2.670229 4.212915 3004.312839
 27.000000 -2.859420 2.686902 18.852001 717.511150
 27.200000 -2.369290 2.983265 21.520125 52.871037
 27.400000 -2.745262 2.563985 21.181147 177.686411
 27.600000 -3.141513 3.035200 8.385631 2807.211128
 27.800000 -3.126549 2.877510 9.163843 2598.492724
 28.000000 3.047961 2.662795 3.230821 2760.129648
 28.200000 -2.945466 2.970863 16.278597 1045.433356
 28.400000 -3.061902 2.798168 12.160093 1659.402670
 28.600000 -3.081205 2.889741 11.346456 1902.785933
 28.800000 -3.088076 3.003055 11.042973 1999.268059
 29.000000 -2.667031 2.553273 22.005144 51.709404
 29.200000 -2.120870 2.465659 19.728584 58.189048
 29.400000 -1.872972 2.633233 19.531415 7.520715
 29.600000 -2.175618 2.720788 20.181528 71.377698
 29.800000 -3.125607 2.573710 9.308084 2565.929722
 30.000000 3.074712 3.118934 4.766551 3129.722507
 30.200000 -2.839714 2.813878 19.446971 656.319269
 30.400000 -2.461954 2.356544 22.190908 39.170428
 30.600000 -1.814313 2.684926 19.736059 31.155654
 30.800000 -2.167090 2.630799 20.114146 72.528062
 31.000000 -2.934256 2.701623 16.666971 1008.123489
 31.200000 2.971552 -3.129917 -0.024511 25.740053
 31.400000 -2.991568 2.934438 14.828613 1103.391379
 31.600000 -2.732192 2.463689 21.515560 152.999717
 31.800000 -2.305286 2.892861 21.108896 36.839869
 32.000000 -1.936412 2.749612 19.359050 4.182129
 32.200000 -2.709928 2.242147 21.801233 103.860839
 32.400000 -2.326739 3.042120 21.249425 38.547371
 32.600000 -2.304404 3.040421 21.113301 36.255334
 32.800000 -2.725993 2.009513 21.624861 139.206007
 33.000000 -1.874979 2.597825 19.484625 5.774619
 33.200000 -1.000466 2.843849 18.572873 687.155005
 33.400000 -0.628344 1.717036 4.842892 1708.556204
 33.600000 -1.748085 0.783413 20.258733 154.461255
 33.800000 -1.775437 0.331952 19.962304 85.586551
 34.000000 -1.695777 0.115053 21.048777 299.089147
 34.200000 -1.477268 0.821246 23.805800 25.410340
 34.400000 -1.157691 1.783777 22.159507 502.424052
 34.600000 -0.677004 2.344102 6.698247 1283.238940
 34.800000 -0.938282 2.519757 16.670617 1213.483887
 35.000000 -0.465365 1.843206 -0.000000 0.000000
 35.200000 -0.810992 1.653567 11.542920 1642.208330
 35.400000 -1.237822 1.256540 23.693456 213.076262
 35.600000 -1.427479 0.596589 24.010914 21.644453
 35.800000 -0.750829 0.215241 9.253728 1269.208779
 36.000000 -0.664580 0.341114 6.238390 1351.606945
 36.200000 -1.385400 0.208707 24.177158 17.375290
 36.400000 -2.160623 0.321256 20.058539 78.986317
 36.600000 -1.607173 0.732636 22.530938 231.937308
 36.800000 -0.626458 1.232326 4.760499 1679.706209
 37.000000 -1.098246 2.001100 20.779088 497.587820
 37.200000 -0.809881 2.561899 11.491279 1645.019968
 37.400000 -1.050281 2.320966 19.707041 499.126865
 37.600000 -0.991626 1.384549 18.290971 723.372572
 37.800000 -1.828027 0.534992 19.607777 19.648571
 38.000000 -1.651725 0.171996 21.770977 307.422502
 38.200000 -1.639909 0.623710 21.965884 291.465062
 38.400000 -1.120716 1.570530 21.267167 509.566083
 38.600000 -1.245177 2.169970 23.750407 176.292893
 38.800000 -0.775854 2.605976 10.159292 1423.634324
 39.000000 -0.621737 1.893600 4.581231 1706.872795
 39.200000 -1.258421 1.291202 23.901148 119.636667
 39.400000 -1.629547 0.430281 22.134520 272.274942
 39.600000 -0.402417 -0.053837 -0.000000 0.000000
 39.800000 -0.616372 -0.026950 4.367438 1755.381548
 40.000000 -1.296050 0.252735 24.191231 20.716289
 40.200000 -1.463273 1.028790 23.734743 22.534367
 40.400000 -0.811692 1.293717 11.584471 1664.590239
 40.600000 -1.215553 1.265749 23.281582 305.054415
 40.800000 -1.515651 0.760031 23.450533 43.439516
 41.000000 -0.682565 0.361545 6.899385 1218.735602
 41.200000 -0.818691 -0.120426 11.886501 1705.057601
 41.400000 -0.849703 -0.442685 13.187060 1787.125759
 41.600000 -0.563208 -0.384793 2.032627 2138.580354
 41.800000 -0.652983 0.132842 5.843918 1398.912816
 42.000000 -1.897726 1.027507 19.347556 6.332074
 42.200000 -1.316343 1.329851 24.221524 1.644958
 42.400000 -0.828794 1.185142 12.332376 1746.877058
 42.600000 -1.450929 1.230700 23.782274 20.430542
 42.800000 -1.492439 0.611194 23.584352 27.824390
 43.000000 -1.140129 0.550805 21.719320 509.032376
 43.200000 -1.734876 1.024984 20.392188 186.542351
 43.400000 -1.066193 1.339071 20.074861 482.666606
 43.600000 -1.353573 1.198840 24.182752 6.822556
 43.800000 -1.428397 0.611640 23.882165 19.785048
 44.000000 -0.943261 0.360313 16.886239 1110.787317
 44.200000 -0.802287 0.064918 11.299389 1620.067374
 44.400000 -0.615084 -0.266649 4.403393 1754.664113
 44.600000 -0.516762 -0.412144 -0.013865 221.102664
 44.800000 -0.445350 0.017916 -0.000000 0.000000
 45.000000 -1.760199 0.946736 20.071362 124.099268
 45.200000 -1.655299 1.723804 21.701305 316.232772
 45.400000 -1.999587 2.304914 19.093493 0.000249
 45.600000 -2.078400 3.055177 19.308211 31.326524
 45.800000 3.044980 2.751020 3.266179 2998.157979
 46.000000 3.140992 2.777950 8.799640 3014.018585
 46.200000 -2.539197 3.078464 22.511790 6.748973
 46.400000 -2.462158 2.549294 22.158347 39.991471
 46.600000 -1.964688 2.660810 19.106732 2.626050
 46.800000 -1.911605 2.654472 19.225745 7.093069
 47.000000 -2.243936 2.475671 20.612490 55.950900
 47.200000 -2.577892 2.903091 22.561624 0.257990
 47.400000 -2.782799 2.925100 20.862882 443.249042
 47.600000 -2.875502 2.727890 18.429447 877.549717
 47.800000 3.039152 2.667914 2.940519 2880.121910
 48.000000 -2.504825 -2.991794 22.376939 20.157574
 48.200000 -2.649713 2.449839 22.442957 18.209567
 48.400000 -2.031476 2.570801 19.084662 4.372170
 48.600000 -1.979868 2.702812 19.065301 1.181877
 48.800000 -2.373861 2.661396 21.488262 54.974579
 49.000000 -3.119023 2.783301 10.023014 2581.382079
 49.200000 3.020721 -3.080562 1.977269 2435.939834
 49.400000 -2.518556 2.831217 22.430944 16.498038
 49.600000 -1.778566 2.148424 19.859727 87.564168
 49.800000 -1.647504 1.987643 21.843708 318.114440
 50.000000 -1.526912 1.465323 23.422084 50.814054
 50.200000 -1.511073 0.774677 23.527118 33.553889
 50.400000 -0.462880 -0.023987 -0.000000 0.000000
 50.600000 -0.546695 -0.111784 1.449858 2168.375881
 50.800000 -0.903835 0.069357 15.612706 1438.286447
 51.000000 -1.081646 0.322399 20.421613 479.529918
 51.200000 -1.530188 1.343057 23.407429 52.451675
 51.400000 -0.837777 1.574542 12.943597 1767.733344
 51.600000 -0.460612 1.907184 -0.000000 0.000000
 51.800000 -1.136717 2.385114 21.649238 515.630743
 52.000000 -1.705237 2.465963 20.828745 278.007225
 52.200000 -2.474034 2.652832 22.181238 44.458536
 52.400000 2.937175 2.907560 -0.000019 0.000016
 52.600000 -2.979990 3.032529 15.297925 880.717824
 52.800000 -2.859536 2.627903 18.837969 828.685152
 53.000000 -2.171459 2.896690 19.933681 73.967483
 53.200000 -2.012501 2.546411 19.016999 0.297797
 53.400000 -2.278075 2.206214 20.735590 44.653528
 53.600000 -2.065772 2.839346 19.149142 20.184610
 53.800000 -2.170054 2.732777 19.908023 73.988160
 54.000000 -2.362751 2.718636 21.318213 55.733042
 54.200000 -2.269709 2.663139 20.674153 45.054599
 54.400000 -2.091851 2.915163 19.286734 40.009197
 54.600000 -2.416911 2.499968 21.733831 64.710496
 54.800000 -2.229237 2.859792 20.388183 56.315878
 55.000000 -2.132576 2.748000 19.587125 67.109718
 55.200000 -2.554721 2.518529 22.563789 5.789172
 55.400000 -2.241499 3.102751 20.485278 50.747868
 55.600000 -2.555137 2.832318 22.564786 5.655228
 55.800000 -2.858226 2.452295 18.837149 813.046444
 56.000000 -2.950976 3.071096 16.137581 839.981871
 56.200000 2.872574 2.946478 -0.000000 0.000000
 56.400000 -2.763161 2.632748 21.155750 359.619408
 56.600000 -2.350121 2.620603 21.217411 51.582713
 56.800000 -2.348331 2.891926 21.204589 51.041778
 57.000000 -2.574101 2.654780 22.602709 0.985605
 57.200000 -3.017925 2.827021 14.126013 1044.425318
 57.400000 -2.778156 -3.030523 20.847394 440.611817
 57.600000 -2.460475 2.396681 22.095721 55.723833
 57.800000 -1.580561 2.206993 22.937706 158.457233
 58.000000 -0.484623 1.965883 -0.000008 0.000009
 58.200000 -1.574160 1.712869 23.012213 139.609800
 58.400000 -1.708343 0.805582 20.758961 287.008380
 58.600000 -1.082656 0.134480 20.377468 478.673717
 58.800000 -0.543663 -0.019897 1.423787 2158.121587
 59.000000 -0.630046 -0.390060 5.219051 1560.247119
 59.200000 -0.477051 -0.457087 -0.000001 0.000000
 59.400000 -0.545790 -0.235516 1.539487 2158.509307
 59.600000 -0.792867 0.451386 11.199641 1625.236639
 59.800000 -1.574795 1.170243 23.001089 141.386133
 60.000000 -1.683729 1.611329 21.190178 336.018259
 60.200000 -1.371646 1.435528 23.988057 10.536105
 60.400000 -1.165498 0.505100 22.228986 490.642275
 60.600000 -1.074612 0.324280 20.178383 468.331888
 60.800000 -1.330899 0.756405 24.082408 0.816257
 61.000000 -1.480696 1.478367 23.643337 10.902829
 61.200000 -0.924331 1.159150 16.435426 1128.120418
 61.400000 -1.099753 0.957912 20.727837 503.314979
 61.600000 -2.139148 0.867282 19.697625 75.293012
 61.800000 -1.850786 0.466615 19.306671 18.240397
 62.000000 -0.747167 0.319279 9.456913 1339.165287
 62.200000 -0.476463 0.271695 -0.000001 0.000000
 62.400000 -1.593183 0.350503 22.770922 199.359240
 62.600000 -2.215833 0.835746 20.345875 56.750035
 62.800000 -1.218121 0.995091 23.259653 269.250459
 63.000000 -0.697396 1.174175 7.714480 1191.114002
 63.200000 -1.302069 1.482557 24.035027 5.942644
 63.400000 -1.444517 0.777998 23.748706 6.632114
 63.600000 -0.841663 -0.057233 13.256307 1739.455478
 63.800000 -0.427368 -0.498580 -0.000000 0.000000
 64.000000 -0.550667 -0.493239 1.848188 2161.384983
 64.200000 -1.314661 0.445187 24.050591 0.685550
 64.400000 -1.405764 1.255663 23.857649 8.947110
 64.600000 -0.837568 1.905905 13.098518 1738.139530
 64.800000 -0.659942 2.060360 6.436087 1297.098152
 65.000000 -0.648198 2.201950 6.007200 1373.259682
 65.200000 -1.261635 2.074650 23.803941 78.992023
 65.400000 -0.769777 1.657566 10.365901 1474.013154
 65.600000 -1.336627 1.331475 24.042158 1.606919
 65.800000 -1.625204 0.424527 22.262751 303.902286
 66.000000 -1.701904 0.115742 20.847895 310.011514
 66.200000 -1.576606 0.718049 23.000026 153.795066
 66.400000 -0.799486 1.296503 11.562552 1642.578171
 66.600000 -0.504080 2.078459 -0.021286 18.962211
 66.800000 -1.086007 2.313249 20.418137 491.484716
 67.000000 -2.170536 2.166479 19.986405 72.747242
 67.200000 -3.050734 2.806641 12.942570 1394.585634
 67.400000 3.133181 -3.111496 8.219495 3239.278771
 67.600000 -2.890232 2.550053 17.783316 817.057682
 67.800000 -2.440525 2.660257 21.968919 68.706215
 68.000000 -1.821450 2.811143 19.420140 40.085921
 68.200000 -2.298528 2.429719 20.867237 38.543210
 68.400000 -2.221047 2.831486 20.377346 49.286640
 68.600000 -2.696781 2.829241 22.002980 118.871259
 68.800000 -3.049691 2.766073 12.972181 1380.058012
 69.000000 -2.964610 3.037244 15.659398 807.702931
 69.200000 3.039454 2.871662 2.783103 2809.946192
 69.400000 -2.979288 2.659451 15.229904 832.298143
 69.600000 -2.468587 2.884380 22.180445 53.307335
 69.800000 -2.263905 2.861469 20.657777 37.478564
 70.000000 -2.024978 2.531587 18.950181 8.772444
 70.200000 -2.219760 2.315539 20.377830 49.961021
 70.400000 -1.976700 2.780709 18.880420 0.165328
 70.600000 -2.633483 2.727826 22.471294 21.116497
 70.800000 -3.119128 2.865869 9.877541 2686.025514
 71.000000 -2.808300 3.085494 19.975389 610.469222
 71.200000 -2.681186 2.560899 22.139645 86.358645
 71.400000 -2.069781 2.771068 19.157691 42.752583
 71.600000 -2.012004 2.603764 18.904097 4.534115
 71.800000 -2.198681 2.318954 20.230758 59.980100
 72.000000 -2.263105 2.773945 20.665530 36.026949
 72.200000 -2.364206 2.948868 21.320979 57.006008
 72.400000 -2.963376 2.537657 15.670982 791.665793
 72.600000 -2.874117 3.033407 18.179276 795.593503
 72.800000 3.014984 2.974269 1.536082 2179.694086
 73.000000 -2.865998 2.699703 18.407763 787.721141
 73.200000 -2.017256 2.842787 18.916461 7.416445
 73.400000 -1.961333 2.433778 18.877054 1.109589
 73.600000 -2.312113 2.148534 20.974479 36.857447
 73.800000 -2.110455 2.857073 19.485691 75.408583
 74.000000 -2.335500 2.776504 21.122534 43.886483
 74.200000 -2.976997 2.485288 15.289638 815.978726
 74.400000 -2.893417 3.113849 17.627363 789.915451
 74.600000 3.026301 2.897499 2.069782 2466.762579
 74.800000 -3.029473 2.693072 13.676458 1146.561145
 75.000000 -2.817543 2.829204 19.701872 649.164613
 75.200000 3.048740 2.714654 3.238990 2993.907393
 75.400000 3.130643 2.792684 8.012632 3311.998463
 75.600000 -2.876924 3.051867 18.091054 783.336430
 75.800000 -2.649090 2.470646 22.372554 37.334916
 76.000000 -2.580303 2.640809 22.581687 0.030536
 76.200000 -1.933728 2.853201 18.913094 3.948456
 76.400000 -2.354468 2.279390 21.272679 47.586609
 76.600000 -1.995146 2.532185 18.882359 1.815811
 76.800000 -2.197756 2.950300 20.288894 60.959016
 77.000000 -2.553587 2.579468 22.556668 3.735073
 77.200000 -3.094833 2.771617 11.064936 2220.107050
 77.400000 3.051598 3.052896 3.395828 3053.713637
 77.600000 2.961152 2.592666 -0.002360 0.325839
 77.800000 -2.635568 2.821123 22.449169 22.829910
 78.000000 -1.995771 2.868900 18.889182 2.342645
 78.200000 -2.122791 2.395293 19.666007 83.705053
 78.400000 -1.793922 2.269489 19.537010 77.529197
 78.600000 -2.033473 2.652614 19.011128 20.428352
 78.800000 -2.044231 2.923264 19.064165 28.468628
 79.000000 -2.734300 2.496318 21.458063 257.863686
 79.200000 -3.022652 2.641831 13.933503 1082.126067
 79.400000 -2.960544 -3.028176 15.779212 773.059853
 79.600000 2.983100 2.540353 0.161916 1591.361711
 79.800000 -2.417400 2.707078 21.758468 61.437100
 80.000000 -2.002027 2.731146 18.922757 5.434792
 80.200000 -2.102727 2.445658 19.538834 75.781121
 80.400000 -2.379634 2.391039 21.475167 52.121844
 80.600000 -2.449700 3.012618 22.008044 55.607448
 80.800000 -3.010149 2.724859 14.343459 973.717628
 81.000000 3.053987 2.891358 3.533948 3111.539383
 81.200000 3.084838 3.073486 5.325667 3520.903796
 81.400000 3.025713 2.614594 2.043420 2463.410583
 81.600000 -2.095921 2.688371 19.506960 72.459435
 81.800000 -1.493846 2.463993 23.562193 13.166895
 82.000000 -1.893085 1.673306 18.985355 6.863112
 82.200000 -1.748677 1.639745 19.991643 184.193683
 82.400000 -1.294598 1.399167 23.812401 12.575230
 82.600000 -1.225151 0.821590 23.202411 204.814202
 82.800000 -1.336649 0.690597 23.864252 0.378138
 83.000000 -1.147559 1.172481 21.721359 497.393031
 83.200000 -1.558930 1.599853 23.104161 108.988531
 83.400000 -1.791211 1.627674 19.500988 82.289165
 83.600000 -1.749299 1.526614 19.973574 182.961863
 83.800000 -1.337201 1.020880 23.849759 0.384403
 84.000000 -1.544779 0.951121 23.239287 75.135456
 84.200000 -1.235138 0.894145 23.309890 160.649719
 84.400000 -1.223795 1.128489 23.155962 208.892116
 84.600000 -1.449198 1.100893 23.644298 3.398688
 84.800000 -1.131348 0.991273 21.334698 514.956539
 85.000000 -1.698385 0.919406 20.784722 324.297714
 85.200000 -0.941301 0.872759 16.879379 870.522779
 85.400000 -1.579045 1.007147 22.860351 167.121221
 85.600000 -1.304259 0.832576 23.803763 5.723760
 85.800000 -1.082257 0.749675 20.217959 495.415550
 86.000000 -1.540990 1.030049 23.261664 66.939696
 86.200000 -0.941874 0.824450 16.882286 866.694892
 86.400000 -1.647039 1.142215 21.751322 351.278262
 86.600000 -1.601827 1.141937 22.537847 240.685020
 86.800000 -0.810564 0.911167 12.058476 1602.101072
 87.000000 -1.702565 0.872587 20.711630 316.843523
 87.200000 -1.580066 0.931197 22.856876 169.664814
 87.400000 -1.025274 0.916939 18.954102 490.312886
 87.600000 -1.680886 1.111837 21.115805 355.723317
 87.800000 -1.265856 1.082406 23.605646 58.818313
 88.000000 -1.499694 0.831313 23.514076 15.682583
 88.200000 -1.437185 0.977574 23.669195 2.438961
 88.400000 -1.640059 1.383865 21.900696 342.546587
 88.600000 -0.775293 0.559582 10.655795 1462.152248
 88.800000 -0.756284 -0.134157 9.941454 1362.286860
 89.000000 -1.158340 0.052813 21.931407 470.540566
 89.200000 -0.624234 0.532092 5.250582 1484.435087
 89.400000 -1.851925 1.149627 19.072113 18.981311
 89.600000 -1.812198 1.558808 19.304680 56.537316
 89.800000 -0.852341 1.333764 13.703009 1560.288268
 90.000000 -1.657010 1.309938 21.593926 364.429984
 90.200000 -1.906002 0.885414 18.918503 1.735879
 90.400000 -0.689599 0.320133 7.581686 1170.539836
 90.600000 -0.528847 0.007220 1.136729 2068.278564
 90.800000 -1.037368 -0.315842 19.213217 494.580763
 91.000000 -0.617814 -0.080405 4.994613 1533.783043
 91.200000 -0.553328 0.121787 2.254047 2034.463861
 91.400000 -1.336129 0.437220 23.817051 0.073620
 91.600000 -2.165955 0.771813 20.267206 60.243252
 91.800000 -1.608893 1.289940 22.484065 262.839607
 92.000000 -0.919855 1.394492 16.151969 1056.174140
 92.200000 -0.775923 1.564880 10.654414 1471.480049
 92.400000 -1.288267 1.961361 23.731822 18.459558
 92.600000 -1.871932 1.956628 18.992029 9.956455
 92.800000 -2.226309 2.599587 20.670335 30.422294
 93.000000 3.081700 3.082003 5.179596 3513.387826
 93.200000 2.911179 2.883207 -0.000000 0.000000
 93.400000 -2.060567 2.677207 19.407243 56.195621
 93.600000 -1.608149 2.354044 22.518983 260.428929
 93.800000 -1.497975 1.789919 23.575132 12.246206
 94.000000 -1.726736 1.079830 20.351891 271.738729
 94.200000 -1.100215 0.300162 20.638540 534.022865
 94.400000 -0.815591 -0.209908 12.211657 1610.190849
 94.600000 -0.432092 -0.577665 -0.000000 0.000000
 94.800000 -0.578795 0.032167 3.392249 1844.827302
 95.000000 -1.244029 0.595647 23.402674 115.749803
 95.200000 -1.239212 1.202380 23.348880 131.304581
 95.400000 -1.055483 1.247882 19.618088 511.310214
 95.600000 -1.497307 0.865531 23.596009 11.027552
 95.800000 -0.598993 0.050174 4.243173 1660.825374
 96.000000 -0.560695 -0.300062 2.608820 1962.646783
 96.200000 -0.839224 -0.429363 13.159703 1594.081776
 96.400000 -0.513806 -0.214110 0.512240 2070.772707
 96.600000 -1.381465 0.500926 23.770175 1.471273
 96.800000 -1.285300 1.398293 23.714106 20.939037
 97.000000 -0.708800 1.373195 8.213457 1184.596966
 97.200000 -1.463191 1.683971 23.694451 1.821952
 97.400000 -1.847415 1.397710 19.092349 26.020895
 97.600000 -1.208680 0.935278 22.934820 256.490319
 97.800000 -1.144357 0.431736 21.666591 501.754521
 98.000000 -1.415167 0.576922 23.741282 0.862835
 98.200000 -1.115105 1.308535 21.001869 541.062594
 98.400000 -1.005731 1.530073 18.480355 558.215291
 98.600000 -1.385933 0.817519 23.781145 1.197562
 98.800000 -1.296375 0.323282 23.766100 10.582986
 99.000000 -0.808289 0.499506 11.925467 1596.198600
 99.200000 -1.487023 1.278169 23.676848 6.491818
 99.400000 -1.750303 1.389080 20.036979 214.018424
 99.600000 -1.105772 1.574867 20.794781 544.757846
 99.800000 -0.828732 1.059629 12.746316 1605.851911
 100.000000 -1.498482 1.090666 23.642941 11.559467
 100.200000 -0.485562 0.517022 -0.003429 1.266608
 100.400000 -0.380046 0.015556 -0.000000 0.000000
 100.600000 -1.135216 -0.338557 21.645870 520.497109
 100.800000 -0.795470 -0.325370 11.577686 1560.828002
 101.000000 0.883653 -0.224951 -0.000000 0.000000
