#! FIELDS time phi psi ves.bias ves.force2
#! SET min_phi -pi
#! SET max_phi pi
#! SET min_psi -pi
#! SET max_psi pi
 0.000000 -1.498385 0.273949 23.369432 70.063852
 0.200000 -1.365642 1.132017 24.000907 0.000103
 0.400000 -0.527385 1.509393 -0.000001 0.000000
 0.600000 -0.609375 2.306004 1.515152 1853.043467
 0.800000 -1.276370 2.657179 23.586351 90.981800
 1.000000 -2.148257 2.285260 20.953000 83.026878
 1.200000 -2.743910 2.784820 21.983031 169.408580
 1.400000 2.951906 3.135519 -0.015843 10.180952
 1.600000 3.104908 2.734870 7.347605 3144.098016
 1.800000 -2.338947 2.633179 22.361196 43.572239
 2.000000 -2.040078 2.725101 20.134395 43.032477
 2.200000 -1.788577 2.516541 19.918169 50.400504
 2.400000 -2.107316 2.053987 20.632227 75.130070
 2.600000 -1.797508 2.850761 19.858255 39.930393
 2.800000 -2.410325 2.910577 22.886297 39.693415
 3.000000 2.974530 2.593905 0.674454 1757.776360
 3.200000 -3.088800 2.933410 12.015534 1987.067869
 3.400000 -2.812296 3.006191 20.914185 385.557174
 3.600000 -2.740867 2.615211 22.054882 161.134505
 3.800000 -2.466275 2.922393 23.219144 20.119768
 4.000000 -2.800614 2.522445 21.136079 337.030909
 4.200000 2.980836 2.861093 1.041696 1923.918765
 4.400000 2.910484 3.136962 -0.000001 0.000000
 4.600000 -2.440971 2.340946 23.162599 32.147895
 4.800000 -1.340347 2.035455 23.953543 13.538594
 5.000000 -0.542249 1.872366 -0.000255 0.004895
 5.200000 -0.568984 1.633005 0.052194 913.322865
 5.400000 -1.244280 1.750942 23.028703 199.547596
 5.600000 -1.296700 0.943031 23.633489 76.956816
 5.800000 -1.199896 0.371515 22.318513 314.538002
 6.000000 -0.399064 0.245368 -0.000000 0.000000
 6.200000 -1.047850 0.191979 18.794829 821.288621
 6.400000 -1.068408 0.539238 19.366759 728.666776
 6.600000 -0.968429 1.311115 16.261613 1219.382248
 6.800000 -1.218665 1.430292 22.644793 280.470521
 7.000000 -0.832689 0.876456 11.120551 1574.767220
 7.200000 -1.731050 0.997067 20.377586 115.631317
 7.400000 -1.618336 0.959418 21.831830 187.816444
 7.600000 -0.866503 0.871284 12.460651 1512.153488
 7.800000 -1.554590 1.155619 22.674139 155.888242
 8.000000 -1.529517 0.767050 22.977118 135.742078
 8.200000 -0.612285 0.352514 1.767028 1709.006449
 8.400000 -1.693220 0.453603 20.818764 164.314991
 8.600000 -1.658605 0.980027 21.281292 189.657178
 8.800000 -0.863384 1.168165 12.354092 1497.717604
 9.000000 -1.165330 1.709894 21.810818 432.396593
 9.200000 -0.755852 1.706892 8.046367 1801.596892
 9.400000 -0.806060 1.468736 10.123058 1628.420486
 9.600000 -1.234492 1.610847 23.134748 225.590993
 9.800000 -1.399180 1.028117 24.108798 10.434473
 10.000000 -1.196781 0.487249 22.501968 340.726594
 10.200000 -0.756337 0.362925 8.101047 1813.724766
 10.400000 -1.151835 0.575916 21.684926 502.128387
 10.600000 -1.746392 1.113752 20.216420 96.368029
 10.800000 -1.458966 1.122367 23.786758 70.741871
 11.000000 -0.785449 0.901321 9.321264 1701.690632
 11.200000 -1.961686 0.916916 19.862074 22.207433
 11.400000 -1.490249 0.877050 23.519416 108.489306
 11.600000 -0.576512 0.620454 0.392584 1492.343632
 11.800000 -1.138112 1.037890 21.447564 566.191750
 12.000000 -1.796216 1.104728 19.831229 35.540147
 12.200000 -1.028849 0.904801 18.420419 1033.245540
 12.400000 -1.397255 1.031992 24.237540 13.215142
 12.600000 -1.612690 1.180231 21.982500 201.013011
 12.800000 -1.342451 1.055405 24.285509 4.220043
 13.000000 -1.345050 1.037794 24.290470 3.109914
 13.200000 -1.152792 0.849656 21.919044 520.156488
 13.400000 -1.506076 0.982690 23.422896 124.590973
 13.600000 -1.486535 1.029382 23.631798 103.929655
 13.800000 -0.719077 0.494122 6.609194 2009.520506
 14.000000 -1.686166 0.479407 21.033762 171.648133
 14.200000 -1.858839 0.659185 19.618544 5.002624
 14.400000 -0.946068 0.807952 15.654474 1279.731263
 14.600000 -0.851417 1.172096 12.151585 1475.730922
 14.800000 -1.647977 1.599535 21.608439 197.882703
 15.000000 -1.817389 1.027427 19.778914 30.336228
 15.200000 -0.620476 0.164959 2.217334 1820.964090
 15.400000 -0.575458 -0.381484 0.412627 1481.701380
 15.600000 -0.719083 -0.233169 6.662566 2044.572389
 15.800000 -1.011938 -0.150071 17.972539 1117.715579
 16.000000 -0.879488 0.010876 13.256771 1400.056853
 16.200000 -0.830422 0.083353 11.426693 1543.063758
 16.400000 -0.534953 -0.094022 -0.000112 0.000892
 16.600000 -0.848966 -0.203968 12.147231 1478.280468
 16.800000 -0.692175 -0.196961 5.486947 2098.564506
 17.000000 -0.665232 0.084532 4.253953 2075.142890
 17.200000 -1.008385 0.338839 17.923993 1123.254693
 17.400000 -1.108669 0.706250 21.011090 746.716666
 17.600000 -1.116726 0.712199 21.228514 709.781802
 17.800000 -1.721577 1.250801 20.766446 154.452123
 18.000000 -1.151293 1.276145 22.095088 548.679790
 18.200000 -1.011912 1.188923 18.097533 1109.764964
 18.400000 -1.793527 0.855931 20.028108 71.701653
 18.600000 -1.652370 0.682209 21.743947 208.162318
 18.800000 -0.666289 0.467240 4.468331 2082.282706
 19.000000 -1.747378 1.095256 20.487190 128.065872
 19.200000 -1.837470 1.104168 19.731639 32.571696
 19.400000 -0.875900 0.866641 13.348466 1385.774246
 19.600000 -1.605679 1.074495 22.466227 205.252170
 19.800000 -1.722750 0.759877 20.822090 160.513222
 20.000000 -0.619241 0.655507 2.432165 1874.578089
 20.200000 -0.927626 1.028216 15.298224 1279.096139
 20.400000 -1.563478 1.277959 23.099583 175.178059
 20.600000 -1.436187 0.813618 24.407270 41.150737
 20.800000 -1.094069 0.683149 20.743133 796.637621
 21.000000 -1.622552 0.946304 22.277239 206.121019
 21.200000 -0.765999 1.380571 9.108833 1810.994203
 21.400000 -0.739905 1.643117 7.979970 1930.557796
 21.600000 -0.758232 1.989004 8.776640 1847.493776
 21.800000 -1.347669 2.817686 24.677897 2.222453
 22.000000 -2.251924 2.495350 20.987388 48.090164
 22.200000 -3.063178 2.688496 12.719610 1672.866864
 22.400000 3.000892 -2.940798 1.639694 2015.974418
 22.600000 3.127426 2.727053 8.316201 2867.258342
 22.800000 -2.053583 2.531960 19.862181 29.583349
 23.000000 -1.765526 2.622551 20.459546 127.585507
 23.200000 -2.104937 2.445346 20.103184 28.562581
 23.400000 -2.490664 2.543648 22.722934 2.127602
 23.600000 -2.909864 3.027853 17.841346 831.758113
 23.800000 -2.775498 2.766677 20.931437 241.801212
 24.000000 -1.987036 2.753940 19.515632 10.898022
 24.200000 -1.719004 2.379659 21.110141 179.645489
 24.400000 -2.107163 2.207561 20.083305 27.848326
 24.600000 -2.067476 2.845311 19.867382 30.366890
 24.800000 -2.444018 2.952651 22.524865 33.048496
 25.000000 3.102375 2.426082 6.896216 3053.946600
 25.200000 -2.798995 3.000719 20.469073 342.873334
 25.400000 -3.121745 2.698684 9.999199 2451.089241
 25.600000 -2.886727 2.647926 18.413992 754.864807
 25.800000 -2.603067 3.069126 22.367973 27.561846
 26.000000 -2.629638 2.341908 22.221251 33.409423
 26.200000 -2.163700 2.763745 20.326543 21.314297
 26.400000 -2.187120 2.716130 20.434400 21.601660
 26.600000 -2.214953 2.465658 20.569463 26.467665
 26.800000 -2.083471 2.332107 19.916156 31.724972
 27.000000 -1.873522 2.830945 19.579136 33.408030
 27.200000 -2.782215 2.626670 20.721055 271.362118
 27.400000 3.121085 3.019080 7.883052 2939.934895
 27.600000 3.138649 -2.960576 8.820879 2752.404654
 27.800000 -3.037600 2.445729 13.600985 1368.999914
 28.000000 -1.852871 2.903833 19.720274 57.030342
 28.200000 -1.990157 2.454872 19.414580 11.091938
 28.400000 -2.149629 2.501263 20.269462 23.359447
 28.600000 -2.636656 2.681161 22.120315 35.538990
 28.800000 -2.943897 2.955278 16.688983 921.100362
 29.000000 -2.396979 2.906192 22.069718 87.174386
 29.200000 -1.742452 2.580465 20.913352 163.016479
 29.400000 -1.899252 2.145680 19.444691 18.864620
 29.600000 -2.009421 2.093290 19.486958 20.460843
 29.800000 -1.930044 2.833509 19.352495 2.630062
 30.000000 -2.453126 2.889258 22.471400 27.228740
 30.200000 -2.991090 2.706814 15.184280 1061.065223
 30.400000 -2.727953 2.872861 21.402393 109.265090
 30.600000 -2.765477 2.631594 20.938426 208.968204
 30.800000 -2.858429 2.574897 19.068923 639.846762
 31.000000 -2.082952 -3.126725 19.927377 38.643444
 31.200000 -2.529727 2.168966 22.568248 3.108251
 31.400000 -2.208074 2.356860 20.567647 17.266617
 31.600000 -1.811842 3.002251 20.142172 105.644541
 31.800000 -2.358068 2.486206 21.630654 100.036550
 32.000000 -2.790958 2.469706 20.532022 312.487631
 32.200000 -2.958119 3.020514 16.214680 952.219128
 32.400000 2.971134 2.736406 0.311247 1569.305700
 32.600000 -2.532849 2.526485 22.559636 3.762615
 32.800000 -1.667823 2.883982 21.943403 194.411710
 33.000000 -2.223347 2.246694 20.649165 18.210728
 33.200000 -2.366467 2.474955 21.698520 97.639071
 33.400000 -2.269160 3.057952 20.888207 34.800220
 33.600000 -2.572228 2.614025 22.434928 17.271403
 33.800000 -2.619383 2.644120 22.203088 30.234865
 34.000000 -2.448375 2.964119 22.396981 34.805400
 34.200000 -2.188003 2.559625 20.557002 14.975492
 34.400000 -2.211445 2.387432 20.646867 15.026613
 34.600000 -2.004624 2.965663 19.527214 21.657630
 34.800000 -2.622432 2.622724 22.190502 29.741086
 35.000000 3.008840 2.815010 1.884318 2110.808222
 35.200000 3.125661 3.091260 8.075979 2888.276648
 35.400000 -3.004389 2.613677 14.703697 1130.472362
 35.600000 -2.901719 2.341192 17.881043 825.597184
 35.800000 -2.351087 -3.000778 21.593553 86.482571
 36.000000 3.098350 2.457449 6.582231 3061.887890
 36.200000 -2.663032 2.688318 21.966107 39.950207
 36.400000 -2.229031 2.835972 20.803765 18.300279
 36.600000 -2.590016 2.339391 22.360654 20.781572
 36.800000 -2.797789 2.952053 20.435518 353.086513
 37.000000 3.059086 2.851716 4.429426 2909.728874
 37.200000 -3.086631 2.748310 11.561155 1919.822268
 37.400000 -2.561239 2.925785 22.484843 11.911962
 37.600000 3.053806 2.815969 4.153295 2850.285576
 37.800000 3.086017 2.856121 5.911358 3053.698077
 38.000000 -3.058596 3.005739 12.729918 1571.688842
 38.200000 -2.820018 2.767535 20.018306 465.741639
 38.400000 -2.265578 2.814701 21.059506 29.628850
 38.600000 -2.601143 2.544566 22.327346 22.403151
 38.800000 3.042814 2.982505 3.590050 2714.404864
 39.000000 3.026167 2.829002 2.743503 2448.959688
 39.200000 -2.943694 2.612033 16.683433 941.749916
 39.400000 -2.814158 2.512948 20.161093 435.474361
 39.600000 -3.094534 -3.112432 11.243768 2025.402137
 39.800000 -2.704736 2.843878 21.712282 71.964312
 40.000000 -2.013563 2.511083 19.586762 30.431782
 40.200000 -1.848043 2.163099 19.856590 68.467738
 40.400000 -2.179963 2.544432 20.717710 26.241971
 40.600000 -2.873986 2.829095 18.742714 729.921643
 40.800000 -3.087524 3.071337 11.575522 1929.902188
 41.000000 -2.509644 2.672074 22.607867 0.015185
 41.200000 -1.696122 2.424156 21.491728 159.478429
 41.400000 -1.894863 2.038508 19.540912 26.580698
 41.600000 -1.966731 2.669517 19.404400 2.444102
 41.800000 -2.665311 2.913243 22.041573 39.642241
 42.000000 3.032771 2.759328 3.141938 2585.245601
 42.200000 -2.859755 2.973758 19.167122 659.871511
 42.400000 -2.812890 2.465566 20.255933 421.484144
 42.600000 -2.438401 2.692674 22.406298 32.407781
 42.800000 -2.431298 2.818473 22.364300 37.527150
 43.000000 -2.681874 2.644661 21.950183 49.905160
 43.200000 -2.871047 2.719953 18.893938 710.036469
 43.400000 -3.008831 3.093893 14.682218 1181.455786
 43.600000 -3.063355 2.675282 12.658705 1630.682569
 43.800000 -2.442183 2.895102 22.441152 29.686568
 44.000000 -2.428682 2.679707 22.362082 38.973376
 44.200000 -2.215521 2.537282 20.995495 26.293118
 44.400000 -2.189129 2.859287 20.854050 32.001054
 44.600000 -2.300525 2.779393 21.453695 39.654403
 44.800000 -2.899821 2.656049 18.125389 819.789274
 45.000000 3.073290 3.009217 5.377209 3024.303494
 45.200000 3.082437 -3.085230 5.907397 3055.518173
 45.400000 -2.937953 2.551850 17.026751 930.218944
 45.600000 -2.468508 2.863987 22.597816 13.263591
 45.800000 -2.369423 2.876477 21.977888 57.677718
 46.000000 -2.877247 2.580271 18.784212 731.608537
 46.200000 -2.625673 -3.130802 22.401807 25.271695
 46.400000 3.115482 2.796524 7.753466 2939.326431
 46.600000 -2.762030 2.713246 21.237365 201.915762
 46.800000 -1.928080 2.617237 19.445922 5.928805
 47.000000 -2.073838 2.079984 20.011269 70.780485
 47.200000 -1.682249 2.356446 21.554657 155.385588
 47.400000 -2.281797 2.764747 21.453617 32.219739
 47.600000 3.022797 3.056624 2.774496 2492.760578
 47.800000 -2.928505 3.106358 17.384348 908.016143
 48.000000 -2.240088 2.345848 21.227195 28.567335
 48.200000 -1.737132 1.913386 20.900999 114.845578
 48.400000 -0.638335 2.219160 3.385429 1795.762184
 48.600000 -0.773085 2.138245 9.330670 1898.879286
 48.800000 -0.931550 2.296927 15.509889 1153.686675
 49.000000 -1.288451 2.046064 23.961692 63.683348
 49.200000 -1.072579 1.631891 19.823004 776.283067
 49.400000 -0.758065 1.370992 8.646377 1944.713728
 49.600000 -1.444087 1.603013 24.133171 22.549353
 49.800000 -1.425372 0.946223 24.208744 11.077287
 50.000000 -0.697529 0.117139 5.949904 1984.134539
 50.200000 -1.558155 -0.223144 23.106998 147.863822
 50.400000 -0.555112 -0.517513 0.111709 1218.193368
 50.600000 -0.403625 0.151499 -0.000000 0.000000
 50.800000 1.323083 -0.888133 -0.000000 0.000000
