#! FIELDS time phi psi ves.bias ves.force2
#! SET min_phi -pi
#! SET max_phi pi
#! SET min_psi -pi
#! SET max_psi pi
 0.000000 -1.498385 0.273949 27.215882 148.921278
 0.200000 -0.764419 0.709292 10.429758 1933.270150
 0.400000 -1.711998 1.408127 23.957505 162.580303
 0.600000 -1.560239 1.222262 26.333230 252.804214
 0.800000 -0.816325 0.438739 12.740887 1994.554510
 1.000000 -0.894886 -0.396475 16.165142 1763.188375
 1.200000 -0.652397 -0.649460 6.098096 1242.449307
 1.400000 -0.972893 0.360058 19.443629 1334.431841
 1.600000 -1.708004 1.470649 24.313774 191.506975
 1.800000 -1.765863 1.939127 23.595413 117.412828
 2.000000 -1.857822 2.897488 22.870085 22.846274
 2.200000 2.887490 2.637663 1.540964 201.283136
 2.400000 -3.115903 2.984717 12.564708 2828.658672
 2.600000 -3.068161 2.866414 14.984289 2276.459165
 2.800000 -2.992543 2.732929 18.180876 1368.014140
 3.000000 -1.627538 2.850769 25.616011 192.363067
 3.200000 -1.780020 2.016693 23.783568 110.936013
 3.400000 -1.974901 1.035903 22.732492 2.141430
 3.600000 -0.443905 0.041084 1.382194 181.019872
 3.800000 -0.504837 -0.481401 2.354136 345.843927
 4.000000 -1.023760 -0.519963 21.201140 1127.265200
 4.200000 -0.676461 -0.006059 7.065545 1333.745308
 4.400000 -0.584202 0.508523 4.183690 679.241571
 4.600000 -1.513446 0.602471 27.090470 121.336272
 4.800000 -1.738139 1.199035 24.308922 128.897509
 5.000000 -0.751573 1.388293 10.085696 1868.533753
 5.200000 -0.577565 1.385515 4.085808 636.447746
 5.400000 -0.613311 1.773663 5.053238 839.554149
 5.600000 -1.220419 2.467378 26.515248 341.704501
 5.800000 -0.870693 2.524369 15.376694 1821.016794
 6.000000 -0.957561 1.750511 18.837387 1364.300128
 6.200000 -1.107767 1.235739 23.818518 835.026598
 6.400000 -1.175046 0.875706 25.584331 537.707509
 6.600000 -1.511582 0.765673 27.100163 113.581417
 6.800000 -1.031284 1.128514 21.443738 1083.929663
 7.000000 -1.240685 1.429104 26.867926 246.985875
 7.200000 -0.635927 1.240758 5.924709 1006.504271
 7.400000 -1.707034 1.180458 24.763805 132.057676
 7.600000 -1.618231 0.530345 25.842327 160.052658
 7.800000 -0.775492 0.289588 11.355777 1945.227392
 8.000000 -1.105158 0.302583 23.825802 869.727305
 8.200000 -0.781146 0.397432 11.689890 1946.583312
 8.400000 -1.347410 1.243801 27.859055 5.387848
 8.600000 -0.941587 1.282027 18.394712 1387.125600
 8.800000 -1.016416 0.852969 21.043690 1146.424492
 9.000000 -1.399130 0.632701 27.860261 4.650395
 9.200000 -1.286482 1.013521 27.576010 71.632499
 9.400000 -0.621644 1.609362 5.651926 928.452810
 9.600000 -1.033385 1.947931 21.735697 1099.078993
 9.800000 -0.760020 2.298376 10.826547 1876.932701
 10.000000 -0.972859 2.315737 19.652820 1281.017884
 10.200000 -0.605046 2.112104 5.222524 851.719946
 10.400000 -1.450139 1.646429 27.662007 37.540323
 10.600000 -1.616260 0.856019 25.945305 161.134063
 10.800000 -0.530949 -0.254479 3.266970 567.414934
 11.000000 -0.512738 -0.636748 2.844357 510.099257
 11.200000 -0.792305 -0.284551 12.396683 2032.330687
 11.400000 -0.807297 0.250557 13.074441 2050.349725
 11.600000 -1.096861 0.592783 23.945861 859.845720
 11.800000 -1.676262 1.193276 25.213588 157.465797
 12.000000 -0.991204 1.147702 20.565392 1193.799121
 12.200000 -1.240032 1.134138 27.222350 187.784959
 12.400000 -1.369291 0.920191 27.972120 0.527106
 12.600000 -1.473727 0.840338 27.532344 53.525538
 12.800000 -1.173074 1.095335 26.005925 501.023472
 13.000000 -1.395627 1.281126 27.927231 6.958984
 13.200000 -1.351013 0.799629 28.024046 0.201883
 13.400000 -0.954338 0.571964 19.452284 1378.142089
 13.600000 -1.095236 0.586259 24.065507 840.628454
 13.800000 -1.355357 0.859012 28.025186 0.005947
 14.000000 -1.457053 1.260158 27.675794 41.131206
 14.200000 -1.130955 1.055648 25.154630 702.570283
 14.400000 -1.368270 0.967355 28.106586 1.897865
 14.600000 -1.394839 0.775929 28.043666 10.871829
 14.800000 -1.163605 0.831607 25.972852 551.077177
 15.000000 -1.426240 0.924142 27.909812 26.740631
 15.200000 -1.464935 1.074518 27.732935 54.947122
 15.400000 -1.443376 0.900666 27.881641 40.586710
 15.600000 -0.778561 0.629790 12.002287 1974.076900
 15.800000 -1.503906 1.011169 27.409306 84.243713
 16.000000 -1.048173 1.055825 22.864218 984.465081
 16.200000 -1.641086 0.917899 25.823047 195.202217
 16.400000 -1.280361 0.726438 28.068479 65.237951
 16.600000 -0.511342 0.588392 2.986058 685.524085
 16.800000 -0.955574 0.285820 19.779406 1453.667617
 17.000000 -1.423014 0.609212 28.105285 30.960202
 17.200000 -1.107700 1.282900 24.850011 778.199028
 17.400000 -1.049670 1.525695 23.127626 985.845392
 17.600000 -0.617861 2.004983 6.091796 967.490093
 17.800000 -1.065793 2.132298 23.626165 927.204227
 18.000000 -0.545551 2.261427 3.941129 809.493397
 18.200000 -0.657213 1.962770 7.427696 1116.702110
 18.400000 -0.661203 1.551962 7.561584 1134.976693
 18.600000 -0.888036 1.330493 17.120594 1990.412828
 18.800000 -1.087870 0.740981 24.391438 841.058990
 19.000000 -1.434171 0.599966 28.211561 43.884742
 19.200000 -0.779654 0.890770 12.236431 1937.491533
 19.400000 -0.981639 1.705429 21.033630 1353.451234
 19.600000 -0.832257 2.262407 14.627873 2147.972783
 19.800000 -0.719227 2.547591 9.734879 1486.815977
 20.000000 -0.801397 1.899030 13.209271 2059.727001
 20.200000 -0.672528 1.605588 8.128317 1211.870181
 20.400000 -1.306940 1.447487 28.578618 23.164728
 20.600000 -1.596141 0.975324 26.608083 196.227018
 20.800000 -0.710172 0.042978 9.492316 1428.420454
 21.000000 -0.752486 -0.539795 11.173625 1736.988377
 21.200000 -0.660942 -0.436022 7.829363 1182.962891
 21.400000 -0.982515 0.066569 21.234728 1352.189109
 21.600000 -0.778984 0.715364 12.410373 1905.885315
 21.800000 -1.766039 1.234917 24.038248 213.049674
 22.000000 -1.807627 1.517743 23.463648 166.799980
 22.200000 -1.665686 1.374196 25.606432 253.903676
 22.400000 -0.676976 0.417969 8.490609 1261.702261
 22.600000 -0.524999 -0.341130 3.488712 932.681780
 22.800000 -0.912864 -0.314319 18.529803 1843.734327
 23.000000 -0.887937 -0.019264 17.437867 1987.795668
 23.200000 -0.587732 0.397290 5.552154 1089.677806
 23.400000 -1.746564 1.285831 24.325991 241.751508
 23.600000 -1.961906 1.634063 22.190952 4.441851
 23.800000 -1.808123 2.283316 23.430350 176.145879
 24.000000 -2.403187 2.983627 24.746679 21.486309
 24.200000 2.813919 2.853953 -0.023813 0.302288
 24.400000 -3.054309 2.883955 15.034669 1770.577254
 24.600000 -3.041500 2.595314 15.561057 1609.439804
 24.800000 -2.484456 -3.122685 24.871453 0.063512
 25.000000 -2.511974 2.684791 24.847370 2.093642
 25.200000 -2.680383 2.604987 24.097031 69.135123
 25.400000 -2.823845 2.848951 21.923211 481.765211
 25.600000 2.933064 2.839325 1.400693 619.247982
 25.800000 -3.050344 2.677559 15.175933 1712.881905
 26.000000 -2.631990 2.823153 24.420131 28.071317
 26.200000 -2.575258 2.762217 24.637758 10.791547
 26.400000 -2.752034 2.697403 23.242685 231.268905
 26.600000 -2.881445 2.803155 20.523274 652.269605
 26.800000 3.037858 2.900620 5.281408 2353.238399
 27.000000 3.021101 2.734888 4.493364 2066.652460
 27.200000 -2.816914 2.942556 22.033169 459.608070
 27.400000 -2.950686 2.858323 18.614763 868.698548
 27.600000 -2.925931 2.765890 19.323360 775.114743
 27.800000 3.058749 2.899485 6.329046 2667.256318
 28.000000 -2.833575 2.852145 21.665428 514.327452
 28.200000 -2.752785 2.674917 23.230517 238.395774
 28.400000 -2.825997 2.877792 21.838848 492.366285
 28.600000 -2.883652 2.944725 20.453349 657.315205
 28.800000 -2.876823 2.824341 20.627265 639.683570
 29.000000 -2.980271 2.889009 17.710216 1022.448074
 29.200000 -2.594262 2.891735 24.547261 10.004508
 29.400000 -2.978042 2.728857 17.800882 1013.067243
 29.600000 -2.642468 3.084878 24.347003 28.669533
 29.800000 -2.924128 2.620879 19.398991 773.921740
 30.000000 -3.055888 2.823862 14.958324 1761.816104
 30.200000 3.076303 3.072409 7.297668 2904.226869
 30.400000 -2.694712 2.842012 23.998432 84.978960
 30.600000 -2.059988 2.523694 22.058350 7.075655
 30.800000 -2.088111 2.025065 22.152428 16.014341
 31.000000 -2.061596 2.244322 22.062693 7.515814
 31.200000 -2.184452 2.863263 22.681204 56.007535
 31.400000 -2.921392 2.758939 19.563405 770.639257
 31.600000 -2.887379 2.894506 20.475313 670.281112
 31.800000 -3.113305 2.978510 12.343666 2552.666205
 32.000000 2.981698 2.713905 2.802127 1486.972178
 32.200000 -2.209956 2.916563 22.847668 66.793878
 32.400000 -1.899420 2.307246 22.423394 61.276961
 32.600000 -2.062901 1.702926 22.030963 5.944057
 32.800000 -1.704079 1.443550 24.986607 273.296586
 33.000000 -0.828228 0.643632 15.236732 2031.676965
 33.200000 -0.997585 0.072763 22.326049 1221.483374
 33.400000 -0.672162 -0.096147 8.900282 1309.489794
 33.600000 -0.523007 -0.293200 3.601158 1180.115608
 33.800000 -0.512892 -0.152929 3.256920 1135.039789
 34.000000 -1.145290 0.369509 26.571147 529.091912
 34.200000 -1.361778 1.269907 29.090877 0.796681
 34.400000 -1.963236 1.585186 22.077942 13.552779
 34.600000 -1.904552 1.930357 22.405186 56.008300
 34.800000 -2.265653 2.987743 23.266878 82.388936
 35.000000 -3.120731 2.933125 12.043942 2653.890751
 35.200000 -3.041398 2.814094 15.728165 1632.109856
 35.400000 -2.545839 2.793457 24.590871 0.044347
 35.600000 -2.277275 2.536033 23.338827 82.404088
 35.800000 -2.276356 2.186322 23.330485 82.415083
 36.000000 -2.215616 2.528180 22.797892 66.701474
 36.200000 -2.704346 2.972496 24.023165 87.755392
 36.400000 2.957532 2.855435 1.874681 1199.529323
 36.600000 -2.166020 2.853507 22.419063 39.166887
 36.800000 -1.868645 2.108294 22.739361 91.745020
 37.000000 -1.737094 2.065252 24.437929 241.038600
 37.200000 -2.135557 2.507784 22.242571 22.969731
 37.400000 -2.911781 2.998848 20.025512 736.070822
 37.600000 3.065942 2.915641 6.853499 2914.525007
 37.800000 -2.638666 2.910062 24.444509 12.429088
 38.000000 -2.134547 2.515885 22.237753 22.537968
 38.200000 -1.990651 2.417730 22.053542 5.158405
 38.400000 -2.157325 2.571415 22.356604 31.733448
 38.600000 -2.726486 2.980560 23.823698 134.402790
 38.800000 3.065882 2.805231 6.869208 2921.367084
 39.000000 -2.740322 2.940491 23.652678 172.347385
 39.200000 -2.290694 2.509746 23.385748 77.546204
 39.400000 -2.102754 2.613042 22.134450 9.060068
 39.600000 -2.349426 2.630983 23.872699 55.726851
 39.800000 -3.100016 2.723785 13.175896 2404.196635
 40.000000 -3.034138 -3.038567 16.098779 1566.879211
 40.200000 -2.939241 2.749333 19.323647 844.422935
 40.400000 -2.623222 2.406522 24.510995 4.478127
 40.600000 -2.152925 2.892859 22.354175 24.766665
 40.800000 -2.162492 2.853191 22.403762 29.045738
 41.000000 -2.801774 2.352812 22.684979 377.980485
 41.200000 -2.924811 2.998217 19.764572 786.132971
 41.400000 3.038062 3.119760 5.460734 2651.342908
 41.600000 -2.805914 2.591523 22.630450 390.658892
 41.800000 -1.721730 2.437746 24.675241 235.910138
 42.000000 -1.967923 2.036945 22.191366 9.905341
 42.200000 -2.383003 2.541058 24.071589 36.014577
 42.400000 -2.612312 -3.061524 24.551017 1.546182
 42.600000 2.892915 2.741668 -0.004657 89.017840
 42.800000 -2.309621 2.684600 23.527933 71.296836
 43.000000 -1.696297 2.619789 25.067776 246.197445
 43.200000 -2.266953 1.892036 23.163440 72.277183
 43.400000 -2.072622 2.714651 22.173818 1.477146
 43.600000 -2.636280 3.124436 24.515872 6.495855
 43.800000 3.060778 2.627366 6.709376 2881.312768
 44.000000 -2.626100 2.712458 24.538387 3.563449
 44.200000 -1.824950 2.872029 23.263301 129.187502
 44.400000 -2.464881 2.191779 24.411460 6.568277
 44.600000 -2.087025 2.756080 22.223787 2.443525
 44.800000 -2.399249 2.999308 24.165427 26.399492
 45.000000 -2.965200 2.297958 18.652577 1014.202989
 45.200000 -3.101681 3.052341 13.173884 2410.368302
 45.400000 3.028921 3.104724 5.092314 2567.012493
 45.600000 -2.791441 2.451883 23.015716 326.102314
 45.800000 -2.137362 2.524668 22.375494 11.106584
 46.000000 -1.847478 2.708493 23.026469 97.676568
 46.200000 -2.732024 2.428269 23.924691 134.168953
 46.400000 -3.087947 2.832931 13.852682 2252.785255
 46.600000 2.865876 -3.016275 -0.001325 0.030033
 46.800000 -2.869252 2.572560 21.384599 589.365359
 47.000000 -1.788736 2.465896 23.711647 172.523268
 47.200000 -1.890943 2.257249 22.686282 43.588724
 47.400000 -2.274927 2.572505 23.282124 74.082450
 47.600000 -2.769679 2.991312 23.434385 245.337728
 47.800000 2.838337 2.874963 -0.000049 0.000017
 48.000000 -2.411955 2.781405 24.255138 17.927507
 48.200000 -1.911949 2.304394 22.577896 24.947238
 48.400000 -2.303660 2.181367 23.545606 72.744300
 48.600000 -2.160178 2.932460 22.530882 15.694881
 48.800000 -2.787227 2.920331 23.170745 302.477639
 49.000000 -3.137587 2.788427 11.405577 2738.163531
 49.200000 -2.801112 3.106368 22.945692 347.917132
 49.400000 -2.934799 2.575635 19.733478 861.231841
 49.600000 -2.217475 2.800200 22.867849 45.858278
 49.800000 -1.982953 2.770644 22.401312 1.368669
 50.000000 -2.299008 2.478490 23.523697 72.531211
 50.200000 -2.592742 2.564801 24.613754 0.365780
 50.400000 -2.549624 -3.052237 24.567202 1.884124
 50.600000 3.141092 2.470687 11.210458 2755.811990
 50.800000 -3.078523 2.753832 14.372698 2155.306721
 51.000000 -3.072915 3.080020 14.631171 2093.175677
 51.200000 -2.890450 2.819839 21.014528 660.496565
 51.400000 -2.082970 2.576264 22.477354 0.614723
 51.600000 -1.906830 2.415032 22.653115 21.337712
 51.800000 -2.007359 2.494521 22.457174 0.051473
 52.000000 -2.798258 2.874081 23.059614 337.463540
 52.200000 2.952583 2.891126 1.728267 1581.083511
 52.400000 -2.736594 3.054666 24.027570 138.477071
 52.600000 -2.586685 2.617550 24.637328 1.281000
 52.800000 -2.237723 2.764006 23.090895 56.032357
 53.000000 -2.177913 2.753361 22.729788 19.504841
 53.200000 -2.443191 2.476532 24.405185 5.091156
 53.400000 -2.545294 2.898158 24.583716 3.172112
 53.600000 -2.783101 2.903232 23.392824 287.209006
 53.800000 3.032545 2.731041 5.491681 2703.419389
 54.000000 -2.969569 3.060197 18.770967 1089.582749
 54.200000 -2.592371 2.768462 24.682296 1.863678
 54.400000 -2.172835 2.321929 22.776186 16.532176
 54.600000 -1.679386 2.735643 25.273464 219.416015
 54.800000 -2.366869 2.607856 24.134210 31.018351
 55.000000 3.036735 2.756921 5.743145 2751.736421
 55.200000 -3.085311 3.063357 14.181630 2215.767583
 55.400000 3.020065 2.653325 4.908540 2628.040290
 55.600000 -2.577564 2.793582 24.681500 3.606944
 55.800000 -1.838055 2.682487 23.157263 85.590614
 56.000000 -1.941560 2.138646 22.626273 2.440086
 56.200000 -2.003252 2.327139 22.631527 0.084326
 56.400000 -2.108988 3.023494 22.689491 1.396133
 56.600000 -2.997982 2.706508 17.861195 1328.768700
 56.800000 -3.125673 2.753141 12.234077 2576.933998
 57.000000 -3.066588 3.100786 15.070023 2012.676814
 57.200000 2.933166 2.565690 0.998013 1413.647217
 57.400000 -2.331319 2.814815 23.979233 47.156927
 57.600000 -1.938661 2.633202 22.678969 1.681928
 57.800000 -2.256537 2.093809 23.400336 60.960764
 58.000000 -2.101359 2.543336 22.724321 0.991314
 58.200000 -2.502622 2.831914 24.564139 3.868522
 58.400000 2.842457 2.465374 -0.000003 0.000000
 58.600000 -2.367328 3.023284 24.214619 24.211498
 58.800000 -2.366081 2.347783 24.208440 24.854113
 59.000000 -2.176979 2.209014 22.949133 17.223604
 59.200000 -2.005296 2.938923 22.745815 0.663495
 59.400000 -2.874376 2.649398 21.652801 610.828246
 59.600000 2.957966 2.769303 2.028739 1933.366571
 59.800000 -2.805399 -3.021928 23.178113 373.179942
 60.000000 -2.575177 2.670671 24.755801 6.430615
 60.200000 -2.145417 2.609837 22.944470 6.058306
 60.400000 -2.241008 2.707298 23.407366 49.234722
 60.600000 -2.558267 2.903796 24.731799 7.761335
 60.800000 3.087776 2.830279 8.729686 2895.538354
 61.000000 2.984879 3.017922 3.304282 2390.198959
 61.200000 -3.007402 2.774179 17.632755 1409.997646
 61.400000 -2.528214 2.618967 24.671228 7.110614
 61.600000 -2.000546 2.554829 22.815963 1.402929
 61.800000 -2.263274 2.417292 23.610973 53.514213
 62.000000 -2.880009 2.734892 21.565031 634.635184
 62.200000 2.872130 3.000852 -0.000099 0.000384
 62.400000 -2.751418 2.938449 24.165836 190.533159
 62.600000 -2.191553 2.444292 23.210575 21.892422
 62.800000 -1.883193 2.352225 22.901190 15.412357
 63.000000 -1.862564 2.753906 23.000711 32.938563
 63.200000 -3.046575 2.677266 16.120649 1754.137454
 63.400000 -3.016192 -3.020228 17.341595 1479.941300
 63.600000 -2.941566 2.899237 19.905080 928.008212
 63.800000 -2.136382 2.353939 23.075060 4.592560
 64.000000 -1.673949 2.033673 25.202210 199.176936
 64.200000 -1.767176 1.854623 23.909238 156.188769
 64.400000 -1.876325 2.047087 22.961123 16.733715
 64.600000 -1.968019 2.533346 22.879393 1.628000
 64.800000 -2.464098 2.922972 24.578795 3.512466
 65.000000 2.930277 2.667205 0.901816 1627.781883
 65.200000 -3.037266 2.883835 16.551680 1654.592089
 65.400000 -2.933496 2.844069 20.193028 887.752449
 65.600000 -2.696714 2.562534 24.832512 48.500683
 65.800000 -2.571266 2.716202 24.899957 11.161868
 66.000000 -2.323200 2.714216 24.154474 32.071793
 66.200000 -2.559564 2.632977 24.886225 12.524976
 66.400000 -2.622695 2.912210 25.056406 1.175849
 66.600000 -2.540033 2.847835 24.817379 11.974710
 66.800000 -2.638749 2.757120 25.063260 0.076836
 67.000000 -2.433743 2.881456 24.555281 3.395647
 67.200000 -2.754865 2.687913 24.272098 206.993756
 67.400000 -2.432266 2.883273 24.579388 3.571537
 67.600000 -2.509896 2.862204 24.753145 8.949023
 67.800000 -2.501622 2.402631 24.729198 7.814731
 68.000000 -2.531187 2.944747 24.821701 11.713744
 68.200000 -2.704235 2.979920 24.879087 65.924068
 68.400000 3.097573 2.579622 9.621209 2800.337641
 68.600000 3.091070 3.006507 9.275817 2840.504320
 68.800000 2.992562 2.905468 3.920751 2806.750845
 69.000000 -3.054699 2.781494 15.900918 1784.681698
 69.200000 3.100060 2.883267 9.804334 2777.134913
 69.400000 2.978708 2.911978 3.220579 2696.655528
 69.600000 -2.729098 2.763571 24.670997 129.982054
 69.800000 -2.184682 2.877520 23.472493 18.027385
 70.000000 -2.151270 2.502693 23.354726 8.008220
 70.200000 -2.491106 2.534661 24.819580 7.899006
 70.400000 -2.705524 3.072394 24.939002 71.561353
 70.600000 -3.106396 2.854948 13.671470 2165.306975
 70.800000 -3.080955 3.028485 14.827170 1962.808481
 71.000000 3.078467 2.875043 8.706290 2921.273407
 71.200000 3.049196 2.802584 7.156550 3084.698440
 71.400000 -2.745301 2.936247 24.534794 183.267335
 71.600000 -2.568911 2.952577 25.131206 12.725722
 71.800000 -2.387958 2.603928 24.612476 8.373602
 72.000000 -2.443257 2.629654 24.742660 4.566018
 72.200000 -2.475966 3.047420 24.860281 6.634994
 72.400000 2.934705 2.724070 1.100590 2049.011301
 72.600000 -3.101680 3.121502 13.980787 2087.880807
 72.800000 -2.961131 2.705185 19.498652 1061.531345
 73.000000 -2.593276 2.715710 25.252658 7.449351
 73.200000 -2.332933 2.810458 24.476178 25.338517
 73.400000 -2.394468 2.574873 24.711518 7.524244
 73.600000 -2.983058 2.457691 18.792764 1199.323063
 73.800000 -3.064567 -3.115335 15.655412 1785.483676
 74.000000 2.992758 2.836410 4.086897 3054.944500
 74.200000 -2.729800 2.789521 24.836033 140.274111
 74.400000 -2.289897 2.880362 24.268106 41.145501
 74.600000 -2.590707 2.557868 25.329920 8.017900
 74.800000 -2.447372 2.808311 24.875577 4.760735
 75.000000 -2.729050 2.724977 24.844872 138.069368
 75.200000 -2.978691 2.743555 19.009219 1167.571104
 75.400000 -3.050410 2.916693 16.319193 1662.396026
 75.600000 3.109184 2.980003 10.611701 2674.964334
 75.800000 -2.864013 2.737212 22.347564 599.356224
 76.000000 -2.441110 2.934639 24.906758 4.674194
 76.200000 -2.416341 2.657156 24.894970 5.264022
 76.400000 -2.438903 2.676068 24.944655 4.702253
 76.600000 -2.597991 2.838082 25.441793 5.925349
 76.800000 -3.048578 2.713839 16.435032 1642.891979
 77.000000 -3.046208 2.834855 16.530821 1626.076357
 77.200000 3.026214 -3.094862 6.139410 3317.581398
 77.400000 3.136568 2.666035 12.095990 2408.149991
 77.600000 -2.832420 2.942452 23.152013 489.426728
 77.800000 3.048520 2.874281 7.416198 3218.725949
 78.000000 3.082637 2.941366 9.311012 2933.925217
 78.200000 -2.975894 2.870175 19.223511 1138.341908
 78.400000 -2.967615 2.572669 19.499633 1086.976473
 78.600000 -2.871191 2.896154 22.274191 621.383130
 78.800000 2.970619 2.959039 3.003145 3040.387770
 79.000000 -3.059570 2.748954 16.078615 1706.706345
 79.200000 -2.652544 2.900136 25.595933 6.572494
 79.400000 -2.600057 2.691781 25.593878 4.754214
 79.600000 -2.363301 2.523072 24.865182 16.614518
 79.800000 -2.213204 2.628617 23.919195 38.869735
 80.000000 -2.327277 2.863922 24.689813 31.991642
 80.200000 -2.849644 2.623973 22.874895 534.763925
 80.400000 2.941041 2.790251 1.469374 2569.422984
 80.600000 -3.071335 -3.116773 15.693274 1787.473914
 80.800000 -2.703603 2.518598 25.342305 81.847131
 81.000000 -2.484561 2.600072 25.249944 8.726738
 81.200000 -1.970497 2.933258 23.249155 6.775146
 81.400000 -2.435144 2.581511 25.170232 5.567997
 81.600000 -2.825643 2.563098 23.449285 454.312264
 81.800000 -3.106001 -3.043765 14.231700 2043.061137
 82.000000 3.138115 2.917617 12.397170 2379.895932
 82.200000 -2.856484 2.657698 22.803002 548.871594
 82.400000 -2.227282 2.788952 24.100286 51.190944
 82.600000 -2.073392 2.680553 23.483283 2.991917
 82.800000 -2.593120 2.434075 25.718902 6.109716
 83.000000 -2.411098 -3.111274 25.157858 6.783317
 83.200000 -2.963072 2.646523 19.905411 1047.194382
 83.400000 3.135088 2.734548 12.358222 2402.811026
 83.600000 3.088274 2.995199 9.948772 2914.080937
 83.800000 2.945122 2.795498 1.722066 2808.257303
 84.000000 -2.483830 2.920681 25.389799 8.793181
 84.200000 -2.346968 2.584809 25.016215 25.621335
 84.400000 -2.116119 2.656424 23.601543 7.095904
 84.600000 -2.358243 2.813698 25.070193 20.393364
 84.800000 -2.706546 2.741557 25.475998 93.499549
 85.000000 -2.786410 2.956784 24.343317 328.324065
 85.200000 3.002819 2.831247 5.103450 3629.005055
 85.400000 -3.064007 2.954476 16.264403 1725.053326
 85.600000 -2.799198 2.707506 24.143873 364.720432
 85.800000 -2.661709 2.569848 25.827175 17.234376
 86.000000 -2.106526 3.017690 23.594172 6.432815
 86.200000 -2.622952 2.375011 25.951867 0.001139
 86.400000 -2.203556 2.816723 24.065210 48.128566
 86.600000 -2.444427 2.837902 25.433919 6.200502
 86.800000 -2.651376 2.598679 25.909997 9.113827
 87.000000 -2.720592 2.777297 25.408528 131.978319
 87.200000 -2.634066 3.002044 25.997162 1.475723
 87.400000 -2.687553 2.593565 25.768986 56.410902
 87.600000 -2.377757 2.612242 25.294564 14.570341
 87.800000 -2.054446 2.937875 23.500032 5.294447
 88.000000 -2.402025 2.462461 25.376520 8.986788
 88.200000 -2.598330 2.729568 26.041113 3.041170
 88.400000 -2.532834 2.967419 25.834918 14.331306
 88.600000 -2.633668 2.708507 26.052538 1.704748
 88.800000 -2.114138 2.601945 23.668479 10.117543
 89.000000 -2.004327 2.624579 23.378227 8.909143
 89.200000 -2.356571 2.430192 25.301019 25.654953
 89.400000 -2.404425 2.831241 25.495159 10.486830
 89.600000 -2.659848 2.908334 26.035530 19.572515
 89.800000 -2.983105 2.500050 19.533356 1179.151009
 90.000000 -2.825718 2.922022 23.788225 432.657641
 90.200000 -3.131871 3.010682 13.503048 2222.333718
 90.400000 3.068321 2.564676 9.202379 3236.543882
 90.600000 -2.923509 2.892651 21.449169 807.815232
 90.800000 -2.922773 2.801202 21.470060 803.841491
 91.000000 -3.069629 2.761935 16.267228 1754.522941
 91.200000 -2.942797 2.806819 20.933095 914.655907
 91.400000 -3.088547 2.825590 15.514538 1880.492452
 91.600000 2.979357 2.621127 3.845424 3773.133588
 91.800000 -2.848948 2.960655 23.370944 495.059271
 92.000000 -2.796816 2.719151 24.440186 351.817897
 92.200000 -2.925288 2.679399 21.502713 806.507065
 92.400000 -3.003074 2.853570 18.988271 1311.924954
 92.600000 -3.087004 2.872262 15.642039 1872.713328
 92.800000 3.059564 2.778119 8.790835 3404.600989
 93.000000 3.038773 2.891635 7.553266 3673.222666
 93.200000 2.913697 2.778103 0.135445 2621.338803
 93.400000 -2.628389 2.913872 26.351637 2.816918
 93.600000 -2.157424 2.505857 23.965049 30.194669
 93.800000 -1.906763 2.490664 23.077077 4.545366
 94.000000 -2.025111 2.531453 23.483045 11.172780
 94.200000 -2.289657 2.730901 25.037376 72.672378
 94.400000 -3.055361 2.796380 17.095188 1665.990533
 94.600000 2.979074 3.012773 3.901622 3917.763007
 94.800000 3.117349 2.910903 12.065792 2612.407204
 95.000000 2.927346 2.528981 0.858617 2832.579510
 95.200000 -2.897593 -3.087335 22.413742 645.698651
 95.400000 3.009033 2.806229 5.837064 4030.797303
 95.600000 2.976692 2.856006 3.784331 3947.645232
 95.800000 -2.745517 2.949836 25.453320 216.724327
 96.000000 -2.834436 2.579088 23.860916 429.245797
 96.200000 -2.478715 3.001910 26.143658 15.225235
 96.400000 -2.705545 2.701722 26.005570 118.672337
 96.600000 -2.750193 2.688900 25.420494 228.410940
 96.800000 -3.065950 3.030587 16.775489 1736.543474
 97.000000 2.969460 2.687267 3.366432 3916.623415
 97.200000 -2.998157 3.102630 19.469820 1280.394980
 97.400000 -2.638451 2.672560 26.532538 11.097935
 97.600000 -2.280100 2.665855 25.050693 81.517859
 97.800000 -1.824814 2.668956 23.076523 12.022801
 98.000000 -2.017267 2.479789 23.491254 14.454862
 98.200000 -2.575796 2.470936 26.606976 4.741379
 98.400000 -3.063766 2.982246 16.980919 1727.555688
 98.600000 3.077358 2.901541 10.152660 3208.415141
 98.800000 -2.808503 2.668842 24.510183 353.945629
 99.000000 -2.237331 2.629811 24.683986 83.397243
 99.200000 -1.962711 2.650987 23.275301 19.411530
 99.400000 -1.913143 2.272828 23.078458 10.242835
 99.600000 -1.822791 2.540936 23.057822 11.505180
 99.800000 -2.144684 2.797634 24.011289 29.269054
 100.000000 -2.685077 2.587497 26.344931 79.466306
 100.200000 -2.853154 3.009122 24.361169 450.443572
 100.400000 2.973690 2.893777 4.416894 4175.010534
 100.600000 2.974096 2.699815 4.443137 4179.159849
 100.800000 -2.516511 2.763699 27.162651 17.673871
 101.000000 -2.159139 2.825782 24.762165 38.092516
 101.200000 -2.015965 2.324378 24.174604 15.986672
 101.400000 -1.939162 2.516547 23.838358 18.287036
 101.600000 -1.935968 2.747299 23.824810 17.701998
 101.800000 -2.401875 2.658414 26.699358 24.674352
 102.000000 -2.897275 2.815740 23.397900 611.138258
 102.200000 2.889764 3.063635 -0.015256 15.342033
 102.400000 3.028534 2.629888 8.062409 4067.616885
 102.600000 -2.451521 2.768676 26.965160 19.666387
 102.800000 -2.258635 2.513833 25.628839 94.938334
 103.000000 -1.879419 2.565074 23.647493 3.090292
 103.200000 -2.473660 2.552480 27.105239 20.606062
 103.400000 -2.680521 2.912811 27.189391 77.450377
 103.600000 -2.871929 2.811323 24.082512 494.734147
 103.800000 -2.665278 2.897008 27.310386 49.895749
 104.000000 -2.648099 2.525046 27.414570 25.652083
 104.200000 -2.439836 2.914544 26.988994 22.044829
 104.400000 -2.742226 2.619163 26.490033 212.812999
 104.600000 -2.835751 2.773954 24.879299 385.698294
 104.800000 -3.041205 2.900107 18.846792 1601.163651
 105.000000 -2.722998 3.015494 26.756624 171.546620
 105.200000 -2.280105 2.456981 25.905886 95.819930
 105.400000 -1.877150 2.584497 23.635647 4.561241
 105.600000 -1.794344 2.425823 23.730619 21.897996
 105.800000 -1.950809 2.700057 23.920367 23.301516
 106.000000 -2.285105 2.610044 25.954592 93.903651
 106.200000 -2.574809 2.807612 27.642494 4.394979
 106.400000 -2.834676 2.946094 24.980547 378.208963
 106.600000 2.958359 2.774310 3.563928 4254.035194
 106.800000 -2.515044 2.998646 27.424993 21.269557
 107.000000 -2.143441 2.435859 24.750717 32.096657
 107.200000 -1.922824 2.196941 23.801723 21.375484
 107.400000 -1.488654 2.598762 26.933378 110.008008
 107.600000 -2.454511 2.511808 27.173525 24.364083
 107.800000 2.850727 3.078448 -0.000000 0.000000
 108.000000 2.947396 3.016383 2.873341 4062.372680
 108.200000 -2.626084 2.534457 27.722989 7.931546
 108.400000 -1.874529 2.404235 23.625244 6.254904
 108.600000 -1.271163 2.504260 27.244027 92.533056
 108.800000 -0.394193 2.083746 -0.000000 0.000000
 109.000000 -0.665210 1.602910 7.473302 1252.881321
 109.200000 -1.312932 1.263234 27.510134 25.609801
 109.400000 -1.323237 0.600440 27.556411 15.372953
 109.600000 -0.706307 0.053487 8.915348 1376.204564
 109.800000 -0.121602 -0.329489 -0.010983 0.306080
 110.000000 -0.696727 -0.462434 8.562779 1334.255964
 110.200000 -0.817746 -0.195749 13.470814 1997.400883
 110.400000 -1.623754 0.426583 25.210206 148.978865
 110.600000 -1.211272 1.715429 26.398355 249.895227
 110.800000 -0.401296 2.137167 -0.000000 0.000000
 111.000000 -0.901533 2.334891 17.207141 1860.131271
 111.200000 -0.706817 1.900684 8.861974 1376.994374
 111.400000 -0.384457 1.581740 -0.000000 0.000000
 111.600000 -1.281120 1.580507 27.216762 74.014163
 111.800000 -1.750665 1.009042 23.871717 51.512376
 112.000000 -0.625019 0.082658 5.935728 1285.856154
 112.200000 -0.470422 -0.618927 0.022353 543.450984
 112.400000 -0.866705 -0.581371 15.596639 1999.910106
 112.600000 -0.580357 -0.311369 4.254823 1451.979752
 112.800000 -0.474894 -0.131561 0.167311 1434.332574
 113.000000 -0.554988 -0.188504 3.272189 1542.468982
 113.200000 -1.499032 0.103934 26.626926 117.183720
 113.400000 -1.721662 1.012979 24.063106 78.932773
 113.600000 -0.432481 1.341289 -0.000014 0.000011
 113.800000 -0.541890 2.184734 2.728203 1571.074091
 114.000000 -1.066715 2.529966 23.051456 820.773034
 114.200000 -1.662731 2.013108 24.644457 127.585851
 114.400000 -1.851912 1.549205 23.545959 3.071339
 114.600000 -1.374686 1.095004 27.441623 2.091862
 114.800000 -0.955603 0.434784 19.276421 1503.414973
 115.000000 -1.626538 0.622207 25.068443 145.242421
 115.200000 -1.803981 0.862510 23.550722 5.564826
 115.400000 -0.751427 1.304345 10.471560 1623.419475
 115.600000 -0.785129 1.770703 11.873712 1834.330165
 115.800000 -0.577975 2.293706 4.092091 1470.370215
 116.000000 -0.816876 2.333011 13.261687 1975.062524
 116.200000 -0.802703 2.065127 12.612138 1914.763293
 116.400000 -0.778107 1.790298 11.553111 1786.650053
 116.600000 -0.925077 1.737133 17.983866 1707.178166
 116.800000 -0.652745 1.729444 6.800238 1244.124501
 117.000000 -0.481644 1.818608 0.301535 1532.759729
 117.200000 -0.721935 2.306104 9.290238 1433.945956
 117.400000 -0.669306 2.134190 7.375249 1253.227728
 117.600000 -0.815051 1.843216 13.135897 1948.855550
 117.800000 -0.746274 1.533283 10.234141 1578.085876
 118.000000 -1.027624 1.151152 21.723839 1031.830289
 118.200000 -1.622121 0.728636 25.032330 141.205814
 118.400000 -0.666106 0.273767 7.259390 1253.708713
 118.600000 -0.519837 -0.151182 1.729685 1589.105184
 118.800000 -0.595100 -0.584008 4.694219 1420.849261
 119.000000 -0.544414 -0.581433 2.714677 1605.250410
 119.200000 -0.586144 -0.129121 4.347182 1471.836092
 119.400000 -0.973117 0.380156 19.771580 1373.206140
 119.600000 -1.439998 0.945260 27.000525 52.024041
 119.800000 -1.226823 1.104080 26.308811 204.521732
 120.000000 -0.791285 1.043354 12.077119 1821.839415
 120.200000 -1.218625 1.106156 26.155709 227.781480
 120.400000 -1.528171 0.840018 26.114941 133.014619
 120.600000 -1.072035 0.411920 22.963273 795.644506
 120.800000 -1.303721 0.543751 27.075840 40.661219
 121.000000 -1.412960 1.097884 27.138529 24.201823
 121.200000 -1.159134 0.915465 25.062367 424.540539
 121.400000 -1.265677 0.866113 26.726886 108.220048
 121.600000 -1.474774 0.796505 26.660899 88.899584
 121.800000 -1.364740 0.836715 27.237926 0.017659
 122.000000 -1.331004 0.846903 27.181921 12.041657
 122.200000 -1.376262 0.976294 27.208084 1.703472
 122.400000 -1.145079 1.102144 24.739008 478.209078
 122.600000 -1.083038 1.099182 23.213657 744.456918
 122.800000 -1.270894 1.028314 26.756019 97.637626
 123.000000 -1.249776 0.951032 26.524523 144.782574
 123.200000 -1.179834 1.060328 25.425461 352.102047
 123.400000 -1.522973 0.941097 26.116714 129.172460
 123.600000 -1.022972 0.620010 21.390600 1062.375914
 123.800000 -1.359189 0.962076 27.197827 0.227971
 124.000000 -1.177734 1.205109 25.385845 359.384162
 124.200000 -1.379621 0.903417 27.173618 2.732732
 124.400000 -0.992221 0.559083 20.319075 1248.582264
 124.600000 -1.266289 0.733894 26.678617 107.840987
 124.800000 -1.248737 1.235912 26.480582 148.192534
 125.000000 -0.893083 1.085939 16.424459 1811.455109
 125.200000 -1.052493 0.902116 22.268008 909.085926
 125.400000 -1.725136 0.922968 23.852476 64.057981
 125.600000 -0.686864 0.669461 7.993221 1287.011027
 125.800000 -1.444754 0.932310 26.855178 56.763161
 126.000000 -1.571568 1.043252 25.513359 145.637349
 126.200000 -0.890235 0.880186 16.258441 1805.835764
 126.400000 -0.953996 0.930813 18.854302 1485.217926
 126.600000 -1.637582 1.132348 24.715059 130.772565
 126.800000 -0.837804 0.583889 13.997180 1874.803965
 127.000000 -1.292411 0.323682 26.899955 58.881535
 127.200000 -1.116020 0.397886 23.978397 615.030616
 127.400000 -1.254809 1.188369 26.529884 135.329742
 127.600000 -1.359779 1.656398 27.165458 0.150170
 127.800000 -0.660525 1.094125 7.046674 1281.143848
 128.000000 -0.775478 0.884676 11.354085 1653.734583
 128.200000 -1.783304 0.885133 23.473148 12.463430
 128.400000 -1.209656 0.927287 25.898837 261.787919
 128.600000 -1.256446 1.077066 26.546399 131.259291
 128.800000 -1.784930 1.160101 23.467523 11.467145
 129.000000 -1.250505 1.000622 26.476507 145.704844
 129.200000 -1.286555 0.914745 26.841487 68.238580
 129.400000 -1.528492 0.980371 25.989858 135.932667
 129.600000 -1.119204 1.120406 24.037229 612.790980
 129.800000 -0.983222 1.369359 19.875869 1313.512506
 130.000000 -1.339623 1.417398 27.127372 6.255368
 130.200000 -1.294750 0.817146 26.904333 54.177904
 130.400000 -1.794134 0.502168 23.418856 6.459818
 130.600000 -1.276222 0.675191 26.749485 87.414429
 130.800000 -0.632894 1.154309 6.035124 1359.536416
 131.000000 -0.731205 1.939724 9.612487 1421.973829
 131.200000 -0.451259 2.247302 -0.000027 0.000058
 131.400000 -0.614444 2.191746 5.339624 1443.924293
 131.600000 -1.013496 1.890989 20.902781 1151.995870
 131.800000 -0.508080 1.111852 1.021906 1651.523242
 132.000000 -1.561493 1.267333 25.584087 148.730297
 132.200000 -2.006241 0.899604 24.254930 26.051622
 132.400000 -0.984075 0.298717 19.854263 1316.498573
 132.600000 -0.993246 0.228366 20.183850 1266.239287
 132.800000 -0.705314 0.238259 8.655765 1331.646920
 133.000000 -1.665548 1.019528 24.345277 116.808524
 133.200000 -0.864786 1.480182 15.070586 1799.588895
 133.400000 -0.841032 1.701725 14.061418 1802.852130
 133.600000 -0.840683 1.866026 14.046578 1802.570774
 133.800000 -0.967847 2.261112 19.240880 1406.256255
 134.000000 -0.938278 2.287347 18.102164 1558.204047
 134.200000 -0.691787 2.123035 8.174789 1309.063084
 134.400000 -0.534436 1.841390 2.074866 1775.074373
 134.600000 -0.454017 1.593673 -0.000035 0.000100
 134.800000 -1.398960 1.575369 27.079603 14.060750
 135.000000 -1.429424 0.822695 26.922422 42.258484
 135.200000 -0.746295 0.089982 10.203010 1468.413514
 135.400000 -0.528520 -0.352107 1.815982 1777.830591
 135.600000 -0.821373 -0.312113 13.227856 1754.970919
 135.800000 -0.664168 -0.095522 7.183892 1313.227616
 136.000000 -0.448728 0.239528 -0.000007 0.000003
 136.200000 -1.273324 0.301279 26.719128 93.468841
 136.400000 -1.578635 1.186057 25.347128 152.511159
 136.600000 -0.664237 1.202888 7.196057 1316.568628
 136.800000 -0.642566 1.462540 6.403042 1368.419135
 137.000000 -0.852577 1.875452 14.541808 1781.590488
 137.200000 -0.831206 2.361131 13.644151 1755.192538
 137.400000 -0.722995 2.338726 9.346710 1374.503529
 137.600000 -0.812520 1.799039 12.865491 1714.237477
 137.800000 -0.711027 1.242173 8.905736 1342.415215
 138.000000 -1.425149 0.761994 26.943902 38.312214
 138.200000 -0.868348 0.253442 15.207832 1753.125780
 138.400000 -0.429864 -0.150088 -0.000000 0.000000
 138.600000 -0.528435 -0.521293 1.791442 1819.119748
 138.800000 -0.459154 -0.467439 -0.000087 0.000662
 139.000000 -0.452029 -0.358417 -0.000011 0.000010
 139.200000 -1.142768 0.550414 24.552611 534.648677
 139.400000 -1.393342 1.002513 27.092609 10.670061
 139.600000 -0.707606 1.199133 8.818864 1334.072556
 139.800000 -0.714298 1.481030 9.063884 1347.471218
 140.000000 -0.701305 1.842039 8.589163 1324.369644
 140.200000 -1.081293 2.427332 22.951663 825.286669
 140.400000 -0.981589 2.583637 19.690641 1325.461638
 140.600000 -0.662665 1.906510 7.205519 1342.473637
 140.800000 -0.927327 1.534326 17.622001 1574.232838
 141.000000 -1.342547 0.981678 27.123313 4.409216
 141.200000 -1.475676 0.566785 26.524377 97.277203
 141.400000 -0.818792 0.690381 13.170288 1681.102006
 141.600000 -1.623042 1.199768 24.777019 145.377006
 141.800000 -1.525528 1.326182 25.976162 140.885521
 142.000000 -1.152644 0.964155 24.771603 493.551222
 142.200000 -1.793335 0.676224 23.302597 8.145137
 142.400000 -1.223839 0.620572 26.099405 225.070133
 142.600000 -1.482082 0.869309 26.459889 104.791482
 142.800000 -1.462037 1.091057 26.653696 82.036091
 143.000000 -1.019178 0.889297 21.000394 1137.971863
 143.200000 -1.425860 0.829001 26.935802 39.810140
 143.400000 -1.209554 1.077506 25.875792 271.767290
 143.600000 -0.973626 1.367674 19.386419 1359.075944
 143.800000 -1.148908 1.394164 24.688552 511.042871
 144.000000 -1.202055 1.029795 25.749258 297.931619
 144.200000 -1.660998 0.734688 24.320046 126.572270
 144.400000 -1.102869 0.949072 23.551076 726.818596
 144.600000 -1.641535 1.318856 24.544376 138.715826
 144.800000 -1.772712 1.238644 23.364714 22.942616
 145.000000 -0.735337 0.670810 9.961196 1388.885981
 145.200000 -1.064702 0.277211 22.461531 919.413106
 145.400000 -0.896153 -0.029974 16.375064 1630.485094
 145.600000 -0.452351 -0.367109 -0.000005 0.000002
 145.800000 -0.588271 -0.204591 4.374150 1776.269030
 146.000000 -0.769999 0.023353 11.296206 1488.562110
 146.200000 -0.521962 0.069888 1.479765 1919.138602
 146.400000 -0.834843 0.039945 13.890072 1646.074626
 146.600000 -0.770954 -0.138475 11.354458 1484.742838
 146.800000 -0.382376 -0.077735 -0.000000 0.000000
 147.000000 -0.813403 -0.284446 13.024944 1606.900857
 147.200000 -0.467684 -0.112171 -0.000445 0.019328
 147.400000 -0.638886 -0.022175 6.449763 1500.818039
 147.600000 -0.774103 -0.096825 11.499308 1486.909092
 147.800000 -0.725102 -0.209666 9.653933 1361.868330
 148.000000 -0.375240 -0.309562 -0.000000 0.000000
 148.200000 -0.848380 0.104030 14.470501 1637.981997
 148.400000 -0.991349 0.173289 20.040699 1278.083639
 148.600000 -0.624418 0.272965 5.904165 1593.201899
 148.800000 -0.845996 0.127245 14.374042 1636.358844
 149.000000 -0.996415 -0.031229 20.220996 1254.970557
 149.200000 -0.871710 0.146663 15.431707 1629.455546
 149.400000 -0.740331 0.109732 10.276244 1383.785716
 149.600000 -0.763329 0.197677 11.140169 1441.248352
 149.800000 -1.067860 0.313779 22.574311 902.795617
 150.000000 -0.508399 -0.133988 0.886971 1884.094790
 150.200000 -0.397161 -0.313025 -0.000000 0.000000
 150.400000 -0.543891 -0.549735 2.475231 2041.970225
 150.600000 -0.323007 -0.333899 -0.000000 0.000000
 150.800000 -0.878708 0.369474 15.732556 1616.215540
 151.000000 -1.633569 1.280919 24.627068 148.551574
 151.200000 -1.567468 1.527475 25.458881 163.543677
 151.400000 -0.877026 1.082733 15.682947 1610.774972
 151.600000 -1.654847 0.763596 24.367797 137.444043
 151.800000 -1.293006 0.922168 26.890128 57.411959
 152.000000 -1.293238 1.552743 26.891878 57.037604
 152.200000 -0.816646 1.475362 13.287870 1560.650426
 152.400000 -0.763057 1.283150 11.217152 1421.169661
 152.600000 -1.113713 1.039494 23.869220 666.662448
 152.800000 -1.305826 0.402058 26.980975 38.397099
 153.000000 -0.713765 0.374474 9.392664 1338.056709
 153.200000 -1.674388 0.697237 24.135317 126.241186
 153.400000 -1.065954 1.093156 22.539722 900.950588
 153.600000 -0.773681 1.317584 11.648264 1444.372563
 153.800000 -0.665432 1.660243 7.640863 1420.314412
 154.000000 -0.683153 2.356578 8.301739 1366.083079
 154.200000 -0.703357 2.417637 9.076501 1337.855527
 154.400000 -0.568909 1.804528 3.674256 2049.059595
 154.600000 -0.720130 1.152343 9.689598 1337.642574
 154.800000 -1.508118 0.815167 26.199113 134.350197
 155.000000 -1.525188 0.370846 25.996060 148.084167
 155.200000 -0.607420 0.319546 5.390522 1798.621246
 155.400000 -1.499968 1.065830 26.296110 126.321152
 155.600000 -1.568292 1.290440 25.456036 166.812999
 155.800000 -0.884289 0.790625 16.053440 1576.335133
 156.000000 -1.547135 0.783080 25.727086 160.531817
 156.200000 -1.518191 1.121748 26.090876 142.728833
 156.400000 -1.156160 1.071561 24.898942 470.366053
 156.600000 -1.441678 0.922669 26.859585 57.022738
 156.800000 -1.131533 0.691593 24.335253 579.676914
 157.000000 -1.397261 0.739178 27.109131 12.580266
 157.200000 -1.310054 0.795799 27.030441 32.111959
 157.400000 -1.343011 0.945403 27.158428 4.418625
 157.600000 -1.198923 1.146664 25.742818 302.822275
 157.800000 -1.552359 0.815594 25.674343 163.926461
 158.000000 -1.148055 0.752666 24.726790 506.292301
 158.200000 -1.273475 1.008716 26.763067 92.170619
 158.400000 -1.325509 1.093487 27.116700 15.831027
 158.600000 -1.206609 0.949051 25.884342 276.924916
 158.800000 -1.483560 0.865575 26.498244 108.120671
 159.000000 -1.367842 1.160673 27.188502 0.316840
 159.200000 -1.215663 1.091824 26.045882 247.965094
 159.400000 -1.066410 1.000339 22.599573 887.094337
 159.600000 -1.472045 0.939096 26.625995 94.817147
 159.800000 -1.337462 0.895747 27.172244 7.050610
 160.000000 -1.269486 1.030193 26.740497 100.720568
 160.200000 -1.489682 1.119496 26.457108 116.485456
 160.400000 -1.330984 0.849771 27.171909 11.011483
 160.600000 -1.315623 0.978951 27.108039 24.980761
 160.800000 -1.387294 1.060150 27.188536 7.029787
 161.000000 -1.514080 0.958306 26.179632 141.481820
 161.200000 -1.115947 0.764881 24.000089 660.763778
 161.400000 -1.538354 1.180674 25.891863 162.509026
 161.600000 -1.438864 1.244175 26.944900 55.807287
 161.800000 -1.104780 0.629597 23.707513 712.219809
 162.000000 -1.142279 0.483914 24.645331 541.834717
 162.200000 -1.602432 1.092829 25.049970 181.994909
 162.400000 -0.961756 1.332053 19.139208 1333.862301
 162.600000 -0.858257 1.248134 15.166574 1546.689935
 162.800000 -1.506742 1.165649 26.294088 138.848536
 163.000000 -1.162198 0.494624 25.108547 459.101853
 163.200000 -0.564495 -0.027439 3.605171 2237.360680
 163.400000 -0.528348 -0.550929 1.877193 2278.157923
 163.600000 -0.431085 -0.899746 -0.000000 0.000000
 163.800000 -0.795354 0.238984 12.743005 1449.958257
 164.000000 -1.464395 1.237427 26.767377 91.056610
 164.200000 -1.174261 1.789079 25.400032 415.647956
 164.400000 -1.111674 1.439693 23.936266 688.599127
 164.600000 -0.995029 1.495210 20.354108 1200.323455
 164.800000 -1.524247 1.258125 26.110649 159.295831
 165.000000 -1.469613 0.690987 26.735607 99.323668
 165.200000 -0.947484 0.399817 18.662260 1376.484064
 165.400000 -0.771635 0.411982 11.898387 1386.817021
 165.600000 -1.447010 0.854101 26.965362 70.973911
 165.800000 -1.365028 1.354578 27.351416 0.317070
 166.000000 -0.697193 1.315979 9.171580 1353.326541
 166.200000 -1.562265 1.414626 25.635681 188.386517
 166.400000 -1.287246 0.681952 27.082404 68.073043
 166.600000 -0.476874 -0.088042 -0.004817 2.344160
 166.800000 -0.504388 -0.485082 0.758197 2155.669110
 167.000000 -0.564645 -0.476423 3.649760 2286.424222
 167.200000 -0.641692 0.104029 7.093139 1646.099979
 167.400000 -1.308746 1.100867 27.260176 33.533502
 167.600000 -1.701163 1.519471 23.773229 136.614695
 167.800000 -1.684618 1.845703 23.973130 154.961285
 168.000000 -1.647445 1.968717 24.459382 184.711149
 168.200000 -1.976583 2.498438 23.501226 36.063242
 168.400000 -2.054572 2.874981 23.892940 16.840047
 168.600000 -2.717515 2.750471 27.201679 171.935309
 168.800000 2.949532 2.657690 2.796918 4626.793801
 169.000000 2.992358 -3.087118 5.814956 5091.264883
 169.200000 3.050580 2.736798 9.792199 4135.170976
 169.400000 2.899775 2.742037 -0.019373 26.487411
 169.600000 3.088042 -3.093981 12.069384 3278.255156
 169.800000 2.939909 2.703118 2.139513 4336.375544
 170.000000 2.976045 2.692102 4.636279 5061.531022
 170.200000 2.986142 3.129603 5.349477 5093.143506
 170.400000 3.002082 2.778574 6.484199 5017.111510
 170.600000 2.921700 2.773498 0.981658 3654.559637
 170.800000 2.968921 -3.079976 4.124694 4988.543752
 171.000000 2.898291 2.631941 -0.011979 16.096308
 171.200000 2.964804 2.742574 3.835631 4929.825498
 171.400000 -2.782365 3.104368 26.176460 272.859957
 171.600000 -2.799139 2.460951 25.894469 292.483109
 171.800000 -2.152074 2.641619 24.285763 42.720467
 172.000000 -1.644748 2.916789 24.513842 199.133880
 172.200000 -2.316153 2.195535 25.987119 134.273570
 172.400000 -2.213769 2.262241 24.787266 107.431029
 172.600000 -1.599948 2.953283 25.165674 212.817318
 172.800000 -2.231520 2.422094 24.979097 125.705972
 173.000000 -2.533505 2.252708 27.772889 26.830015
 173.200000 -1.910545 3.043748 23.009896 28.143374
 173.400000 -2.246314 2.602713 25.128752 137.990589
 173.600000 -2.312262 2.378123 25.922938 137.298160
 173.800000 -1.836515 2.695615 22.802734 0.198428
 174.000000 -1.964687 2.972715 23.332976 37.665172
 174.200000 2.997699 2.083316 6.174142 5021.039976
 174.400000 3.053263 -2.970420 9.937318 4015.505093
 174.600000 3.082874 2.828753 11.730656 3335.558148
 174.800000 -2.749434 2.569693 26.653143 228.321829
 175.000000 -1.942699 2.671561 23.181959 37.693822
 175.200000 -1.730193 2.494650 23.416807 117.215833
 175.400000 -1.960721 2.196099 23.278498 37.891508
 175.600000 -1.781433 2.506479 22.969646 40.543568
 175.800000 -1.823879 2.752095 22.793660 3.542752
 176.000000 -2.763673 2.481447 26.418572 247.984979
 176.200000 2.945806 2.858451 2.536701 4517.566296
 176.400000 2.904934 -3.049702 0.014624 1156.491650
 176.600000 3.133685 2.545979 14.422100 2443.596632
 176.800000 -2.343685 2.730485 26.226120 114.507192
 177.000000 -1.945745 2.679905 23.175138 37.690574
 177.200000 -2.303167 2.191957 25.747766 144.328653
 177.400000 -2.140524 2.803230 24.099648 33.089025
 177.600000 -2.321666 2.987601 25.965706 132.587446
 177.800000 -2.472704 2.358214 27.310051 49.204153
 178.000000 -1.933031 2.675553 23.087453 35.500910
 178.200000 -1.455651 2.805233 27.116137 96.285083
 178.400000 -2.477661 2.159666 27.329594 47.770108
 178.600000 -2.614255 2.643215 27.852520 3.184949
 178.800000 -2.662631 -2.957179 27.624898 58.219714
 179.000000 3.116387 2.479063 13.528080 2664.942548
 179.200000 -2.147120 2.750691 24.109044 37.315839
 179.400000 -1.540981 2.518914 26.072949 200.099160
 179.600000 -1.847804 1.975545 22.745280 0.196525
 179.800000 -1.767222 2.317437 23.053730 64.178027
 180.000000 -1.770398 2.573854 23.028770 59.406611
 180.200000 -2.524683 2.742626 27.600332 31.770202
 180.400000 -2.858739 2.783381 24.681086 394.543570
 180.600000 3.015750 2.962106 7.445472 4735.194007
 180.800000 2.931442 2.795577 1.610615 4066.902134
 181.000000 -3.140937 2.941326 14.792893 2312.852732
 181.200000 -3.073963 2.887992 17.804349 1831.411755
 181.400000 -3.038520 2.776076 19.278862 1624.537276
 181.600000 -3.049388 2.830732 18.836206 1692.559814
 181.800000 -2.812948 2.912881 25.517074 304.758973
 182.000000 3.096744 2.609685 12.461130 2965.650793
 182.200000 2.979534 2.986243 4.909859 5015.778969
 182.400000 3.030273 2.887397 8.433167 4430.129174
 182.600000 -2.844260 2.890041 24.938250 356.061457
 182.800000 -2.533046 2.633216 27.618400 27.943851
 183.000000 -1.830473 2.586101 22.737284 2.228916
 183.200000 -1.882506 2.228017 22.788396 11.761169
 183.400000 -1.930625 2.458572 23.021671 34.055146
 183.600000 -2.209048 2.842744 24.555661 103.730193
 183.800000 -3.067399 2.922322 18.067969 1798.506502
 184.000000 3.094741 2.822185 12.343359 2984.725692
 184.200000 3.033344 3.109529 8.642823 4340.498071
 184.400000 2.962607 2.735665 3.730830 4872.521903
 184.600000 2.979634 2.846566 4.929627 5007.589067
 184.800000 2.922535 2.854094 1.075131 3749.106811
 185.000000 2.919440 2.771759 0.887177 3629.184239
 185.200000 2.898830 2.798553 -0.017635 25.864318
 185.400000 -2.875805 2.968273 24.279050 442.881707
 185.600000 -2.581379 2.564153 27.763346 3.491730
 185.800000 -1.967605 2.744504 23.229752 34.970517
 186.000000 -1.892638 2.480880 22.816170 16.756332
 186.200000 -1.886868 2.382259 22.789646 13.475054
 186.400000 -2.231812 2.581791 24.759978 129.998743
 186.600000 -2.369197 2.753388 26.354097 92.763423
 186.800000 -2.495457 2.826701 27.339940 43.623863
 187.000000 -2.493206 2.506477 27.325018 44.237587
 187.200000 -2.089043 2.660891 23.742565 12.100198
 187.400000 -1.842445 2.651726 22.709395 0.134841
 187.600000 -2.193350 2.457092 24.349058 83.897845
 187.800000 -2.169924 2.626578 24.153941 56.080882
 188.000000 -2.454284 2.936027 27.043173 52.508912
 188.200000 -2.631822 2.705739 27.685817 15.219418
 188.400000 -2.191253 2.703054 24.320326 81.352469
 188.600000 -1.814311 2.738477 22.762051 11.624156
 188.800000 -2.042823 2.396286 23.575094 13.783622
 189.000000 -2.098398 2.500664 23.766866 13.265094
 189.200000 -2.296709 2.769409 25.523478 150.836456
 189.400000 -2.438381 2.844411 26.908472 55.962229
 189.600000 -2.218678 2.653719 24.584830 116.187266
 189.800000 -2.008069 2.586404 23.425339 22.099169
 190.000000 -1.717639 2.609852 23.551072 145.809717
 190.200000 -2.153894 2.439104 24.018642 40.470854
 190.400000 -2.285302 2.598840 25.378755 155.051082
 190.600000 -2.447008 2.846794 26.965601 53.283832
 190.800000 -2.654501 2.679033 27.540146 46.312009
 191.000000 -2.500255 2.768488 27.333596 41.658450
 191.200000 -2.477838 2.776582 27.177663 46.719116
 191.400000 -2.233677 2.610880 24.743264 134.317633
 191.600000 -2.009888 2.571333 23.429232 20.641241
 191.800000 -2.140398 2.585222 23.932477 30.055792
 192.000000 -2.430686 2.692345 26.839601 57.019821
 192.200000 -2.427318 3.075858 26.811621 57.468560
 192.400000 -2.626871 2.528433 27.660776 11.575082
 192.600000 -1.995272 2.885610 23.359516 24.617598
 192.800000 -2.255990 2.497162 25.008641 152.427018
 193.000000 -1.867282 2.668156 22.736537 4.176403
 193.200000 -2.231759 2.446856 24.717660 133.929187
 193.400000 -2.090378 2.787552 23.713223 11.175310
 193.600000 -2.715800 2.774930 26.876584 174.833916
 193.800000 2.938588 2.970188 2.191456 4392.491751
 194.000000 3.050886 3.037606 9.824530 3797.101795
 194.200000 3.098163 2.928555 12.519655 2770.079513
 194.400000 -2.414086 2.888232 26.707402 61.506828
 194.600000 -1.839919 2.569103 22.718523 0.295157
 194.800000 -1.873102 2.148675 22.753936 6.557009
 195.000000 -1.630213 2.558307 24.744893 224.833359
 195.200000 -2.373226 2.662085 26.358438 86.602099
 195.400000 2.919484 2.787029 0.987569 3734.940630
 195.600000 -3.112866 3.087568 15.977236 1996.245350
 195.800000 -2.607450 2.596318 27.681619 1.348418
 196.000000 -2.665497 2.810157 27.406753 69.243713
 196.200000 -2.349770 2.901626 26.127490 107.338210
 196.400000 -2.639437 2.495993 27.574317 26.327195
 196.600000 -2.154453 2.922121 24.007132 41.509054
 196.800000 -2.101526 2.863292 23.751199 12.868444
 197.000000 -1.964589 2.464573 23.204255 31.107510
 197.200000 -2.101720 2.349038 23.751775 12.788712
 197.400000 -1.990448 2.825443 23.345354 24.564506
 197.600000 -2.504086 2.664435 27.326467 37.691857
 197.800000 -2.884316 2.670512 23.975886 461.164476
 198.000000 2.955930 3.069397 3.403789 4800.506591
 198.200000 -3.113080 2.805038 15.945361 1983.916084
 198.400000 -2.297716 2.715083 25.535375 151.832851
 198.600000 -1.633920 2.551019 24.667300 221.700973
 198.800000 -1.974410 1.793544 23.267658 28.592131
 199.000000 -1.490895 1.042940 26.796283 173.119051
 199.200000 -0.314591 -0.230643 -0.000000 0.000000
 199.400000 -0.499418 -0.919765 0.435160 2454.992816
 199.600000 -0.976546 0.114796 19.954139 1244.806057
 199.800000 -1.142699 1.762606 24.981544 584.248330
 200.000000 -0.537866 2.630497 2.358336 2623.215351
 200.200000 -0.852269 2.357358 15.553750 1435.304823
 200.400000 -1.072160 1.291635 23.293598 879.542566
 200.600000 -1.483321 0.406317 27.108889 163.764832
 200.800000 -1.953996 0.240346 23.385125 31.304169
 201.000000 -2.020966 0.470617 23.712795 15.231451
 201.200000 -1.140999 0.879067 25.153797 590.784995
 201.400000 -0.595795 1.443084 5.484228 2332.580601
 201.600000 -0.767108 2.240750 12.385891 1334.338179
 201.800000 -1.513043 2.762918 26.701020 204.105606
 202.000000 -2.693949 2.486319 27.289685 133.568357
 202.200000 3.020070 3.095124 8.103244 4412.478047
 202.400000 2.888688 -3.135831 -0.004595 3.013831
 202.600000 -2.990540 2.637890 21.142782 1269.917623
 202.800000 -1.966147 2.650204 23.460497 29.537593
 203.000000 -1.502685 2.422496 26.843156 192.571579
 203.200000 -1.900697 1.845383 23.116655 19.760321
 203.400000 -1.667388 2.267347 24.386379 191.083491
 203.600000 -2.118395 2.534412 24.040534 16.952320
 203.800000 -2.639267 2.947128 27.738546 27.956841
 204.000000 -3.131750 2.827927 15.286620 2073.654088
 204.200000 -3.130813 3.055284 15.321819 2062.286620
 204.400000 -2.606075 2.639317 27.836486 1.489724
 204.600000 -2.150460 2.266525 24.201309 36.753259
 204.800000 -1.460424 2.542640 27.373724 127.171206
 205.000000 -1.897553 2.555901 23.108391 18.366112
 205.200000 -3.025678 2.467306 19.791916 1555.429251
 205.400000 -2.995299 -2.854554 20.943932 1312.603042
 205.600000 2.943011 2.936326 2.795315 4547.876720
 205.800000 2.968392 2.370334 4.549115 4920.918374
 206.000000 -2.934257 3.109923 22.900552 764.132760
 206.200000 -3.113620 3.061302 16.078688 1959.559146
 206.400000 2.972166 2.333328 4.822793 4931.232579
 206.600000 -2.841148 -2.990075 24.946447 326.528468
 206.800000 2.956363 2.612858 3.718408 4805.148013
 207.000000 2.985308 2.632574 5.745064 4899.886760
 207.200000 -2.807794 -2.941279 25.516766 285.293624
 207.400000 -3.038731 2.638516 19.258040 1640.544394
 207.600000 -2.389553 2.666619 26.711815 69.749332
 207.800000 -1.946118 2.943238 23.372261 30.860695
 208.000000 -1.935838 2.382510 23.315318 30.305046
 208.200000 -2.348194 2.001309 26.324973 106.741272
 208.400000 -1.568232 2.686738 25.843822 236.489253
 208.600000 -2.308849 2.668275 25.882087 145.656306
 208.800000 -2.957579 2.412627 22.198273 961.223940
 209.000000 -2.444496 -3.093600 27.116293 45.045442
 209.200000 -2.111931 2.908913 24.014358 12.903193
 209.400000 -1.994903 1.835403 23.633844 20.756684
 209.600000 -1.416270 1.271999 27.767271 49.821442
 209.800000 -0.555617 0.360173 3.422366 2635.072694
 210.000000 -0.607475 -0.320222 5.999263 2236.922167
 210.200000 -0.508486 -0.611150 1.022804 2395.602457
 210.400000 -0.813580 -0.091433 14.103577 1382.884673
 210.600000 -1.194750 0.720253 26.286997 376.219597
 210.800000 -1.659449 1.739707 24.481146 190.472448
 211.000000 -1.756182 2.376543 23.370732 69.257850
 211.200000 -2.645815 2.992156 27.634508 38.417214
 211.400000 2.908234 2.877965 0.650980 3423.798051
 211.600000 -3.007243 3.018686 20.470793 1414.823285
 211.800000 -2.525305 2.757912 27.585150 25.533146
 212.000000 -1.983720 2.458865 23.589560 23.931712
 212.200000 -1.634027 2.390072 24.838387 208.962419
 212.400000 -2.248547 2.377239 25.124609 151.953864
 212.600000 -2.246781 -3.117106 25.102891 150.631575
 212.800000 -2.445287 2.817953 27.104338 42.609689
 213.000000 -2.346949 2.335070 26.308028 106.635574
 213.200000 -1.740727 2.644389 23.515049 89.937532
 213.400000 -2.094974 2.609454 23.965553 8.352907
 213.600000 -2.697959 2.499358 27.133140 147.081250
 213.800000 3.097144 2.931512 12.654843 2600.503934
 214.000000 -3.070433 3.106977 17.911732 1791.883354
 214.200000 -3.129892 2.641286 15.319173 2017.099829
 214.400000 3.004786 2.867681 7.162539 4589.911237
 214.600000 2.759050 2.973448 -0.000000 0.000000
 214.800000 3.042393 2.778409 9.595648 3748.264305
 215.000000 -2.017270 2.871204 23.744418 13.554510
 215.200000 -1.524102 2.378954 26.479607 214.716756
 215.400000 -1.899726 1.555368 23.164170 19.793097
 215.600000 -1.368395 0.855229 27.934575 1.368126
 215.800000 -0.744228 -0.114567 11.541289 1354.642806
 216.000000 -0.384471 -0.613154 -0.000000 0.000000
 216.200000 -0.515539 -0.383365 1.332825 2471.332267
 216.400000 -1.101445 0.593138 24.039128 753.677868
 216.600000 -1.476376 1.526159 27.127720 155.154293
 216.800000 -1.443615 1.136579 27.495618 97.095928
 217.000000 -1.071012 0.424643 23.169685 878.931383
 217.200000 -1.312300 0.583244 27.780208 38.735716
 217.400000 -1.137797 1.331813 24.977113 602.485495
 217.600000 -1.651002 1.680881 24.600733 189.663889
 217.800000 -1.753459 1.642113 23.415607 71.626064
 218.000000 -1.694372 1.246229 24.035353 148.217103
 218.200000 -0.730629 0.844101 11.031577 1379.221316
 218.400000 -1.744782 0.826480 23.497070 83.343606
 218.600000 -1.401558 1.059754 27.810261 28.475527
 218.800000 -0.538573 0.776704 2.486820 2629.253323
 219.000000 -0.058507 0.765423 -0.000002 0.000000
 219.200000 -0.642372 1.164201 7.526632 1895.687925
 219.400000 -1.735457 1.480588 23.591568 95.829433
 219.600000 -2.200579 1.283242 24.592020 99.374718
 219.800000 -1.273990 0.947171 27.439465 121.409437
 220.000000 -0.521163 0.800082 1.595539 2522.863893
 220.200000 -0.728745 1.299644 10.958272 1386.646749
 220.400000 -1.310296 1.676616 27.754963 42.769724
 220.600000 -1.429329 0.927996 27.611099 71.622141
 220.800000 -0.958803 0.382808 19.454131 1262.384723
 221.000000 -0.467542 0.107394 -0.000140 0.002454
 221.200000 -0.313796 -0.639359 -0.000000 0.000000
 221.400000 -0.681911 -0.300825 9.162669 1580.618552
 221.600000 -0.545072 0.235853 2.804473 2640.806020
 221.800000 -1.596369 0.872013 25.387838 215.922578
 222.000000 -1.830010 1.333976 23.057340 1.559217
 222.200000 -0.870974 1.151502 16.228711 1394.001899
 222.400000 -1.320508 1.083671 27.808508 27.613783
 222.600000 -1.408718 1.037639 27.758080 38.327431
 222.800000 -0.756867 0.492021 11.996529 1355.036798
 223.000000 -0.497829 -0.226450 0.439122 2392.495669
 223.200000 -0.526917 -0.782066 1.871127 2568.638191
 223.400000 -0.466453 -0.148880 -0.000088 0.000961
 223.600000 -1.275430 0.491852 27.437605 119.975035
 223.800000 -1.614740 0.973954 25.122898 204.734099
 224.000000 -1.463359 1.491596 27.261707 132.876166
 224.200000 -0.517304 1.179775 1.386496 2485.021519
 224.400000 -1.476123 1.288474 27.106955 153.890894
 224.600000 -1.550929 0.744374 26.061257 219.393070
 224.800000 -0.965745 0.277084 19.684881 1234.576483
 225.000000 -0.680605 -0.013104 9.108173 1592.120783
 225.200000 -0.796958 -0.294015 13.474526 1364.346619
 225.400000 -0.565472 -0.231929 3.845011 2603.699953
 225.600000 -0.339556 0.272268 -0.000000 0.000000
 225.800000 -1.883416 1.084874 23.135366 10.451707
 226.000000 -1.902232 1.590494 23.206909 18.576727
 226.200000 -1.099363 2.165809 23.912722 758.700326
 226.400000 -0.487000 2.135946 -0.021174 96.619704
 226.600000 -1.060058 1.771995 22.776289 913.290880
 226.800000 -1.421393 0.982482 27.662996 57.643004
 227.000000 -1.612466 0.409939 25.165904 202.335634
 227.200000 -1.785235 0.617808 23.250536 33.589281
 227.400000 -0.951342 1.178856 19.170113 1264.368573
 227.600000 -1.290747 1.613833 27.576946 84.187498
 227.800000 -1.869856 1.664967 23.104313 4.675172
 228.000000 -1.588387 1.773165 25.515618 211.498993
 228.200000 -1.526812 1.869423 26.418535 207.029309
 228.400000 -1.671931 2.025674 24.373352 160.489132
 228.600000 -1.922668 2.402943 23.306762 24.101425
 228.800000 -2.079346 2.994218 23.905994 5.649408
 229.000000 -2.682144 2.591002 27.165126 113.209607
 229.200000 -3.112740 2.577525 16.004848 1899.120031
 229.400000 -2.927732 -2.972207 22.896039 670.916491
 229.600000 2.952622 2.690825 3.651696 4757.935390
 229.800000 2.994171 2.568531 6.532037 4660.560525
 230.000000 3.119648 3.089039 13.721962 2200.627192
 230.200000 2.928588 2.619083 2.038742 4235.357917
 230.400000 -3.001052 2.707570 20.584349 1344.230286
 230.600000 -2.542036 2.914045 27.480566 15.923817
 230.800000 -2.319675 2.532637 26.018395 128.546504
 231.000000 -2.053282 2.403598 23.840320 5.509504
 231.200000 -1.916071 2.717668 23.283890 21.034626
 231.400000 -2.390649 2.669567 26.665563 49.760505
 231.600000 -2.569717 2.867441 27.559284 5.354085
 231.800000 -2.478587 2.851807 27.168214 26.167100
 232.000000 -2.968065 2.651942 21.711651 1024.579904
 232.200000 -2.547028 3.059487 27.480534 13.875827
 232.400000 -2.819646 2.634627 25.046974 288.688274
 232.600000 -2.654335 2.704108 27.372011 53.108369
 232.800000 -2.804923 2.855084 25.295348 281.047155
 233.000000 -3.124754 2.709806 15.462870 1931.761048
 233.200000 -2.574801 3.134335 27.551744 3.651452
 233.400000 -2.386836 2.681132 26.631171 51.602002
 233.600000 -1.892847 2.412980 23.196501 12.015613
 233.800000 -1.733951 2.290369 23.708587 96.102049
 234.000000 -1.788128 2.349551 23.281835 32.176419
 234.200000 -2.612665 2.631172 27.547980 3.762723
 234.400000 2.960523 3.010295 4.226122 4824.580663
 234.600000 -3.135337 2.929057 14.985740 1972.155823
 234.800000 -2.911538 2.800620 23.250283 554.685019
 235.000000 -2.158794 2.839784 24.205549 44.469090
 235.200000 -1.872330 2.305965 23.149005 3.980702
 235.400000 -1.744466 2.140337 23.625711 83.316479
 235.600000 -1.958976 2.437237 23.501076 22.985032
 235.800000 -2.411972 2.808235 26.788497 35.755824
 236.000000 3.062333 2.732219 10.802850 3086.407798
 236.200000 2.908653 2.966916 0.824898 3541.959669
 236.400000 -2.808814 2.859116 25.200373 285.749523
 236.600000 -2.420990 2.377055 26.836910 31.845380
 236.800000 -1.968549 2.548618 23.548474 21.052331
 237.000000 -1.536336 2.864534 26.289926 202.329365
 237.200000 -2.721074 2.195009 26.603108 203.836498
 237.400000 3.096757 3.065577 12.602970 2435.316501
 237.600000 -2.956071 -2.794844 22.035562 904.263695
 237.800000 -2.878421 2.682583 23.941150 397.497043
 238.000000 -1.981568 2.239035 23.607668 17.852190
 238.200000 -1.498204 2.537197 26.814153 173.339720
 238.400000 -2.090605 2.524504 23.906886 5.675406
 238.600000 -2.985412 2.669476 21.081356 1187.519487
 238.800000 3.068442 -3.090394 11.140800 2933.319219
 239.000000 -2.832384 2.828919 24.784850 303.451964
 239.200000 -2.120904 2.520938 23.994588 14.037779
 239.400000 -1.751205 2.383109 23.599829 75.090557
 239.600000 -1.797451 2.465079 23.280961 24.396766
 239.800000 -2.780372 2.775290 25.662681 276.392173
 240.000000 -3.070201 -3.036177 17.768385 1763.637338
 240.200000 2.993219 2.810271 6.521090 4616.579574
 240.400000 -2.810342 2.608330 25.153961 289.797896
 240.600000 -2.331572 2.798557 26.129037 111.619632
 240.800000 -1.979117 2.711553 23.602444 17.523057
 241.000000 -2.270092 2.303167 25.384284 170.043808
 241.200000 -2.011908 2.640503 23.724618 9.540871
 241.400000 -2.286099 2.999213 25.589996 163.733916
 241.600000 -2.648354 2.421761 27.364677 39.580123
 241.800000 -2.320342 2.924401 26.005226 126.920375
 242.000000 -2.241737 2.801909 25.015637 159.957309
 242.200000 -2.103354 2.344329 23.935909 7.533203
 242.400000 -2.036177 2.344643 23.792286 5.416991
 242.600000 -1.720161 2.875685 23.923062 108.757930
 242.800000 -2.868140 2.577959 24.113250 369.229117
 243.000000 2.829000 2.807841 -0.000000 0.000000
 243.200000 -3.064246 -3.114685 17.997023 1737.478659
 243.400000 -2.918968 2.308777 23.008510 603.475553
 243.600000 -2.223644 2.642416 24.794490 139.582199
 243.800000 -1.761455 2.872150 23.547244 63.855230
 244.000000 -2.282409 2.405647 25.543402 166.032778
 244.200000 -2.235835 2.429571 24.943669 153.830540
 244.400000 -2.044224 2.995293 23.819355 4.617350
 244.600000 -2.464384 2.448202 27.021105 21.927184
 244.800000 -2.562831 2.595141 27.447466 8.706339
 245.000000 -2.583233 2.981455 27.492998 2.031352
 245.200000 -2.798869 2.483772 25.332639 290.033159
 245.400000 -2.981946 2.636521 21.157194 1150.759149
 245.600000 -2.578084 3.019936 27.479621 3.526031
 245.800000 -2.950598 2.509485 22.147707 853.665078
 246.000000 -2.816835 2.798689 25.024536 298.624409
 246.200000 2.913159 3.009641 1.148576 3753.991390
 246.400000 2.850496 2.564059 -0.000000 0.000000
 246.600000 -2.696228 2.983980 26.910271 143.739424
 246.800000 -2.450304 2.687774 26.949209 21.918740
 247.000000 -2.289053 2.705026 25.633206 160.155975
 247.200000 -1.824517 2.567316 23.229085 7.102249
 247.400000 -1.822769 2.518658 23.233889 8.013759
 247.600000 -2.090363 2.446918 23.927048 5.099534
 247.800000 -2.337620 2.802744 26.193118 100.740792
 248.000000 -2.908200 2.839666 23.248521 539.866032
 248.200000 2.961869 2.751440 4.400968 4815.105684
 248.400000 -2.925550 3.071325 22.822871 652.861050
 248.600000 -2.965519 2.529841 21.683450 994.366862
 248.800000 -2.450683 2.691476 26.947266 21.441907
 249.000000 -1.763207 2.776899 23.568304 62.894985
 249.200000 -2.121116 2.111920 24.026553 13.190075
 249.400000 -1.965340 2.283934 23.570946 20.795245
 249.600000 -1.763911 2.889096 23.568762 62.193322
 249.800000 -2.412949 2.638343 26.759428 29.348592
 250.000000 3.089515 2.564619 12.241822 2475.959420
 250.200000 -2.922310 -2.994255 22.902233 629.929835
 250.400000 3.011370 2.684978 7.775464 4209.939033
 250.600000 2.910642 2.501845 1.016156 3672.696415
 250.800000 -2.849141 -2.996386 24.446322 334.600444
 251.000000 -2.977574 2.524450 21.289578 1111.289805
 251.200000 -2.433606 2.641642 26.860773 22.855516
 251.400000 -1.735647 2.846845 23.829483 91.506333
 251.600000 -2.072062 2.231776 23.912170 4.126187
 251.800000 -2.261134 2.280523 25.289626 165.326482
 252.000000 -1.752404 2.775682 23.676727 74.587460
 252.200000 -2.194150 2.606690 24.517655 90.743183
 252.400000 -2.512709 2.241725 27.219396 20.778029
 252.600000 -2.133147 2.887143 24.095285 19.660130
 252.800000 -2.192262 2.865735 24.499812 87.811558
 253.000000 -2.513316 2.226896 27.222163 20.741735
 253.200000 -2.040364 2.863932 23.857276 5.914897
 253.400000 -1.825767 2.856074 23.258528 7.222310
 253.600000 -2.385383 2.254470 26.592287 43.500980
 253.800000 -1.922904 2.481513 23.391430 18.833518
 254.000000 -1.900818 2.965356 23.304846 11.633178
 254.200000 -2.187854 2.516620 24.476448 80.495618
 254.400000 -2.665426 2.142139 27.214861 68.537870
 254.600000 -2.094826 -3.023274 23.985831 6.086495
 254.800000 -2.491287 2.689438 27.117801 20.728114
 255.000000 -2.398234 2.499067 26.673764 34.423948
 255.200000 -1.916409 2.804036 23.377731 17.101730
 255.400000 -1.856053 2.644644 23.233533 0.014453
 255.600000 -2.346562 2.327046 26.295678 82.727454
 255.800000 -2.034523 2.936229 23.859943 6.879087
 256.000000 -2.356027 2.798635 26.378609 71.042240
 256.200000 -2.613781 2.524831 27.465037 2.657142
 256.400000 -2.332051 3.086423 26.162477 101.036574
 256.600000 -2.363628 2.696711 26.445310 61.734408
 256.800000 -2.207750 2.627528 24.691995 109.873579
 257.000000 -1.908196 2.671327 23.353031 14.458402
 257.200000 -1.869671 2.577038 23.258344 1.679218
 257.400000 -2.220939 2.221482 24.847929 127.761860
 257.600000 -1.890454 2.757448 23.301708 7.952477
 257.800000 -2.139811 2.796208 24.180278 24.295569
 258.000000 -2.337737 2.474618 26.225578 92.657877
 258.200000 -2.793027 2.734053 25.414185 284.330035
 258.400000 -2.811354 2.991546 25.103235 291.653804
 258.600000 3.043661 2.768547 9.784882 3367.873873
 258.800000 -2.564960 2.865501 27.425401 7.924357
 259.000000 -2.477323 2.707362 27.063737 19.559811
 259.200000 -2.140374 2.636210 24.210044 24.843235
 259.400000 -1.798088 2.515048 23.410453 25.708624
 259.600000 -2.055904 2.465605 23.956995 5.209358
 259.800000 -2.196388 2.638097 24.616425 91.448012
 260.000000 -2.494888 2.903569 27.146077 20.039020
 260.200000 -2.470042 2.761714 27.040325 19.085495
 260.400000 -2.590560 2.501117 27.476765 0.526373
 260.600000 -1.903587 2.808499 23.374060 12.940485
 260.800000 -2.360987 2.459172 26.450496 62.327754
 261.000000 -1.886806 2.618121 23.321711 6.745715
 261.200000 -2.335965 2.513791 26.239901 91.577287
 261.400000 -1.950401 3.078925 23.590653 23.294992
 261.600000 -2.517357 2.471509 27.255700 19.139013
 261.800000 -1.952044 2.747129 23.598585 23.297798
 262.000000 -2.181633 2.732939 24.515731 69.390097
 262.200000 -2.047411 2.566527 23.978515 6.496984
 262.400000 -2.086517 2.480502 24.071962 6.141874
 262.600000 -1.944546 2.841209 23.573827 23.316084
 262.800000 -2.363501 2.590175 26.485906 58.632750
 263.000000 -2.419903 2.545716 26.828593 23.648528
 263.200000 -2.219199 3.003041 24.917053 120.091276
 263.400000 -2.577058 2.591137 27.469818 3.097385
 263.600000 -2.232636 2.787183 25.068986 135.094052
 263.800000 -2.276589 2.658896 25.602102 149.074941
 264.000000 -2.042190 2.651544 23.981058 7.312472
 264.200000 -2.587059 2.569249 27.486177 0.696589
 264.400000 -2.201052 3.054462 24.747803 94.854340
 264.600000 -2.625049 2.423995 27.442010 11.401914
 264.800000 -1.899363 2.812281 23.401519 11.936902
 265.000000 -2.164489 2.630214 24.443257 47.105796
 265.200000 -2.080438 2.583497 24.114958 6.299422
 265.400000 -2.299876 2.542701 25.908736 130.511030
 265.600000 -1.856166 -3.119912 23.324699 0.113223
 265.800000 -2.644718 2.509867 27.350700 35.776252
 266.000000 -2.240235 2.792568 25.193964 139.085565
 266.200000 -2.157152 2.630195 24.440380 38.935347
 266.400000 -2.100264 2.599262 24.191438 8.754880
 266.600000 -2.210504 2.645704 24.884163 105.577220
 266.800000 -2.163314 2.787787 24.480306 45.165466
 267.000000 -2.197538 2.579819 24.756558 88.137445
 267.200000 -2.225766 2.636947 25.070356 122.798295
 267.400000 -2.141296 2.721209 24.376175 25.745635
 267.600000 -2.297923 2.546514 25.920594 129.858511
 267.800000 -1.891831 2.681734 23.408277 9.876487
 268.000000 -2.079285 2.545800 24.158127 6.772079
 268.200000 -2.138648 2.666108 24.389953 24.074571
 268.400000 -2.504194 2.534579 27.256061 17.056825
 268.600000 -2.293380 3.010943 25.888928 132.160154
 268.800000 -2.820959 2.549750 24.911999 292.497849
 269.000000 -2.577798 2.900592 27.492504 1.772297
 269.200000 -2.717961 2.844076 26.576247 202.060051
 269.400000 -2.540064 2.633129 27.403181 11.728935
 269.600000 -2.194822 2.645980 24.808540 82.280122
 269.800000 -1.997558 2.664159 23.934091 20.268779
 270.000000 -2.056518 2.571422 24.145899 8.045088
 270.200000 -2.381959 2.624033 26.724225 39.116097
 270.400000 -2.332783 3.080224 26.341794 87.590154
 270.600000 -2.742731 2.722122 26.202480 245.563104
 270.800000 -2.771942 2.836291 25.730573 272.586803
 271.000000 -2.995641 3.057651 20.623603 1318.529634
 271.200000 2.913390 2.793068 1.227485 3791.241414
 271.400000 -2.423568 2.847152 26.959643 20.196453
 271.600000 -1.354226 2.329013 27.506537 3.340712
 271.800000 -1.646165 1.648410 24.786089 121.105386
 272.000000 -1.285782 0.731998 27.077373 110.996131
 272.200000 -0.438633 -0.220789 -0.000000 0.000000
 272.400000 -0.046846 -0.828553 -0.000000 0.000000
 272.600000 -0.486812 -0.630828 -0.016886 17.530757
 272.800000 -0.925320 0.258534 17.867418 1248.646146
 273.000000 -1.768859 1.384791 23.653712 42.715792
 273.200000 -1.287425 2.250322 27.063679 107.546483
 273.400000 -0.509227 2.451490 0.743935 2268.971678
 273.600000 -0.544676 1.664328 2.484549 2501.987991
 273.800000 -0.876597 1.506288 16.100589 1333.265975
 274.000000 -1.609635 1.425914 25.191300 137.459681
 274.200000 -1.755583 0.977855 23.750100 52.387464
 274.400000 -0.382517 -0.038792 -0.000000 0.000000
 274.600000 -0.509342 -0.804470 0.742110 2265.836086
 274.800000 -0.410629 -0.455441 -0.000000 0.000000
 275.000000 -0.860522 0.458826 15.497959 1352.198607
 275.200000 -1.056625 1.372747 22.133769 889.224720
 275.400000 -0.690439 1.462444 9.092907 1563.909014
 275.600000 -0.493174 1.476091 -0.004576 408.956545
 275.800000 -1.298044 2.139666 27.137407 83.423100
 276.000000 -0.858203 2.563426 15.399643 1354.161077
 276.200000 -0.719011 2.035952 10.189197 1461.825234
 276.400000 -0.791805 1.410497 12.923811 1388.771331
 276.600000 -1.447815 0.929877 27.082788 78.373877
 276.800000 -0.978439 0.396533 19.637362 1118.221030
 277.000000 -0.740212 0.444215 10.993527 1420.782757
 277.200000 -1.453031 0.571825 27.026197 85.450700
 277.400000 -1.285484 1.169806 26.986257 112.700011
 277.600000 -0.581597 1.188290 4.282106 2374.873581
 277.800000 -0.891991 1.316828 16.607864 1304.866343
 278.000000 -1.413329 0.943330 27.320594 28.887505
 278.200000 -0.922443 0.356668 17.683941 1245.565051
 278.400000 -1.157135 0.151606 24.769967 528.183388
 278.600000 -0.509756 0.226591 0.738587 2256.307924
 278.800000 -0.705701 0.194893 9.655541 1502.236917
 279.000000 -0.687081 -0.476465 8.925279 1578.642082
 279.200000 -0.511959 -0.804674 0.838604 2270.203405
 279.400000 -0.912621 -0.223119 17.324203 1263.963936
 279.600000 -1.263389 1.083107 26.699242 171.081447
 279.800000 -1.478991 1.791334 26.747523 119.779290
 280.000000 -0.966546 2.085053 19.197362 1145.683903
 280.200000 -0.548345 2.095259 2.618204 2476.221699
 280.400000 -0.667549 1.936513 8.119206 1684.996379
 280.600000 -1.222102 2.123818 26.059526 297.946359
 280.800000 -2.050812 2.161725 24.353293 14.015262
 281.000000 -2.606348 2.731917 27.524282 4.778800
 281.200000 3.019107 -3.101247 8.212254 3885.447755
 281.400000 2.947368 2.766300 3.421329 4599.512843
 281.600000 -2.786393 2.835659 25.467844 280.392792
 281.800000 -2.727049 2.867129 26.422580 223.381549
 282.000000 -2.866364 2.768872 24.066051 366.822493
 282.200000 -2.820122 2.906453 24.894764 295.517620
 282.400000 -2.717109 2.845471 26.566599 204.555985
 282.600000 -2.608740 2.792873 27.519626 6.452528
 282.800000 -2.335387 2.768565 26.549965 76.451923
 283.000000 -2.180965 2.823812 24.987867 58.718855
 283.200000 -2.354238 2.490092 26.716122 56.906149
 283.400000 -2.085252 2.829276 24.525389 12.210484
 283.600000 -2.104093 2.595809 24.592748 13.799023
 283.800000 -2.191211 2.546715 25.087649 69.261153
 284.000000 -2.354438 2.856770 26.717635 56.715838
 284.200000 -2.715853 2.985620 26.585480 202.269775
 284.400000 -3.014187 2.741607 19.846128 1503.413258
 284.600000 -2.832980 3.015882 24.669698 308.545697
 284.800000 -2.902950 2.932390 23.294378 523.038021
 285.000000 -2.592451 2.867151 27.553048 0.934173
 285.200000 -2.303202 2.958421 26.286997 106.161375
 285.400000 -2.156341 2.584535 24.877229 36.694002
 285.600000 -2.230409 2.581116 25.497345 108.242401
 285.800000 -2.267042 2.918815 25.895795 123.217574
 286.000000 -2.893792 2.792934 23.497940 477.202308
 286.200000 2.886738 2.906882 -0.013668 19.298648
 286.400000 -3.076287 3.114481 17.277626 1810.476363
 286.600000 -2.493308 2.564183 27.378692 9.905072
 286.800000 -1.696004 2.196145 24.238071 84.063622
 287.000000 -0.805606 2.195787 13.339575 1381.711830
 287.200000 -0.772481 2.012469 12.095643 1392.628878
 287.400000 -0.487356 1.890222 -0.013175 13.219042
 287.600000 -0.990312 1.899658 19.896403 1082.537763
 287.800000 -1.341257 1.954216 27.277299 15.286383
 288.000000 -1.700462 1.851402 24.194074 80.910455
 288.200000 -1.706631 1.781390 24.136225 76.773736
 288.400000 -1.596823 1.997735 25.268292 137.362162
 288.600000 -1.819246 2.565641 23.473822 3.623923
 288.800000 -2.758571 2.906736 25.937275 264.477011
 289.000000 3.018848 2.945796 8.151130 3863.959374
 289.200000 -2.741337 2.960755 26.214597 244.738597
 289.400000 -1.711043 2.295272 24.098057 73.401419
 289.600000 -1.277715 1.494024 26.757792 133.419551
 289.800000 -0.990405 0.610280 19.874120 1080.834693
 290.000000 -1.591255 0.431887 25.329016 139.519497
 290.200000 -1.083341 0.909785 22.725544 804.691163
 290.400000 -1.255727 1.487715 26.466436 193.550056
 290.600000 -0.779331 1.996596 12.323858 1388.576021
 290.800000 -0.615030 2.427710 5.770643 2072.523327
 291.000000 -0.809312 2.329538 13.438925 1377.697124
 291.200000 -1.049247 1.447104 21.712177 918.054396
 291.400000 -1.354853 0.793503 27.278777 5.064766
 291.600000 -2.053224 0.277001 24.525659 20.023872
 291.800000 -1.764950 0.120389 23.701577 35.743606
 292.000000 -0.437974 -0.330968 -0.000000 0.000000
 292.200000 0.937953 -1.081311 -0.000000 0.000000
