#! FIELDS time phi psi ves.bias ves.force2
#! SET min_phi -pi
#! SET max_phi pi
#! SET min_psi -pi
#! SET max_psi pi
 0.000000 -1.498385 0.273949 25.037724 141.910265
 0.200000 -1.232064 1.039394 24.839517 290.179531
 0.400000 -0.534810 1.670690 -0.024736 22.867045
 0.600000 -0.507087 2.304879 -0.000084 0.000421
 0.800000 -1.628003 2.469035 23.183473 250.179160
 1.000000 -2.590626 2.234624 24.463998 8.301088
 1.200000 3.090207 3.087272 7.805911 3151.645186
 1.400000 2.898419 3.138676 -0.000005 0.000001
 1.600000 -2.934301 2.496242 18.512182 1094.022421
 1.800000 -1.239972 2.481688 25.078830 323.442181
 2.000000 -0.449005 1.895518 -0.000000 0.000000
 2.200000 -0.819991 1.250466 11.996889 1454.324763
 2.400000 -1.506657 0.609798 24.952477 142.719756
 2.600000 -1.796397 0.103456 21.154775 29.186013
 2.800000 -1.527399 0.281889 24.701123 151.165965
 3.000000 -1.479524 1.165676 25.269968 130.417498
 3.200000 -0.547182 1.688143 0.523017 1588.891542
 3.400000 -0.597135 2.086416 2.678612 2121.825737
 3.600000 -0.644742 2.199224 4.903784 2159.481871
 3.800000 -0.721093 2.000198 8.228659 1613.999565
 4.000000 -0.595306 1.758567 2.594509 2109.345986
 4.200000 -0.909356 1.712736 15.529876 1631.319176
 4.400000 -1.119582 1.642566 22.315806 598.880412
 4.600000 -1.514715 1.056820 24.960667 103.229016
 4.800000 -0.733605 0.061334 8.839978 1432.338733
 5.000000 -0.396743 -0.438743 -0.000000 0.000000
 5.200000 -0.508896 -0.703722 -0.001151 0.098850
 5.400000 -0.871515 -0.106992 14.087347 1571.466247
 5.600000 -0.628205 0.183860 4.502510 2205.248685
 5.800000 -1.232664 0.535823 24.892733 391.987027
 6.000000 -1.354485 1.080016 26.161146 0.026805
 6.200000 -0.926506 1.321049 16.373961 1532.471086
 6.400000 -0.880666 1.339189 14.552385 1582.598217
 6.600000 -1.030824 1.029483 19.974155 839.252437
 6.800000 -1.253433 0.535526 25.274974 303.962029
 7.000000 -1.109876 0.502891 22.037142 593.960560
 7.200000 -1.190568 0.764006 24.028872 522.939807
 7.400000 -1.471792 1.234344 25.472911 77.605146
 7.600000 -1.460545 1.312388 25.571251 75.154592
 7.800000 -1.153748 0.678686 23.167048 563.466277
 8.000000 -0.610835 0.164641 3.930042 2287.542855
 8.200000 -0.629941 -0.406422 4.891705 2212.306425
 8.400000 -0.418180 -0.630583 -0.000000 0.000000
 8.600000 -0.497138 -0.300022 -0.000147 0.001669
 8.800000 -0.793114 0.216804 11.369131 1302.816011
 9.000000 -1.724292 1.088469 22.045589 287.596265
 9.200000 -1.699375 1.885501 22.455258 341.304228
 9.400000 -2.002142 2.612665 21.194847 9.064804
 9.600000 -2.687885 -3.106069 23.485526 94.125910
 9.800000 -2.905672 2.962551 19.085468 992.649192
 10.000000 -2.273413 2.657954 22.935224 54.140829
 10.200000 -1.833212 2.454850 20.837960 10.540665
 10.400000 -2.052822 2.197278 21.302949 11.686655
 10.600000 -1.818635 2.752500 20.899284 26.988666
 10.800000 -2.484513 2.771212 23.965690 13.634333
 11.000000 3.096768 2.709159 8.077969 2878.905658
 11.200000 -2.803979 -3.065837 21.699531 434.586297
 11.400000 3.058951 2.723702 5.940429 3189.252724
 11.600000 -3.036654 2.653157 14.553621 1281.973241
 11.800000 -2.805842 -3.098754 21.660493 443.681089
 12.000000 3.000530 2.631980 2.714134 2703.879997
 12.200000 -2.646657 3.053298 23.768709 45.901793
 12.400000 -3.070294 2.609738 13.313440 1458.147008
 12.600000 -2.790037 3.122768 21.976141 368.677970
 12.800000 -2.132836 2.631236 21.642848 47.778811
 13.000000 -2.138093 1.989463 21.679923 51.716651
 13.200000 -1.337695 1.833105 26.319494 1.106070
 13.400000 -0.615995 1.656173 4.581260 2173.159321
 13.600000 -0.482863 1.769847 -0.000019 0.000028
 13.800000 -1.095848 2.229737 22.093762 639.388403
 14.000000 -1.840079 2.201252 20.873932 3.233584
 14.200000 -2.859167 2.754604 20.386510 739.165686
 14.400000 -3.084867 -2.979109 12.766364 1588.843135
 14.600000 2.984618 2.903012 1.884890 2346.729155
 14.800000 -2.214803 2.433822 22.264765 77.484671
 15.000000 -1.368885 2.311227 26.269582 10.879697
 15.200000 -0.657205 2.207279 6.478285 1758.640921
 15.400000 -0.778054 1.631746 10.909498 1228.749538
 15.600000 -1.050128 1.457036 20.886242 776.036939
 15.800000 -1.905157 0.876539 20.973302 6.757760
 16.000000 -1.102016 0.145307 22.255194 641.584677
 16.200000 -0.555561 0.168106 1.876467 2092.310355
 16.400000 -0.767464 -0.028451 10.546776 1196.368434
 16.600000 -0.739773 -0.315231 9.593576 1189.299389
 16.800000 -0.453601 -0.278842 -0.000000 0.000000
 17.000000 -0.688633 0.030917 7.760294 1439.639048
 17.200000 -1.527225 0.571987 25.069995 98.761012
 17.400000 -0.951466 1.610213 17.664593 1420.365626
 17.600000 -0.651593 2.110337 6.326370 1748.171130
 17.800000 -0.539465 2.438989 1.228659 1936.396281
 18.000000 -0.919306 1.879028 16.410650 1605.321385
 18.200000 -0.642576 1.125281 6.008214 1806.719053
 18.400000 -1.841709 0.853492 20.915171 0.737654
 18.600000 -1.617634 0.694060 23.871159 289.637983
 18.800000 -0.800376 1.090844 11.748755 1316.719666
 19.000000 -0.849663 1.736027 13.623589 1572.811913
 19.200000 -0.558510 2.203536 2.233556 2138.560169
 19.400000 -0.757245 2.355605 10.286326 1174.220208
 19.600000 -0.852479 1.955859 13.790916 1579.461948
 19.800000 -0.967194 1.222900 18.282756 1256.890117
 20.000000 -1.415886 0.582115 25.958103 40.421217
 20.200000 -1.719371 0.408760 21.994412 278.959298
 20.400000 -1.486414 0.865925 25.442018 63.028413
 20.600000 -0.760332 1.628698 10.473279 1192.875820
 20.800000 -0.507465 1.939920 0.050081 1084.773651
 21.000000 -0.952417 2.421510 17.794661 1324.552397
 21.200000 -1.561516 2.124099 24.725562 152.572900
 21.400000 -1.853676 1.728110 20.911127 0.000118
 21.600000 -1.954535 1.951120 21.063152 1.566580
 21.800000 -1.787975 2.582722 21.137541 59.061990
 22.000000 -2.443884 2.785695 23.447769 25.000317
 22.200000 2.964732 2.718248 0.902998 1819.285740
 22.400000 -2.733157 3.046655 22.812236 164.167442
 22.600000 -2.696497 2.725058 23.216249 87.153507
 22.800000 -2.504055 2.471419 23.674604 11.981540
 23.000000 -1.745209 3.035946 21.608586 190.439646
 23.200000 -2.430760 2.502144 23.308574 26.513372
 23.400000 -2.682449 2.714933 23.324872 64.574914
 23.600000 -2.689559 3.106684 23.265637 74.498987
 23.800000 -3.036045 2.745030 14.538608 1231.477918
 24.000000 -2.847712 2.958103 20.557949 703.084259
 24.200000 -3.136922 2.824598 10.447444 2281.708421
 24.400000 2.930881 2.894144 -0.008538 3.738464
 24.600000 -2.906812 2.949367 18.817094 983.932055
 24.800000 -3.047674 2.566160 14.120975 1289.969617
 25.000000 -2.973034 3.075509 16.667519 1097.740849
 25.200000 2.966074 2.825512 0.926258 1811.585505
 25.400000 -2.937609 2.943744 17.844172 1056.592981
 25.600000 -2.369016 2.694778 22.927599 29.696526
 25.800000 -2.162786 2.409120 21.508940 47.309230
 26.000000 -1.841096 2.526024 20.942936 1.260308
 26.200000 -2.225103 2.698750 21.961069 60.783521
 26.400000 -2.936787 2.829333 17.883622 1052.957700
 26.600000 -3.134184 2.973523 10.584377 2271.070305
 26.800000 -3.139556 2.800575 10.326008 2355.601785
 27.000000 -2.521362 2.741876 23.626517 8.654022
 27.200000 -1.988068 2.750511 21.055623 0.006575
 27.400000 -1.950954 2.362633 21.045388 0.508545
 27.600000 -2.105294 2.505638 21.170927 13.362853
 27.800000 -2.269589 2.751506 22.275000 49.917693
 28.000000 -2.756185 2.926962 22.522858 233.170748
 28.200000 -3.013970 2.694696 15.354802 1147.326464
 28.400000 -2.920519 2.900421 18.425734 1018.581049
 28.600000 -2.983971 2.639228 16.357383 1094.546776
 28.800000 -2.602979 2.879196 23.674426 1.869669
 29.000000 -2.008802 2.803149 21.057552 0.055751
 29.200000 -2.007995 2.454491 21.061281 0.074187
 29.400000 -2.145628 2.377692 21.359042 34.672560
 29.600000 -2.294722 -3.110737 22.436327 42.802207
 29.800000 -3.114955 2.468536 11.526373 1993.637889
 30.000000 -2.673705 2.774324 23.411541 40.788419
 30.200000 -2.086759 2.907785 21.120393 5.640003
 30.400000 -2.339184 2.220440 22.711581 31.566489
 30.600000 -2.047171 2.426047 21.068087 0.183801
 30.800000 -1.990171 2.881380 21.073475 0.017862
 31.000000 -2.532767 2.601059 23.615715 6.774255
 31.200000 3.094813 2.492639 7.837008 3098.405031
 31.400000 -2.733720 -2.858015 22.875073 154.210510
 31.600000 -3.138582 2.672760 10.449643 2373.246844
 31.800000 -2.133584 2.340232 21.313173 27.554219
 32.000000 -1.590351 2.509233 24.310969 221.640815
 32.200000 -1.348482 2.387681 25.890496 1.356286
 32.400000 -1.055351 2.275617 20.856506 657.832233
 32.600000 -0.797475 1.816338 12.129161 1412.012028
 32.800000 -1.468097 1.538020 25.403592 28.379583
 33.000000 -1.166914 0.598930 23.679368 581.717056
 33.200000 -0.772036 -0.004466 11.184870 1326.365124
 33.400000 -0.483755 -0.433786 -0.004911 1.863349
 33.600000 -0.718856 -0.131941 9.289424 1254.075590
 33.800000 -0.841812 0.260822 13.834878 1532.043780
 34.000000 -1.424886 1.194530 25.602556 23.046916
 34.200000 -1.124988 1.284071 22.591545 651.398965
 34.400000 -0.819249 0.947067 12.960349 1488.984822
 34.600000 -1.575478 0.736588 24.469912 174.011979
 34.800000 -1.733282 0.641221 21.675597 226.929148
 35.000000 -0.758579 0.859022 10.701393 1287.181668
 35.200000 -1.275561 1.797240 25.592250 90.720863
 35.400000 -0.885050 2.234509 15.528388 1458.477711
 35.600000 -0.628405 2.222244 5.863290 1757.508243
 35.800000 -0.523271 1.955481 1.167940 1877.589997
 36.000000 -1.337956 1.486717 25.865377 0.013299
 36.200000 -1.196491 0.416813 24.304830 479.137286
 36.400000 -0.490708 -0.511278 -0.027632 1.175902
 36.600000 0.899190 -1.267987 -0.000000 0.000000
