#! FIELDS time phi psi ves.bias ves.force2
#! SET min_phi -pi
#! SET max_phi pi
#! SET min_psi -pi
#! SET max_psi pi
 0.000000 -1.498385 0.273949 27.215882 148.921278
 0.200000 -0.406187 -0.388374 1.027726 104.099302
 0.400000 -0.432029 -0.569849 1.305893 129.363396
 0.600000 -0.646660 0.051483 5.770474 1113.823154
 0.800000 -1.502703 0.730532 27.162454 157.279375
 1.000000 -1.258087 1.255824 27.214097 186.005695
 1.200000 -0.695288 1.218176 7.884326 1531.997721
 1.400000 -0.689160 1.387910 7.646209 1487.991527
 1.600000 -1.090548 1.595267 23.399235 951.385867
 1.800000 -0.641010 1.199465 5.911712 1105.612396
 2.000000 -1.212332 1.043310 26.452889 358.693173
 2.200000 -1.666069 0.799532 24.417659 248.125035
 2.400000 -0.823988 0.570675 13.461259 1759.893639
 2.600000 -1.571531 1.078131 26.138086 368.840796
 2.800000 -1.087451 1.161392 23.469657 928.563519
 3.000000 -1.296399 1.190769 27.648241 110.020370
 3.200000 -1.304119 0.831460 27.829878 115.170955
 3.400000 -1.343220 0.760719 28.171662 43.294000
 3.600000 -0.693269 1.132773 8.114878 1488.641676
 3.800000 -1.221796 1.662352 26.669056 295.769007
 4.000000 -0.588833 1.725006 4.565309 813.048329
 4.200000 -0.825838 1.834763 13.614628 1798.723319
 4.400000 -0.853220 2.389322 14.777013 1802.702985
 4.600000 -0.732829 2.044140 9.732346 1645.256881
 4.800000 -1.123727 1.802116 24.686456 658.604528
 5.000000 -1.502954 1.119560 27.483030 262.987502
 5.200000 -1.300287 0.347781 28.087642 133.708065
 5.400000 -0.582139 0.314287 4.437597 848.625597
 5.600000 -0.979996 0.563775 20.084151 1485.524963
 5.800000 -1.351346 0.859205 28.518366 24.914721
 6.000000 -1.384802 1.351354 28.600214 0.031445
 6.200000 -0.816697 1.226006 13.458282 1766.169605
 6.400000 -0.342195 0.545272 0.329974 89.072998
 6.600000 -1.516279 0.652001 27.363352 333.645687
 6.800000 -2.031676 0.869603 22.783028 24.062469
 7.000000 -1.116385 1.094771 24.610018 689.322881
 7.200000 -1.033025 1.153426 22.164532 1141.979423
 7.400000 -1.133927 1.160230 25.104629 618.250134
 7.600000 -1.444822 0.607332 28.503235 113.152652
 7.800000 -0.593088 0.251641 4.865042 1006.148260
 8.000000 -1.172563 0.338650 26.014547 498.082669
 8.200000 -1.443148 0.778613 28.580683 116.352198
 8.400000 -1.753102 1.251549 23.183391 136.642229
 8.600000 -1.264815 1.061655 27.935591 255.130878
 8.800000 -1.161685 0.541983 25.887290 540.333748
 9.000000 -1.776591 0.839750 22.931042 95.679227
 9.200000 -1.149804 1.300626 25.707793 583.755519
 9.400000 -0.758769 1.689605 11.325006 1709.060162
 9.600000 -0.799870 2.154810 13.026817 1718.100673
 9.800000 -0.747584 2.316555 10.862938 1703.451261
 10.000000 -0.820979 1.928665 13.902151 1721.027861
 10.200000 -0.866278 1.711949 15.884368 1677.779308
 10.400000 -0.489794 1.147641 2.202636 398.874154
 10.600000 -1.512578 1.161608 27.667650 365.098672
 10.800000 -1.730333 0.710767 23.455240 194.968065
 11.000000 -1.507868 0.629586 27.756766 350.668853
 11.200000 -1.418741 1.070536 29.003062 47.942091
 11.400000 -0.851189 1.217562 15.382404 1647.645446
 11.600000 -0.645580 1.581252 6.929708 1521.827322
 11.800000 -0.539237 2.006753 3.360640 724.211182
 12.000000 -0.962753 2.538039 19.836778 1495.791549
 12.200000 -0.749201 2.360435 11.325152 1771.747788
 12.400000 -0.600479 1.578893 5.312809 1254.574294
 12.600000 -1.105048 1.397545 24.737335 812.892655
 12.800000 -1.168705 1.019320 26.385407 544.948999
 13.000000 -1.121578 0.463706 25.197162 735.892248
 13.200000 -0.777963 0.093125 12.670664 1722.367651
 13.400000 -0.457092 -0.026272 1.555240 299.239938
 13.600000 -0.660235 0.203672 7.719640 1687.441186
 13.800000 -1.450583 0.677340 28.789475 140.783604
 14.000000 -1.761967 1.174257 23.042959 158.276344
 14.200000 -1.335652 1.195609 29.184306 33.653707
 14.400000 -1.006714 0.858345 21.652394 1252.029359
 14.600000 -1.676228 0.773831 24.441406 372.688072
 14.800000 -1.623130 0.906471 25.529998 458.351274
 15.000000 -0.685880 0.799864 8.910201 1798.214402
 15.200000 -1.243145 0.981466 28.150005 302.988810
 15.400000 -1.558276 1.006316 26.979135 438.627459
 15.600000 -1.533198 0.796669 27.491632 393.279312
 15.800000 -1.233537 0.990463 27.977975 338.399008
 16.000000 -0.955508 1.065856 19.858935 1362.057673
 16.200000 -1.157036 1.023378 26.362537 646.456002
 16.400000 -1.204884 0.836233 27.484501 456.449986
 16.600000 -1.594055 0.785339 26.277037 462.730892
 16.800000 -1.443051 0.897878 28.987026 122.713063
 17.000000 -1.254178 1.099212 28.417397 265.740764
 17.200000 -0.857189 0.878452 16.311232 1501.759069
 17.400000 -1.371828 0.798278 29.493695 0.339690
 17.600000 -1.733717 1.012968 23.528014 279.248838
 17.800000 -1.381012 0.966092 29.481650 4.157736
 18.000000 -1.144712 1.149934 26.116980 709.988787
 18.200000 -1.312164 1.068805 29.342879 74.210498
 18.400000 -1.487777 0.812978 28.510483 267.601349
 18.600000 -1.720751 0.876392 23.792024 327.793490
 18.800000 -1.698236 1.124520 24.215430 378.393600
 19.000000 -1.179730 1.088071 27.082689 577.711647
 19.200000 -1.604338 0.929029 26.263213 470.988201
 19.400000 -1.648813 1.035352 25.300588 458.141616
 19.600000 -0.930407 1.003065 19.230714 1349.789189
 19.800000 -0.568535 0.772209 4.505228 1254.895124
 20.000000 -1.486568 1.125128 28.603582 266.657708
 20.200000 -1.901826 0.986718 21.979418 1.377715
 20.400000 -0.917405 0.579497 18.827343 1370.610464
 20.600000 -1.026564 0.599089 22.702219 1136.641988
 20.800000 -1.166301 0.771019 26.907733 654.364247
 21.000000 -1.481834 1.159569 28.752374 252.911751
 21.200000 -1.561557 1.162083 27.330038 430.320498
 21.400000 -1.863411 0.769526 22.084131 29.080551
 21.600000 -0.917162 0.643169 18.887180 1373.922456
 21.800000 -1.566973 1.254736 27.217214 437.477694
 22.000000 -1.757479 1.228050 23.287592 281.888612
 22.200000 -1.755238 0.941431 23.369318 308.499374
 22.400000 -0.880618 0.565622 17.574527 1464.900039
 22.600000 -1.084697 0.416886 24.725589 967.457320
 22.800000 -0.940334 0.559167 19.805183 1330.944393
 23.000000 -1.885041 1.009589 21.974631 11.267807
 23.200000 -1.723076 1.486819 24.045155 406.884700
 23.400000 -1.740384 1.385644 23.704607 366.299621
 23.600000 -1.487323 0.981644 28.896388 258.825227
 23.800000 -1.043209 0.420789 23.461746 1091.013920
 24.000000 -1.104108 0.459405 25.388689 905.983125
 24.200000 -1.799293 0.680616 22.768299 209.977114
 24.400000 -1.771567 1.074432 23.209438 297.233176
 24.600000 -0.800118 1.122827 14.479982 1748.640788
 24.800000 -1.664502 1.297866 25.394844 486.637213
 25.000000 -1.739724 0.828545 23.799126 386.281584
 25.200000 -1.761801 0.519205 23.465650 342.892481
 25.400000 -1.259803 0.722347 29.272724 254.445807
 25.600000 -1.356963 1.292574 30.115917 1.003115
 25.800000 -0.613626 1.494698 6.372398 1724.293494
 26.000000 -0.998310 2.337999 22.061089 1195.753061
 26.200000 -0.907002 2.742061 18.829403 1416.525064
 26.400000 -0.419432 1.908470 0.578561 251.163680
 26.600000 -0.459259 0.966647 1.324528 475.482065
 26.800000 -1.596451 0.696957 27.076691 436.271379
 27.000000 -2.195210 0.737090 22.827967 56.605661
 27.200000 -1.654334 0.533464 25.927390 476.964061
 27.400000 -0.992043 1.031324 21.963528 1198.526976
 27.600000 -0.601096 1.960202 5.898747 1646.397463
 27.800000 -0.920078 2.632210 19.385652 1377.402158
 28.000000 -0.773523 2.364090 13.468298 1903.698640
 28.200000 -0.591401 1.317026 5.542664 1578.931782
 28.400000 -0.636970 0.598965 7.434243 1851.299062
 28.600000 -1.705909 0.454736 24.887223 478.886384
 28.800000 -2.176875 0.793333 22.621874 42.178177
 29.000000 -1.684718 0.942609 25.352870 484.629207
 29.200000 -0.621015 0.810196 6.793767 1758.258034
 29.400000 -1.552286 1.228302 28.172288 344.105706
 29.600000 -2.115562 1.185259 22.271873 18.619310
 29.800000 -1.369116 0.995427 30.308209 1.204352
 30.000000 -0.839708 0.438288 16.381485 1697.014615
 30.200000 -1.074442 0.409845 24.837828 990.518172
 30.400000 -1.142021 0.815506 26.863755 791.847974
 30.600000 -0.885064 1.350823 18.257954 1512.737641
 30.800000 -1.963590 1.758503 21.793012 0.302436
 31.000000 -2.221636 2.618088 22.890921 69.052444
 31.200000 -3.034767 3.109524 15.141360 1925.606701
 31.400000 3.053250 2.891847 5.232390 2219.634018
 31.600000 -2.845205 2.775795 21.155110 506.930368
 31.800000 -2.048256 2.822593 21.990674 11.283039
 32.000000 -2.146349 2.349817 22.373499 23.838775
 32.200000 -2.146459 2.568148 22.368341 22.966267
 32.400000 -2.551642 2.782251 24.328814 7.437095
 32.600000 3.017741 2.796595 3.631134 1681.001843
 32.800000 2.993481 2.887326 2.694418 1307.496622
 33.000000 -3.005227 2.870996 16.332637 1559.970155
 33.200000 -2.883698 2.793738 20.151093 651.488890
 33.400000 -2.877512 2.860524 20.307457 626.702616
 33.600000 -2.890518 2.868424 19.975131 680.162739
 33.800000 3.016937 2.656522 3.576293 1682.145061
 34.000000 3.082784 2.905293 6.635795 2594.189828
 34.200000 3.050621 2.832804 5.044401 2201.647290
 34.400000 -3.098277 2.879579 12.014782 2641.591862
 34.600000 -2.691298 2.926429 23.533570 84.853666
 34.800000 -2.599493 2.667065 24.100088 15.713524
 35.000000 -2.433617 2.789403 24.365117 4.480738
 35.200000 -2.064758 2.853473 22.051756 12.814414
 35.400000 -2.623820 2.377229 23.971789 23.031383
 35.600000 -2.479476 2.837100 24.366828 0.321353
 35.800000 -2.986773 2.937724 16.975618 1350.122453
 36.000000 2.968823 2.590189 1.782971 1002.508886
 36.200000 -2.510979 3.030227 24.308349 3.052274
 36.400000 -3.104896 2.608598 11.663756 2686.515955
 36.600000 3.072365 2.687009 6.092320 2495.742684
 36.800000 2.984372 3.139133 2.285651 1238.599172
 37.000000 3.093296 2.440088 7.160114 2698.453284
 37.200000 -2.820557 2.887891 21.559692 419.169558
 37.400000 -2.824087 3.006079 21.486933 430.449897
 37.600000 -3.046132 2.653324 14.541218 2041.405730
 37.800000 -3.029808 2.856602 15.260118 1838.588529
 38.000000 2.968377 2.889126 1.735107 1039.480366
 38.200000 -2.514086 2.932773 24.270054 2.890615
 38.400000 -1.919831 2.508356 21.859985 20.074830
 38.600000 -2.074317 1.936685 22.075072 13.983766
 38.800000 -2.086162 2.278628 22.119436 14.074458
 39.000000 -2.261472 2.954910 23.091409 72.585006
 39.200000 -2.980807 2.863131 17.214880 1274.944525
 39.400000 -3.045716 3.008583 14.597128 2021.559093
 39.600000 -2.182149 2.891645 22.535256 28.738660
 39.800000 -2.128870 2.211574 22.291365 16.101982
 40.000000 -1.945195 1.870846 21.784413 2.533151
 40.200000 -1.805369 2.266011 23.268363 373.888373
 40.400000 -2.525684 2.862219 24.222493 3.320704
 40.600000 3.083245 2.950344 6.730599 2644.050933
 40.800000 -3.019894 2.970755 15.724422 1702.088222
 41.000000 -2.928275 2.622413 18.924340 853.000955
 41.200000 -2.840296 2.752272 21.137685 461.256911
 41.400000 -3.048954 2.833243 14.486427 2045.430647
 41.600000 -2.721326 2.914697 23.133601 138.069126
 41.800000 -2.577951 2.761776 24.085998 9.599575
 42.000000 -2.250489 2.547313 23.008428 56.796077
 42.200000 -2.063735 2.498596 22.070963 17.843987
 42.400000 -2.107903 2.769840 22.257391 17.621836
 42.600000 3.103469 2.608192 7.851784 2781.569838
 42.800000 2.971812 -2.988368 1.827175 1236.146539
 43.000000 -2.742191 2.784002 22.865249 183.322636
 43.200000 -2.500212 2.479469 24.223598 0.459602
 43.400000 -2.080237 2.865734 22.151148 18.878301
 43.600000 -2.324731 2.817980 23.599856 56.323207
 43.800000 -2.678317 2.546418 23.552973 68.291288
 44.000000 3.058200 3.119110 5.564298 2438.561244
 44.200000 2.976485 2.895327 2.007353 1367.400400
 44.400000 -2.685762 2.746194 23.493877 78.645901
 44.600000 -2.160354 2.550370 22.523402 22.505907
 44.800000 -2.114508 2.690686 22.316706 19.292327
 45.000000 -2.777913 2.643708 22.330383 268.110489
 45.200000 2.988886 2.938684 2.496537 1580.364826
 45.400000 3.088072 2.780699 7.145857 2695.398194
 45.600000 -2.886731 2.645975 20.118810 606.943965
 45.800000 -2.266175 2.566133 23.177598 51.369436
 46.000000 -2.278872 2.623207 23.269710 53.693794
 46.200000 -2.392048 2.801334 24.008466 20.026793
 46.400000 -2.950804 2.674487 18.354304 993.761304
 46.600000 -2.670619 -3.093447 23.628422 59.975654
 46.800000 -2.814480 2.557849 21.702068 357.883021
 47.000000 -2.297767 2.578001 23.420547 52.211297
 47.200000 -2.195011 2.721234 22.775665 28.648888
 47.400000 -2.325695 2.680628 23.630105 45.921909
 47.600000 -2.602174 2.607007 24.018779 13.423788
 47.800000 -2.970815 2.960674 17.718135 1171.089711
 48.000000 3.047577 2.851603 5.178505 2380.205407
 48.200000 -2.986055 2.761930 17.201800 1322.980781
 48.400000 -2.526446 2.853787 24.199713 1.207610
 48.600000 -2.691922 2.773340 23.477941 85.611981
 48.800000 -2.762906 2.903506 22.618973 223.155477
 49.000000 3.101460 2.876979 7.956696 2735.188900
 49.200000 -2.499714 3.038551 24.227233 0.072927
 49.400000 -1.794201 2.574868 23.562905 421.040825
 49.600000 -2.083857 1.247952 22.268910 25.033284
 49.800000 -1.263078 -0.108568 29.809898 198.551381
 50.000000 -0.213583 -0.814658 -0.001234 0.000637
 50.200000 -0.437975 -0.488246 0.498027 653.411392
 50.400000 -1.382830 0.611992 30.372059 13.069833
 50.600000 -0.501001 1.793436 2.381496 1139.709219
 50.800000 -0.863161 2.679863 17.775010 1748.280587
 51.000000 -0.728448 2.017925 11.570606 2195.485974
 51.200000 -0.371679 0.720159 -0.000535 0.002426
 51.400000 -0.494882 -0.574185 2.163201 1107.856988
 51.600000 -0.721910 -0.619500 11.255321 2174.614256
 51.800000 -0.501898 0.656816 2.399139 1153.139515
 52.000000 -0.811731 1.847583 15.500680 2134.356499
 52.200000 -0.966406 3.089575 21.563993 1076.996615
 52.400000 -0.620594 2.120900 6.843926 1620.769810
 52.600000 -1.007012 1.110296 22.868795 1003.506754
 52.800000 -1.779871 0.484501 23.865941 464.309057
 53.000000 -2.337579 0.066716 23.791224 36.044172
 53.200000 -1.829185 0.334160 22.897115 297.759224
 53.400000 -1.061752 1.182956 24.585494 993.228808
 53.600000 -0.586014 2.204463 5.484203 1490.200749
 53.800000 -1.045852 2.873823 24.084233 994.065633
 54.000000 -0.840215 2.120590 16.795293 1926.394159
 54.200000 -0.618702 1.533548 6.776157 1610.142368
 54.400000 -1.101318 0.925582 25.820053 960.868036
 54.600000 -2.077205 0.567047 22.298853 30.400923
 54.800000 -1.983342 0.207039 21.851282 7.178195
 55.000000 -1.807303 0.412538 23.300631 383.263699
 55.200000 -1.565800 1.053163 28.268054 267.451090
 55.400000 -0.495737 1.250935 2.186563 1155.447253
 55.600000 -0.295706 1.719318 -0.000029 0.000001
 55.800000 -0.871814 2.448536 18.147341 1640.925180
 56.000000 -0.821965 2.499280 15.999881 2062.279178
 56.200000 -0.478812 1.616703 1.626261 1053.474569
 56.400000 -1.051058 1.155705 24.232689 990.123168
 56.600000 -1.906513 0.397906 21.965294 42.726157
 56.800000 -2.059018 -0.189953 22.213804 32.811338
 57.000000 -1.893622 0.312344 22.061979 71.705016
 57.200000 -1.426551 1.260709 30.023261 64.273149
 57.400000 -0.573275 1.391265 5.034944 1451.070913
 57.600000 -0.495676 1.896736 2.195405 1182.763477
 57.800000 -0.783799 2.449091 14.244885 2278.175077
 58.000000 -0.922249 2.305730 20.076335 1236.981972
 58.200000 -0.815566 1.914566 15.752231 2115.094021
 58.400000 -1.557227 1.065158 28.374454 254.487270
 58.600000 -0.924433 -0.200284 20.161856 1216.768188
 58.800000 -0.384992 -0.641937 -0.000566 0.005179
 59.000000 -0.466960 -0.551658 1.250948 992.600926
 59.200000 -0.988670 0.431041 22.275999 989.764626
 59.400000 -1.258569 1.398548 29.628132 204.968092
 59.600000 -0.602390 1.557509 6.199585 1528.162915
 59.800000 -0.582355 1.761333 5.423780 1473.682698
 60.000000 -0.557293 1.940269 4.470409 1421.996214
 60.200000 -0.925287 2.425729 20.213422 1200.069900
 60.400000 -0.395101 2.181782 -0.001682 0.061400
 60.600000 -0.847881 1.836533 17.222568 1844.421181
 60.800000 -0.445486 1.536420 0.605937 851.825630
 61.000000 -0.483989 1.466300 1.829386 1164.852997
 61.200000 -0.631086 1.960114 7.399098 1623.438146
 61.400000 -0.626579 2.204258 7.218086 1602.940493
 61.600000 -0.855758 2.247462 17.578401 1767.571561
 61.800000 -0.455181 1.737413 0.901992 954.998787
 62.000000 -0.657997 1.830499 8.506775 1772.629615
 62.200000 -0.745485 1.957164 12.505049 2274.514507
 62.400000 -0.500302 1.984999 2.450653 1313.527157
 62.600000 -0.772802 2.177482 13.813556 2295.901297
 62.800000 -0.615318 2.073424 6.821384 1555.430886
 63.000000 -0.463848 1.889111 1.187690 1063.307157
 63.200000 -1.028007 1.924572 23.521848 958.511545
 63.400000 -0.895477 1.567419 19.196037 1384.429864
 63.600000 -0.502623 1.413698 2.569686 1354.909586
 63.800000 -0.864970 1.836794 18.007787 1658.563154
 64.000000 -0.991348 2.260588 22.388108 962.135550
 64.200000 -0.213437 2.111866 -0.000798 0.001468
 64.400000 -1.321660 1.904289 30.163897 21.588440
 64.600000 -1.832250 0.886740 22.917199 294.796854
 64.800000 -1.342157 0.473653 30.230095 3.380461
 65.000000 -0.828232 0.719220 16.472309 1991.889917
 65.200000 -0.643772 1.164932 8.125763 1652.277238
 65.400000 -0.878605 1.875903 18.617352 1515.413357
 65.600000 -0.555130 2.229025 4.655895 1491.544129
 65.800000 -0.649060 2.228709 8.341567 1679.204804
 66.000000 -0.705514 1.724797 10.771857 2043.305724
 66.200000 -0.424839 1.146704 0.023794 362.894031
 66.400000 -0.786921 0.720609 14.644447 2232.922556
 66.600000 -1.510890 0.674259 28.989077 196.576828
 66.800000 -1.650322 1.152872 26.642824 370.754398
 67.000000 -1.027385 1.221485 23.529862 931.389875
 67.200000 -1.044314 0.924728 24.055118 934.424175
 67.400000 -1.361982 0.786335 30.203873 0.385360
 67.600000 -1.663140 0.807119 26.389493 385.812035
 67.800000 -0.867990 0.956553 18.264693 1593.582027
 68.000000 -1.683917 1.231359 25.974019 413.962608
 68.200000 -1.629598 0.937546 27.027112 341.426979
 68.400000 -1.127764 0.522846 26.597449 848.309974
 68.600000 -1.178266 0.695397 27.970121 613.375000
 68.800000 -1.930115 1.114630 21.850811 14.298136
 69.000000 -1.658597 1.257487 26.477149 378.646439
 69.200000 -0.985802 0.759210 22.316021 916.808378
 69.400000 -1.548507 0.707825 28.421114 246.704703
 69.600000 -1.674684 1.180929 26.168910 399.175572
 69.800000 -1.489471 1.663702 29.267100 161.278775
 70.000000 -0.637581 1.140968 8.124351 1599.244369
 70.200000 -1.475283 0.807016 29.446803 135.829603
 70.400000 -1.345213 0.417586 30.174376 2.662273
 70.600000 -0.965665 0.692372 21.721337 946.423913
 70.800000 -1.721891 1.703550 25.201016 457.362969
 71.000000 -2.011403 2.169318 21.924061 23.660374
 71.200000 -2.797301 -2.919513 22.148102 318.324212
 71.400000 -3.135533 3.121910 10.549105 2589.755611
 71.600000 -2.366980 2.666488 23.881535 12.813654
 71.800000 -1.881380 2.262424 22.206689 129.130638
 72.000000 -2.059685 2.586049 22.196611 40.386364
 72.200000 -2.560731 2.883825 24.032427 0.247880
 72.400000 3.086513 -3.004031 7.386879 2688.295413
 72.600000 -3.090868 2.836635 12.762559 2341.551022
 72.800000 -1.835699 2.567177 22.876574 299.703223
 73.000000 -1.993123 1.941459 21.838837 11.861974
 73.200000 -1.825395 2.339056 23.071776 335.955480
 73.400000 -2.240155 2.555199 23.210698 31.812835
 73.600000 -2.736736 -3.077472 23.063310 166.151461
 73.800000 -2.731666 2.837503 23.127481 154.275796
 74.000000 -2.163342 2.676617 22.794322 28.607131
 74.200000 -2.191995 2.363971 22.941669 28.464419
 74.400000 -2.404135 2.684669 23.945191 3.749509
 74.600000 2.821380 2.978989 -0.000000 0.000000
 74.800000 2.973503 2.934111 1.753363 2028.424731
 75.000000 -2.380383 2.494402 23.888344 8.195333
 75.200000 -2.091514 2.500665 22.382177 36.760836
 75.400000 -2.045757 2.494258 22.103340 34.717545
 75.600000 -2.504944 2.697969 24.000511 0.000990
 75.800000 -2.912991 2.883277 19.546195 739.623189
 76.000000 3.039991 2.971385 4.983283 2599.900486
 76.200000 -2.877522 2.883456 20.440579 564.793412
 76.400000 -2.671599 2.633777 23.674217 44.577612
 76.600000 -2.458665 2.620738 23.981545 0.183233
 76.800000 -2.809556 2.731508 21.877021 349.446843
 77.000000 3.082943 2.809000 7.196843 2673.064321
 77.200000 -2.933894 3.023571 18.937852 881.866860
 77.400000 -2.736178 2.605645 23.040803 163.938907
 77.600000 -2.393233 2.576917 23.894191 5.278567
 77.800000 -2.570978 2.990059 23.973099 0.349540
 78.000000 -2.901491 2.879933 19.839703 679.906563
 78.200000 -2.836155 2.919026 21.353294 425.358541
 78.400000 -2.436569 2.952383 23.959923 0.829442
 78.600000 -2.519402 2.384223 23.983702 0.000212
 78.800000 -2.464046 2.698754 23.976747 0.133634
 79.000000 -2.505424 3.123866 23.983546 0.001344
 79.200000 3.091675 2.518892 7.663555 2659.988755
 79.400000 3.123204 2.896428 9.281133 2596.968805
 79.600000 -3.073269 2.901151 13.540976 2158.768811
 79.800000 -2.799559 2.891245 22.061534 323.913323
 80.000000 -2.205226 2.785623 22.999188 26.316610
 80.200000 -1.935086 2.341509 21.880990 12.724977
 80.400000 -1.944766 2.411144 21.852965 4.989745
 80.600000 -2.314496 2.872152 23.584930 27.257340
 80.800000 3.093663 2.835440 7.779481 2657.527167
 81.000000 -2.776922 -3.127497 22.451803 264.049703
 81.200000 -2.420177 2.554054 23.967983 2.841123
 81.400000 -2.129584 2.377633 22.619917 26.865236
 81.600000 -1.977429 2.638934 21.855546 2.905849
 81.800000 -2.481598 2.755321 24.017335 0.024019
 82.000000 2.989109 2.948566 2.441197 2373.057968
 82.200000 3.034555 3.029332 4.742249 2675.252219
 82.400000 -3.027873 2.597928 15.538354 1731.756862
 82.600000 -2.632561 2.840444 23.869540 13.549478
 82.800000 -2.962564 2.814680 17.998146 1126.025797
 83.000000 -3.140500 2.767317 10.299601 2500.631437
 83.200000 -3.113600 3.097729 11.639149 2364.863561
 83.400000 3.051770 2.764353 5.648860 2712.565449
 83.600000 -3.085581 2.650292 12.978243 2196.981371
 83.800000 -2.789174 3.003452 22.253435 294.964759
 84.000000 2.999619 2.451951 2.964028 2520.817267
 84.200000 -2.758937 2.728266 22.738970 214.406566
 84.400000 -2.577912 3.097407 24.009868 1.763958
 84.600000 -3.075977 2.574020 13.436734 2116.253306
 84.800000 -2.642400 2.998391 23.837206 20.125816
 85.000000 -2.497317 2.596256 24.057326 0.001331
 85.200000 -2.604735 2.470022 23.970003 5.561872
 85.400000 -2.676026 2.864775 23.648969 51.051337
 85.600000 2.995304 2.818040 2.764660 2548.567573
 85.800000 -3.073791 2.733204 13.548618 2087.793749
 86.000000 -2.632140 2.921877 23.886268 14.716157
 86.200000 -3.000384 2.535631 16.656648 1464.261658
 86.400000 3.092335 -3.106480 7.828967 2658.647385
 86.600000 3.048777 2.842321 5.557561 2759.831868
 86.800000 -2.959495 2.793782 18.119939 1107.496580
 87.000000 -2.825845 2.825693 21.600646 397.597372
 87.200000 -2.924057 2.817041 19.235794 847.397268
 87.400000 3.070165 2.834326 6.707727 2736.558566
 87.600000 3.016152 3.044623 3.865589 2740.887053
 87.800000 2.952686 2.610746 0.710314 2079.344264
 88.000000 -2.748823 2.834886 22.911555 186.030611
 88.200000 -2.578164 2.808476 24.059322 2.468370
 88.400000 -2.785666 2.689127 22.367399 277.167949
 88.600000 3.127890 2.809530 9.704971 2495.141489
 88.800000 3.084043 -3.078516 7.470534 2694.238228
 89.000000 3.109929 2.535769 8.800142 2580.163547
 89.200000 -2.983258 2.549087 17.326978 1312.335734
 89.400000 -2.464964 3.111671 24.113961 0.884009
 89.600000 -2.880230 2.463493 20.445371 609.133758
 89.800000 -2.914510 2.677527 19.539788 796.805121
 90.000000 -3.106811 3.001628 12.096540 2223.325027
 90.200000 2.954803 2.675721 0.812386 2236.078968
 90.400000 -2.244563 2.739574 23.146217 26.848225
 90.600000 -1.825891 2.509865 23.105453 301.231361
 90.800000 -2.111732 2.224422 22.558047 23.235038
 91.000000 -2.383126 2.878694 23.913171 18.260335
 91.200000 2.940834 2.921401 0.143730 2275.114414
 91.400000 -3.084759 2.927087 13.181084 2061.350779
 91.600000 -2.830770 2.842831 21.595174 409.367830
 91.800000 -2.380818 2.834084 23.904402 19.935815
 92.000000 -2.053743 2.558920 22.253964 31.093229
 92.200000 -2.324114 2.384033 23.599865 35.617255
 92.400000 -2.117807 3.099376 22.594920 21.663894
 92.600000 -2.928027 2.622421 19.203974 889.491501
 92.800000 3.028760 2.922172 4.692436 2938.568347
 93.000000 -3.138578 3.128738 10.690790 2349.908256
 93.200000 -2.846196 2.611593 21.310406 465.272258
 93.400000 -2.371507 2.626111 23.863565 24.732617
 93.600000 -2.106617 2.954003 22.550733 23.955298
 93.800000 -2.674099 2.397404 23.759402 48.532642
 94.000000 -3.112920 2.776474 11.955155 2187.552454
 94.200000 2.986829 -2.959262 2.472076 2858.289269
 94.400000 3.117935 2.709258 9.468210 2499.160071
 94.600000 -2.324539 2.563303 23.602529 36.052996
 94.800000 -2.023394 2.748335 22.107167 26.671307
 95.000000 -2.690000 2.555836 23.654153 67.367053
 95.200000 2.992514 2.838417 2.798497 2954.789674
 95.400000 -3.123434 -3.042408 11.542390 2216.223750
 95.600000 -3.038745 2.508163 15.292394 1699.411541
 95.800000 -2.299703 2.564458 23.454840 35.578267
 96.000000 -1.880210 2.912756 22.309215 114.056345
 96.200000 -2.680684 2.390517 23.755956 55.079143
 96.400000 3.111588 2.833576 9.246705 2536.306064
 96.600000 3.107386 -3.045035 9.034446 2568.936271
 96.800000 -3.141359 2.599522 10.735403 2316.970166
 97.000000 -2.579999 2.690609 24.178562 3.045205
 97.200000 -2.411008 2.777014 24.058594 14.621350
 97.400000 -2.662838 2.772010 23.891603 37.076001
 97.600000 -3.010862 2.907722 16.462331 1482.505395
 97.800000 2.910397 2.870403 -0.000011 0.000014
 98.000000 -2.351653 2.677182 23.768127 33.022382
 98.200000 -1.896388 2.334615 22.149204 67.230210
 98.400000 -1.897346 2.192022 22.141420 64.970085
 98.600000 -2.896145 2.707447 20.222219 697.061041
 98.800000 3.004502 -2.999402 3.535751 3162.281832
 99.000000 -2.951599 2.869261 18.593802 1047.936141
 99.200000 -2.475320 2.516569 24.253061 1.965188
 99.400000 -1.858546 2.799040 22.555719 176.893557
 99.600000 -2.296098 2.622444 23.441567 35.016581
 99.800000 -2.742703 2.624937 23.189940 155.464611
 100.000000 -2.811301 -2.883105 22.133406 336.836841
 100.200000 -2.917604 2.781831 17.900653 819.915914
 100.400000 -2.113468 2.558722 20.875895 22.010382
 100.600000 -1.818891 2.547733 21.385088 299.320895
 100.800000 -2.246252 2.511771 21.398226 22.005845
 101.000000 -3.092031 2.828800 11.416338 1956.155137
 101.200000 3.068663 -3.011367 5.473346 2969.719830
 101.400000 -3.072186 2.641587 12.335400 1828.887331
 101.600000 -2.820636 2.639132 20.242042 364.556097
 101.800000 -2.018911 3.081430 20.377166 29.466230
 102.000000 -2.350136 2.258706 22.020142 36.992828
 102.200000 -2.138819 2.402399 21.046053 15.055789
 102.400000 -1.996331 2.842306 20.295489 18.413239
 102.600000 -2.404873 2.765879 22.342912 20.869196
 102.800000 -2.922964 2.490556 17.833330 851.337123
 103.000000 2.985612 -3.119993 0.805103 3242.607335
 103.200000 -3.054111 2.791561 13.199975 1702.442236
 103.400000 -2.531314 2.632302 22.625898 0.095100
 103.600000 -1.825693 2.649871 21.305400 270.722892
 103.800000 -2.056077 2.365722 20.662055 36.505626
 104.000000 -2.625522 2.640825 22.446086 14.858113
 104.200000 -2.790519 -3.076204 20.891385 264.959736
 104.400000 -3.090343 2.959666 11.716647 1902.210644
 104.600000 -2.679147 2.600680 22.186402 52.093108
 104.800000 -2.070511 2.677423 20.783797 33.891637
 105.000000 -2.149570 2.543712 21.149918 12.066367
 105.200000 -2.279423 2.687431 21.678782 30.099604
 105.400000 -2.730585 2.776397 21.750594 124.978593
 105.600000 3.004199 2.884410 1.993178 3459.027754
 105.800000 3.015569 2.841771 2.662156 3457.464790
 106.000000 -3.003217 2.988355 15.295283 1375.602338
 106.200000 3.071351 2.824218 5.914815 3028.408763
 106.400000 -2.442274 2.916919 22.603423 10.552894
 106.600000 -2.287578 2.491073 21.746588 32.276192
 106.800000 -2.007703 2.548639 20.480952 28.789710
 107.000000 -2.074438 2.764639 20.881656 33.355701
 107.200000 -2.786317 2.626991 21.074385 250.321304
 107.400000 3.014345 3.036330 2.679704 3538.042127
 107.600000 -3.098859 3.093447 11.515741 1921.612186
 107.800000 -2.455943 2.378270 22.674073 7.193840
 108.000000 -1.927305 2.109141 20.352737 7.096597
 108.200000 -1.997212 2.237393 20.498157 25.014301
 108.400000 -2.509839 2.799257 22.789121 0.242133
 108.600000 2.970894 2.913473 0.122949 3596.784226
 108.800000 -2.928399 2.824523 17.922236 874.640244
 109.000000 -2.327370 2.633123 22.036436 42.035989
 109.200000 -2.138586 2.496758 21.285910 10.634593
 109.400000 -1.938235 2.763463 20.385678 0.689753
 109.600000 -2.522348 2.448884 22.825026 0.003317
 109.800000 -2.760761 2.962527 21.523859 183.805201
 110.000000 3.090483 2.849157 7.127032 2825.348440
 110.200000 2.991689 2.798945 1.443151 3616.461867
 110.400000 -2.850128 2.903080 19.999671 465.095689
 110.600000 -2.840009 2.699968 20.212972 424.281008
 110.800000 -2.768148 2.792307 21.457636 200.201529
 111.000000 -3.028450 2.902778 14.569327 1488.154554
 111.200000 3.108396 2.944973 8.175079 2597.962423
 111.400000 -2.457294 2.847888 22.801427 7.955543
 111.600000 -1.941615 2.140771 20.436833 0.002378
 111.800000 -2.173360 1.761061 21.450145 5.617634
 112.000000 -1.567301 2.400211 26.169338 274.797846
 112.200000 -2.507677 2.730559 22.918912 0.441787
 112.400000 2.944994 3.013468 -0.000007 0.000014
 112.600000 -2.592573 2.864083 22.846271 5.599355
 112.800000 -2.175325 2.134699 21.487916 5.016343
 113.000000 -1.833947 2.002392 21.270938 213.493035
 113.200000 -1.765969 2.034671 22.449185 359.236475
 113.400000 -2.407863 2.671175 22.657343 27.674006
 113.600000 -2.956266 -3.054793 17.261109 1048.722631
 113.800000 3.108814 3.060794 8.309782 2587.738975
 114.000000 -3.073826 2.634701 12.887528 1708.718952
 114.200000 -2.838867 3.045705 20.399857 418.071024
 114.400000 -3.010832 2.763346 15.400431 1369.336585
 114.600000 -2.680460 2.773209 22.518365 49.110639
 114.800000 -2.690222 2.762377 22.446654 59.123671
 115.000000 -2.967365 2.762026 16.933652 1116.348219
 115.200000 -2.969870 2.992180 16.888494 1132.946211
 115.400000 3.038792 2.779323 4.526016 3603.311350
 115.600000 2.944786 2.757463 -0.000012 0.000037
 115.800000 -2.711406 2.931044 22.306934 84.127921
 116.000000 -2.648111 2.471882 22.745826 24.216668
 116.200000 -2.274234 2.880300 21.899340 24.031579
 116.400000 -2.701124 2.685959 22.436782 69.032368
 116.600000 -3.131583 2.563814 10.537252 2082.476951
 116.800000 3.049092 2.985862 5.190766 3492.174283
 117.000000 2.909510 2.715886 -0.000000 0.000000
 117.200000 -2.648421 2.660317 22.818103 23.039212
 117.400000 -2.053292 2.783785 21.166469 42.584275
 117.600000 -2.105876 2.517337 21.452270 17.024637
 117.800000 -2.346554 2.430701 22.366698 47.664501
 118.000000 -2.581610 2.877430 23.032889 3.445259
 118.200000 -2.911200 2.811459 18.824198 786.484548
 118.400000 -2.873508 2.874535 19.807408 581.633205
 118.600000 -2.317167 2.729082 22.191203 42.657089
 118.800000 -2.159040 2.331443 21.636489 3.607751
 119.000000 -2.226853 2.521027 21.766844 7.011348
 119.200000 -2.278622 2.996377 21.991889 25.561003
 119.400000 3.017277 2.508797 3.397910 3928.072946
 119.600000 2.998511 3.113123 2.215518 3986.879255
 119.800000 -2.989327 2.950320 16.377957 1238.292838
 120.000000 -2.947149 2.278986 17.789821 1000.571671
 120.200000 -2.251537 2.853536 21.901438 13.549640
 120.400000 -2.133821 2.899230 21.643630 7.223795
 120.600000 -2.674839 2.037818 22.790751 38.467716
 120.800000 -2.303879 2.679657 22.160372 37.146036
 121.000000 -2.282563 3.039966 22.039525 27.105955
 121.200000 -2.869306 2.540181 20.036728 567.278263
 121.400000 -2.896020 2.716006 19.362908 708.881412
 121.600000 -2.855537 -3.116148 20.354721 500.517100
 121.800000 3.070389 2.596778 6.699032 3228.186065
 122.000000 -2.714273 2.797298 22.532662 81.645279
 122.200000 -2.234991 2.802061 21.911980 8.038769
 122.400000 -2.425504 2.399410 22.991602 23.618333
 122.600000 -2.355636 2.775021 22.563721 47.537498
 122.800000 -2.880286 2.798503 19.814819 625.862662
 123.000000 3.067339 2.732748 6.579445 3292.805472
 123.200000 -2.989826 3.039080 16.520095 1239.201872
 123.400000 -2.790671 2.751237 21.682506 248.446257
 123.600000 -2.681323 2.580900 22.867847 41.649914
 123.800000 -2.403444 2.864296 22.906378 33.554753
 124.000000 -2.350895 2.665473 22.564221 47.589332
 124.200000 -2.634767 2.588687 23.136162 13.452624
 124.400000 -2.558299 2.880723 23.298217 0.614739
 124.600000 -2.874799 2.863867 20.042222 600.833538
 124.800000 2.921621 2.649055 -0.000000 0.000000
 125.000000 -3.127609 -3.031524 11.141443 1967.131208
 125.200000 -3.005653 2.609455 16.037279 1312.226403
 125.400000 -2.673964 2.735423 22.989507 34.225692
 125.600000 -2.168002 2.927118 21.875721 3.093413
 125.800000 -2.507903 2.504680 23.332018 0.971924
 126.000000 -2.384171 2.787235 22.860384 41.493060
 126.200000 -2.450597 2.919951 23.242541 13.189324
 126.400000 -2.965158 2.516652 17.493259 1118.049168
 126.600000 -2.588213 3.043753 23.334983 3.208662
 126.800000 -2.872139 2.817952 20.198069 588.201919
 127.000000 3.022186 2.674112 4.029386 4089.366991
 127.200000 3.113683 -3.082026 9.333687 2483.885580
 127.400000 3.012337 2.821039 3.436878 4211.317044
 127.600000 -2.612933 2.883206 23.318008 7.445969
 127.800000 -2.236337 2.863776 22.076765 9.287244
 128.000000 -2.397434 2.491598 23.021985 37.275907
 128.200000 -2.386490 2.838944 22.994310 42.737175
 128.400000 3.105050 2.769039 8.952066 2628.659529
 128.600000 3.068501 2.971403 6.960493 3334.287724
 128.800000 -2.621044 2.795802 23.331524 9.551467
 129.000000 -2.252868 2.327812 22.164204 15.097185
 129.200000 -1.759215 2.548298 22.560808 328.327263
 129.400000 -2.317441 2.578786 22.551693 46.225881
 129.600000 2.940877 2.811923 -0.000029 0.000234
 129.800000 -3.118131 -3.036895 11.811597 1843.565065
 130.000000 -2.557077 2.483987 23.495185 0.903591
 130.200000 -1.930752 2.163404 20.750252 0.809815
 130.400000 -1.730223 2.471186 23.088299 343.221028
 130.600000 -2.495515 2.717923 23.528627 1.791308
 130.800000 3.108910 2.996358 9.257439 2563.181616
 131.000000 3.028883 3.031493 4.638986 4108.311472
 131.200000 -2.797617 2.602250 21.922205 257.434859
 131.400000 -2.237611 2.873801 22.199642 11.437231
 131.600000 -1.946676 2.569151 20.792081 9.628052
 131.800000 -2.390984 2.357939 23.152593 43.019200
 132.000000 -2.405107 2.915285 23.241319 35.835365
 132.200000 -2.955458 2.961892 18.075130 1070.325100
 132.400000 3.047599 2.599898 5.911862 3820.209730
 132.600000 -2.857702 3.038620 20.805419 511.854345
 132.800000 3.076822 2.683970 7.643741 3202.158823
 133.000000 -2.970548 2.898828 17.572466 1148.036679
 133.200000 -3.057258 2.905875 14.465163 1473.913040
 133.400000 -3.009778 2.565630 16.237560 1313.453154
 133.600000 -2.635560 3.043784 23.455592 14.233655
 133.800000 -2.857552 2.600334 20.852514 510.084631
 134.000000 -2.706025 2.880760 23.063884 59.490084
 134.200000 -2.638907 2.757444 23.476156 15.272133
 134.400000 -2.855089 2.501901 20.955787 495.441993
 134.600000 -2.630126 2.968524 23.508932 12.684354
 134.800000 -2.940545 2.732093 18.646282 988.862174
 135.000000 -3.090376 2.766729 13.215672 1617.535425
 135.200000 3.016796 3.060521 4.071035 4400.999597
 135.400000 3.047663 2.738194 6.061757 3873.371733
 135.600000 -2.873930 2.852974 20.564908 596.215692
 135.800000 -2.655192 2.868093 23.445524 21.145933
 136.000000 -2.398693 2.456144 23.372513 41.230390
 136.200000 -2.257422 2.696911 22.422401 23.593381
 136.400000 -2.287213 2.754748 22.590563 40.900477
 136.600000 -3.052489 2.610957 14.793865 1448.628342
 136.800000 3.011022 3.054728 3.731384 4490.849061
 137.000000 -2.655263 -3.129236 23.485200 21.068113
 137.200000 -2.273722 2.117066 22.540320 33.763221
 137.400000 -1.614622 1.973407 25.099711 288.565000
 137.600000 -0.830489 1.822527 14.894034 1753.741567
 137.800000 -0.463172 1.676658 -0.000353 0.017693
 138.000000 -0.610968 1.935877 5.685020 1520.238160
 138.200000 -0.869779 2.150243 16.434895 1392.603934
 138.400000 -0.513507 2.157188 1.514645 2128.939844
 138.600000 -0.699560 1.866457 9.147293 1714.420155
 138.800000 -0.426902 1.661917 -0.000000 0.000000
 139.000000 -1.036068 1.979625 21.552053 840.213908
 139.200000 -0.676938 1.981180 8.217528 1586.959318
 139.400000 -0.440627 1.969134 -0.000000 0.000000
 139.600000 -0.751561 1.855907 11.380607 1987.249320
 139.800000 -0.963920 1.740884 19.463349 838.251788
 140.000000 -0.648884 1.087778 7.119929 1489.126665
 140.200000 -1.555534 0.918461 26.008959 227.861528
 140.400000 -1.747907 0.824201 22.710325 317.209031
 140.600000 -1.269364 1.079097 26.883240 118.740861
 140.800000 -1.386137 1.354358 27.469936 0.332710
 141.000000 -1.351161 1.094414 27.431372 7.611094
 141.200000 -1.094234 0.623635 23.189282 823.749289
 141.400000 -0.881222 0.242678 16.806582 1280.005589
 141.600000 -1.022911 0.212915 21.118624 828.952103
 141.800000 -0.957701 0.169947 19.248316 850.582877
 142.000000 -0.735642 0.344590 10.661708 1918.650449
 142.200000 -1.563373 0.858849 25.860197 234.826355
 142.400000 -1.400450 1.266937 27.416694 3.933137
 142.600000 -1.100122 0.948560 23.344030 810.382964
 142.800000 -1.519172 0.821524 26.490478 168.497398
 143.000000 -1.491433 0.885812 26.822222 117.955932
 143.200000 -1.089902 1.049152 23.040259 829.152663
 143.400000 -1.555686 1.147606 25.964382 224.957061
 143.600000 -1.323648 0.762507 27.267959 29.212479
 143.800000 -1.337781 0.709728 27.334912 16.584587
 144.000000 -1.251406 0.941976 26.614867 167.830360
 144.200000 -1.225210 1.115840 26.220628 259.426875
 144.400000 -1.080339 0.897658 22.755023 841.559937
 144.600000 -1.462442 0.946005 27.078116 67.702972
 144.800000 -1.453910 1.024582 27.144751 54.570213
 145.000000 -1.160763 1.046117 24.928046 567.517218
 145.200000 -1.607359 1.032695 25.122812 273.251635
 145.400000 -0.938104 0.579556 18.614244 915.594373
 145.600000 -0.781584 0.249856 12.678080 1981.357069
 145.800000 -0.772648 -0.309934 12.279641 1992.183724
 146.000000 -0.493418 -0.396922 0.536738 2178.851952
 146.200000 0.663987 -0.452859 -0.000000 0.000000
