#! FIELDS time phi psi ves.bias ves.force2
#! SET min_phi -pi
#! SET max_phi pi
#! SET min_psi -pi
#! SET max_psi pi
 0.000000 -1.498385 0.273949 25.037724 141.910265
 0.200000 -0.543624 0.395362 0.207852 1562.754623
 0.400000 -1.610431 1.163701 23.460568 246.019806
 0.600000 -1.235611 1.255889 24.899324 278.480376
 0.800000 -1.241752 0.921967 24.999907 257.998375
 1.000000 -1.443034 0.426953 25.613506 74.580185
 1.200000 -0.684666 0.230178 6.410518 2040.133859
 1.400000 -0.562369 -0.036735 0.924918 1549.509912
 1.600000 -0.748424 -0.400273 9.157479 1687.999391
 1.800000 -0.559142 -0.512062 0.798784 1507.549123
 2.000000 -0.695107 -0.075698 6.878777 1981.787727
 2.200000 -1.104406 0.377254 22.279811 637.486985
 2.400000 -1.258370 1.081934 25.499488 218.696503
 2.600000 -1.396074 1.180992 26.164870 24.888482
 2.800000 -1.400683 0.874860 26.140645 30.471154
 3.000000 -1.128978 0.541175 22.883341 572.208098
 3.200000 -0.737444 0.187852 8.933356 1608.808481
 3.400000 -0.695399 -0.401834 7.195408 1825.098619
 3.600000 -0.577991 -0.495847 1.923847 1876.527979
 3.800000 -0.736391 -0.015580 8.891064 1612.890061
 4.000000 -1.172092 0.731465 24.000825 556.837924
 4.200000 -1.553938 1.232620 24.372385 217.832671
 4.400000 -1.567575 1.280047 24.169704 224.077113
 4.600000 -1.101893 0.841183 22.262825 728.082095
 4.800000 -1.549960 0.739160 24.430983 216.096663
 5.000000 -1.495741 0.918602 25.206414 191.919872
 5.200000 -1.099921 1.147012 22.276188 758.833470
 5.400000 -0.792984 1.247298 11.313395 1408.151276
 5.600000 -1.250215 1.579843 25.814959 279.164893
 5.800000 -1.045084 0.911374 20.686833 942.369392
 6.000000 -1.260935 0.553844 25.985448 227.400134
 6.200000 -0.788877 0.552464 11.228658 1399.865947
 6.400000 -0.764319 0.659201 10.307445 1422.938785
 6.600000 -1.575282 0.832861 24.202363 259.009023
 6.800000 -1.296476 1.080304 26.537777 71.819536
 7.000000 -1.199520 1.128995 24.949713 517.438317
 7.200000 -1.696090 1.021797 22.164824 270.023220
 7.400000 -1.361263 0.742954 26.768107 10.321072
 7.600000 -0.514337 0.439870 -0.012324 7.547789
 7.800000 -0.511730 -0.258856 -0.006639 2.723523
 8.000000 -0.667174 -0.632741 6.414692 2019.035605
 8.200000 -0.558239 -0.211585 1.460106 1886.894932
 8.400000 -1.172192 0.686746 24.541247 633.391656
 8.600000 -1.669144 1.308247 22.675229 330.428402
 8.800000 -1.449542 1.820744 26.079214 135.321235
 9.000000 -1.790796 2.267590 20.977838 54.898754
 9.200000 -2.311984 2.965670 23.059221 38.805323
 9.400000 3.013870 2.896982 3.039143 2791.641189
 9.600000 3.061828 2.782816 5.708072 3267.808961
 9.800000 -2.854891 2.879891 20.453790 719.804068
 10.000000 -2.862576 2.720203 20.244548 762.786936
 10.200000 -3.054872 2.898732 13.820949 1474.416494
 10.400000 -3.058764 3.032482 13.670791 1502.649611
 10.600000 -3.114301 2.719238 11.337159 2094.774772
 10.800000 -2.524282 2.862420 23.917806 0.875260
 11.000000 -2.126259 2.651104 21.669389 45.036570
 11.200000 -2.083208 2.477169 21.361549 30.027476
 11.400000 -2.073015 2.662355 21.307323 26.665941
 11.600000 -2.446874 2.721846 23.676948 14.598404
 11.800000 -2.823740 2.747716 21.208442 518.919986
 12.000000 2.976623 3.033260 1.235912 1964.082289
 12.200000 3.033876 2.942266 4.144059 3004.503660
 12.400000 -2.627894 2.681446 23.680399 25.006726
 12.600000 -2.161300 2.502539 21.867361 59.396871
 12.800000 -1.979760 2.709581 20.919909 13.281638
 13.000000 -2.180711 2.612400 22.020287 64.290709
 13.200000 -2.561537 2.679776 23.865598 0.709617
 13.400000 2.997692 3.055961 2.278295 2437.188950
 13.600000 2.999850 2.799308 2.385283 2479.971969
 13.800000 -2.426410 2.638139 23.552027 18.681583
 14.000000 -1.694998 2.425930 22.412729 342.292845
 14.200000 -1.461619 2.107336 25.937375 128.931567
 14.400000 -2.084160 2.313138 21.392898 24.284628
 14.600000 -2.515170 2.977525 23.839588 3.041244
 14.800000 -2.994077 2.928886 16.069655 1261.713865
 15.000000 -2.756135 2.508026 22.418774 217.514371
 15.200000 -2.860547 2.618749 20.313433 674.212143
 15.400000 -3.014477 3.018837 15.333125 1348.010371
 15.600000 -2.832030 2.760322 21.007418 514.608499
 15.800000 -2.159360 2.537722 21.858473 50.026251
 16.000000 -1.751281 2.423180 21.463982 213.658771
 16.200000 -2.001395 2.267589 21.099821 15.615371
 16.400000 -2.193261 2.844298 22.107452 55.376081
 16.600000 -2.834735 2.737216 20.981527 521.211024
 16.800000 -3.012876 2.759401 15.396155 1361.160801
 17.000000 -2.180160 2.957219 22.010970 52.908418
 17.200000 -1.803727 2.089458 20.856597 59.625618
 17.400000 -1.896285 1.658505 20.697815 8.481738
 17.600000 -1.208945 1.165401 25.509632 459.510630
 17.800000 -0.743897 0.098135 9.685875 1386.247618
 18.000000 -0.540573 -0.468399 0.938117 1654.192569
 18.200000 -0.601748 -0.364870 3.634416 2131.131670
 18.400000 -0.742825 0.258087 9.624961 1390.240902
 18.600000 -1.184414 0.984156 24.922250 594.935948
 18.800000 -1.481545 1.217347 25.620968 121.777585
 19.000000 -1.089446 0.738840 22.255802 950.799389
 19.200000 -0.963399 0.325496 17.920961 1418.979425
 19.400000 -0.462096 -0.267257 -0.000000 0.000000
 19.600000 -0.472440 -0.465167 -0.000002 0.000000
 19.800000 -0.736155 0.027645 9.369692 1419.632084
 20.000000 -1.312271 0.511363 26.772164 9.103849
 20.200000 -1.558007 1.285118 24.725247 163.781332
 20.400000 -0.925789 0.960802 16.483115 1500.873389
 20.600000 -0.874600 0.622523 14.499226 1476.598023
 20.800000 -1.618696 0.830555 23.835497 277.966949
 21.000000 -1.687969 0.962440 22.568205 360.758731
 21.200000 -0.732679 1.051587 9.256988 1425.347380
 21.400000 -1.811047 1.492328 20.825107 39.585601
 21.600000 -1.711033 1.386266 22.144000 338.485925
 21.800000 -1.171878 0.808982 24.567923 652.866545
 22.000000 -0.605190 -0.157154 3.837473 2110.495383
 22.200000 -0.483990 -0.615039 -0.000059 0.000228
 22.400000 -0.629669 -0.352135 4.979849 2059.237631
 22.600000 -1.243922 0.615786 26.082398 248.424653
 22.800000 -1.497685 1.358031 25.457805 112.404756
 23.000000 -1.351515 1.212984 26.715593 10.974969
 23.200000 -1.035998 0.628602 20.494778 1111.411008
 23.400000 -1.868258 0.728903 20.715010 1.505876
 23.600000 -1.208019 0.978557 25.402282 457.388285
 23.800000 -0.441062 0.948994 -0.000000 0.000000
 24.000000 -0.679265 1.174604 7.174902 1747.065096
 24.200000 -1.475102 1.441750 25.756223 102.279324
 24.400000 -1.294347 0.568835 26.631259 42.797457
 24.600000 -0.891485 -0.110297 15.196638 1477.462358
 24.800000 -0.639294 -0.213372 5.470392 2005.058497
 25.000000 -0.863566 -0.069126 14.129682 1438.049930
 25.200000 -1.087990 0.580983 22.169029 940.466837
 25.400000 -1.260099 1.450955 26.290095 166.410090
 25.600000 -1.008854 1.758788 19.586217 1206.672909
 25.800000 -0.547583 2.074119 1.389861 1756.264851
 26.000000 -0.803700 2.065314 11.937107 1317.850132
 26.200000 -0.509982 2.188367 -0.017631 99.124190
 26.400000 -0.721412 1.916241 8.959289 1466.197801
 26.600000 -0.718961 2.115726 8.865214 1479.130616
 26.800000 -0.758525 1.771336 10.342229 1330.782674
 27.000000 -0.901587 2.003415 15.640183 1467.780378
 27.200000 -0.556491 2.026798 1.842389 1885.964146
 27.400000 -0.827996 2.142199 12.919579 1350.127065
 27.600000 -0.584703 2.060630 3.103377 2082.861849
 27.800000 -0.353114 1.755486 -0.000000 0.000000
 28.000000 -0.948009 1.954820 17.450678 1398.525820
 28.200000 -0.771665 1.895976 10.945603 1305.891257
 28.400000 -0.618317 1.913682 4.718333 2112.591130
 28.600000 -0.782005 2.100931 11.318713 1299.627036
 28.800000 -0.997540 2.134781 19.286349 1208.058570
 29.000000 -0.983797 1.875753 18.803499 1260.680733
 29.200000 -0.843982 1.789124 13.643834 1383.760575
 29.400000 -0.855965 1.358893 14.091489 1406.796745
 29.600000 -0.978187 1.135285 18.662838 1261.791819
 29.800000 -1.532361 0.716136 25.266605 141.786261
 30.000000 -1.505441 0.820695 25.569151 113.318367
 30.200000 -0.981734 1.144601 18.856130 1224.171374
 30.400000 -1.131011 1.468855 23.462205 741.946690
 30.600000 -1.062540 1.262178 21.488980 921.644496
 30.800000 -1.531430 0.828054 25.297897 141.339266
 31.000000 -1.130124 0.591227 23.438032 744.465844
 31.200000 -0.857246 0.675993 14.293571 1428.731230
 31.400000 -1.798285 1.095378 20.903196 67.465335
 31.600000 -1.743923 1.249670 21.569978 256.495199
 31.800000 -0.681344 0.834987 7.704492 1701.776989
 32.000000 -1.710088 0.856817 22.171737 370.889581
 32.200000 -1.643757 0.795381 23.515025 406.528177
 32.400000 -1.141706 0.859083 23.782940 683.034102
 32.600000 -1.070323 1.171755 21.802091 855.550815
 32.800000 -1.586680 1.013031 24.565966 264.647026
 33.000000 -1.091632 0.759330 22.415700 804.030114
 33.200000 -0.725420 0.379675 9.554402 1437.294993
 33.400000 -0.991983 0.130775 19.412279 1120.638074
 33.600000 -0.666522 0.214027 7.193467 1816.579163
 33.800000 -1.360428 0.905286 26.718350 5.645140
 34.000000 -1.768329 1.262417 21.209804 163.297218
 34.200000 -1.668272 1.350899 23.035549 441.679807
 34.400000 -0.623028 0.760234 5.305351 2128.178401
 34.600000 -1.527397 0.663732 25.447836 139.128509
 34.800000 -1.212776 0.856887 25.464661 385.512483
 35.000000 -1.227738 1.296609 25.744115 312.686011
 35.200000 -1.312819 1.215749 26.697387 17.634415
 35.400000 -1.611398 0.836073 24.197917 348.045039
 35.600000 -1.409372 0.773575 26.521182 38.738895
 35.800000 -1.013915 1.091061 20.252580 983.143613
 36.000000 -0.982224 1.288637 19.224548 1125.795407
 36.200000 -1.586327 1.131227 24.658269 280.463548
 36.400000 -1.419805 0.594214 26.481334 45.316404
 36.600000 -0.692651 0.491056 8.419793 1652.786575
 36.800000 -0.659255 0.509338 7.014653 1895.394268
 37.000000 -1.444476 0.520565 26.300856 61.691942
 37.200000 -1.740388 0.819741 21.642087 277.954471
 37.400000 -1.001469 1.001956 20.002512 1014.510026
 37.600000 -1.200605 1.333416 25.296185 424.772000
 37.800000 -1.484251 1.165601 25.992628 91.110398
 38.000000 -1.126099 0.527399 23.538831 662.417458
 38.200000 -0.655576 0.036176 6.935081 1925.929392
 38.400000 -0.586124 -0.627027 3.728599 2240.299775
 38.600000 -0.669022 -0.507795 7.517327 1824.930761
 38.800000 -0.565344 0.524250 2.750799 2171.834785
 39.000000 -1.349805 1.298013 26.839095 0.466077
 39.200000 -1.414218 1.428588 26.629429 37.948872
 39.400000 -0.997614 1.023434 20.010184 1010.212397
 39.600000 -1.699776 0.708516 22.409687 417.916227
 39.800000 -1.642795 1.088110 23.621002 447.282526
 40.000000 -1.385649 1.143518 26.778642 17.441140
 40.200000 -1.323337 1.094257 26.878101 7.961926
 40.400000 -1.346763 0.854378 26.907340 0.060233
 40.600000 -1.714753 0.988213 22.117882 375.486580
 40.800000 -1.190580 1.124369 25.194649 456.792859
 41.000000 -0.474856 1.024628 -0.000174 0.002419
 41.200000 -1.314878 1.417316 26.894611 16.596648
 41.400000 -1.554012 0.926330 25.300792 224.626580
 41.600000 -0.741863 0.171005 10.543003 1463.848102
 41.800000 -0.905348 -0.034866 16.894713 1471.312431
 42.000000 -0.758717 -0.209506 11.186114 1452.088850
 42.200000 -0.684374 -0.433223 8.315685 1675.793623
 42.400000 -0.636814 -0.108427 6.278100 2005.886741
 42.600000 -0.401658 0.305688 -0.000000 0.000000
 42.800000 -0.930706 0.524349 17.916334 1358.967603
 43.000000 -1.578073 0.953152 24.943143 301.821249
 43.200000 -1.742885 1.515493 21.621323 272.539051
 43.400000 -0.706762 1.641343 9.254163 1548.186213
 43.600000 -0.478995 1.593703 -0.001275 0.132870
 43.800000 -0.840272 1.996655 14.445338 1595.511073
 44.000000 -1.099776 2.252738 23.126222 672.346970
 44.200000 -0.620793 2.517257 5.670716 2075.363112
 44.400000 -0.802028 1.807007 12.974419 1545.510198
 44.600000 -1.238487 1.511057 26.255214 247.530904
 44.800000 -1.645042 0.758821 23.634881 486.371216
 45.000000 -1.920786 0.250312 20.596237 1.343826
 45.200000 -1.737494 0.423973 21.724827 295.980587
 45.400000 -1.663077 1.158524 23.247479 497.833496
 45.600000 -0.513834 1.679458 0.814216 1788.454383
 45.800000 -0.539795 2.187374 1.957715 2076.582291
 46.000000 -0.916400 2.516819 17.569151 1441.421116
 46.200000 -0.787449 1.639416 12.492195 1527.810956
 46.400000 -0.809850 0.849716 13.376013 1585.331368
 46.600000 -1.500856 0.794859 26.178942 129.087189
 46.800000 -1.669808 1.005290 23.114951 494.837826
 47.000000 -0.875579 1.155379 16.026336 1611.916740
 47.200000 -1.344806 1.313047 27.176219 0.039653
 47.400000 -1.473692 0.830505 26.495889 90.063184
 47.600000 -1.157382 0.711582 24.710539 561.709163
 47.800000 -1.157026 0.941900 24.702104 562.615629
 48.000000 -1.670323 0.980795 23.124902 496.457206
 48.200000 -1.144291 1.024149 24.436577 591.494381
 48.400000 -1.161069 0.814080 24.838016 551.541776
 48.600000 -1.585318 0.833589 24.977146 360.890805
 48.800000 -1.651913 1.157064 23.564786 507.370713
 49.000000 -1.234097 1.142930 26.323597 262.440856
 49.200000 -1.484502 0.944430 26.469385 101.111536
 49.400000 -1.337925 0.882861 27.232699 0.967196
 49.600000 -1.119330 1.059042 23.861794 632.250001
 49.800000 -1.453069 1.162735 26.752744 64.581834
 50.000000 -1.135415 0.657045 24.262521 608.028089
 50.200000 -0.863800 0.119592 15.751325 1673.596807
 50.400000 -0.507924 -0.098370 0.817690 1857.672229
 50.600000 -0.498307 -0.196357 0.405493 1880.457487
 50.800000 -0.553163 -0.266176 2.884059 2241.858329
 51.000000 -0.406224 -0.383111 -0.000000 0.000000
 51.200000 -0.511268 -0.301078 1.017525 1924.975236
 51.400000 -0.588342 -0.084927 4.615090 2194.533275
 51.600000 -0.943117 0.297554 18.874573 1261.926386
 51.800000 -1.246022 0.968882 26.626462 203.038516
 52.000000 -1.098699 1.385184 23.427082 657.670395
 52.200000 -0.900217 1.274511 17.311458 1546.106520
 52.400000 -1.539060 1.215296 25.946499 221.346769
 52.600000 -1.406405 0.743279 27.186968 24.233783
 52.800000 -0.740279 0.532381 10.904986 1429.787410
 53.000000 -1.323917 0.750408 27.316955 7.282176
 53.200000 -1.396479 1.100979 27.269829 17.608369
 53.400000 -1.319542 1.255936 27.340910 10.191638
 53.600000 -1.045668 0.766632 22.121485 737.743882
 53.800000 -1.428751 0.614465 27.101891 38.041518
 54.000000 -1.426913 0.917917 27.113130 36.728023
 54.200000 -0.881443 1.371621 16.657000 1644.768667
 54.400000 -1.185072 1.402489 25.667190 466.868560
 54.600000 -0.793067 0.922990 13.029230 1600.890459
 54.800000 -1.660257 0.551842 23.553181 551.494378
 55.000000 -1.625483 0.777287 24.363897 520.402382
 55.200000 -0.837663 0.990639 14.894711 1728.010709
 55.400000 -0.873909 1.636792 16.396565 1680.130963
 55.600000 -1.258875 2.322624 26.988522 142.209040
 55.800000 -1.735506 2.621588 21.942119 342.253621
 56.000000 -3.121250 2.579014 9.752975 2013.730119
 56.200000 -2.702608 3.082862 21.707765 60.942713
 56.400000 -2.137513 2.697389 20.640947 19.602403
 56.600000 -2.330541 1.997270 21.522697 34.754569
 56.800000 -1.666656 2.822792 23.448313 559.449297
 57.000000 -2.399652 2.754589 21.980123 48.164713
 57.200000 3.021467 2.624952 2.755111 2275.812150
 57.400000 -2.936805 -3.002809 16.852820 1196.031376
 57.600000 -3.093455 2.949341 10.881565 1796.320383
 57.800000 -2.421766 2.427733 22.092440 42.937369
 58.000000 -1.510923 2.429010 26.556943 156.002682
 58.200000 -2.315875 2.457621 21.368157 29.632975
 58.400000 3.052963 2.974427 4.277138 2552.602664
 58.600000 -3.134612 -2.913460 9.022642 2145.530326
 58.800000 -2.910496 2.269844 17.696619 1050.300928
 59.000000 -2.189072 2.509846 20.803980 18.979666
 59.200000 -1.821043 2.924358 20.817008 83.487990
 59.400000 -2.757587 2.513304 21.069591 140.175904
 59.600000 -3.080793 2.963612 11.346074 1709.246399
 59.800000 3.058985 3.054779 4.554087 2572.080912
 60.000000 -2.874466 2.561030 18.760028 797.729421
 60.200000 -2.424763 2.769094 22.007727 41.219874
 60.400000 -2.362848 2.654782 21.587344 44.126068
 60.600000 -2.498632 2.505768 22.343322 4.229690
 60.800000 -2.399107 2.596309 21.835625 47.549526
 61.000000 -2.566762 3.105286 22.304419 8.861188
 61.200000 -2.959814 2.598679 15.921717 1280.168171
 61.400000 2.982088 2.821891 0.924754 1593.249416
 61.600000 -2.621698 -3.061143 22.034906 28.671623
 61.800000 -2.938477 2.550821 16.673005 1195.509053
 62.000000 -2.744952 2.857798 21.144097 110.377856
 62.200000 -2.827808 2.998161 19.841547 454.052402
 62.400000 3.053905 2.527325 4.221858 2533.606487
 62.600000 -2.994547 2.890576 14.634078 1378.370561
 62.800000 -3.064801 2.915440 11.929449 1622.283119
 63.000000 -3.048077 2.795226 12.594303 1542.140876
 63.200000 -2.756468 2.919937 20.975631 133.207040
 63.400000 -2.712548 2.652655 21.396629 63.944365
 63.600000 -2.676381 2.853479 21.656187 42.622836
 63.800000 -3.003977 2.832383 14.269806 1400.622132
 64.000000 -3.140287 2.910707 8.637707 2208.455190
 64.200000 -2.757565 2.769437 20.956346 134.533657
 64.400000 -2.715414 2.619564 21.363162 64.739133
 64.600000 -2.264830 2.660209 20.958312 19.376894
 64.800000 -2.555313 2.757868 22.217837 5.269322
 65.000000 -2.595121 2.683070 22.082540 18.771920
 65.200000 -2.996784 2.844870 14.520495 1378.410501
 65.400000 2.972753 2.646077 0.505711 1470.089012
 65.600000 -2.629649 2.942508 21.900921 26.955032
 65.800000 -2.610093 2.562962 21.997780 22.007669
 66.000000 -2.371279 2.478864 21.527693 45.069740
 66.200000 -2.309088 2.799395 21.128099 28.488791
 66.400000 -2.794455 2.582459 20.440917 269.164547
 66.600000 -2.987801 2.812303 14.849527 1352.406123
 66.800000 -3.139459 3.037005 8.651687 2219.027257
 67.000000 3.092140 2.508666 6.112484 2580.010251
 67.200000 -2.330661 2.852049 21.234797 34.937539
 67.400000 -1.837355 2.794247 20.654372 78.484192
 67.600000 -2.439987 2.309121 21.938349 31.715973
 67.800000 -2.519143 2.734955 22.194478 0.191937
 68.000000 -2.701139 -2.787172 21.467051 50.584127
 68.200000 -2.985846 2.618475 14.919244 1331.453121
 68.400000 -2.203706 2.629719 20.590786 24.029382
 68.600000 -1.607723 2.555945 25.010150 542.688817
 68.800000 -2.557020 2.423363 22.150778 4.080710
 69.000000 2.984615 2.978308 0.933321 1621.493934
 69.200000 3.063708 -2.881225 4.646707 2619.841993
 69.400000 -2.991509 2.388235 14.712538 1338.503037
 69.600000 -2.138842 2.564621 20.225908 28.487716
 69.800000 -1.941951 2.912462 19.981515 16.355185
 70.000000 -2.884079 2.407795 18.347227 869.602013
 70.200000 3.117675 3.040520 7.399639 2483.238696
 70.400000 -2.918288 -2.879695 17.273330 1075.751152
 70.600000 -3.106847 2.141706 10.160916 1940.422773
 70.800000 -1.829754 2.745356 20.711228 94.215045
 71.000000 -1.997284 2.836282 19.808485 1.572592
 71.200000 -2.598688 2.388543 22.010782 13.194931
 71.400000 -2.998121 3.021291 14.484088 1337.079695
 71.600000 3.014415 -3.023135 2.205281 2156.989638
 71.800000 -2.864636 2.461847 18.886837 729.841167
 72.000000 -2.021136 2.103055 19.770180 0.030463
 72.200000 -1.290295 2.526092 27.727701 38.998033
 72.400000 -0.960303 2.485194 20.044289 1125.064309
 72.600000 -0.419371 1.903473 -0.000000 0.000000
 72.800000 -0.584991 1.330312 5.185005 2047.004479
 73.000000 -1.472269 1.246351 27.266616 86.649094
 73.200000 -1.940454 0.450814 19.921804 21.671586
 73.400000 -1.678830 0.111596 23.281807 576.346158
 73.600000 -1.982413 0.665476 19.769786 6.155982
 73.800000 -1.244153 1.129718 27.288182 177.278373
 74.000000 -0.460596 1.123341 -0.005379 2.424795
 74.200000 -0.817642 1.583551 14.381399 1807.365046
 74.400000 -0.915130 1.685563 18.431975 1468.265652
 74.600000 -0.508855 1.026654 1.642541 2140.458834
 74.800000 -1.001349 0.902637 21.353504 899.913179
 75.000000 -1.796856 0.858957 21.070850 161.325976
 75.200000 -1.776804 0.840532 21.348608 216.818440
 75.400000 -0.843857 0.986602 15.508243 1836.013006
 75.600000 -1.103426 1.354298 24.223775 725.104007
 75.800000 -1.303713 1.331596 27.819799 18.385700
 76.000000 -1.375199 0.517629 27.847069 7.534773
 76.200000 -0.651696 0.276791 7.992846 1444.172919
 76.400000 -1.607869 1.106532 25.023844 553.638201
 76.600000 -1.822884 1.561632 20.775500 111.914846
 76.800000 -1.938844 1.649952 19.897641 26.732079
 77.000000 -1.639445 1.788132 24.257086 613.256263
 77.200000 -2.022918 1.732363 19.637096 0.066506
 77.400000 -1.886679 1.904784 20.222373 53.469705
 77.600000 -1.917779 2.558909 20.012601 38.174111
 77.800000 -2.671325 2.981468 21.651924 31.187731
 78.000000 3.089610 2.978814 6.000901 2745.721772
 78.200000 2.999117 2.686385 1.462406 1937.757197
 78.400000 -2.435816 3.044361 21.742321 32.111350
 78.600000 -2.301909 2.467672 20.922810 29.950811
 78.800000 -2.191285 2.512598 20.320217 34.830250
 79.000000 -2.315690 2.814535 20.999468 32.034414
 79.200000 -2.681019 2.927098 21.580331 35.893754
 79.400000 -2.943108 2.759653 16.443118 1108.991609
 79.600000 3.132197 2.755222 8.191795 2462.917104
 79.800000 -3.115271 2.851651 9.893299 2073.795125
 80.000000 -2.546654 2.936300 22.037748 0.245358
 80.200000 -2.168996 2.524256 20.152643 38.664819
 80.400000 -2.013293 2.306610 19.603064 1.978155
 80.600000 -2.207803 2.581288 20.389436 34.881247
 80.800000 -2.749490 2.973502 21.002392 129.036708
 81.000000 3.137263 2.754135 8.453202 2417.177692
 81.200000 -3.095833 2.913736 10.780718 1868.278578
 81.400000 -2.172047 2.822118 20.160201 39.838275
 81.600000 -1.937758 2.195465 19.894194 35.999616
 81.800000 -1.888457 2.269377 20.232290 58.416425
 82.000000 -2.511186 2.860798 21.990560 2.891871
 82.200000 3.004249 2.938671 1.680137 2069.232795
 82.400000 -2.984042 2.796637 15.055923 1206.199213
 82.600000 -2.713535 2.750396 21.329215 64.291171
 82.800000 -2.771222 2.862306 20.710081 194.269718
 83.000000 -2.770478 2.869490 20.720421 191.659311
 83.200000 -2.831992 2.880333 19.613493 494.281676
 83.400000 -2.417249 2.809347 21.575975 34.821636
 83.600000 -2.110602 2.499869 19.769478 26.893025
 83.800000 -2.235636 2.504992 20.535463 32.816138
 84.000000 -2.214038 3.044755 20.408230 36.681904
 84.200000 -3.096212 2.627486 10.798214 1866.367810
 84.400000 -3.026586 2.968944 13.555513 1347.900739
 84.600000 3.082227 3.128471 5.651438 2832.279308
 84.800000 3.020044 2.646518 2.426144 2365.747963
 85.000000 -2.458430 2.739186 21.786201 21.311224
 85.200000 -2.164811 2.510844 20.088562 43.258389
 85.400000 -2.176875 2.320131 20.167929 43.110538
 85.600000 -2.491684 2.788648 21.905502 8.660372
 85.800000 3.058269 2.795857 4.387521 2798.024137
 86.000000 -2.767153 2.938566 20.756888 177.217920
 86.200000 -2.419899 2.554162 21.567891 33.405941
 86.400000 -2.265907 2.631983 20.701731 28.369380
 86.600000 -2.063889 2.655856 19.573746 4.980347
 86.800000 -2.622965 2.519845 21.809764 13.526997
 87.000000 -2.583119 3.041694 21.926884 4.551579
 87.200000 -3.049633 2.793382 12.729278 1463.542791
 87.400000 3.115471 2.887176 7.437636 2665.960047
 87.600000 -2.711459 -3.130636 21.328398 60.731457
 87.800000 -2.441533 2.557800 21.681815 27.547761
 88.000000 -1.992888 2.285494 19.619867 12.476443
 88.200000 -2.063882 2.672661 19.567783 5.372442
 88.400000 -2.492937 2.804205 21.895353 8.826308
 88.600000 -3.100154 2.977847 10.683948 1900.935079
 88.800000 -2.902667 2.900989 17.757393 903.526196
 89.000000 2.993294 2.453523 1.198548 1916.006002
 89.200000 -2.825761 3.050311 19.756397 443.791552
 89.400000 3.115494 2.805746 7.469475 2674.273243
 89.600000 -2.771015 2.580347 20.704113 187.502322
 89.800000 -2.098708 2.985230 19.693249 23.835621
 90.000000 -2.295603 2.544231 20.875817 25.003070
 90.200000 -2.715362 2.661464 21.298172 65.480371
 90.400000 -2.844712 3.070342 19.340795 553.881794
 90.600000 -2.859661 2.803964 18.974596 646.940527
 90.800000 -2.542353 2.800625 21.968402 0.022099
 91.000000 -2.307782 2.917488 20.943439 24.360127
 91.200000 -2.302052 2.552470 20.923236 23.446437
 91.400000 -2.434082 2.701402 21.627555 28.715967
 91.600000 -2.350783 3.062714 21.166228 27.446775
 91.800000 -2.976820 2.545855 15.398824 1161.822201
 92.000000 -2.364847 3.068487 21.241185 29.357759
 92.200000 -2.265428 2.792285 20.758287 26.870615
 92.400000 -2.490868 2.403493 21.879598 10.388001
 92.600000 -2.227934 2.858944 20.547848 37.153777
 92.800000 -2.519246 3.032596 21.949266 2.735846
 93.000000 -2.910644 2.557698 17.565377 929.500683
 93.200000 -2.948576 2.988409 16.376304 1078.013724
 93.400000 -2.875514 2.837045 18.594221 735.385055
 93.600000 -2.933830 2.713707 16.854733 1026.044493
 93.800000 -2.432659 2.855789 21.629373 26.927307
 94.000000 -2.231251 2.478761 20.586604 37.857764
 94.200000 -2.147299 2.223669 19.997837 55.696782
 94.400000 -1.843819 2.768058 20.633534 78.411660
 94.600000 -3.102994 2.588247 10.646400 1938.801169
 94.800000 3.039494 2.996783 3.477231 2737.980928
 95.000000 -2.989687 2.929642 15.006186 1202.782691
 95.200000 3.027321 2.380046 2.856494 2598.853024
 95.400000 -2.327681 2.888711 21.130423 21.165700
 95.600000 -2.385166 2.575395 21.405567 25.253176
 95.800000 -2.688003 2.549771 21.537803 39.971386
 96.000000 -2.382087 3.100413 21.390129 25.024358
 96.200000 -2.986919 2.628373 15.136829 1193.824041
 96.400000 -2.761252 2.694683 20.893145 153.277281
 96.600000 -2.615989 3.112165 21.883020 9.702969
 96.800000 -2.982778 2.547382 15.279537 1181.442880
 97.000000 -2.604322 2.790407 21.916516 6.882595
 97.200000 -2.348148 3.050104 21.268965 20.139116
 97.400000 -2.761351 2.442381 20.908276 153.696467
 97.600000 -2.976817 2.838374 15.505797 1164.688799
 97.800000 3.045264 -2.914441 3.806884 2826.291986
 98.000000 3.075732 2.548870 5.450290 2943.387049
 98.200000 -2.212563 2.585614 20.549466 57.745290
 98.400000 -2.029927 2.570630 19.492427 0.665711
 98.600000 -2.564204 2.512791 22.006614 0.320986
 98.800000 -2.929007 2.857506 17.107755 998.670965
 99.000000 2.906212 3.044757 -0.000000 0.000000
 99.200000 -2.574074 2.798035 22.011486 0.963079
 99.400000 -1.709380 2.431305 22.457131 431.935011
 99.600000 -2.143183 2.091216 19.985442 67.439578
 99.800000 -1.966380 2.763257 19.713169 32.832427
 100.000000 -2.758687 2.980445 20.971326 147.024083
 100.200000 3.027379 2.821150 1.108519 2647.522147
 100.400000 -2.967241 2.983932 14.130146 1130.803467
 100.600000 -2.430827 2.830167 19.915698 19.193132
 100.800000 -2.274113 2.163546 19.218082 29.963671
 101.000000 -1.756222 2.509246 19.813920 238.473919
 101.200000 -2.162004 2.604741 18.402107 79.074288
 101.400000 3.092317 2.778855 4.629686 2924.869502
 101.600000 -2.625883 -3.138919 20.168329 10.822576
 101.800000 -2.649356 2.684141 20.078650 18.982651
 102.000000 -2.253020 2.441586 19.135330 41.043960
 102.200000 -2.080860 2.837590 17.835077 19.550192
 102.400000 -2.342077 2.716226 19.617912 16.261719
 102.600000 -2.985052 2.706451 13.606072 1188.897154
 102.800000 3.125281 3.026616 6.405051 2647.124417
 103.000000 -3.073729 3.059374 10.297368 1685.961569
 103.200000 -2.977141 2.553736 13.918628 1160.619019
 103.400000 -2.482988 3.067922 20.211885 10.614650
 103.600000 -2.533016 2.583475 20.329492 1.668218
 103.800000 -2.403173 2.632675 19.900857 16.621378
 104.000000 -2.091339 2.795172 17.909911 29.943649
 104.200000 -2.589774 2.583517 20.358034 2.317990
 104.400000 -2.383238 2.912306 19.862362 15.547690
 104.600000 -2.731084 2.771717 19.635202 91.505359
 104.800000 3.065107 2.593359 3.232397 2998.041353
 105.000000 -3.000358 3.105272 13.154548 1244.437633
 105.200000 3.014459 2.797376 0.573544 2565.376161
 105.400000 -2.260936 2.521940 19.347205 40.418739
 105.600000 -1.471514 2.580949 25.314581 89.424735
 105.800000 -2.420849 2.269377 20.054511 16.260857
 106.000000 -2.945393 2.919062 15.050354 1039.325744
 106.200000 3.115443 -2.937687 6.028844 2786.816247
 106.400000 -3.086203 2.468889 9.933167 1820.457574
 106.600000 -1.683978 2.756087 21.230270 512.703821
 106.800000 -2.089615 2.177887 17.966941 31.278275
 107.000000 -2.101319 2.430967 18.038480 43.726758
 107.200000 -2.308185 2.860505 19.679663 21.206704
 107.400000 -2.483411 2.625068 20.367119 9.871385
 107.600000 -2.743364 2.669479 19.606212 115.199302
 107.800000 -2.705782 3.010056 19.949218 58.916033
 108.000000 -2.618683 2.675140 20.400756 9.033969
 108.200000 -2.680383 2.486773 20.157851 37.340308
 108.400000 -1.909816 2.969966 18.414722 49.286144
 108.600000 -2.599480 2.493198 20.486625 4.465888
 108.800000 -2.525697 2.826513 20.507477 2.296670
 109.000000 -2.624347 2.837969 20.419203 10.914047
 109.200000 -2.586659 2.672552 20.554360 2.322589
 109.400000 -2.345030 2.527777 19.916003 15.963134
 109.600000 -2.019972 2.889189 17.873184 1.679735
 109.800000 -2.589258 2.481390 20.550230 2.739259
 110.000000 -2.744377 2.813276 19.661035 118.953873
 110.200000 -2.346864 2.922600 19.962206 16.024623
 110.400000 -2.585497 2.408721 20.607369 2.233482
 110.600000 -1.944287 2.812464 18.207615 39.464815
 110.800000 -2.547218 2.621348 20.625992 0.267911
 111.000000 -2.594931 2.832673 20.590952 3.938675
 111.200000 -2.980092 2.891417 14.114421 1153.139086
 111.400000 -2.607441 2.762100 20.615100 7.303284
 111.600000 -2.053104 2.592564 17.925276 5.495929
 111.800000 -2.025686 2.548625 17.901617 0.347674
 112.000000 -2.465477 2.826276 20.483980 14.335221
 112.200000 -2.922893 2.965286 15.992469 923.465249
 112.400000 -2.969805 2.847846 14.493550 1112.977667
 112.600000 -3.050328 3.008813 11.608366 1508.138726
 112.800000 -2.114498 2.988922 18.286270 68.123708
 113.000000 -1.949016 2.149904 18.206213 36.733271
 113.200000 -2.007414 2.016088 17.964021 4.986832
 113.400000 -2.006216 2.520951 17.966764 5.487168
 113.600000 -2.452101 2.976682 20.526592 17.534847
 113.800000 -3.070445 2.622059 10.841616 1676.927954
 114.000000 -3.054374 2.844021 11.485792 1540.838932
 114.200000 -2.943745 2.932700 15.408513 1004.136047
 114.400000 -3.024089 2.566626 12.668815 1343.092733
 114.600000 -2.817263 2.790991 18.713730 372.199061
 114.800000 -2.871410 2.753795 17.497177 651.974093
 115.000000 -3.068737 2.642439 10.946359 1663.647505
 115.200000 -2.906188 3.007024 16.583517 830.696792
 115.400000 -3.030814 2.704845 12.460058 1382.444927
 115.600000 -2.642480 2.743660 20.676421 24.973775
 115.800000 -2.382633 2.793710 20.310158 18.289938
 116.000000 -2.503238 2.514362 20.809485 8.450530
 116.200000 -2.620319 2.792712 20.819396 14.768333
 116.400000 -3.052292 2.719283 11.684130 1531.213637
 116.600000 -2.940589 2.880302 15.584183 981.918304
 116.800000 -2.931184 2.998101 15.875863 941.610406
 117.000000 2.998497 2.451065 0.017777 974.024605
 117.200000 -2.647515 2.853097 20.738467 30.231942
 117.400000 -2.392116 2.827373 20.433560 20.289247
 117.600000 -2.554732 2.310950 20.992520 0.022102
 117.800000 -2.342437 2.870613 20.215684 19.219044
 118.000000 -2.740693 2.846235 19.965286 132.488880
 118.200000 -3.058154 2.637445 11.540673 1583.700545
 118.400000 -2.832211 3.091091 18.533749 437.959314
 118.600000 -3.069995 2.840769 11.061720 1690.918192
 118.800000 -3.057635 2.712963 11.561295 1579.299555
 119.000000 -2.693750 2.903031 20.462699 68.910785
 119.200000 -2.677600 2.586133 20.630204 55.333838
 119.400000 -2.383531 2.648610 20.482121 21.182065
 119.600000 -2.303572 2.909725 20.107758 27.818676
 119.800000 -2.555740 2.572099 21.093940 0.002279
 120.000000 -2.594512 2.811904 21.046685 6.169597
 120.200000 -2.496511 3.128256 21.039544 11.487568
 120.400000 -2.799216 2.528580 19.228429 298.555056
 120.600000 -2.517195 2.776985 21.099660 5.689213
 120.800000 -2.197705 2.914940 19.330901 100.627719
 121.000000 -2.359692 2.413878 20.415838 21.187478
 121.200000 -1.971069 2.572224 18.226416 18.371098
 121.400000 -2.492555 2.646225 21.081308 13.106180
 121.600000 -2.785495 2.922252 19.489114 252.968160
 121.800000 3.006072 2.834333 0.499924 2637.217228
 122.000000 -3.099916 2.980606 9.903286 2043.144758
 122.200000 -2.679740 2.865665 20.747771 63.525642
 122.400000 -2.454282 2.668937 20.970970 23.174413
 122.600000 -1.993495 2.740665 18.161125 7.160071
 122.800000 -2.246723 2.525901 19.839602 64.090726
 123.000000 -2.027318 2.730047 18.120321 0.158153
 123.200000 -2.353977 2.619694 20.516159 23.872692
 123.400000 -2.624273 2.835220 21.150169 22.595241
 123.600000 -3.023798 2.860270 13.074237 1336.479129
 123.800000 -2.980726 2.943841 14.577285 1113.825459
 124.000000 -1.857647 2.567002 18.902378 45.302148
 124.200000 -1.822611 1.750761 19.157477 64.741629
 124.400000 -1.323913 0.858512 25.799969 1.218577
 124.600000 -0.827048 0.105674 12.619388 1924.917098
 124.800000 -0.467769 -0.314680 -0.000002 0.000000
 125.000000 -0.537077 -0.404294 1.421191 1703.464699
 125.200000 -0.690966 0.130356 7.127635 1254.685588
 125.400000 -1.291085 0.772843 25.680831 29.186127
 125.600000 -1.952855 1.260942 18.355173 22.396943
 125.800000 -1.786233 2.007936 19.493656 114.838609
 126.000000 -1.899366 2.606222 18.646975 35.056509
 126.200000 -2.864329 3.008514 18.067316 577.270896
 126.400000 3.001677 3.085346 0.375520 2759.726559
 126.600000 -2.473354 2.820007 21.262390 21.353484
 126.800000 -2.080132 2.477384 18.382484 39.025092
 127.000000 -1.768453 2.479730 19.699378 154.277334
 127.200000 -2.501218 2.505549 21.424776 12.235739
 127.400000 2.985100 3.074419 -0.007775 6.605732
 127.600000 -3.106493 3.108254 9.833722 2169.372812
 127.800000 -2.417076 2.387755 21.014663 29.998112
 128.000000 -1.932773 2.380548 18.480845 27.150558
 128.200000 -1.870564 2.677463 18.844359 37.016679
 128.400000 3.124862 2.640560 7.259189 2900.688500
 128.600000 3.017798 -3.081542 1.253628 2808.258208
 128.800000 3.023222 2.861690 1.543507 2901.941466
 129.000000 -2.191503 2.595447 19.510774 113.575356
 129.200000 -1.784851 2.605450 19.512926 111.129579
 129.400000 -2.513504 2.272514 21.558270 8.346859
 129.600000 3.087119 2.995707 5.188827 3268.275206
 129.800000 2.957465 -2.937928 -0.000000 0.000000
 130.000000 3.131179 2.405332 7.632059 2822.829396
 130.200000 -2.016659 2.472785 18.266612 0.000343
 130.400000 -1.193818 2.592053 24.314034 436.621772
 130.600000 -0.743866 2.129377 9.018285 1552.477984
 130.800000 -1.051447 0.895964 20.555520 815.545844
 131.000000 -1.703333 0.075102 20.723308 369.866516
 131.200000 -2.282527 0.061320 20.406329 45.673203
 131.400000 -1.839542 0.639826 19.065621 45.195305
 131.600000 -0.869194 1.240810 14.351735 1783.083556
 131.800000 -1.031470 1.906206 19.967524 834.659179
 132.000000 -0.728424 2.538845 8.405794 1449.628506
 132.200000 -0.896905 2.196431 15.477674 1579.987624
 132.400000 -0.957298 1.713659 17.682286 1110.116967
 132.600000 -1.220043 1.006841 24.780904 287.673128
 132.800000 -1.230574 0.495733 24.950570 232.626794
 133.000000 -0.569487 0.313206 2.676768 1496.898451
 133.200000 -1.576968 0.443855 23.431669 397.813171
 133.400000 -1.941129 0.933906 18.519060 21.390794
 133.600000 -1.719656 1.127177 20.415934 298.915278
 133.800000 -0.416582 0.980526 -0.000000 0.000000
 134.000000 -1.763063 1.605339 19.771355 154.204954
 134.200000 -2.132309 1.906510 19.016816 110.868834
 134.400000 -1.661962 2.845553 21.561923 481.476055
 134.600000 -2.722564 2.844038 20.747328 142.123193
 134.800000 -3.053705 2.842554 12.343555 1557.672367
 135.000000 -2.922648 2.976963 16.755857 824.967911
 135.200000 -3.080143 2.664825 11.288674 1831.844167
 135.400000 -2.835319 3.084213 18.958825 436.702089
 135.600000 -2.764184 2.864141 20.218199 218.055750
 135.800000 -3.115895 2.741384 9.666795 2305.219805
 136.000000 -2.957594 2.990597 15.734777 975.520410
 136.200000 3.044720 2.699266 2.961412 3270.748143
 136.400000 3.051172 3.022770 3.331843 3318.977266
 136.600000 -2.651026 2.812117 21.508227 59.574413
 136.800000 -2.434373 2.209230 21.439259 36.207244
 137.000000 -1.861391 2.686844 18.975603 32.968316
 137.200000 -2.095987 2.780367 18.737044 68.023133
 137.400000 3.126410 2.485967 7.645858 2903.885643
 137.600000 -3.122394 -2.907046 9.416563 2399.504691
 137.800000 -2.440212 3.023101 21.505184 36.455650
 138.000000 -1.789060 1.758260 19.504719 90.129116
 138.200000 -1.109605 0.944614 22.100724 769.919167
 138.400000 -0.968156 -0.223408 17.967160 1040.536280
 138.600000 -0.688361 -0.763021 6.857671 1258.036572
 138.800000 -0.672199 0.164780 6.290175 1212.041859
 139.000000 -1.729776 1.395187 20.246856 244.781681
 139.200000 -2.147565 2.577253 19.292565 124.655548
 139.400000 -2.629974 -2.851078 21.748983 41.358665
 139.600000 -3.140879 2.736788 8.552334 2672.217005
 139.800000 -1.984925 2.660633 18.454803 5.030758
 140.000000 -1.812787 2.276350 19.321136 56.654427
 140.200000 -2.688374 2.173883 21.286600 103.621067
 140.400000 3.067263 -3.127787 4.387776 3403.753741
 140.600000 3.002282 -2.823208 0.742713 2669.070357
 140.800000 -2.677766 2.542184 21.391422 91.781172
 141.000000 -1.486553 2.365894 24.729080 119.101149
 141.200000 -0.656401 1.762978 5.706686 1195.067872
 141.400000 -0.800121 1.724266 11.260949 1889.399299
 141.600000 -1.924690 1.978777 18.708891 22.636592
 141.800000 -2.435738 2.811188 21.591982 40.585895
 142.000000 3.073260 2.980416 4.770090 3402.362021
 142.200000 3.001833 2.844894 0.770679 2681.482159
 142.400000 -2.227817 2.615610 20.226031 89.924649
 142.600000 -1.829667 2.560707 19.236943 42.202482
 142.800000 -2.294922 2.519495 20.753760 41.934177
 143.000000 -2.668105 2.891527 21.535195 82.907568
 143.200000 -2.896452 3.138020 17.738385 698.670072
 143.400000 3.140680 2.685208 8.596115 2683.957303
 143.600000 -1.997718 2.987331 18.496083 1.246449
 143.800000 -1.897075 2.372587 18.874140 25.782405
 144.000000 -1.956422 2.448147 18.601972 14.014162
 144.200000 -2.596419 2.656101 22.070051 15.665264
 144.400000 2.978275 3.114137 -0.011503 12.426491
 144.600000 -2.915664 2.854699 17.241900 787.856404
 144.800000 -2.400253 2.609587 21.433892 41.908880
 145.000000 -1.738195 2.769907 20.143522 196.159110
 145.200000 -2.295490 2.403335 20.817174 41.299482
 145.400000 -2.577582 2.687108 22.157660 5.205503
 145.600000 -2.915458 3.135619 17.274852 787.401143
 145.800000 3.112760 3.005844 7.162347 3076.859567
 146.000000 -2.584410 2.791738 22.139926 8.479547
 146.200000 -2.128871 2.722504 19.239487 113.380527
 146.400000 -2.044305 2.742317 18.603670 12.189699
 146.600000 -2.925975 2.593996 17.002329 836.317588
 146.800000 3.112507 3.034535 7.181355 3077.277572
 147.000000 -3.129945 2.809432 9.329590 2476.429991
 147.200000 -2.636268 2.629883 21.928939 53.107339
 147.400000 -1.649317 2.780789 21.747321 442.890607
 147.600000 -2.348628 2.234135 21.179361 35.004569
 147.800000 -2.073003 2.848226 18.766956 42.177780
 148.000000 -2.465826 2.775651 21.936322 37.664108
 148.200000 -2.612834 2.560669 22.107113 30.310178
 148.400000 -2.397954 2.850112 21.510598 43.634693
 148.600000 -2.233053 2.853602 20.407206 83.497675
 148.800000 -2.093775 2.454150 18.943663 71.148729
 149.000000 -2.038125 2.451843 18.622547 8.436785
 149.200000 -1.959204 2.860128 18.693605 11.827557
 149.400000 -2.678033 2.433082 21.619236 99.445618
 149.600000 -2.987749 3.058366 15.151762 1118.695579
 149.800000 -2.849870 -3.125936 19.027403 479.281707
 150.000000 -2.439013 2.601166 21.814669 46.222329
 150.200000 -2.171038 2.476656 19.809819 130.596478
 150.400000 -2.018716 2.797143 18.626015 1.048190
 150.600000 -2.487285 2.827191 22.142422 28.117597
 150.800000 -3.010998 2.863073 14.380161 1236.612300
 151.000000 -2.968672 2.814048 15.803659 1033.733871
 151.200000 -2.857645 2.738949 18.908645 511.678676
 151.400000 -2.833112 2.787521 19.433747 408.111493
 151.600000 -2.972085 3.012689 15.719511 1051.059619
 151.800000 -2.662911 2.807824 21.817307 84.635236
 152.000000 -2.472781 2.914071 22.088572 36.362595
 152.200000 -2.311208 2.725719 21.083702 35.860634
 152.400000 -2.110124 2.556506 19.190969 96.344611
 152.600000 -2.024823 2.650923 18.676358 3.035385
 152.800000 -2.321785 2.799529 21.146320 34.414686
 153.000000 2.985921 2.682805 0.201458 2928.901919
 153.200000 -2.431434 -3.073114 21.869337 48.515289
 153.400000 -2.204203 2.430362 20.259344 110.733630
 153.600000 -1.985285 1.937537 18.698674 2.728745
 153.800000 -1.620811 1.986690 22.287593 432.832969
 154.000000 -1.349083 2.208579 25.369020 1.409142
 154.200000 -2.086594 2.341385 19.030421 65.233408
 154.400000 -2.799839 2.806497 20.142249 290.721436
 154.600000 -2.913715 -2.987689 17.579196 788.599842
 154.800000 3.095317 2.549180 6.458792 3253.282245
 155.000000 -2.028700 2.849687 18.728120 5.021021
 155.200000 -2.001256 2.423063 18.723587 0.085349
 155.400000 -1.861871 2.336536 19.202908 22.008656
 155.600000 -2.485040 2.487434 22.271024 30.719692
 155.800000 -2.140169 3.095848 19.590586 128.431788
 156.000000 -2.705047 2.525744 21.485656 129.775101
 156.200000 -2.811858 2.519668 19.987265 323.932075
 156.400000 -2.800483 3.124791 20.186308 289.349973
 156.600000 3.012866 2.725929 1.736485 3059.941824
 156.800000 -2.515212 2.859169 22.436857 12.238015
 157.000000 -2.106440 2.529008 19.258633 94.395426
 157.200000 -1.940198 2.305692 18.904078 12.865200
 157.400000 -2.337451 2.427587 21.377359 33.007629
 157.600000 -2.242387 3.030008 20.741234 74.413130
 157.800000 -2.859736 2.470168 19.045794 517.100580
 158.000000 -2.755163 2.927819 20.908535 190.219231
 158.200000 -2.966127 2.810154 16.102130 1053.805401
 158.400000 3.067868 2.762910 4.976117 3456.234571
 158.600000 -2.504325 3.009189 22.446894 18.677707
 158.800000 -2.091264 2.636518 19.174583 73.602692
 159.000000 -1.925677 2.292297 18.977388 14.501013
 159.200000 -1.886594 2.516330 19.148488 16.309436
 159.400000 -2.234428 2.899641 20.728706 81.891993
 159.600000 -3.076830 2.772882 12.078182 1732.290834
 159.800000 -3.120230 3.084693 10.147969 2261.630123
 160.000000 3.104971 2.825091 7.140583 3121.107563
 160.200000 -3.114434 2.688553 10.446961 2175.317295
 160.400000 -3.067368 2.947823 12.490949 1641.833057
 160.600000 -2.890191 2.951823 18.398098 674.428830
 160.800000 -2.862422 2.785810 19.078411 529.411791
 161.000000 -3.009822 2.762272 14.668546 1263.883424
 161.200000 -3.104896 2.900427 10.914421 2045.928870
 161.400000 2.993207 2.913993 0.800106 2725.368583
 161.600000 -2.694345 2.737895 21.755287 116.718272
 161.800000 -2.465369 2.657689 22.308225 40.689371
 162.000000 -2.337204 2.734985 21.484506 32.019565
 162.200000 -2.529019 2.455187 22.628541 5.300684
 162.400000 -2.399962 2.782284 21.889023 43.658409
 162.600000 -2.695326 2.898581 21.768434 117.265475
 162.800000 -3.115364 2.554903 10.464976 2181.761308
 163.000000 3.046823 3.097297 3.853529 3480.383357
 163.200000 -3.129453 2.873326 9.825242 2379.889633
 163.400000 -2.875652 2.727075 18.861364 593.424551
 163.600000 -2.803188 2.765674 20.345428 285.037143
 163.800000 3.118726 2.833634 8.024623 2917.619710
 164.000000 -2.613765 2.945364 22.498336 34.627456
 164.200000 -2.789839 2.826492 20.593229 247.710359
 164.400000 -2.817298 2.782460 20.129283 328.911523
 164.600000 3.015375 2.991648 2.089925 3199.144650
 164.800000 3.140001 2.824253 9.176660 2585.218957
 165.000000 -2.210285 2.852764 20.635092 106.073931
 165.200000 -1.866861 2.141517 19.291712 12.585099
 165.400000 -1.951781 1.885887 19.019101 6.376736
 165.600000 -1.762038 2.082017 19.876078 86.557841
 165.800000 -2.095902 2.463850 19.402214 83.308983
 166.000000 -2.449309 2.936629 22.302607 45.750048
 166.200000 3.079464 2.865433 5.918752 3414.234209
 166.400000 3.036008 2.744106 3.347462 3470.157594
 166.600000 -2.409752 3.124724 22.055551 45.328219
 166.800000 -2.430175 2.405859 22.195159 47.535203
 167.000000 -2.013087 2.629415 18.986633 1.815279
 167.200000 -2.181554 2.688236 20.398644 130.511922
 167.400000 -2.534236 2.764255 22.761938 3.193674
 167.600000 -2.930433 2.718340 17.495651 903.174677
 167.800000 3.029108 3.036477 2.975625 3424.501697
 168.000000 -2.774071 3.024523 20.927804 208.201650
 168.200000 -2.496151 2.625630 22.656629 23.487508
 168.400000 -1.949611 2.722834 19.081445 5.702876
 168.600000 -2.170016 2.593084 20.290760 135.790806
 168.800000 -2.217342 2.688539 20.809368 99.033311
 169.000000 -2.482354 2.694997 22.584037 31.858980
 169.200000 -2.718203 2.822856 21.699612 130.497862
 169.400000 -3.128803 2.835300 10.061792 2332.809394
 169.600000 -3.052447 2.989376 13.349927 1500.534200
 169.800000 3.138321 2.627860 9.265837 2582.755195
 170.000000 -2.761449 2.962629 21.163881 182.209168
 170.200000 -3.057394 2.916435 13.187658 1531.310772
 170.400000 2.970488 2.714921 -0.027570 3.140083
 170.600000 -2.863660 2.978150 19.378390 533.346369
 170.800000 -2.750130 2.644917 21.341725 164.216268
 171.000000 -2.652489 2.708657 22.387584 72.753401
 171.200000 -2.648330 2.897152 22.448948 68.660917
 171.400000 -3.109934 2.849530 11.014209 2054.190471
 171.600000 -2.927003 2.980900 17.726353 894.669817
 171.800000 -2.894682 2.780294 18.641811 709.451643
 172.000000 -2.971381 2.608324 16.318521 1111.215898
 172.200000 -2.712226 3.037753 21.851720 122.416944
 172.400000 -3.109959 2.826369 11.047875 2050.955363
 172.600000 3.020003 2.648961 2.604375 3391.115581
 172.800000 -3.121599 3.057894 10.510737 2210.938645
 173.000000 3.024770 2.754393 2.883188 3448.830705
 173.200000 -3.071347 2.684573 12.733920 1633.958699
 173.400000 -2.536755 2.957802 22.918975 2.531311
 173.600000 -2.834083 2.647786 20.119365 384.033843
 173.800000 -3.077795 2.930540 12.471108 1690.431478
 174.000000 3.015151 2.971544 2.356309 3339.186396
 174.200000 -2.853646 2.898445 19.753296 475.383234
 174.400000 -2.189793 2.666584 20.658173 123.032860
 174.600000 -1.938240 2.244311 19.214551 4.596189
 174.800000 -2.228822 2.118879 21.057687 85.410228
 175.000000 -1.877023 2.887900 19.360510 6.137769
 175.200000 -2.345850 2.712275 21.863997 31.972927
 175.400000 3.061746 2.237879 5.202001 3590.012008
 175.600000 -2.774043 -2.974564 21.183615 193.827982
 175.800000 -3.130420 2.997581 10.206359 2332.282053
 176.000000 -3.135892 2.335237 9.939706 2417.144900
 176.200000 -2.579838 3.016975 22.972119 6.946204
 176.400000 -2.693061 2.783410 22.171356 103.688135
 176.600000 -2.998522 2.480635 15.575502 1233.275223
 176.800000 -2.934550 3.132036 17.691840 942.053197
 177.000000 2.922811 2.715689 -0.000000 0.000000
 177.200000 -2.745067 2.689846 21.623015 147.049680
 177.400000 -1.733079 2.678750 20.128578 123.299610
 177.600000 -1.955070 2.291641 19.229385 2.253137
 177.800000 -2.004773 2.482135 19.212279 1.424850
 178.000000 -2.190978 2.936213 20.737511 120.748337
 178.200000 -2.686750 2.472120 22.290872 97.881415
 178.400000 3.093729 2.788020 7.202400 3283.513542
 178.600000 2.977411 3.107705 0.431989 2829.350952
 178.800000 3.126928 2.582915 9.027074 2748.418289
 179.000000 -2.287109 2.564357 21.584256 38.814667
 179.200000 -1.697190 2.849893 20.580067 217.836035
 179.400000 -2.047223 2.115101 19.380750 25.446837
 179.600000 -2.238065 2.232300 21.246633 73.438990
 179.800000 -1.863788 3.030901 19.433981 4.495334
 180.000000 -2.487713 2.745979 22.872700 32.691849
 180.200000 3.023049 2.393413 3.056438 3557.489299
 180.400000 -3.140792 3.123336 9.902465 2489.991570
 180.600000 2.980497 2.886184 0.650119 2773.698733
 180.800000 -2.514416 2.641573 23.024597 14.939085
 181.000000 -1.526603 2.782826 23.539507 205.427212
 181.200000 -1.590498 2.172980 22.456680 339.917956
 181.400000 -2.346285 1.940542 21.979070 31.392138
 181.600000 -1.859963 2.566622 19.460043 4.000343
 181.800000 -2.116863 2.945493 19.990107 113.322699
 182.000000 -2.918267 2.327327 18.375895 843.868434
 182.200000 -2.399870 -3.076123 22.328579 46.474249
 182.400000 -2.384368 2.787746 22.225819 41.387509
 182.600000 -2.547611 1.951068 23.149705 0.659636
 182.800000 -1.646441 2.671075 21.394879 331.453586
 183.000000 -1.654381 2.698122 21.251805 317.471723
 183.200000 -2.604653 2.349865 23.055185 23.601399
 183.400000 -2.825839 2.984632 20.629368 326.139261
 183.600000 2.877246 3.074913 -0.000000 0.000000
 183.800000 -2.915911 2.619985 18.516756 827.460988
 184.000000 -2.031975 2.834102 19.397045 14.445103
 184.200000 -1.820716 2.139423 19.571772 7.592514
 184.400000 -2.191142 2.227228 20.898825 118.010176
 184.600000 -1.973680 2.869806 19.328021 0.108654
 184.800000 -2.522753 2.742534 23.146593 10.650333
 185.000000 -3.108229 2.636821 11.603704 1999.285325
 185.200000 -2.901026 -3.032978 19.002946 733.458367
 185.400000 3.140090 2.649825 9.989719 2522.354009
 185.600000 -3.059623 2.606658 13.665758 1525.884185
 185.800000 -2.594947 -3.003569 23.148383 15.439787
 186.000000 -3.048922 2.489174 14.078981 1458.309280
 186.200000 -2.487106 2.902499 23.023195 35.683038
 186.400000 -2.165297 2.833178 20.651434 131.829438
 186.600000 -2.031714 2.263074 19.462312 15.006835
 186.800000 -1.784559 2.100839 19.711992 23.789380
 187.000000 -1.920944 2.571152 19.419244 1.983542
 187.200000 -2.791402 2.690453 21.313778 210.657360
 187.400000 2.963693 -3.107510 -0.009284 374.173274
 187.600000 2.983965 2.805524 1.025186 2946.314931
 187.800000 3.008175 2.391769 2.399893 3470.263291
 188.000000 -2.417863 3.076414 22.556694 52.697316
 188.200000 -2.088194 2.697475 19.871302 76.847741
 188.400000 -1.911818 1.951213 19.461912 1.461157
 188.600000 -1.482858 1.795684 23.931260 112.991915
 188.800000 -1.570253 1.155305 22.699759 295.330457
 189.000000 -1.044744 0.337623 19.303455 839.657348
 189.200000 -0.552128 -0.406030 1.290383 1099.140283
 189.400000 -0.611405 -0.618313 3.250043 1095.938550
 189.600000 -1.011414 0.146537 18.299139 893.818054
 189.800000 -0.749209 0.827907 8.259416 1692.103997
 190.000000 -1.156047 1.639318 22.329248 600.435706
 190.200000 -0.818241 1.562698 11.182311 1865.645661
 190.400000 -0.723588 1.548530 7.207120 1541.108704
 190.600000 -1.022573 2.135679 18.607181 872.463462
 190.800000 -0.627929 2.150784 3.776879 1113.594823
 191.000000 -1.100998 2.314183 20.854445 768.514046
 191.200000 -1.218157 1.914902 23.593061 294.684953
 191.400000 -0.159273 1.243471 -0.000000 0.000000
 191.600000 -1.253803 1.398050 24.112261 142.072689
 191.800000 -0.696794 0.545165 6.163935 1379.976993
 192.000000 -0.456527 -0.517469 -0.000000 0.000000
 192.200000 -0.985185 -0.558392 17.433813 969.973167
 192.400000 -0.599933 0.174612 2.813414 1079.030722
 192.600000 -1.263102 0.983906 24.194478 110.950837
 192.800000 -1.765346 1.214765 19.811898 37.148110
 193.000000 -0.974312 0.953900 17.091684 1011.252980
 193.200000 -1.367981 0.751601 24.563203 3.690463
 193.400000 -1.533753 0.924394 23.204668 213.227172
 193.600000 -1.395871 1.278819 24.478159 17.024273
 193.800000 -1.112825 0.853336 21.120035 741.036695
 194.000000 -1.324530 0.593921 24.557985 5.615145
 194.200000 -1.260839 0.855236 24.128681 118.468088
 194.400000 -1.104999 1.362350 20.888532 757.701170
 194.600000 -1.161947 1.171072 22.366569 568.678858
 194.800000 -1.445611 0.736179 24.169262 59.260306
 195.000000 -1.572652 0.616237 22.570575 291.420817
 195.200000 -0.977073 0.964592 17.123047 1005.175119
 195.400000 -1.380964 1.487284 24.500908 8.600549
 195.600000 -1.492049 1.068576 23.716248 127.177235
 195.800000 -0.694096 0.034376 5.992288 1370.474596
 196.000000 -0.586015 -0.455821 2.306636 1064.838287
 196.200000 -0.900264 -0.375790 14.440833 1446.088616
 196.400000 -0.528997 -0.103884 0.431932 1132.313383
 196.600000 -0.579066 0.297931 2.064294 1060.074174
 196.800000 -1.658401 1.137319 21.039918 272.912510
 197.000000 -1.588803 1.458355 22.266787 311.007082
 197.200000 -0.618357 1.055573 3.334536 1088.412015
 197.400000 -1.757304 1.033734 19.857727 43.684201
 197.600000 -1.603714 0.544255 21.992582 320.411553
 197.800000 -1.278768 0.994775 24.250465 69.408957
 198.000000 -1.367206 1.448276 24.505896 2.995326
 198.200000 -1.815553 1.341081 19.628607 3.205269
 198.400000 -0.954122 0.929335 16.325334 1115.431374
 198.600000 -1.458031 0.734603 24.019472 73.661999
 198.800000 -1.445712 1.001157 24.119495 58.677475
 199.000000 -1.260327 1.017726 24.057838 120.175525
 199.200000 -1.069976 1.001061 19.839714 818.864264
 199.400000 -1.854138 0.906705 19.593800 0.167873
 199.600000 -1.407054 0.855322 24.352482 23.106978
 199.800000 -0.720277 1.029628 6.928779 1529.517629
 200.000000 -0.998080 1.580737 17.714920 945.896204
 200.200000 -1.191657 1.589844 24.459456 417.699449
 200.400000 -0.592742 0.947509 3.969834 1055.435629
 200.600000 -1.689338 0.960058 22.071188 191.807113
 200.800000 -1.647349 0.695317 22.724903 287.649610
 201.000000 -0.918602 0.731686 16.571997 1325.402030
 201.200000 -1.102082 1.260454 22.234740 761.831338
 201.400000 -1.276083 1.253159 25.681402 76.817551
 201.600000 -1.057752 0.630304 20.978561 838.173502
 201.800000 -0.843647 -0.101481 13.589569 1770.217667
 202.000000 -0.488273 -0.414410 0.617369 943.730203
 202.200000 -0.721887 -0.133257 8.456235 1542.303374
 202.400000 -0.885838 0.368148 15.289974 1539.575076
 202.600000 -1.598122 1.296313 23.569513 311.466242
 202.800000 -1.370262 1.239063 25.950815 3.216936
 203.000000 -1.189314 0.639356 24.374614 426.558166
 203.200000 -1.083837 0.297832 21.693863 799.126594
 203.400000 -0.725562 0.187592 8.583550 1565.351402
 203.600000 -1.108771 0.524962 22.387426 745.423958
 203.800000 -1.269184 1.048542 25.581816 94.770561
 204.000000 -1.522306 1.319902 24.771417 184.518108
 204.200000 -1.090009 0.788520 21.854455 787.732534
 204.400000 -1.075469 0.266699 21.442871 814.256003
 204.600000 -0.649686 0.004044 5.776625 1172.599722
 204.800000 -0.519567 -0.185823 1.543881 994.717343
 205.000000 -0.669445 -0.223151 6.464483 1254.749502
 205.200000 -0.741068 -0.067840 9.174189 1653.413036
 205.400000 -0.618088 -0.001709 4.700416 1086.335424
 205.600000 -1.093161 0.289749 21.930820 780.872893
 205.800000 -1.276968 0.735683 25.620790 75.262184
 206.000000 -1.463266 1.274074 25.411949 78.670752
 206.200000 -1.379722 1.132649 25.875632 6.099530
 206.400000 -1.190399 0.404741 24.336472 416.548637
 206.600000 -0.682619 0.231956 6.909040 1322.649435
 206.800000 -0.727480 -0.078438 8.615437 1576.857428
 207.000000 -0.641840 -0.293509 5.479734 1149.181839
 207.200000 -0.592452 -0.304764 3.835036 1054.176975
 207.400000 -0.552900 -0.095098 2.559732 1027.289278
 207.600000 -1.126455 0.363735 22.813604 689.287775
 207.800000 -1.110836 1.137651 22.396370 736.660352
 208.000000 -1.622827 1.359490 23.083567 308.506441
 208.200000 -1.380152 1.120028 25.852782 6.148949
 208.400000 -1.030367 0.416954 20.081623 895.558985
 208.600000 -0.708595 0.042666 7.861493 1465.991118
 208.800000 -0.883647 -0.225084 15.097753 1549.501013
 209.000000 -0.512615 -0.143314 1.268414 975.412657
 209.200000 -0.765711 0.213651 10.151805 1747.701212
 209.400000 -1.333608 0.653331 25.860570 3.539363
 209.600000 -1.280798 1.226252 25.600477 67.472082
 209.800000 -0.854836 1.400815 13.918872 1699.950768
 210.000000 -1.349309 1.241016 25.877490 0.088057
 210.200000 -1.478925 0.972235 25.211319 103.133805
 210.400000 -1.069870 0.671759 21.224178 828.533751
 210.600000 -1.104188 0.768199 22.190202 752.115098
 210.800000 -1.412042 1.152660 25.715622 24.702301
 211.000000 -1.124574 0.982732 22.738215 691.094332
 211.200000 -1.162991 0.741377 23.686440 537.453044
 211.400000 -1.376347 1.022083 25.835177 4.374293
 211.600000 -1.611808 0.923463 23.237683 310.720327
 211.800000 -1.238359 0.920067 25.107720 196.342336
 212.000000 -1.295638 1.156331 25.686920 40.053319
 212.200000 -1.218672 1.037885 24.798269 277.447588
 212.400000 -1.359594 0.575866 25.852805 0.345252
 212.600000 -0.994834 0.438854 18.949019 1001.333350
 212.800000 -1.084151 0.797866 21.620897 802.583753
 213.000000 -1.705031 1.133975 21.764292 147.657643
 213.200000 -1.470810 1.181331 25.273827 91.611286
 213.400000 -1.278875 1.049291 25.550429 72.351980
 213.600000 -1.539633 1.035520 24.426622 222.558473
 213.800000 -1.155618 0.820689 23.504911 567.624989
 214.000000 -1.282286 0.883299 25.578682 64.967458
 214.200000 -1.397461 1.096992 25.762292 14.522202
 214.400000 -1.239329 0.864781 25.106539 191.584142
 214.600000 -0.858135 0.477993 13.984534 1659.688201
 214.800000 -1.493985 0.593499 25.026663 131.643521
 215.000000 -1.324868 1.198145 25.807151 8.622978
 215.200000 -0.814662 1.273179 12.165882 1770.246713
 215.400000 -1.030172 1.378388 20.021024 927.470994
 215.600000 -1.729838 0.913643 21.467745 90.508822
 215.800000 -1.205199 0.588262 24.554836 336.445093
 216.000000 -1.293869 1.192974 25.659862 43.622701
 216.200000 -1.706352 1.320072 21.712694 146.126860
 216.400000 -1.617878 0.884759 23.093770 313.252422
 216.600000 -0.916936 0.392617 16.244347 1357.934131
 216.800000 -0.995573 0.296000 18.936663 1021.800932
 217.000000 -1.113604 0.507349 22.430799 729.129397
 217.200000 -1.218698 0.831244 24.790234 275.045306
 217.400000 -1.183027 1.153923 24.118543 439.718803
 217.600000 -1.093508 1.103990 21.877061 790.475018
 217.800000 -1.682141 0.823346 22.027548 209.275982
 218.000000 -1.270533 0.900671 25.470141 92.871498
 218.200000 -1.347519 1.012950 25.850868 0.427780
 218.400000 -1.582176 1.274475 23.716988 300.753496
 218.600000 -0.973075 0.725456 18.190542 1107.711805
 218.800000 -1.148940 0.576841 23.344868 595.405141
 219.000000 -1.429399 0.952390 25.605854 40.709555
 219.200000 -0.965732 1.308395 17.938546 1141.350226
 219.400000 -0.965229 1.273621 17.921573 1143.332470
 219.600000 -1.436072 0.876909 25.565087 48.054401
 219.800000 -1.267697 0.704696 25.446372 100.517384
 220.000000 -1.152983 1.089262 23.446146 577.554744
 220.200000 -1.095618 1.307805 21.944762 789.370099
 220.400000 -1.310735 0.858350 25.764890 21.616897
 220.600000 -1.217810 0.495651 24.783963 278.410483
 220.800000 -1.357770 0.992921 25.862763 0.099392
 221.000000 -1.170347 1.223993 23.853510 498.222491
 221.200000 -1.553302 0.857377 24.199343 260.450902
 221.400000 -1.138641 0.618109 23.102965 639.069005
 221.600000 -0.912125 0.794633 16.018234 1398.149027
 221.800000 -1.509896 1.351203 24.836404 170.749026
 222.000000 -1.096962 0.753207 21.987393 787.262280
 222.200000 -1.096974 0.425093 21.994533 788.893756
 222.400000 -0.880514 0.441235 14.793204 1553.931968
 222.600000 -1.435586 0.627437 25.592595 49.571612
 222.800000 -1.390461 1.196325 25.825916 10.692798
 223.000000 -1.454150 1.257750 25.447680 73.484412
 223.200000 -1.124678 0.878676 22.757807 694.445322
 223.400000 -1.741135 1.061230 21.295028 73.527515
 223.600000 -0.837323 0.978994 13.034857 1707.111978
 223.800000 -1.607439 1.136285 23.256370 326.446106
 224.000000 -1.639237 0.957460 22.687678 305.675871
 224.200000 -1.076201 0.621803 21.414824 853.269736
 224.400000 -1.120531 0.632500 22.656676 710.175698
 224.600000 -1.705594 1.207297 21.662993 156.367781
 224.800000 -1.406732 1.250348 25.790383 22.141589
 225.000000 -1.114415 0.987203 22.492396 732.597289
 225.200000 -2.046644 0.892504 21.262284 32.074513
 225.400000 -1.374682 0.788117 25.910322 3.350452
 225.600000 -0.962388 0.896435 17.800990 1198.468939
 225.800000 -1.406293 1.348136 25.806802 21.959415
 226.000000 -1.939762 1.125051 20.951206 1.427657
 226.200000 -0.925181 0.559229 16.466371 1365.837125
 226.400000 -0.748671 0.027438 9.341016 1630.832632
 226.600000 -0.779405 -0.214528 10.599088 1712.419487
 226.800000 -0.619559 -0.320821 4.539084 1178.322518
 227.000000 -0.326492 -0.060377 -0.000000 0.000000
 227.200000 -1.327467 0.456146 25.910731 9.516726
 227.400000 -1.394170 1.129027 25.885499 13.091293
 227.600000 -1.145564 1.722099 23.327600 606.037764
 227.800000 -0.721328 1.761649 8.249152 1528.075843
 228.000000 -0.302133 1.743632 -0.000000 0.000000
 228.200000 -0.882998 2.068759 14.840850 1559.528162
 228.400000 -0.521823 1.786411 1.284625 993.417143
 228.600000 -0.690134 1.916017 7.050789 1405.234673
 228.800000 -1.071277 1.709047 21.306054 876.763892
 229.000000 -1.110784 1.298512 22.432476 745.434352
 229.200000 -1.651413 0.856060 22.460822 293.709673
 229.400000 -1.587973 0.901515 23.607659 331.036952
 229.600000 -1.090654 1.072121 21.880823 815.780666
 229.800000 -1.272764 1.424635 25.584770 95.368278
 230.000000 -1.128567 0.982199 22.917124 675.062142
 230.200000 -1.447272 0.547915 25.603272 72.791763
 230.400000 -1.405154 0.618403 25.881827 21.828333
 230.600000 -1.235555 1.177841 25.141301 211.348853
 230.800000 -1.354016 1.210247 25.994596 0.125500
 231.000000 -1.299080 0.715118 25.809177 42.901313
 231.200000 -1.678810 0.821885 22.011117 234.301095
 231.400000 -0.713003 0.917154 7.913415 1497.494434
 231.600000 -1.659371 1.230729 22.323330 280.657722
 231.800000 -1.335586 0.787856 25.984911 5.617478
 232.000000 -0.563064 -0.036286 2.584494 1096.188729
 232.200000 -0.498224 -0.515465 0.504827 952.268949
 232.400000 -1.046795 -0.236624 20.609223 963.311932
 232.600000 -0.598185 0.125368 3.755175 1164.900911
 232.800000 -0.832487 0.575783 12.770210 1705.486541
 233.000000 -1.569864 1.200054 23.945358 318.882847
 233.200000 -1.469295 1.429180 25.434086 114.621725
 233.400000 -0.670674 0.784365 6.312501 1351.054072
 233.600000 -0.844777 0.106155 13.272216 1684.022669
 233.800000 -0.670731 -0.462623 6.314591 1351.237767
 234.000000 -0.665102 -0.377031 6.108393 1333.350219
 234.200000 -0.965384 0.237798 17.920590 1257.672114
 234.400000 -0.896189 0.913327 15.336148 1533.324658
 234.600000 -1.250342 2.010512 25.386205 162.521295
 234.800000 -1.161186 2.730708 23.775916 527.260154
 235.000000 -1.324067 2.387454 25.991582 14.494226
 235.200000 -1.927189 1.683660 20.818192 1.558399
 235.400000 -1.402703 1.049267 25.973082 20.063157
 235.600000 -0.399404 0.113341 -0.000000 0.000000
 235.800000 -0.600904 -0.907607 3.831364 1184.582037
 236.000000 -0.665164 -0.165422 6.108511 1339.763653
 236.200000 -1.146040 1.252694 23.441628 592.653382
 236.400000 -0.964273 2.189959 17.891701 1275.492511
 236.600000 -0.628998 2.502935 4.807997 1247.751956
 236.800000 -1.176176 2.158655 24.132258 458.758327
 237.000000 -1.919854 1.090348 20.797674 1.327788
 237.200000 -0.812107 0.120628 11.915972 1711.649269
 237.400000 -0.441440 -0.536183 -0.000018 0.000016
 237.600000 1.298023 -1.220104 -0.000000 0.000000
