#! FIELDS time phi psi ves.bias ves.force2
#! SET min_phi -pi
#! SET max_phi pi
#! SET min_psi -pi
#! SET max_psi pi
 0.000000 -1.498385 0.273949 27.215882 148.921278
 0.200000 -0.589215 0.239519 4.067601 670.939898
 0.400000 -1.639268 0.754769 25.028758 264.287620
 0.600000 -1.761248 1.270788 23.411321 87.856071
 0.800000 -0.783588 1.146563 11.278473 1982.114482
 1.000000 -1.406137 1.438722 27.951328 11.073780
 1.200000 -1.704215 1.233666 24.332789 179.837628
 1.400000 -0.781565 0.295186 11.240198 1898.847091
 1.600000 -1.359375 0.177476 28.105333 0.518807
 1.800000 -0.601994 0.094822 4.591590 812.423267
 2.000000 -1.483843 0.604964 27.401682 115.658258
 2.200000 -1.765689 1.321122 23.665747 142.323834
 2.400000 -1.215984 1.461001 26.737653 389.052691
 2.600000 -1.295061 1.273625 27.864286 72.529724
 2.800000 -1.939701 1.010485 22.706035 0.359051
 3.000000 -1.062980 0.911736 22.599183 1052.942457
 3.200000 -0.778459 0.951856 11.176350 1823.983529
 3.400000 -1.638550 1.347007 25.671108 244.723278
 3.600000 -1.692203 1.158932 24.814524 253.931164
 3.800000 -0.800618 0.697345 12.132596 1896.358595
 4.000000 -0.803079 0.299784 12.239865 1902.627973
 4.200000 -0.998802 0.010210 20.444247 1323.339800
 4.400000 -0.558669 -0.203615 3.523270 654.380632
 4.600000 -0.325209 -0.024918 0.159881 51.305750
 4.800000 -1.474716 0.259269 27.743995 57.378343
 5.000000 -1.714797 0.901414 24.556156 253.985022
 5.200000 -1.009868 1.505196 20.872987 1289.240835
 5.400000 -0.603347 2.070785 4.855704 941.168292
 5.600000 -1.071927 2.483436 22.985777 1034.757986
 5.800000 -0.691014 2.378107 7.865653 1414.984024
 6.000000 -0.586393 1.710422 4.349112 844.812000
 6.200000 -0.860227 1.204681 14.964163 1812.156502
 6.400000 -1.820695 0.476608 23.217881 100.844122
 6.600000 -1.741829 0.263919 24.254797 243.935143
 6.800000 -2.127983 0.620922 23.322589 36.592490
 7.000000 -1.192782 1.201352 26.339242 465.876613
 7.200000 -1.195286 1.678362 26.395110 437.316440
 7.400000 -0.756777 1.941264 10.682773 1648.208024
 7.600000 -0.628392 2.152881 5.871597 1128.759101
 7.800000 -0.675523 2.130244 7.531337 1347.268459
 8.000000 -0.610225 1.818361 5.273976 1035.071048
 8.200000 -0.790362 1.354250 12.172606 1727.799140
 8.400000 -1.034239 0.934109 21.950214 1148.316334
 8.600000 -1.285467 0.785133 27.795576 101.474045
 8.800000 -0.806800 0.596631 12.859520 1763.247352
 9.000000 -1.469352 0.929766 27.845913 47.627108
 9.200000 -0.913721 1.327231 17.483471 1708.235603
 9.400000 -0.582981 1.404563 4.609474 943.042673
 9.600000 -0.816542 1.684997 13.373894 1785.757214
 9.800000 -0.744762 2.275452 10.414223 1595.626448
 10.000000 -0.770404 2.271450 11.451578 1676.277986
 10.200000 -1.031058 2.050508 22.009290 1105.425076
 10.400000 -0.849927 1.378902 14.918549 1807.184464
 10.600000 -1.097553 1.079936 24.050557 794.986694
 10.800000 -1.702025 0.961042 25.148858 255.116041
 11.000000 -0.921804 0.681600 17.934192 1665.231169
 11.200000 -1.341866 0.886579 28.205134 11.312419
 11.400000 -1.714802 1.012007 24.977239 263.624415
 11.600000 -1.071549 0.927404 23.345916 883.832876
 11.800000 -0.974657 0.921070 20.104172 1381.270108
 12.000000 -1.505424 0.927664 27.620008 68.877134
 12.200000 -1.297541 0.876229 27.959105 75.850428
 12.400000 -1.043652 0.898993 22.555127 987.195604
 12.600000 -1.582806 1.092704 26.904406 124.959532
 12.800000 -0.834829 0.710153 14.565911 1756.402888
 13.000000 -1.348815 0.814986 28.247441 6.914999
 13.200000 -1.510993 0.963412 27.656421 67.023747
 13.400000 -0.620331 0.950317 6.201333 1304.130216
 13.600000 -1.156065 1.680637 25.654384 522.731249
 13.800000 -1.079098 1.924164 23.683488 803.279885
 14.000000 -0.505207 2.031047 2.571048 647.395451
 14.200000 -1.203683 2.140098 26.698329 351.244803
 14.400000 -0.882170 2.183361 16.787609 1687.451163
 14.600000 -0.373311 1.840607 0.305091 99.343300
 14.800000 -0.934322 1.605981 18.879514 1511.392642
 15.000000 -1.448196 1.243611 28.141044 28.338232
 15.200000 -0.631426 -0.039498 6.763369 1423.301415
 15.400000 -0.343192 -0.718878 0.033278 25.971773
 15.600000 -0.741336 -0.238904 11.090701 1644.096836
 15.800000 -1.087666 0.361937 24.071940 743.892048
 16.000000 -1.401815 1.253372 28.364213 4.340769
 16.200000 -1.456409 1.634965 28.186577 31.289358
 16.400000 -0.849288 1.208362 15.651756 1704.717281
 16.600000 -1.239696 1.317012 27.383376 222.515309
 16.800000 -1.468526 1.180082 28.114969 38.639920
 17.000000 -0.980763 0.354594 20.802070 1261.489133
 17.200000 -0.586770 -0.611146 5.285065 1313.238837
 17.400000 -0.662674 -0.738116 8.182834 1558.586274
 17.600000 -0.748090 -0.187983 11.607422 1645.726590
 17.800000 -0.906718 0.746844 18.086122 1585.020633
 18.000000 -0.977478 1.544369 20.772476 1273.835815
 18.200000 -0.566698 1.249279 4.651688 1239.041071
 18.400000 -0.673488 1.505314 8.727016 1584.066120
 18.600000 -0.960069 1.841097 20.229321 1359.626866
 18.800000 -0.836160 1.691461 15.313973 1681.934611
 19.000000 -0.989231 2.227264 21.273891 1204.932132
 19.200000 -0.853432 2.464694 16.132885 1660.071716
 19.400000 -0.658026 2.165990 8.240927 1580.055875
 19.600000 -0.689718 1.742730 9.505908 1602.920307
 19.800000 -0.622665 1.138219 6.847421 1517.094650
 20.000000 -1.534716 0.736624 27.721609 94.096058
 20.200000 -1.637098 0.440628 26.477010 230.817784
 20.400000 -1.338171 0.930194 28.508859 21.999717
 20.600000 -0.657585 1.246754 8.373154 1605.061325
 20.800000 -1.198219 1.990500 26.851379 326.121315
 21.000000 -0.725998 2.293059 11.117993 1607.762798
 21.200000 -0.555282 2.081493 4.501627 1322.980522
 21.400000 -1.465550 1.786786 28.355673 42.827702
 21.600000 -2.415248 1.355290 24.834648 14.564353
 21.800000 -1.807829 1.421785 23.419194 268.388572
 22.000000 -0.490909 1.068501 2.396875 803.891017
 22.200000 -1.548518 1.055177 27.663204 116.538309
 22.400000 -2.165630 0.592881 22.885071 35.818496
 22.600000 -1.932855 -0.210958 22.165102 7.455435
 22.800000 -1.328526 -0.005157 28.512341 34.949972
 23.000000 -0.425859 0.626396 0.890518 331.316162
 23.200000 -0.900707 1.515599 18.402138 1499.684336
 23.400000 -0.834822 2.237907 15.819060 1552.055622
 23.600000 -0.520474 2.260015 3.415670 1150.619705
 23.800000 -0.659174 1.969692 8.831489 1668.065023
 24.000000 -0.901820 1.656580 18.445234 1497.440809
 24.200000 -0.562487 0.897473 5.030047 1500.642922
 24.400000 -1.544466 0.720647 27.756332 119.029560
 24.600000 -1.760041 0.883981 24.269345 380.294286
 24.800000 -1.313224 0.951411 28.446158 59.298266
 25.000000 -1.116136 1.245959 25.331018 529.928842
 25.200000 -1.177729 1.231246 26.638475 337.944775
 25.400000 -1.328523 0.581885 28.569175 38.872038
 25.600000 -1.264502 0.485095 27.973452 147.961376
 25.800000 -1.103724 0.565802 25.084190 566.671231
 26.000000 -1.523714 1.124813 27.999343 100.515775
 26.200000 -1.166205 1.087293 26.469724 361.512308
 26.400000 -1.220355 0.960238 27.399747 235.187110
 26.600000 -1.179619 1.003517 26.718596 327.462430
 26.800000 -1.111344 0.801789 25.317497 533.616777
 27.000000 -1.443415 1.001166 28.658005 24.270159
 27.200000 -0.944803 1.104660 20.370037 1307.510398
 27.400000 -1.476226 1.133832 28.496989 56.332917
 27.600000 -1.798723 0.837082 23.527885 333.678869
 27.800000 -1.404821 0.623946 28.829623 2.178424
 28.000000 -0.548965 0.765662 4.727869 1524.173776
 28.200000 -1.608557 1.574930 27.026849 218.723085
 28.400000 -2.061151 1.717196 22.225589 20.599038
 28.600000 -2.223276 2.533534 23.112282 55.335701
 28.800000 -2.537173 -2.941115 24.551604 7.167799
 29.000000 3.132129 2.442715 9.438271 2900.879820
 29.200000 -2.292082 2.870030 23.666326 79.301288
 29.400000 -1.792591 2.746426 23.634079 357.715808
 29.600000 -2.544277 2.203401 24.490365 8.340790
 29.800000 -2.915536 2.603524 19.470944 810.476647
 30.000000 3.140131 -2.893843 9.826151 2895.399224
 30.200000 3.121379 2.682812 8.781261 2868.590068
 30.400000 -2.462586 2.675340 24.583085 0.072539
 30.600000 -2.003671 2.938233 21.958686 8.268305
 30.800000 -2.506743 2.633542 24.544709 3.402988
 31.000000 -3.057397 2.773276 14.170963 2194.649337
 31.200000 -3.108758 3.118618 11.580737 2723.113949
 31.400000 3.042400 2.697318 4.777230 2070.093843
 31.600000 -2.389093 2.660335 24.363832 27.761864
 31.800000 -1.836854 2.697607 22.858459 239.899889
 32.000000 -2.319201 2.458401 23.862041 72.968762
 32.200000 -2.558634 2.672542 24.356861 12.303312
 32.400000 -2.867523 3.009346 20.656657 592.148306
 32.600000 -2.974884 2.793026 17.498878 1251.999885
 32.800000 -2.237962 2.812988 23.157728 59.607847
 33.000000 -2.024587 2.195390 21.997555 15.186042
 33.200000 -1.711722 2.402404 25.247619 393.984731
 33.400000 -2.230663 2.654083 23.100877 56.304016
 33.600000 3.068808 2.797203 6.023636 2426.784951
 33.800000 -3.054657 3.033517 14.213749 2145.784151
 34.000000 -3.095138 2.629892 12.242664 2579.711766
 34.200000 -2.596625 2.873479 24.150348 20.817290
 34.400000 -2.304734 2.822554 23.715671 74.764234
 34.600000 -2.968022 2.339116 17.698511 1200.167898
 34.800000 -2.899058 2.984950 19.817443 738.716875
 35.000000 2.961314 2.970038 1.668716 912.007620
 35.200000 3.126837 2.513965 9.033669 2801.554312
 35.400000 -2.607400 2.881110 24.078093 24.472930
 35.600000 -2.742215 2.855835 22.971471 169.832563
 35.800000 -3.086382 2.689220 12.668842 2470.905393
 36.000000 -2.981958 3.112725 17.198477 1330.766364
 36.200000 -3.068230 2.779238 13.563109 2268.779363
 36.400000 -2.685670 2.616197 23.560785 70.134882
 36.600000 -1.898073 2.800543 22.082543 69.758423
 36.800000 -2.305401 2.478119 23.712059 74.900256
 37.000000 -2.195758 2.808753 22.851364 40.635212
 37.200000 -2.814320 2.783694 21.796883 380.502670
 37.400000 3.118767 2.856909 8.653285 2771.441692
 37.600000 -2.946184 2.756304 18.424490 1030.529411
 37.800000 -2.845651 2.633070 21.141029 499.345515
 38.000000 -2.836299 2.832798 21.346097 462.504206
 38.200000 3.086744 2.994117 7.014082 2617.349082
 38.400000 3.122469 2.479640 8.875698 2776.692192
 38.600000 -2.744583 2.950641 22.933663 165.728448
 38.800000 -2.694209 2.845078 23.473307 76.200209
 39.000000 -2.958235 2.447369 18.042564 1121.071968
 39.200000 -2.702211 3.014131 23.407205 84.050589
 39.400000 -2.715416 2.950259 23.279427 104.062284
 39.600000 -2.718329 2.253883 23.249364 109.005202
 39.800000 -2.486680 2.890080 24.460154 2.874389
 40.000000 -2.641719 2.844153 23.847348 33.297893
 40.200000 3.024190 2.633475 4.070129 1966.716597
 40.400000 2.952980 2.908300 1.367983 952.685556
 40.600000 -2.646685 2.871605 23.828707 34.373989
 40.800000 -2.177950 2.439118 22.753021 37.717230
 41.000000 -1.815704 2.490990 23.145602 315.485045
 41.200000 -2.089554 2.634318 22.235456 33.050687
 41.400000 -3.011666 2.684665 16.134846 1590.427360
 41.600000 -3.138336 3.069718 10.180384 2723.443465
 41.800000 -3.074182 2.890118 13.400220 2247.708850
 42.000000 -2.420047 2.483363 24.430174 7.471401
 42.200000 -2.188971 2.456906 22.823451 41.192732
 42.400000 -2.022885 2.851679 21.870893 19.806337
 42.600000 -2.730481 2.670269 23.176652 126.096145
 42.800000 -3.042274 2.990343 14.883716 1888.595807
 43.000000 3.025843 2.797216 4.209661 2068.871905
 43.200000 3.043695 2.605772 5.088910 2331.868992
 43.400000 -2.864971 2.987403 20.803872 594.205508
 43.600000 3.087730 2.933933 7.305382 2689.423450
 43.800000 2.949763 2.756190 1.250455 1011.045301
 44.000000 -2.917341 2.827996 19.400039 855.929067
 44.200000 -2.920473 2.736677 19.325895 876.303031
 44.400000 3.041824 2.835406 5.062115 2358.821462
 44.600000 -3.079732 2.994686 13.268764 2203.877376
 44.800000 -3.037328 2.726182 15.160760 1780.543573
 45.000000 -2.858534 2.798703 20.980822 567.764924
 45.200000 3.083547 2.840146 7.255578 2703.390940
 45.400000 -3.095734 2.877429 12.570461 2309.789157
 45.600000 -3.026974 3.095669 15.628595 1654.233235
 45.800000 3.079388 2.832248 7.039623 2686.910508
 46.000000 -2.414534 2.650435 24.428424 11.283120
 46.200000 -2.036825 2.424020 21.905223 27.513034
 46.400000 -2.072081 2.450510 22.106610 36.246330
 46.600000 -2.259816 2.761246 23.334957 64.302355
 46.800000 3.091812 2.817951 7.784158 2742.301693
 47.000000 3.077732 -3.139799 7.048803 2707.890764
 47.200000 -2.683244 2.699260 23.658593 48.686615
 47.400000 -2.163423 2.456721 22.665518 37.849563
 47.600000 -1.905186 2.463226 21.894344 55.157868
 47.800000 -2.469676 2.680071 24.515460 0.233156
 48.000000 3.088202 2.918010 7.689721 2750.128480
 48.200000 3.070872 -3.077622 6.869118 2737.906593
 48.400000 -2.780055 2.494981 22.638714 232.631856
 48.600000 -2.202362 2.561620 22.917191 44.698409
 48.800000 -1.962792 2.850479 21.688750 0.014439
 49.000000 -2.462294 2.468673 24.522537 0.000152
 49.200000 2.963934 2.743806 1.826136 1577.754855
 49.400000 2.949581 3.132559 1.279127 1328.890780
 49.600000 -2.979086 2.699149 17.574209 1219.388017
 49.800000 -2.494997 2.494663 24.497194 3.743438
 50.000000 -1.948926 3.021226 21.712284 2.639665
 50.200000 -2.293264 2.358780 23.624311 70.478595
 50.400000 -2.428969 2.399444 24.494291 6.238706
 50.600000 -2.512322 3.075956 24.464877 7.423324
 50.800000 3.051368 2.836133 6.021375 2735.637879
 51.000000 -2.902499 2.633295 20.019207 791.700833
 51.200000 -2.284670 3.070119 23.561078 70.020746
 51.400000 -2.276019 2.502252 23.489052 68.513412
 51.600000 -2.123123 2.498210 22.440358 35.787864
 51.800000 -2.062663 2.658108 22.082596 32.474781
 52.000000 -2.240056 2.741192 23.202544 57.657685
 52.200000 -2.672085 2.640261 23.769383 37.717818
 52.400000 -2.997177 2.920833 17.022006 1301.257197
 52.600000 -2.986624 3.083753 17.398241 1241.422715
 52.800000 -2.874896 2.709299 20.814603 645.515018
 53.000000 -2.494956 2.906357 24.532540 3.591184
 53.200000 -2.882654 2.772472 20.648611 682.629373
 53.400000 3.112725 2.921342 9.503200 2657.526759
 53.600000 -3.100873 2.897757 12.878753 2038.886653
 53.800000 -2.971681 2.681414 17.954334 1155.771131
 54.000000 -2.792249 2.861212 22.553871 251.198293
 54.200000 -3.096003 2.949688 13.166524 1972.014670
 54.400000 3.072236 2.798342 7.448949 2882.652604
 54.600000 -2.966236 2.874371 18.185035 1122.836910
 54.800000 -2.856717 2.751549 21.327262 536.516924
 55.000000 -2.993544 2.954730 17.241465 1266.481959
 55.200000 -3.135856 2.970539 11.397867 2328.101697
 55.400000 -2.828514 2.924297 21.971423 384.113261
 55.600000 -2.640920 2.545083 23.973908 28.519263
 55.800000 -2.673939 2.733260 23.785045 38.388314
 56.000000 2.955800 2.748101 1.603823 1806.759829
 56.200000 -2.895039 3.016386 20.460414 725.614067
 56.400000 -2.838492 2.827620 21.806225 421.432522
 56.600000 3.092897 2.737154 8.720244 2808.666181
 56.800000 3.099035 2.923452 9.044176 2762.364702
 57.000000 -2.646699 3.002316 23.962415 30.695482
 57.200000 -2.211849 2.560743 23.082021 51.700744
 57.400000 -1.679773 2.133783 25.393653 369.490981
 57.600000 -2.154370 2.231104 22.694407 40.749570
 57.800000 -2.098305 2.990973 22.347748 36.009018
 58.000000 2.956083 2.564646 1.658319 1941.776940
 58.200000 3.115353 2.886388 10.067158 2616.481193
 58.400000 -2.629289 3.118698 24.094281 29.089194
 58.600000 -2.162458 2.247094 22.762560 41.938756
 58.800000 -1.406465 1.834485 28.768145 5.563915
 59.000000 -0.822291 1.152235 16.102371 1423.776879
 59.200000 -1.706677 0.575295 24.817586 377.604762
 59.400000 -2.032872 0.740270 22.008982 23.252259
 59.600000 -1.878750 0.580794 22.120920 71.096269
 59.800000 -0.933142 0.847619 20.145456 1231.883830
 60.000000 -1.639182 1.589471 26.100739 331.008434
 60.200000 -1.801854 1.334980 23.065131 249.619830
 60.400000 -1.508152 0.681294 28.036639 117.281394
 60.600000 -0.724341 0.148361 12.292888 1567.406724
 60.800000 -0.386898 -0.245386 -0.000914 0.011958
 61.000000 -0.468774 -0.369261 1.396073 1235.838344
 61.200000 -0.458713 -0.193661 1.023796 1092.176957
 61.400000 0.883301 -0.465486 -0.000000 0.000000
