#! FIELDS time phi psi ves.bias ves.force2
#! SET min_phi -pi
#! SET max_phi pi
#! SET min_psi -pi
#! SET max_psi pi
 0.000000 -1.498385 0.273949 25.037724 141.910265
 0.200000 -0.575880 0.254582 1.490783 1758.426967
 0.400000 -1.167425 0.580370 23.570948 474.408153
 0.600000 -1.477840 1.010202 25.272021 118.145484
 0.800000 -1.085180 1.332520 21.586627 715.234182
 1.000000 -1.315114 1.012826 25.849382 43.363091
 1.200000 -1.176786 0.618198 24.399007 441.776035
 1.400000 -1.068371 0.635350 21.562323 993.443937
 1.600000 -0.835318 1.177572 12.539804 1528.915053
 1.800000 -1.561680 1.306020 24.106836 252.060897
 2.000000 -1.439538 0.720662 25.778355 106.658816
 2.200000 -0.850360 0.324012 13.181047 1630.743636
 2.400000 -0.615425 -0.019025 3.248953 2036.493971
 2.600000 -0.593210 -0.489989 2.263660 1882.660044
 2.800000 -0.549932 -0.550535 0.509308 1428.403592
 3.000000 -0.589067 -0.122740 2.084822 1844.002972
 3.200000 -0.961513 0.279051 17.843099 1644.851887
 3.400000 -1.081175 0.840476 22.116398 909.060191
 3.600000 -1.623021 1.397107 23.223226 360.879793
 3.800000 -1.538665 0.925152 24.740318 256.714608
 4.000000 -0.785644 0.501299 10.616003 1546.253328
 4.200000 -0.630821 -0.037912 4.286651 1975.126332
 4.400000 -0.603513 -0.454130 3.073504 1951.359469
 4.600000 -0.569182 -0.236370 1.593785 1728.494812
 4.800000 -1.347305 0.338913 26.457579 0.006352
 5.000000 -1.525402 1.349108 25.030695 222.277163
 5.200000 -1.148310 1.593456 23.952009 562.595622
 5.400000 -0.517794 1.339914 -0.022427 11.027350
 5.600000 -1.817919 1.400274 20.883232 0.513380
 5.800000 -1.668995 0.961577 22.434298 362.764809
 6.000000 -0.350274 0.318191 -0.000000 0.000000
 6.200000 -1.153361 0.221329 24.078048 536.164661
 6.400000 -0.988296 0.503348 19.128673 1433.052009
 6.600000 -1.483671 1.273153 25.712447 121.720403
 6.800000 -1.277856 1.202751 26.175752 84.925888
 7.000000 -0.497753 0.723569 -0.000297 0.006459
 7.200000 -1.337418 0.408820 26.527834 3.674114
 7.400000 -1.736559 0.533239 21.353651 141.353246
 7.600000 -1.707419 0.762042 21.762205 257.355036
 7.800000 -0.941112 1.185128 17.311041 1752.671653
 8.000000 -0.496058 1.840780 -0.000320 0.007675
 8.200000 -0.933699 2.594041 17.073702 1779.634528
 8.400000 -0.591410 2.343816 3.078549 1945.814405
 8.600000 -0.786945 1.265250 10.886807 1506.885217
 8.800000 -1.542107 0.768538 25.091778 283.043673
 9.000000 -1.872813 0.633509 20.959467 5.883221
 9.200000 -0.914362 0.903642 16.350510 1842.440883
 9.400000 -0.714010 1.371277 8.202689 1417.915408
 9.600000 -0.870542 2.181094 14.446620 1893.310687
 9.800000 -0.906998 2.483978 16.033307 1867.577202
 10.000000 -0.868219 2.008819 14.345620 1889.448488
 10.200000 -0.884318 1.162127 15.157330 1883.730074
 10.400000 -1.341937 0.406846 26.610201 3.996906
 10.600000 -0.513921 -0.280939 0.002197 376.932746
 10.800000 -0.529163 -0.226940 0.591113 1632.478378
 11.000000 -0.664664 0.004706 6.399574 1621.749086
 11.200000 -1.359088 0.672754 26.647516 0.118502
 11.400000 -1.412076 1.512304 26.545800 16.514676
 11.600000 -0.989237 0.994782 19.509331 1238.168594
 11.800000 -0.892684 0.733733 15.662166 1865.923804
 12.000000 -1.916249 0.941320 21.042526 1.852476
 12.200000 -1.656138 0.817859 22.782515 493.036110
 12.400000 -0.724747 0.945273 8.903171 1399.724584
 12.600000 -1.429540 1.483847 26.504843 32.222028
 12.800000 -1.038270 0.835836 21.153487 874.960247
 13.000000 -1.110136 0.365327 23.106592 637.258769
 13.200000 -0.886321 0.284395 15.601178 1879.538692
 13.400000 -0.751126 0.384887 9.977369 1443.989930
 13.600000 -0.920074 0.256785 17.035778 1711.391254
 13.800000 -0.940894 0.572551 17.877472 1553.261540
 14.000000 -1.245070 0.917071 25.974807 212.877285
 14.200000 -1.529455 1.146304 25.478501 269.701124
 14.400000 -1.690773 1.103041 22.064962 349.451162
 14.600000 -0.861153 0.530860 14.636370 1923.674682
 14.800000 -1.574430 0.799102 24.631044 442.666629
 15.000000 -1.317309 1.182241 26.730903 22.112766
 15.200000 -0.785953 0.990443 11.527164 1660.551856
 15.400000 -1.550711 1.072474 25.136925 362.762208
 15.600000 -1.661650 0.779552 22.667528 479.449596
 15.800000 -0.753176 0.642347 10.225487 1504.325579
 16.000000 -1.409410 0.787703 26.765186 23.539260
 16.200000 -1.401241 1.010136 26.875253 18.534709
 16.400000 -1.225143 1.012340 25.827905 319.512583
 16.600000 -1.338705 0.985624 26.956338 4.317310
 16.800000 -1.643622 0.751079 23.091530 535.678770
 17.000000 -1.112232 0.824671 23.285939 628.454759
 17.200000 -0.878193 1.009190 15.692827 1889.306562
 17.400000 -1.164345 1.401234 24.611670 553.711102
 17.600000 -1.496408 0.985730 26.136086 181.435552
 17.800000 -1.037590 0.378053 21.383178 763.443785
 18.000000 -0.373886 -0.347920 -0.000000 0.000000
 18.200000 -0.136222 -0.938917 -0.000000 0.000000
 18.400000 -1.004483 -0.067634 20.498060 912.160385
 18.600000 -0.737561 0.584370 9.808752 1546.772416
 18.800000 -1.824048 1.181986 20.880963 1.527562
 19.000000 -1.739779 1.167524 21.362003 135.435528
 19.200000 -0.927935 0.756421 17.925058 1530.102322
 19.400000 -1.494414 0.796526 26.294455 189.213025
 19.600000 -1.841309 1.066685 20.865246 0.554002
 19.800000 -1.141649 1.207008 24.188203 601.908839
 20.000000 -0.874131 1.259413 15.681666 1903.764781
 20.200000 -1.483716 1.193315 26.494859 161.985773
 20.400000 -1.546078 0.608440 25.473561 398.380493
 20.600000 -1.420151 0.925015 27.087535 37.546839
 20.800000 -1.062284 1.417410 22.235946 685.119963
 21.000000 -1.163402 1.791098 24.766146 556.253463
 21.200000 -0.727455 1.883477 9.572438 1574.249687
 21.400000 -0.685414 2.253450 7.903476 1610.774376
 21.600000 -0.913762 2.361080 17.503256 1653.835387
 21.800000 -0.522203 2.000859 0.737429 1787.966961
 22.000000 -0.687337 1.490688 7.980589 1604.790464
 22.200000 -1.114416 1.112015 23.701204 621.447177
 22.400000 -1.449608 0.532917 26.984062 82.937803
 22.600000 -1.039977 0.388959 21.779854 740.878191
 22.800000 -1.236029 1.107103 26.380818 279.221302
 23.000000 -1.234709 1.403796 26.358649 284.865413
 23.200000 -0.786239 0.832499 12.113859 1778.186172
 23.400000 -0.969198 0.353343 19.705170 1163.756632
 23.600000 -0.574458 -0.480150 3.160051 2180.986166
 23.800000 -0.394817 -0.643067 -0.000000 0.000000
 24.000000 -0.800000 0.026951 12.699192 1839.843837
 24.200000 -1.220581 0.851501 26.234253 338.695621
 24.400000 -1.313827 1.928882 27.381416 34.578741
 24.600000 -2.312437 2.202436 22.233124 30.302706
 24.800000 -2.904287 -3.101729 18.182873 995.315149
 25.000000 -2.710160 2.965592 22.323769 94.638028
 25.200000 -2.086746 2.186067 20.646136 30.778103
 25.400000 -1.580862 2.089759 24.905660 574.094357
 25.600000 -1.990767 2.216199 20.464822 2.298766
 25.800000 -2.505364 2.858912 23.147148 1.916415
 26.000000 3.111965 3.058269 7.639429 3053.256920
 26.200000 -2.966641 2.652220 16.065209 1080.298894
 26.400000 -2.240763 2.742270 21.743528 39.974451
 26.600000 -2.014723 2.647159 20.403487 0.003400
 26.800000 -1.779832 2.389745 21.143719 52.453324
 27.000000 -2.225729 2.387342 21.645252 45.667717
 27.200000 -2.315904 2.892526 22.136984 28.534610
 27.400000 3.044095 2.711455 3.740672 2953.878697
 27.600000 2.990248 3.007013 1.092686 1814.596511
 27.800000 -2.649835 3.122566 22.654131 37.176619
 28.000000 -1.950914 2.269341 20.497761 9.904013
 28.200000 -1.798710 1.581267 21.032670 32.854401
 28.400000 -0.846968 0.882287 15.070833 1952.507190
 28.600000 -0.530145 -0.076420 1.253124 1983.676268
 28.800000 -0.726213 -0.953105 9.939909 1636.718336
 29.000000 -0.550584 -0.053265 2.186309 2169.101380
 29.200000 -0.651740 1.328813 6.898939 1875.835801
 29.400000 -0.749002 2.473226 10.902426 1675.979344
 29.600000 -0.507526 2.505480 0.298728 1981.006399
 29.800000 -0.874535 1.574919 16.320029 1885.367403
 30.000000 -1.606518 0.743344 24.350342 638.724948
 30.200000 -1.863424 -0.171715 20.759747 11.119641
 30.400000 -2.168224 0.063854 21.159885 65.613323
 30.600000 -1.531645 0.837322 26.101474 391.994849
 30.800000 -0.459617 1.695775 -0.000002 0.000000
 31.000000 -0.572682 2.444722 3.320945 2260.314369
 31.200000 -0.999655 2.222352 21.070581 897.374900
 31.400000 -0.434987 1.482055 -0.000000 0.000000
 31.600000 -1.272802 1.387042 27.270308 134.803631
 31.800000 -2.036493 0.821873 20.340469 3.147504
 32.000000 -1.705326 0.207475 22.104151 322.388634
 32.200000 -0.580887 -0.065605 3.822055 2252.637206
 32.400000 -0.593379 -0.167794 4.412473 2210.752728
 32.600000 -0.844046 -0.240505 15.099160 1983.719966
 32.800000 -0.479042 -0.737934 -0.000894 0.072979
 33.000000 -0.482008 -0.259657 -0.002176 0.417308
 33.200000 -0.665098 0.148844 7.656668 1723.015066
 33.400000 -1.454101 0.705863 27.300613 106.893499
 33.600000 -1.524940 1.504767 26.264588 360.252736
 33.800000 -1.671701 1.857304 22.804579 494.282157
 34.000000 -1.903939 1.953955 20.615106 13.487210
 34.200000 -2.566957 2.755470 22.733433 7.017801
 34.400000 3.112695 -2.925309 7.359476 2967.970383
 34.600000 -3.081554 2.770930 11.662832 1712.888678
 34.800000 -1.747959 2.403709 21.501836 144.854494
 35.000000 -1.800175 2.214488 21.040460 37.747804
 35.200000 -2.032190 2.483188 20.319521 1.899284
 35.400000 -3.037914 2.797644 13.305190 1289.221820
 35.600000 3.015365 2.989465 2.094537 2300.081997
 35.800000 -2.492277 2.612728 22.730815 3.228430
 36.000000 -2.021781 2.411134 20.309597 0.284563
 36.200000 -1.778245 2.427507 21.222152 71.994521
 36.400000 -2.254918 2.749148 21.643759 25.692681
 36.600000 3.125642 3.057241 8.007673 2801.708250
 36.800000 3.028845 2.929526 2.749326 2565.898211
 37.000000 -2.261442 2.538252 21.676338 24.225195
 37.200000 -1.836778 2.479979 20.879550 18.863032
 37.400000 -2.023506 2.600498 20.324467 0.360871
 37.600000 -2.938691 2.423198 16.549379 1037.549550
 37.800000 2.961120 -3.068388 -0.027822 0.117792
 38.000000 -2.913743 2.832485 17.346684 1000.566074
 38.200000 -2.596613 2.390142 22.482042 17.004482
 38.400000 -2.004273 2.880252 20.335770 0.781956
 38.600000 -2.310665 2.682953 21.860656 19.480917
 38.800000 -2.898179 2.519329 17.808868 956.578755
 39.000000 -2.904171 -3.092657 17.622660 974.133998
 39.200000 -2.974307 2.686016 15.354475 1068.037068
 39.400000 -2.568872 2.711803 22.553719 8.728395
 39.600000 -2.420307 2.890838 22.367167 22.395643
 39.800000 3.024481 2.350565 2.523797 2470.343760
 40.000000 3.032175 -3.083437 2.911736 2611.881883
 40.200000 -3.044982 2.967553 12.938232 1323.596767
 40.400000 -2.874074 2.220477 18.501702 851.239297
 40.600000 -2.035993 2.603305 20.366708 1.911760
 40.800000 -2.354948 2.758086 22.027893 23.371874
 41.000000 -3.032643 2.500935 13.380021 1243.863193
 41.200000 -2.718826 -3.090272 21.568496 108.190563
 41.400000 -2.907756 2.641794 17.475912 971.939078
 41.600000 3.120477 2.755502 7.693477 2801.325971
 41.800000 3.037077 3.094090 3.171496 2687.009680
 42.000000 3.140438 2.760016 8.726091 2542.755939
 42.200000 -2.763768 2.685849 20.980203 233.010616
 42.400000 -2.549653 3.055174 22.533872 4.956284
 42.600000 3.122092 2.556942 7.792000 2780.190962
 42.800000 3.080382 2.959965 5.524787 3046.355246
 43.000000 -2.975377 3.043239 15.308421 1067.869588
 43.200000 -2.943247 2.577482 16.359695 1024.971254
 43.400000 -2.150419 2.977362 20.927251 42.258532
 43.600000 -2.100753 2.426238 20.625182 28.174515
 43.800000 -2.242244 2.204726 21.467152 24.097270
 44.000000 -1.927044 2.888963 20.599402 12.297384
 44.200000 -2.341131 2.911739 21.902398 23.034452
 44.400000 2.982684 2.363192 0.665409 1606.308022
 44.600000 -2.875799 -3.023581 18.440577 834.048166
 44.800000 -2.965227 2.943194 15.661905 1039.858415
 45.000000 -2.964642 2.357154 15.680752 1039.235364
 45.200000 -2.169403 3.057829 21.058347 36.282215
 45.400000 -2.555965 2.480457 22.465924 6.901534
 45.600000 -2.635435 2.389774 22.126421 31.544318
 45.800000 -2.227050 3.080087 21.376146 24.064682
 46.000000 -2.900492 2.694082 17.709177 921.129212
 46.200000 -2.813202 2.747530 20.030170 468.564950
 46.400000 -2.964495 3.088792 15.713629 1014.806935
 46.600000 2.943308 2.552676 -0.000833 0.038834
 46.800000 -2.126824 2.956158 20.817678 33.439388
 47.000000 -1.845717 2.581861 20.894974 15.752015
 47.200000 -2.373897 1.851059 22.031986 27.019874
 47.400000 -1.900241 2.288165 20.707482 10.415354
 47.600000 -2.100009 2.866049 20.687717 24.876600
 47.800000 3.118905 2.658064 7.754362 2865.129807
 48.000000 -2.825260 3.040473 19.761510 531.831484
 48.200000 -2.575691 3.066435 22.380633 14.743781
 48.400000 -2.830991 2.357921 19.630181 557.805785
 48.600000 -2.331708 2.942865 21.812469 21.050733
 48.800000 -2.713044 2.894076 21.519684 89.520498
 49.000000 3.093893 2.748800 6.410481 3103.888024
 49.200000 -2.877224 -3.121034 18.428060 801.605738
 49.400000 3.033803 2.682001 3.110130 2780.593174
 49.600000 -2.218879 2.666983 21.356541 18.680208
 49.800000 -1.774409 2.374349 21.329118 78.754145
 50.000000 -2.091270 1.891251 20.687967 22.103513
 50.200000 -1.964662 2.425247 20.545498 4.313418
 50.400000 -2.217547 2.971439 21.357868 17.282481
 50.600000 2.855095 2.656271 -0.000000 0.000000
 50.800000 -3.007865 2.934782 14.401385 1078.913605
 51.000000 -2.956206 2.610449 16.053954 987.132345
 51.200000 -2.647828 2.732537 21.989671 42.831085
 51.400000 -2.086345 2.843727 20.704914 20.840317
 51.600000 -2.504850 2.374227 22.533390 0.235679
 51.800000 -2.425937 2.598383 22.285832 26.583638
 52.000000 -2.368482 3.034479 21.969507 29.094008
 52.200000 3.084874 2.395649 6.006744 3188.880856
 52.400000 -2.673817 -3.102670 21.797696 54.949875
 52.600000 -3.030787 3.029075 13.682451 1177.996418
 52.800000 3.138610 2.605093 8.924814 2599.645909
 53.000000 -2.424986 -3.076323 22.287508 28.260955
 53.200000 -2.696582 2.434686 21.613925 70.116064
 53.400000 -2.568655 2.644814 22.434820 17.358376
 53.600000 -2.638171 3.120335 22.044760 43.993433
 53.800000 2.912357 2.745614 -0.000001 0.000000
 54.000000 -2.350447 2.721851 21.875217 25.433962
 54.200000 -1.688148 2.583838 22.509835 363.040543
 54.400000 -2.180989 2.120057 21.258165 21.595894
 54.600000 -2.201620 2.833396 21.347553 16.129869
 54.800000 -2.848244 3.036885 19.275155 604.321029
 55.000000 -3.008962 2.725385 14.470256 1079.784809
 55.200000 -2.529421 2.743204 22.594304 2.138011
 55.400000 -1.992674 2.969519 20.562734 0.295325
 55.600000 -2.530819 2.133270 22.592179 2.489465
 55.800000 -2.483941 3.024247 22.573083 5.610491
 56.000000 2.858742 2.791264 -0.000000 0.000000
 56.200000 -3.107835 2.734573 10.797808 1999.343201
 56.400000 -2.954815 2.969614 16.246265 970.774523
 56.600000 -2.691374 2.905052 21.668088 72.517479
 56.800000 -2.301732 2.561395 21.691255 11.697581
 57.000000 -2.147258 2.544199 21.123056 29.435986
 57.200000 -2.274702 2.771149 21.621244 7.753083
 57.400000 -2.702779 2.776950 21.572343 83.373954
 57.600000 -3.092012 3.051639 11.516573 1761.266978
 57.800000 -2.943457 2.838530 16.621537 946.519945
 58.000000 -2.732635 2.628592 21.275823 118.428667
 58.200000 -2.732265 2.846321 21.285136 118.328076
 58.400000 -2.666496 3.120025 21.892203 66.361371
 58.600000 -3.106822 2.623907 10.908667 1983.222139
 58.800000 3.102871 2.941959 7.178954 3129.245862
 59.000000 -2.719395 2.956170 21.419610 100.983693
 59.200000 -2.799907 2.322985 20.352412 314.756924
 59.400000 -2.489043 2.754472 22.691170 5.449172
 59.600000 -2.593340 2.976831 22.449099 38.500973
 59.800000 -3.058341 2.332818 12.908183 1368.304547
 60.000000 -2.643217 -3.061233 22.093455 60.912900
 60.200000 2.981259 2.865067 0.712185 1824.775113
 60.400000 -3.017607 2.656595 14.362749 1102.162463
 60.600000 -2.211019 2.815459 21.485277 11.132546
 60.800000 -2.255919 2.416437 21.610458 6.118377
 61.000000 -2.348948 2.503962 21.935737 27.920236
 61.200000 -2.537396 2.982574 22.761989 4.809477
 61.400000 3.052850 2.714565 4.398887 3261.385567
 61.600000 -3.068713 2.822049 12.584593 1470.196282
 61.800000 -2.451848 2.974985 22.603463 29.073042
 62.000000 -2.439462 2.306330 22.532494 36.447238
 62.200000 -1.915314 2.439904 20.726205 5.807205
 62.400000 -2.197626 2.787918 21.470829 14.205707
 62.600000 -2.819656 2.735196 20.039006 400.578374
 62.800000 -2.970032 3.023884 15.952949 975.322622
 63.000000 3.059168 2.701434 4.786644 3325.119884
 63.200000 3.057380 2.658048 4.710694 3334.637650
 63.400000 -2.751789 2.968725 21.138297 154.076609
 63.600000 -2.476033 2.641698 22.785808 15.266583
 63.800000 -2.344259 2.526743 21.963801 27.931197
 64.000000 -2.468758 2.988232 22.755154 20.362131
 64.200000 -3.010657 2.680656 14.723391 1066.263244
 64.400000 -3.115634 2.841714 10.719788 2128.005776
 64.600000 -2.669719 2.874124 21.997685 81.298348
 64.800000 -2.814053 2.407664 20.187788 366.220281
 65.000000 -2.579387 2.921307 22.712007 35.034124
 65.200000 -2.884009 2.917558 18.585825 727.930921
 65.400000 -2.938979 2.866293 17.000343 913.189295
 65.600000 -2.756257 2.754207 21.125621 164.953980
 65.800000 -3.113709 2.532119 10.845111 2093.347432
 66.000000 -2.955133 3.087482 16.508001 943.626261
 66.200000 2.974199 2.903474 0.479014 1834.519187
 66.400000 -3.082457 2.442882 12.225796 1617.093856
 66.600000 -2.300109 3.019763 21.820958 10.830193
 66.800000 -2.479174 2.689664 22.915111 16.887093
 67.000000 -2.425545 2.363476 22.588672 55.501889
 67.200000 -2.394114 2.801945 22.372754 59.682135
 67.400000 -2.496149 3.042108 23.011537 6.434488
 67.600000 -3.132777 2.480258 10.022311 2428.899585
 67.800000 -2.969165 -3.121250 16.139258 964.468927
 68.000000 -2.958734 2.842741 16.461851 948.236686
 68.200000 -2.816329 2.497795 20.267712 375.825960
 68.400000 -2.372231 2.887407 22.234057 51.260133
 68.600000 -2.498656 2.628855 23.057726 5.602141
 68.800000 -2.881244 2.564317 18.758686 714.195119
 69.000000 -2.964847 3.074371 16.310045 954.199586
 69.200000 3.018106 2.867682 2.657918 2932.706020
 69.400000 -2.630025 2.789430 22.548209 75.850255
 69.600000 -1.801536 2.739679 20.975102 22.418933
 69.800000 -2.121746 2.222940 21.179696 42.210020
 70.000000 -1.928792 2.504956 20.638269 2.928429
 70.200000 -2.267489 2.789533 21.806121 6.193779
 70.400000 -2.856536 2.841108 19.462462 582.264630
 70.600000 -3.074502 2.936710 12.713197 1506.992372
 70.800000 -2.910642 2.913386 18.017480 829.300086
 71.000000 -2.931563 2.625623 17.403710 888.635932
 71.200000 -2.782736 2.902354 20.955025 235.729460
 71.400000 -3.025318 2.851163 14.513839 1109.911370
 71.600000 3.034101 2.897482 3.600909 3278.059610
 71.800000 -2.827966 2.929734 20.143367 427.315102
 72.000000 -2.779975 2.595806 20.997014 226.985639
 72.200000 -2.516776 2.694935 23.228615 0.262912
 72.400000 -2.504756 2.923330 23.213994 3.666897
 72.600000 -3.011684 2.494363 15.008416 1056.120073
 72.800000 -2.799920 -3.134959 20.719237 295.090320
 73.000000 -2.890135 2.761850 18.687237 745.725305
 73.200000 -2.333404 2.794360 22.107621 29.475993
 73.400000 -2.071660 2.426160 20.895711 35.981470
 73.600000 -2.199983 2.542264 21.660697 15.329952
 73.800000 -2.137596 2.896411 21.331027 41.775195
 74.000000 2.978138 2.666160 0.749378 1990.761813
 74.200000 -3.008542 -3.137146 15.203509 1050.987637
 74.400000 -2.209814 2.806723 21.719048 12.720689
 74.600000 -1.940658 1.900479 20.582664 0.736305
 74.800000 -1.535408 1.373300 25.264763 345.996557
 75.000000 -1.263357 0.548071 26.385761 155.047614
 75.200000 -0.533786 0.347063 2.013331 1775.835938
 75.400000 -0.687691 -0.200553 8.103971 1342.465812
 75.600000 -0.883076 -0.330844 16.259991 1841.379162
 75.800000 -0.525864 -0.161277 1.680832 1744.866733
 76.000000 -0.447928 0.145691 -0.000007 0.000004
 76.200000 -1.831605 0.724930 20.731851 6.710369
 76.400000 -1.758937 1.419833 21.095381 70.289208
 76.600000 -0.786874 1.064542 11.969309 1848.729768
 76.800000 -0.559878 0.815486 3.106978 1774.860960
 77.000000 -0.932541 0.877275 18.217715 1375.053980
 77.200000 -1.873101 1.005388 20.635659 2.384039
 77.400000 -2.013615 0.934935 20.640098 10.092975
 77.600000 -1.153135 0.775034 24.213324 540.156605
 77.800000 -0.886159 0.356684 16.333372 1812.066220
 78.000000 -0.691504 -0.081932 8.189349 1339.507429
 78.200000 -0.467721 -0.501177 -0.002070 0.330026
 78.400000 -0.648610 -0.113686 6.598863 1368.735743
 78.600000 -1.083134 0.379206 22.502463 597.116326
 78.800000 -1.182802 1.111873 24.850125 465.469729
 79.000000 -0.920571 1.384723 17.709287 1489.055884
 79.200000 -0.539616 1.138889 2.243456 1741.477387
 79.400000 -1.232694 1.348074 25.785208 271.621165
 79.600000 -1.391031 0.909627 26.700105 14.589600
 79.800000 -1.217080 0.594286 25.512927 337.027577
 80.000000 -1.494342 0.910490 25.778885 201.318102
 80.200000 -1.284815 1.432682 26.438367 84.313703
 80.400000 -1.067250 1.032268 22.057652 610.572984
 80.600000 -1.639424 0.859523 22.875817 460.612826
 80.800000 -1.635679 0.826411 22.956535 468.485680
 81.000000 -1.130844 1.221416 23.605756 574.721646
 81.200000 -1.354246 1.216793 26.724740 0.003753
 81.400000 -1.700174 0.867128 21.708800 247.431365
 81.600000 -1.258328 0.713603 26.128073 169.392890
 81.800000 -1.330617 1.107464 26.692897 7.892096
 82.000000 -1.231567 1.080370 25.729948 277.896958
 82.200000 -0.898450 0.517257 16.740139 1694.359624
 82.400000 -1.738351 0.489622 21.190789 117.520330
 82.600000 -1.693252 1.030386 21.811133 275.523976
 82.800000 -0.692007 1.014372 8.115435 1315.367762
 83.000000 -0.517773 1.372366 1.345081 1644.365313
 83.200000 -1.037471 2.031967 21.239907 660.704798
 83.400000 -0.738947 2.353748 9.854624 1518.372637
 83.600000 -0.841300 2.289317 14.234082 2016.125471
 83.800000 -0.731355 1.693070 9.561135 1471.484548
 84.000000 -1.114594 1.528444 23.152367 594.901182
 84.200000 -1.451477 0.768666 26.163087 96.108670
 84.400000 -1.857770 0.477039 20.556346 2.598345
 84.600000 -1.528874 0.633831 25.112571 301.425660
 84.800000 -1.364193 1.124103 26.663011 2.058891
 85.000000 -0.801078 1.363569 12.426861 1926.196281
 85.200000 -1.554017 1.722349 24.635145 376.293594
 85.400000 -1.768526 1.176902 20.888146 55.310439
 85.600000 -1.646294 0.538088 22.682016 433.663051
 85.800000 -0.488710 0.062670 0.192054 1680.753460
 86.000000 -1.674593 0.519666 22.121087 347.089851
 86.200000 -1.773574 1.173478 20.845889 48.825547
 86.400000 -0.900764 1.151589 16.773833 1667.275488
 86.600000 -1.247047 1.178475 25.913672 211.735257
 86.800000 -1.924977 0.996107 20.465564 0.075680
 87.000000 -0.970487 0.703726 19.304751 1000.956662
 87.200000 -1.293299 1.170610 26.416983 58.255531
 87.400000 -1.632319 1.206920 22.975862 454.191344
 87.600000 -1.625261 0.745026 23.126985 462.040052
 87.800000 -0.984612 0.574732 19.726675 896.241213
 88.000000 -1.566170 0.985362 24.378240 400.494848
 88.200000 -1.588760 1.360279 23.912535 443.114684
 88.400000 -0.608897 0.955627 5.031666 1466.163911
 88.600000 -1.577559 1.448198 24.145671 422.267643
 88.800000 -2.162148 1.769611 21.603309 40.633653
 89.000000 -2.103854 2.372292 21.173656 62.040946
 89.200000 -1.914372 -3.096771 20.443203 0.331495
 89.400000 -2.914603 2.540120 18.515045 843.298152
 89.600000 2.998550 2.490470 1.886029 2734.783342
 89.800000 -2.722696 -2.908082 22.160158 104.798207
 90.000000 -2.813746 2.846327 20.940619 323.848487
 90.200000 -2.486633 2.663795 23.495380 21.545592
 90.400000 -2.098968 2.992191 21.127881 62.896586
 90.600000 -2.059385 2.711857 20.830701 46.625909
 90.800000 -2.336276 2.172042 22.330343 36.217659
 91.000000 -2.099852 3.028202 21.134889 62.995417
 91.200000 -2.639939 2.911918 22.963021 80.217763
 91.400000 2.968980 2.666690 0.467848 1992.241553
 91.600000 3.017157 3.115041 2.908816 3215.136211
 91.800000 -3.091432 2.906194 12.562262 1786.337743
 92.000000 -2.353786 2.627974 22.447196 50.502911
 92.200000 -1.669474 2.549355 22.252342 362.892083
 92.400000 -2.069759 2.454465 20.907901 53.881760
 92.600000 -2.597975 2.673182 23.317896 52.489997
 92.800000 -2.976992 3.093547 16.642331 1014.551879
 93.000000 -2.982169 2.751616 16.477005 1025.505989
 93.200000 -2.165111 2.732533 21.630637 39.562132
 93.400000 -1.849924 2.351907 20.501944 5.035556
 93.600000 -1.773120 2.264676 20.849016 58.948320
 93.800000 -2.015328 2.610411 20.582941 19.766114
 94.000000 -2.919782 2.800328 18.419085 865.554546
 94.200000 3.133355 -3.127637 9.794858 2861.489430
 94.400000 -2.861945 2.698336 19.992955 572.011857
 94.600000 -2.227226 2.470644 21.929196 11.469975
 94.800000 -1.817898 2.659169 20.597461 15.212108
 95.000000 -2.011530 2.497140 20.570305 17.945925
 95.200000 -2.855675 2.573171 20.156077 533.690077
 95.400000 2.873567 -3.082674 -0.000000 0.000000
 95.600000 -3.103953 2.941215 12.049624 1981.842207
 95.800000 -2.497349 2.472639 23.579123 13.010769
 96.000000 -1.907241 2.719346 20.423016 0.364545
 96.200000 -1.884971 2.502227 20.443397 1.327818
 96.400000 -2.891492 2.280238 19.272253 736.530903
 96.600000 -3.032696 -3.077297 14.841226 1218.526416
 96.800000 -3.116261 -3.092137 11.495711 2196.546945
 97.000000 -3.120644 2.341587 11.288411 2277.616506
 97.200000 -2.072404 2.986093 20.953771 55.666565
 97.400000 -1.977421 2.663789 20.473837 5.162770
 97.600000 -2.133452 1.858697 21.430148 56.379991
 97.800000 -1.843391 1.879213 20.519030 6.609106
 98.000000 -0.761899 2.058512 10.579201 1661.189740
 98.200000 -0.641384 2.186600 6.140237 1266.582612
 98.400000 -0.633206 1.657541 5.847785 1292.446663
 98.600000 -1.195705 1.422614 24.852422 443.658949
 98.800000 -1.628097 0.784954 23.098828 421.885861
 99.000000 -1.730918 0.550342 21.295488 159.819163
 99.200000 -1.063093 1.030297 21.649471 623.492597
 99.400000 -1.079368 1.401219 22.054321 615.539227
 99.600000 -0.517276 1.309784 1.342194 1564.281862
 99.800000 -1.361652 1.346827 26.441844 3.194187
 100.000000 -1.753111 1.026427 21.052348 101.884188
 100.200000 -0.871628 0.471475 14.900934 1904.900747
 100.400000 -0.769336 0.528606 10.398698 1717.932398
 100.600000 -1.768728 0.553977 20.477936 70.845533
 100.800000 -2.422524 0.946905 22.636308 86.218511
 101.000000 -1.659947 0.860874 22.031634 369.808275
 101.200000 -0.667042 0.792483 6.573104 1218.701142
 101.400000 -1.340117 1.442270 25.989682 0.421727
 101.600000 -1.742811 1.392760 20.747339 127.514761
 101.800000 -1.396116 0.922297 25.854632 25.796770
 102.000000 -0.948043 0.311588 17.910849 1194.710657
 102.200000 -0.603415 -0.153829 4.289547 1400.034292
 102.400000 -0.599937 -0.756040 4.159031 1416.406918
 102.600000 -0.589959 -0.359992 3.780410 1463.193078
 102.800000 -0.908711 0.236376 16.435869 1591.244525
 103.000000 -1.680647 1.051263 21.673229 310.887218
 103.200000 -1.227452 1.333608 24.977488 298.476240
 103.400000 -0.503222 1.004453 0.358503 1659.766371
 103.600000 -1.391488 1.206969 25.856902 22.118779
 103.800000 -1.924299 0.791923 20.013907 0.000044
 104.000000 -1.055916 0.532961 20.999848 635.303591
 104.200000 -1.221116 0.794161 24.859535 326.776868
 104.400000 -1.389227 1.167953 25.857147 20.362114
 104.600000 -1.629166 1.125844 22.676621 389.701995
 104.800000 -1.129946 0.744775 22.835287 602.951522
 105.000000 -1.552933 1.022842 24.111719 284.870033
 105.200000 -1.437225 1.181346 25.545265 66.230816
 105.400000 -1.265201 0.669414 25.516904 135.002121
 105.600000 -0.800098 0.443519 11.689575 1908.526580
 105.800000 -1.559160 0.541798 24.007679 295.819569
 106.000000 -1.322449 0.990990 25.926988 8.385065
 106.200000 -1.195643 1.083666 24.358297 440.227106
 106.400000 -1.413005 0.891848 25.722311 41.082329
 106.600000 -1.703292 0.893326 21.362002 239.295617
 106.800000 -1.078474 1.009816 21.553024 624.181476
 107.000000 -1.308230 1.036398 25.871748 24.396802
 107.200000 -1.354926 0.968424 25.959170 1.362148
 107.400000 -1.311428 0.919122 25.892429 20.140333
 107.600000 -1.590642 1.082485 23.456441 352.252512
 107.800000 -1.215271 0.944768 24.752355 355.221030
 108.000000 -1.374607 0.825899 25.915571 10.308908
 108.200000 -1.602862 1.113646 23.235958 365.868340
 108.400000 -1.418591 1.118039 25.704442 47.329506
 108.600000 -1.320571 1.215090 25.941654 10.375218
 108.800000 -1.652618 0.974121 22.276827 356.573364
 109.000000 -1.192324 0.943654 24.294059 458.971576
 109.200000 -0.864196 0.986042 14.515956 1916.940439
 109.400000 -1.706823 1.497335 21.360390 230.240684
 109.600000 -1.505236 1.040574 24.857390 170.844600
 109.800000 -1.362691 0.849978 25.980713 4.023857
 110.000000 -1.574095 0.896175 23.784573 319.144895
 110.200000 -1.287510 1.055842 25.785139 70.587029
 110.400000 -0.854964 0.778469 14.103003 1952.968495
 110.600000 -1.563488 0.899326 23.985187 295.721405
 110.800000 -1.740112 0.982297 20.927986 143.152586
 111.000000 -0.824577 1.286276 12.751518 1977.278949
 111.200000 -1.375666 1.975191 25.986928 11.313158
 111.400000 -1.404614 2.307330 25.850563 35.573189
 111.600000 -0.806609 2.287105 11.953855 1919.211021
 111.800000 -0.943374 1.805621 17.674367 1245.889517
 112.000000 -1.474274 1.073150 25.257866 119.371949
 112.200000 -1.007225 -0.003019 19.676628 788.831235
 112.400000 -0.756622 -0.561856 9.848239 1604.990788
 112.600000 -0.726915 -0.353170 8.696476 1408.927475
 112.800000 -0.754823 0.379403 9.776291 1592.242037
 113.000000 -1.386660 1.238609 25.967660 19.864795
 113.200000 -1.051539 1.352348 20.861347 663.109510
 113.400000 -0.662724 0.620987 6.397090 1228.882100
 113.600000 -1.047844 0.171236 20.766007 668.770973
 113.800000 -0.429681 -0.124349 -0.000000 0.000000
 114.000000 -0.493443 -0.088693 0.010813 482.928911
 114.200000 -1.166170 -0.086611 23.738858 568.207281
 114.400000 -0.700527 0.336413 7.733818 1287.897525
 114.600000 -1.337780 1.020324 26.107813 1.340105
 114.800000 -1.494809 1.219333 25.066177 158.383785
 115.000000 -1.330383 0.659032 26.095458 4.796885
 115.200000 -0.700995 0.284071 7.754479 1291.985073
 115.400000 -0.767828 0.215513 10.310871 1679.308290
 115.600000 -1.578508 0.070895 23.796025 318.971391
 115.800000 -1.971028 0.588234 20.066167 5.149847
 116.000000 -1.703359 1.043573 21.528696 245.713599
 116.200000 -0.603454 1.151784 4.268730 1396.005298
 116.400000 -1.582104 1.387359 23.747698 324.393028
 116.600000 -2.027228 1.133585 20.288263 31.971571
 116.800000 -1.435403 0.692278 25.738190 74.648911
 117.000000 -0.655572 -0.032064 6.152735 1244.098442
 117.200000 -0.504667 -0.540969 0.439243 1535.880505
 117.400000 -0.503059 -0.318143 0.375776 1579.786391
 117.600000 -1.091283 0.363847 21.897932 641.541111
 117.800000 -1.355438 0.959078 26.177283 1.080534
 118.000000 -1.534580 1.552740 24.561868 236.510252
 118.200000 -1.756694 1.607266 20.857022 123.491305
 118.400000 -1.594251 1.601361 23.559966 340.062545
 118.600000 -1.440650 1.197035 25.733459 82.967959
 118.800000 -0.632357 0.207936 5.335210 1296.553906
 119.000000 -0.617710 -0.579171 4.803099 1344.927439
 119.200000 -0.492592 -0.697404 0.002181 361.741683
 119.400000 -0.918887 -0.011212 16.777848 1488.213520
 119.600000 -0.780399 0.724506 10.857207 1756.136257
 119.800000 -1.497773 1.412298 25.119375 168.855877
 120.000000 -1.675027 1.145374 22.074603 312.998734
 120.200000 -0.961341 0.535975 18.306560 1101.572599
 120.400000 -0.631054 0.067039 5.303088 1302.764768
 120.600000 -0.972311 0.007558 18.663293 1015.004759
 120.800000 -0.694537 -0.103562 7.556671 1278.566842
 121.000000 -0.583756 0.290227 3.541459 1477.164890
 121.200000 -1.281060 0.419766 25.924603 108.892729
 121.400000 -1.641041 1.094775 22.740502 354.653769
 121.600000 -1.102537 1.281859 22.210672 642.818245
 121.800000 -1.218490 0.985670 24.966390 388.775745
 122.000000 -1.541839 0.855288 24.519726 249.453030
 122.200000 -1.528322 0.985198 24.747228 223.961337
 122.400000 -0.979747 1.092397 18.912300 961.022237
 122.600000 -1.648251 1.157435 22.625830 350.287095
 122.800000 -1.427685 0.824040 25.925838 68.180117
 123.000000 -0.731866 0.573025 8.950781 1436.430969
 123.200000 -0.991899 0.788501 19.290411 881.733614
 123.400000 -1.688694 1.061661 21.919533 293.174201
 123.600000 -1.738070 1.107888 21.160907 178.925197
 123.800000 -1.013760 0.937761 19.917620 771.760669
 124.000000 -1.705960 1.120926 21.633446 255.302515
 124.200000 -1.554680 0.952376 24.378245 270.653810
 124.400000 -1.120376 0.998570 22.685217 641.349545
 124.600000 -1.605257 1.099584 23.485704 345.392088
 124.800000 -1.366450 1.072535 26.308747 5.275175
 125.000000 -1.278940 0.890674 25.955739 121.848945
 125.200000 -1.325753 0.649623 26.316962 11.842741
 125.400000 -1.100138 0.709174 22.180884 642.336320
 125.600000 -1.713760 1.108281 21.553912 244.565185
 125.800000 -1.411558 1.159736 26.120148 49.034893
 126.000000 -1.209295 0.814580 24.829325 445.655888
 126.200000 -1.582678 0.794810 23.950722 316.040635
 126.400000 -1.312435 1.055511 26.284129 31.859187
 126.600000 -1.455436 1.044142 25.764544 107.033276
 126.800000 -1.479620 0.933493 25.495344 141.618914
 127.000000 -1.157772 0.626791 23.645339 612.705682
 127.200000 -0.952291 0.553344 18.070124 1183.034608
 127.400000 -1.362563 0.712108 26.405773 3.070638
 127.600000 -1.347621 1.024912 26.416998 0.079516
 127.800000 -0.780762 1.131333 10.944577 1746.311682
 128.000000 -1.157850 1.053718 23.660286 615.184919
 128.200000 -1.493780 0.573400 25.382102 164.255277
 128.400000 -1.590399 0.936581 23.872852 327.695434
 128.600000 -1.062902 1.157539 21.272368 650.383477
 128.800000 -1.690060 1.288673 22.015726 309.402210
 129.000000 -1.483737 0.815955 25.507731 148.921313
 129.200000 -0.696139 0.207794 7.702043 1278.413829
 129.400000 -0.623762 -0.191717 5.124086 1336.072149
 129.600000 -0.576748 -0.457637 3.347783 1517.501962
 129.800000 -0.624512 -0.046599 5.151470 1333.403672
 130.000000 -1.254286 0.626720 25.745865 244.352209
 130.200000 -1.373010 1.211253 26.483919 8.853124
 130.400000 -1.000462 1.155750 19.629214 833.235336
 130.600000 -1.320648 1.010515 26.449608 21.625580
 130.800000 -1.746532 0.937769 21.157937 192.475211
 131.000000 -1.130954 0.925716 23.025741 644.651272
 131.200000 -0.920939 0.922244 16.976689 1490.028303
 131.400000 -1.275050 1.031886 26.089649 156.411367
 131.600000 -1.576924 0.769550 24.212821 310.472085
 131.800000 -1.009738 0.774731 19.907559 787.042905
 132.000000 -1.723141 0.931639 21.523932 254.058211
 132.200000 -1.269625 1.131222 26.047500 183.697431
 132.400000 -1.087592 0.993369 21.957065 639.001015
 132.600000 -1.309609 0.980547 26.453550 45.218970
 132.800000 -1.836134 1.099613 20.261011 43.239575
 133.000000 -1.233645 1.180255 25.458417 360.834013
 133.200000 -1.360957 1.201601 26.624329 1.541627
 133.400000 -1.840073 1.002490 20.234229 41.366544
 133.600000 -1.635118 0.913568 23.186349 376.921762
 133.800000 -0.983518 0.907613 19.175474 944.180347
 134.000000 -1.855307 1.314222 20.145013 28.008770
 134.200000 -1.667095 1.048771 22.596830 369.199235
 134.400000 -1.025126 0.779906 20.388823 725.959144
 134.600000 -1.443311 0.688951 26.175464 94.860642
 134.800000 -1.583195 1.168811 24.199880 324.727862
 135.000000 -0.926943 1.219815 17.250742 1450.186263
 135.200000 -1.540887 1.453418 24.952772 251.295653
 135.400000 -1.807525 0.994626 20.496682 89.924606
 135.600000 -0.931902 0.337857 17.455409 1407.965063
 135.800000 -0.763409 0.156397 10.294672 1628.917575
 136.000000 -0.654228 -0.115087 6.272442 1259.126538
 136.200000 -0.546564 -0.335474 2.203783 1587.174868
 136.400000 -0.514196 -0.159080 0.924990 1508.851657
 136.600000 -0.794029 0.125822 11.579754 1834.232921
 136.800000 -1.141527 0.564315 23.399464 642.593989
 137.000000 -1.155464 0.913019 23.751766 633.847115
 137.200000 -1.105035 1.110530 22.495587 636.016878
 137.400000 -1.105010 1.162003 22.494963 636.007692
 137.600000 -1.444188 0.910803 26.284149 98.126775
 137.800000 -1.508255 0.721099 25.511955 196.823974
 138.000000 -1.007958 0.998536 19.979478 801.239359
 138.200000 -0.983912 1.373607 19.291337 954.292072
 138.400000 -1.175806 1.170021 24.304721 605.340427
 138.600000 -1.090776 0.569685 22.161097 632.090282
 138.800000 -1.069792 0.359296 21.633168 636.562005
 139.000000 -0.683797 0.451156 7.349905 1256.411936
 139.200000 -1.150508 0.325622 23.701224 639.295645
 139.400000 -0.734406 0.279876 9.206464 1441.961491
 139.600000 -0.661959 -0.009877 6.587941 1256.806806
 139.800000 -1.118539 -0.050300 22.890825 640.741207
 140.000000 -0.672416 -0.131852 6.958105 1251.524225
 140.200000 -0.584071 0.159501 3.719621 1519.920436
 140.400000 -1.594895 0.676547 24.184795 351.255270
 140.600000 -1.727271 1.436689 21.635134 296.364546
 140.800000 -1.700813 1.728988 22.112292 352.052962
 141.000000 -1.730002 1.844351 21.588370 289.889682
 141.200000 -2.235646 2.399429 21.173225 6.701875
 141.400000 -2.842454 -2.904794 19.868576 405.206525
 141.600000 -2.907412 3.076822 18.288469 793.267925
 141.800000 -1.977018 2.284318 19.897162 6.461079
 142.000000 -1.690541 1.974249 22.333808 373.107514
 142.200000 -1.965846 1.889335 19.859160 3.200277
 142.400000 -1.938222 2.430645 19.836242 0.022744
 142.600000 -2.391786 3.008243 21.967279 78.523682
 142.800000 3.036465 2.701650 3.464748 3299.862153
 143.000000 -2.673203 3.005891 21.942714 80.911888
 143.200000 -2.708506 2.476780 21.603728 86.165058
 143.400000 -2.287932 2.885383 21.286589 12.748108
 143.600000 -2.414896 2.776994 22.158049 81.729461
 143.800000 -2.781978 2.721084 20.821157 168.837145
 144.000000 -2.669048 2.965830 21.962382 80.080702
 144.200000 -3.078898 2.893381 12.329784 1738.583115
 144.400000 -3.133365 2.830294 9.834845 2521.415532
 144.600000 -2.310286 2.881956 21.362826 22.215716
 144.800000 -2.000087 2.163816 19.933899 15.355462
 145.000000 -1.885246 2.383906 19.940199 19.755354
 145.200000 -2.246849 2.813310 21.132936 6.539897
 145.400000 -3.097872 3.003672 11.495680 1976.294425
 145.600000 2.973074 2.867689 0.159495 2116.549142
 145.800000 3.052564 2.927142 4.350359 3428.687681
 146.000000 3.021847 2.870932 2.595946 3032.051366
 146.200000 -2.839201 2.887611 19.847937 393.460806
 146.400000 -2.470683 2.802889 22.560171 39.196140
 146.600000 -2.141734 2.569572 20.741887 28.760578
 146.800000 -2.139847 2.582365 20.731700 29.496667
 147.000000 -2.401910 2.675695 21.997053 81.137366
 147.200000 -2.770519 2.819936 20.914819 148.803415
 147.400000 -2.848426 3.022818 19.644320 445.293992
 147.600000 -2.940182 2.600998 17.210386 959.071071
 147.800000 -2.709337 2.825248 21.552951 86.562105
 148.000000 -2.822580 2.725550 20.145959 314.700875
 148.200000 3.122165 2.674430 8.324425 2970.089933
 148.400000 -2.219161 2.882467 21.017468 7.278649
 148.600000 -1.897042 2.479206 19.871477 15.157012
 148.800000 -1.981936 2.135807 19.833602 7.572522
 149.000000 -1.786443 2.812559 20.845747 189.664616
 149.200000 -2.797896 2.602516 20.530368 222.528968
 149.400000 -2.995816 2.871351 15.363770 1173.664478
 149.600000 -2.920257 2.866388 17.784610 864.645944
 149.800000 3.034072 2.272795 3.239144 3207.688268
 150.000000 -2.547000 -3.040582 22.688841 3.985781
 150.200000 -2.758669 2.685132 21.034239 129.983368
 150.400000 -2.869611 2.478490 19.133452 574.037569
 150.600000 -2.616714 2.870150 22.321797 54.811950
 150.800000 -2.832307 2.784331 19.937871 366.240856
 151.000000 -2.939744 2.626074 17.185619 957.167028
 151.200000 -2.705861 3.046183 21.563206 84.071384
 151.400000 -3.050725 2.391933 13.364347 1474.352747
 151.600000 -2.804720 3.018186 20.412075 248.829011
 151.800000 -2.616277 2.783067 22.318157 53.368721
 152.000000 -2.633318 2.739699 22.187912 63.022928
 152.200000 -2.667495 2.751047 21.904131 72.854547
 152.400000 -2.962156 2.785775 16.462798 1046.765813
 152.600000 3.066604 2.797990 5.095791 3441.879335
 152.800000 -2.965307 2.974197 16.360588 1058.649040
 153.000000 -2.573896 2.497205 22.565400 19.426653
 153.200000 -2.002885 2.607627 19.866991 16.802449
 153.400000 -2.161621 2.570103 20.762037 18.931071
 153.600000 -2.474832 2.526038 22.485840 33.487984
 153.800000 -2.620085 3.014523 22.285738 52.222642
 154.000000 2.968828 2.721780 -0.013568 191.728184
 154.200000 -3.109014 2.964276 10.890154 2151.859683
 154.400000 -2.518399 2.867402 22.635434 2.116173
 154.600000 -2.587909 2.564467 22.488196 27.663945
 154.800000 -2.173449 2.776974 20.799674 15.053998
 155.000000 -2.386758 2.963534 21.766878 73.568472
 155.200000 -2.470801 2.407487 22.438163 38.014801
 155.400000 -2.299916 2.901077 21.181897 18.664597
 155.600000 -2.520564 2.800812 22.629847 1.708785
 155.800000 -3.041476 2.614992 13.694053 1413.325700
 156.000000 -2.888688 3.025751 18.625691 692.622612
 156.200000 -2.801365 2.795952 20.463391 249.552540
 156.400000 -2.705038 2.535246 21.598139 84.366219
 156.600000 -2.814764 2.799053 20.241448 301.012119
 156.800000 -3.005240 2.871310 14.999768 1212.317760
 157.000000 2.972916 2.814266 0.098661 1735.020351
 157.200000 -2.811959 3.093387 20.291269 292.244253
 157.400000 -3.060518 2.393281 12.953548 1574.034431
 157.600000 -2.522836 3.091310 22.618628 1.504834
 157.800000 -2.072569 2.690856 20.221490 39.887354
 158.000000 -2.676682 2.298418 21.857712 72.309121
 158.200000 -2.182709 3.014329 20.798457 13.071500
 158.400000 -2.668990 2.801207 21.931406 68.634929
 158.600000 -3.080270 2.383920 12.143872 1784.622573
 158.800000 3.081948 -2.941284 5.947734 3397.936459
 159.000000 2.995727 2.886644 1.151354 2349.020618
 159.200000 -2.983005 2.267704 15.759278 1119.183357
 159.400000 -2.037630 2.686892 19.991560 32.174789
 159.600000 -2.031293 2.617684 19.956289 29.753585
 159.800000 -2.520507 2.462473 22.603247 2.594783
 160.000000 -2.844197 2.888964 19.678083 447.910070
 160.200000 2.994725 2.798933 1.097629 2318.556604
 160.400000 -2.769832 2.802938 20.934348 169.130768
 160.600000 -1.850401 2.610155 20.112453 84.413645
 160.800000 -2.016634 2.185255 19.873605 23.422806
 161.000000 -1.919303 2.511800 19.717009 5.636035
 161.200000 -2.320403 2.787477 21.261153 29.481393
 161.400000 -3.086086 2.655142 11.896964 1863.944766
 161.600000 3.109975 2.977323 7.547415 3158.751758
 161.800000 -3.042497 2.898954 13.654751 1430.471050
 162.000000 -3.055766 2.451617 13.143791 1539.042131
 162.200000 -2.294130 3.074722 21.133504 17.592818
 162.400000 -2.066863 2.582850 20.150877 38.599953
 162.600000 -2.227318 2.007406 20.915239 8.292739
 162.800000 -1.742783 2.462658 21.645309 343.319362
 163.000000 -2.446680 2.743939 22.217892 57.540264
 163.200000 2.921321 2.802359 -0.000000 0.000000
 163.400000 -2.807135 2.879636 20.393082 287.966719
 163.600000 -2.415238 2.644737 21.958787 70.362421
 163.800000 -2.494406 2.438507 22.502762 18.285566
 164.000000 -2.429480 2.850621 22.076851 66.453860
 164.200000 -3.038143 2.708086 13.826479 1400.639467
 164.400000 -3.112672 2.930110 10.698920 2243.152881
 164.600000 -2.912776 3.001683 17.957560 820.340989
 164.800000 -3.002035 2.542775 15.122810 1194.143541
 165.000000 -2.609123 2.879275 22.393774 30.229566
 165.200000 -2.517784 2.868234 22.573063 4.730355
 165.400000 -2.613696 2.575987 22.373063 32.086861
 165.600000 -2.703836 2.785883 21.692430 84.556336
 165.800000 3.007096 3.025114 1.711545 2622.684303
 166.000000 3.105546 2.847240 7.299370 3217.150470
 166.200000 -2.698700 2.799923 21.750010 81.018534
 166.400000 -2.670569 2.586449 21.988667 63.842665
 166.600000 -2.690280 2.822226 21.824439 75.365050
 166.800000 -2.908936 2.825183 18.071626 801.742073
 167.000000 2.952792 2.920452 -0.000958 0.079490
 167.200000 -2.401760 2.949228 21.845897 68.761735
 167.400000 -1.990603 2.296322 19.745985 11.909569
 167.600000 -1.842342 2.214842 20.167735 105.083524
 167.800000 -1.977661 2.554555 19.706675 6.793635
 168.000000 -2.759053 2.826971 21.125556 156.778172
 168.200000 2.967380 3.022293 -0.027158 5.828419
 168.400000 -3.002045 2.701393 15.138874 1191.137657
 168.600000 -2.307536 2.612697 21.195320 24.654666
 168.800000 -1.999980 2.593996 19.780325 15.949023
 169.000000 -1.872201 2.573596 19.906357 50.204195
 169.200000 -2.818186 2.580283 20.233309 344.609786
 169.400000 2.896762 3.010903 -0.000000 0.000000
 169.600000 -2.723906 3.018472 21.545026 105.017614
 169.800000 -2.358255 2.338941 21.508927 52.114382
 170.000000 -2.011230 2.602595 19.828300 20.602717
 170.200000 -2.263919 2.617004 21.016229 13.000378
 170.400000 2.934607 2.658075 -0.000006 0.000003
 170.600000 -2.989350 -3.104316 15.584681 1135.895130
 170.800000 -2.449844 2.803330 22.236082 53.042533
 171.000000 -2.287251 2.433393 21.107411 18.158671
 171.200000 -2.192979 2.947917 20.772260 13.870339
 171.400000 3.076258 2.838429 5.626573 3423.399698
 171.600000 -2.915602 -3.003268 17.908250 832.492840
 171.800000 -2.762311 2.593118 21.123662 168.639915
 172.000000 -2.334385 2.691366 21.357019 38.846316
 172.200000 -2.251590 2.702797 20.976136 12.638416
 172.400000 -2.230743 2.696133 20.903859 11.717684
 172.600000 -2.615083 2.820180 22.429334 27.567525
 172.800000 -2.945417 2.799821 17.022924 962.006564
 173.000000 -2.976107 2.971715 16.041498 1083.383130
 173.200000 -3.130770 2.878551 9.850652 2542.300972
 173.400000 2.983583 2.656136 0.598850 2085.248698
 173.600000 -1.955359 2.944101 19.671477 0.910934
 173.800000 -1.885316 2.045518 19.821599 30.963434
 174.000000 -1.918306 1.915434 19.693565 5.078861
 174.200000 -1.846358 2.092689 20.119833 94.201994
 174.400000 -2.067661 2.583524 20.126104 33.310737
 174.600000 2.995337 3.024832 1.154107 2347.198457
 174.800000 3.082864 2.996239 6.025909 3403.489511
 175.000000 -3.122611 2.725127 10.263866 2415.476436
 175.200000 -2.632826 2.833864 22.362201 36.880418
 175.400000 -2.341590 2.895117 21.428834 42.238354
 175.600000 -2.471668 2.497534 22.395543 37.044248
 175.800000 -2.080900 2.775159 20.201402 33.389267
 176.000000 -2.342018 2.671367 21.431622 42.450796
 176.200000 -2.427802 2.620493 22.087954 60.973285
 176.400000 -2.695766 2.983291 21.897538 80.927672
 176.600000 3.042774 2.600196 3.705946 3277.849849
 176.800000 -2.390018 3.001989 21.788030 61.733256
 177.000000 -1.926114 2.500383 19.690571 2.194253
 177.200000 -2.018423 2.384943 19.871136 20.254840
 177.400000 -2.496431 2.574581 22.534775 19.526121
 177.600000 -2.587444 -3.112467 22.594239 9.542791
 177.800000 2.951907 2.582289 -0.000935 0.076140
 178.000000 -3.054802 2.775222 13.271486 1550.117985
 178.200000 -2.369631 -3.117270 21.649455 53.930943
 178.400000 -2.380220 2.386719 21.728595 57.670666
 178.600000 -1.785190 2.429287 20.906678 248.151033
 178.800000 -2.081641 2.699707 20.206490 32.343907
 179.000000 -2.451046 2.730776 22.273226 49.891884
 179.200000 -2.835480 2.852178 19.968034 429.242814
 179.400000 -2.644364 -3.133077 22.335100 42.980114
 179.600000 -2.864756 2.588121 19.314273 572.160809
 179.800000 -2.515224 2.616175 22.616139 8.868792
 180.000000 -2.084787 2.922218 20.226106 32.024377
 180.200000 -2.374330 2.383933 21.706458 54.635881
 180.400000 -2.011166 2.766510 19.852148 16.766112
 180.600000 -2.432906 2.610404 22.156559 56.812215
 180.800000 -2.499728 2.918747 22.568379 17.607910
 181.000000 -2.796293 2.783414 20.705395 272.801625
 181.200000 -2.270379 3.060768 21.111990 19.666383
 181.400000 -2.402483 2.415031 21.933930 60.161299
 181.600000 -1.998354 2.833938 19.808954 12.235395
 181.800000 -2.469853 2.566909 22.423092 37.298888
 182.000000 -2.475042 2.856888 22.454045 33.869158
 182.200000 -2.521613 2.861036 22.662682 6.152077
 182.400000 -2.447018 2.722320 22.284572 49.799929
 182.600000 -2.026270 2.585067 19.927894 20.916008
 182.800000 -2.135006 2.416112 20.509487 28.098107
 183.000000 -1.837064 2.668695 20.225717 107.262435
 183.200000 -2.579585 2.661920 22.680062 5.221797
 183.400000 -2.689200 3.041112 22.041184 77.623542
 183.600000 -3.035568 2.822446 14.055763 1398.746637
 183.800000 -1.465773 2.710645 26.589406 155.168369
 184.000000 -2.084470 1.694207 20.235007 30.759776
 184.200000 -1.710326 0.824667 22.263778 402.312438
 184.400000 -1.406207 0.217939 27.174061 46.033948
 184.600000 -0.897481 -0.087962 16.251598 1849.508785
 184.800000 -1.455380 0.479968 26.709433 137.122594
 185.000000 -0.806592 1.064880 12.210664 1921.517850
 185.200000 -0.980861 1.699348 19.454371 1115.878018
 185.400000 -1.056831 2.031064 21.683367 688.183922
 185.600000 -0.571694 2.223097 3.089405 1500.160272
 185.800000 -0.850502 2.119379 14.159965 2023.984471
 186.000000 -0.536341 1.964338 1.724772 1458.103762
 186.200000 -0.548445 1.786589 2.179141 1483.086435
 186.400000 -1.083541 1.757121 22.362995 635.407133
 186.600000 -0.854403 1.201987 14.328116 2019.325191
 186.800000 -1.081270 0.656854 22.305663 638.437362
 187.000000 -1.349880 0.690981 27.316592 3.315651
 187.200000 -0.948980 1.237051 18.310584 1407.629768
 187.400000 -0.661134 1.767686 6.446546 1360.963513
 187.600000 -0.643256 2.311201 5.785318 1377.896530
 187.800000 -0.902947 2.366993 16.460535 1810.108801
 188.000000 -0.584159 1.779814 3.549024 1484.807101
 188.200000 -0.929255 1.532600 17.542237 1591.821386
 188.400000 -1.106978 1.449611 22.939296 614.038750
 188.600000 -1.191523 0.704435 25.001130 550.678923
 188.800000 -1.179599 0.458504 24.718349 572.858889
 189.000000 -0.990352 0.683906 19.749481 1042.140317
 189.200000 -1.366869 1.141585 27.307180 0.965424
 189.400000 -1.598756 1.233768 24.457353 342.377375
 189.600000 -1.246042 0.815146 26.169138 358.135418
 189.800000 -0.915930 0.535264 16.997970 1708.496449
 190.000000 -0.961674 0.405280 18.769885 1290.381117
 190.200000 -1.918576 0.856594 19.778688 3.275563
 190.400000 -1.818685 1.279434 20.445242 141.811462
 190.600000 -0.462272 0.791008 -0.000125 0.001106
 190.800000 -1.393109 1.032138 27.224337 24.763125
 191.000000 -1.669188 0.820590 23.074332 410.857211
 191.200000 -1.568739 0.999802 24.987535 302.686978
 191.400000 -0.988488 0.993245 19.686026 1059.832346
 191.600000 -1.262780 1.245326 26.457292 279.668568
 191.800000 -1.146111 0.740964 23.895872 596.972983
 192.000000 -0.618837 0.135368 4.842373 1428.749545
 192.200000 -0.599358 -0.269586 4.094059 1464.212213
 192.400000 -0.625713 -0.205944 5.094695 1418.191485
 192.600000 -0.733812 -0.022079 9.158391 1531.921554
 192.800000 -0.899814 0.494493 16.315640 1832.556979
 193.000000 -1.731846 1.202354 21.820459 359.612483
 193.200000 -1.982644 1.616745 19.823801 5.872082
 193.400000 -1.737571 2.257866 21.710731 347.312954
 193.600000 -2.413852 2.811658 22.179066 53.272530
 193.800000 2.983573 2.870431 0.658607 2109.202211
 194.000000 -2.849899 2.862917 19.740598 508.257631
 194.200000 -2.485567 2.563470 22.641436 22.956417
 194.400000 -2.132178 2.668087 20.507846 30.226667
 194.600000 -2.051641 2.685650 20.084245 22.414347
 194.800000 -2.536373 2.377406 22.798249 1.487036
 195.000000 -2.307385 3.089124 21.455623 35.881881
 195.200000 -3.013708 2.681812 14.891856 1269.392616
 195.400000 3.018364 2.817664 2.401301 2910.834255
 195.600000 -2.995068 3.006672 15.542608 1171.631593
 195.800000 3.116083 2.670181 8.006301 3104.342310
 196.000000 2.995781 2.936016 1.236450 2394.135546
 196.200000 3.094260 -3.094554 6.765980 3338.002878
 196.400000 3.076091 2.540541 5.707404 3432.976583
 196.600000 -2.887479 2.838889 18.831192 692.744156
 196.800000 -2.608420 3.089934 22.695574 17.709299
 197.000000 -2.855711 2.328964 19.618259 537.025175
 197.200000 -2.172758 2.868391 20.730711 30.724209
 197.400000 -2.164903 2.777098 20.687118 30.856520
 197.600000 -2.259323 2.415550 21.206584 31.113213
 197.800000 -2.343181 2.815747 21.715981 45.134585
 198.000000 -2.331860 2.957521 21.640982 42.652853
 198.200000 -3.107430 2.683193 11.084833 2208.227300
 198.400000 -3.010964 2.896770 15.000561 1260.956184
 198.600000 3.076690 2.919411 5.747746 3428.362980
 198.800000 -2.569119 2.718767 22.817220 1.836042
 199.000000 -1.680097 2.789161 22.823944 404.202333
 199.200000 -2.055850 2.070817 20.106847 21.200493
 199.400000 -2.393623 2.373278 22.094992 51.002986
 199.600000 -2.086455 -3.110647 20.256887 26.660637
 199.800000 -3.071562 2.552412 12.678917 1749.253283
 200.000000 -2.829396 2.617231 20.210374 414.788186
 200.200000 -2.663498 3.052830 21.125224 57.010716
 200.400000 3.006470 2.389843 0.518351 2778.300693
 200.600000 -2.767116 3.032744 20.021621 203.973508
 200.800000 -2.941925 2.994251 16.034099 945.816630
 201.000000 3.121202 2.658268 7.034159 3032.780267
 201.200000 -2.185204 2.818022 19.554691 34.527047
 201.400000 -1.838773 2.544166 18.994734 86.167592
 201.600000 -2.258547 1.840922 19.984917 34.813768
 201.800000 -1.859692 2.517666 18.823455 50.472098
 202.000000 -2.200759 2.901455 19.646056 34.449232
 202.200000 -2.867825 2.615563 18.119131 592.006900
 202.400000 -2.791172 3.071005 19.679214 270.718054
 202.600000 -2.508528 3.029851 21.531088 9.531547
 202.800000 -2.653492 2.215117 21.225064 48.568171
 203.000000 -2.324990 2.721138 20.413291 41.773770
 203.200000 -1.917547 3.030196 18.594771 3.309848
 203.400000 -2.630252 2.227250 21.386957 31.151486
 203.600000 -2.561085 2.870267 21.610283 0.514299
 203.800000 3.032091 3.060459 1.935499 3153.382926
 204.000000 3.050933 2.843601 3.013114 3365.341030
 204.200000 -2.501626 2.890076 21.538157 12.375037
 204.400000 -2.246976 2.596157 19.967956 37.703102
 204.600000 -1.969413 2.650675 18.601461 1.903637
 204.800000 -2.179832 2.652486 19.554343 37.833714
 205.000000 -2.677311 2.936224 21.074844 69.677684
 205.200000 -2.791919 2.947383 19.707963 273.780030
 205.400000 -2.287718 2.746557 20.239434 39.361301
 205.600000 -2.013456 2.364207 18.713887 9.838208
 205.800000 -1.882017 2.456447 18.733046 22.515215
 206.000000 -2.387530 2.742678 20.895266 46.650036
 206.200000 -3.009206 2.920523 13.888481 1268.531951
 206.400000 -3.088037 3.056844 10.774366 1958.261565
 206.600000 -2.877315 2.859098 17.940212 636.937108
 206.800000 -2.080103 2.638829 18.996401 24.646171
 207.000000 -1.746180 2.186001 20.292774 307.383205
 207.200000 -2.017292 2.093889 18.746696 9.997119
 207.400000 -1.972503 2.709370 18.641964 2.024317
 207.600000 -2.540751 -3.134485 21.675470 0.744895
 207.800000 3.027491 2.630291 1.723826 3084.971967
 208.000000 -3.063750 2.843247 11.820002 1684.554656
 208.200000 -2.389389 2.919083 20.967209 44.906862
 208.400000 -2.429357 2.363637 21.230091 40.204596
 208.600000 -1.983786 2.716905 18.673700 3.560294
 208.800000 -2.300333 2.701083 20.382135 41.059131
 209.000000 -2.678763 2.644562 21.128564 72.986570
 209.200000 -2.891511 3.028747 17.611904 707.354088
 209.400000 3.063344 2.807356 3.809353 3422.843478
 209.600000 3.040444 2.961258 2.481396 3268.152769
 209.800000 3.068599 2.784359 4.116981 3429.290849
 210.000000 -2.832852 3.024411 19.000312 426.371134
 210.200000 -2.301336 2.595528 20.429558 41.493954
 210.400000 -1.948642 2.412074 18.661857 0.043827
 210.600000 -1.974430 2.550723 18.683769 2.091449
 210.800000 -2.503770 2.592446 21.647168 11.504586
 211.000000 -3.058323 3.066642 12.073827 1631.001585
 211.200000 -3.054781 2.886102 12.227516 1597.171444
 211.400000 -2.180394 2.514298 19.646254 44.958470
 211.600000 -1.662210 2.020293 21.897418 388.601817
 211.800000 -2.121958 1.700438 19.272814 35.135195
 212.000000 -1.689322 1.568663 21.363223 384.027918
 212.200000 -1.095348 0.973268 21.370027 599.381673
 212.400000 -1.339133 0.543100 25.925213 15.803274
 212.600000 -0.882909 0.143462 14.280985 1926.175675
 212.800000 -0.630625 0.171683 3.937168 1447.921282
 213.000000 -0.669953 0.070085 5.425518 1424.556835
 213.200000 -0.936275 0.098703 16.515398 1549.655060
 213.400000 -1.187899 0.574860 23.574681 531.096972
 213.600000 -1.252090 1.048058 24.924025 326.463316
 213.800000 -0.796984 1.090664 10.477870 1857.150642
 214.000000 -0.918792 1.471006 15.810622 1698.405271
 214.200000 -1.320474 1.456861 25.812039 53.572085
 214.400000 -1.500809 0.732987 24.724699 215.870010
 214.600000 -0.739956 0.077099 8.115647 1582.858560
 214.800000 -0.461250 -0.532609 -0.000000 0.000000
 215.000000 -0.713107 -0.087606 7.064464 1489.626515
 215.200000 -1.033762 0.420001 19.770317 779.642070
 215.400000 -1.108770 1.231395 21.689391 586.092527
 215.600000 -1.240486 1.390396 24.701582 375.757887
 215.800000 -0.918373 0.614487 15.789982 1699.258787
 216.000000 -1.055327 0.125708 20.353422 688.686766
 216.200000 -0.433008 0.243080 -0.000000 0.000000
 216.400000 -1.220337 0.635547 24.290071 449.840485
 216.600000 -1.152404 0.946368 22.735912 565.226156
 216.800000 -1.390841 1.071896 25.886102 21.805458
 217.000000 -1.181850 0.818796 23.429264 539.188584
 217.200000 -1.014906 0.655049 19.231338 887.974690
 217.400000 -1.057163 0.383861 20.406175 682.157865
 217.600000 -1.312745 0.756366 25.744026 75.147976
 217.800000 -1.166124 1.440710 23.062935 555.418883
 218.000000 -0.773722 1.245708 9.496363 1744.858116
 218.200000 -1.237943 1.404665 24.652429 382.514849
 218.400000 -1.752731 1.009655 20.211531 261.172677
 218.600000 -1.548498 0.344798 23.958658 275.885436
 218.800000 -0.540763 0.491527 0.488645 1454.413386
 219.000000 -1.315748 0.832089 25.767943 65.706955
 219.200000 -1.377100 0.999465 25.929676 6.717442
 219.400000 -1.150440 0.941474 22.703078 562.678536
 219.600000 -1.220769 1.020370 24.305697 443.225162
 219.800000 -1.544066 0.883429 24.028510 271.350057
 220.000000 -0.815215 0.697697 11.283537 1929.692186
 220.200000 -1.306313 0.778969 25.684165 94.354811
 220.400000 -1.100070 0.828697 21.502913 593.504478
 220.600000 -1.320936 0.965692 25.807481 50.969897
 220.800000 -1.120278 0.891286 21.991313 576.570476
 221.000000 -1.386582 0.937178 25.898481 16.429118
 221.200000 -1.117284 0.775803 21.929731 579.506269
 221.400000 -1.651143 0.988984 22.082118 373.050298
 221.600000 -1.111408 1.005247 21.788002 583.958180
 221.800000 -1.197672 0.940457 23.816921 502.108747
 222.000000 -1.271036 0.850127 25.244559 234.696573
 222.200000 -0.933265 0.780722 16.409372 1579.584788
 222.400000 -1.245027 0.944238 24.810417 345.687107
 222.600000 -1.725187 1.116100 20.682381 311.703689
 222.800000 -1.462105 1.078153 25.239225 157.005449
 223.000000 -0.694881 0.543256 6.362603 1476.981093
 223.200000 -1.143324 0.297566 22.579247 565.909508
 223.400000 -0.501733 0.104214 -0.000114 0.001158
 223.600000 -0.493328 0.089290 -0.000009 0.000008
 223.800000 -1.114761 -0.060198 21.894476 584.644267
 224.000000 -0.750025 0.151129 8.533696 1649.054658
 224.200000 -0.828878 0.016695 11.903112 1965.715435
 224.400000 -1.698686 0.682658 21.164597 349.848253
 224.600000 -2.070646 1.080045 19.092662 19.878470
 224.800000 -0.853370 1.258507 12.993145 1984.846389
 225.000000 -1.026625 1.533262 19.618195 839.258088
 225.200000 -1.151993 1.548365 22.812672 559.560558
 225.400000 -1.015451 0.986432 19.296109 910.161380
 225.600000 -1.020600 0.465882 19.450049 878.114361
 225.800000 -1.147700 0.278023 22.710976 562.865917
 226.000000 -0.962311 0.442323 17.529631 1328.932570
 226.200000 -1.463411 0.818239 25.229883 160.880891
 226.400000 -1.511708 1.221703 24.545086 238.241740
 226.600000 -0.948603 1.092729 17.026050 1452.904243
 226.800000 -1.722716 0.800533 20.726226 308.871197
 227.000000 -1.713080 0.802148 20.897974 326.074493
 227.200000 -1.585042 0.888498 23.311294 325.757803
 227.400000 -0.781371 1.176273 9.854987 1799.107837
 227.600000 -1.466686 1.522575 25.190863 167.484271
 227.800000 -1.507038 0.920150 24.618486 232.824827
 228.000000 -1.643378 0.592821 22.218097 369.752159
 228.200000 -1.164890 0.931143 23.162470 542.709069
 228.400000 -0.976808 1.333766 18.070923 1213.584584
 228.600000 -0.554842 1.721293 0.999107 1402.304835
 228.800000 -1.124336 2.233508 22.200756 580.199906
 229.000000 -1.581240 2.764011 23.381502 322.778805
 229.200000 -2.591281 2.534016 21.896234 9.034306
 229.400000 2.897272 2.740501 -0.000000 0.000000
 229.600000 -2.338386 3.070114 20.923791 40.633570
 229.800000 -2.307352 2.008748 20.723343 43.215067
 230.000000 -1.696906 1.742341 21.198436 345.780463
 230.200000 -0.940422 0.782404 16.737862 1534.652638
 230.400000 -1.040140 0.081154 20.074310 792.678001
 230.600000 -0.720117 -0.686944 7.363454 1567.721465
 230.800000 -0.559253 -0.421728 1.162103 1411.856461
 231.000000 -0.864599 0.489334 13.528447 1967.771125
 231.200000 -1.713651 1.460556 20.897475 319.342564
 231.400000 -1.922369 1.786778 18.892960 2.445581
 231.600000 -1.882856 2.563136 18.999549 15.688535
 231.800000 -2.940605 2.895442 16.362829 968.386103
 232.000000 2.992079 2.794244 0.097441 2366.575295
 232.200000 -2.234715 2.703464 20.232211 57.225384
 232.400000 -1.694923 2.317660 21.242076 346.190115
 232.600000 -2.197407 1.944805 19.944472 60.550728
 232.800000 -1.965790 2.637600 18.874263 0.090818
 233.000000 -2.377662 2.981184 21.192137 39.200784
 233.200000 3.027847 2.522559 2.027445 3120.162212
 233.400000 -2.554687 -3.095168 21.973808 0.009708
 233.600000 -2.211669 2.588457 20.060991 60.599653
 233.800000 -2.156706 1.975460 19.637975 54.407321
 234.000000 -1.826575 2.052684 19.363165 74.077934
 234.200000 -2.230554 2.598759 20.213935 58.625152
 234.400000 2.900139 2.891805 -0.000000 0.000000
 234.600000 -2.795655 3.097010 19.899813 292.329611
 234.800000 -2.625304 2.477196 21.776338 30.774428
 235.000000 -2.133249 2.770081 19.476659 46.108277
 235.200000 -2.055278 2.549868 19.067429 13.567780
 235.400000 -2.348782 2.325933 21.032249 39.116709
 235.600000 -2.277600 3.049725 20.566723 48.737735
 235.800000 -3.009308 2.535989 14.066699 1287.936492
 236.000000 -2.857209 2.918552 18.663827 545.144336
 236.200000 3.126855 2.741138 7.666163 2838.550331
 236.400000 2.961191 2.656410 -0.000007 0.000006
 236.600000 -2.466731 2.909528 21.741483 25.423595
 236.800000 -2.397569 2.489992 21.342781 37.632483
 237.000000 -1.915147 2.109103 18.948558 3.986833
 237.200000 -1.792511 2.483739 19.737099 136.102484
 237.400000 -2.302505 2.777007 20.754490 43.982025
 237.600000 2.999935 2.754856 0.559079 2664.401416
 237.800000 2.986863 3.009425 -0.025056 39.434366
 238.000000 3.120730 2.577900 7.341966 2921.364440
 238.200000 -2.922281 2.859764 16.942107 882.179481
 238.400000 -2.428746 3.105668 21.545541 34.079015
 238.600000 -2.516234 2.416247 21.947192 6.720953
 238.800000 -2.028888 2.445228 19.007110 6.390404
 239.000000 -2.024793 2.790962 18.997095 5.588751
 239.200000 -2.562385 2.555196 21.998471 0.564413
 239.400000 -3.014059 2.971813 13.909803 1312.972362
 239.600000 3.068517 3.080394 4.404899 3369.941231
 239.800000 -3.106215 2.645049 10.172463 2117.012970
 240.000000 -2.059192 2.942454 19.109760 14.365435
 240.200000 -2.076156 2.401386 19.187273 20.473985
 240.400000 -2.079577 2.273099 19.203015 21.870111
 240.600000 -2.022292 2.648441 19.006684 4.966145
 240.800000 -2.253601 3.128092 20.437125 55.734577
 241.000000 -3.129244 2.390322 9.082418 2433.847756
 241.200000 -2.880482 3.035522 18.115857 663.859024
 241.400000 -2.823376 2.908211 19.416479 391.392621
 241.600000 3.025490 2.541564 1.957131 3078.304265
 241.800000 -2.637210 3.041099 21.733439 41.210594
 242.000000 -2.879774 2.523929 18.134055 660.146290
 242.200000 -2.936923 2.755627 16.516359 953.603441
 242.400000 3.121947 -3.112686 7.447204 2894.498171
 242.600000 -3.051670 2.767676 12.509038 1547.259247
 242.800000 -2.467478 2.714247 21.789323 23.386880
 243.000000 -2.040103 2.773535 19.073518 8.469222
 243.200000 -2.018678 2.339028 19.030512 4.191608
 243.400000 -2.097868 2.468883 19.322234 29.119184
 243.600000 -2.222618 2.826513 20.221616 62.310813
 243.800000 -2.655746 2.900214 21.612381 57.840927
 244.000000 2.988706 2.703301 0.035184 1349.541079
 244.200000 3.020008 3.030270 1.682681 2994.646757
 244.400000 -2.823551 2.799685 19.431194 391.647618
 244.600000 -3.031887 2.582798 13.286236 1408.754190
 244.800000 -2.911338 3.085671 17.293483 824.620198
 245.000000 -3.107038 2.904332 10.175377 2119.867087
 245.200000 -2.677730 2.776199 21.439792 79.230636
 245.400000 -2.134096 2.624091 19.563936 45.385156
 245.600000 -2.153453 2.387500 19.700047 53.294355
 245.800000 -2.180279 2.642524 19.903331 60.798286
 246.000000 -2.533683 3.062309 22.020434 1.529678
 246.200000 2.962795 2.752313 -0.000024 0.000078
 246.400000 -2.489682 3.059885 21.911217 14.463058
 246.600000 -2.083100 2.491157 19.282775 22.076486
 246.800000 -1.909586 2.050087 19.050695 4.204980
 247.000000 -1.938930 2.405233 19.010993 0.509606
 247.200000 -2.362110 2.752026 21.224762 37.846721
 247.400000 2.965252 2.950467 -0.000064 0.000560
 247.600000 -2.789491 2.851941 20.066113 271.585910
 247.800000 -2.293493 2.664505 20.781836 47.291328
 248.000000 -2.119048 2.489792 19.491461 37.689738
 248.200000 -1.927201 2.900609 19.042597 1.197061
 248.400000 -2.699517 2.431004 21.248950 102.721857
 248.600000 -2.947897 3.063086 16.225108 996.276094
 248.800000 -2.960650 3.141266 15.816734 1054.194527
 249.000000 -2.451708 2.661791 21.751712 26.315020
 249.200000 -1.997012 2.568316 19.071132 2.012462
 249.400000 -2.063844 2.662383 19.243553 14.768955
 249.600000 -2.439715 2.733104 21.695505 28.932690
 249.800000 -2.726691 2.952004 20.959791 138.270539
 250.000000 -3.043761 2.983260 12.890958 1483.894638
 250.200000 3.083932 2.666008 5.404204 3314.499921
 250.400000 -3.023703 2.817756 13.656389 1354.246097
 250.600000 -3.098796 2.928974 10.617519 2017.718625
 250.800000 -2.884703 2.709630 18.072892 679.700359
 251.000000 -2.993898 2.715550 14.720437 1201.127489
 251.200000 -2.754922 3.025764 20.618776 186.891145
 251.400000 2.994126 2.497675 0.383642 2746.353728
 251.600000 -2.671263 3.023469 21.533801 70.562377
 251.800000 -2.977667 2.817112 15.287044 1124.995577
 252.000000 -3.135826 2.644177 8.868796 2533.615312
 252.200000 -3.001374 -3.061037 14.488405 1233.077254
 252.400000 -3.049939 2.748135 12.692128 1528.671068
 252.600000 -3.099274 2.560894 10.625391 2027.305437
 252.800000 -2.663816 -3.097357 21.601784 62.554972
 253.000000 -2.892738 2.832667 17.881948 718.264728
 253.200000 -3.099072 2.563793 10.651318 2027.115313
 253.400000 -3.059075 3.085173 12.348180 1603.567255
 253.600000 3.134912 2.722979 8.259868 2725.517307
 253.800000 -2.762547 2.858516 20.532940 202.102808
 254.000000 -2.646887 2.952537 21.733939 46.364641
 254.200000 -2.607401 2.534788 21.956858 16.737604
 254.400000 -2.401446 2.653650 21.517784 33.358661
 254.600000 -2.215199 2.884999 20.262087 59.363342
 254.800000 -2.612580 2.315645 21.934715 19.874277
 255.000000 -2.596799 2.850078 21.996206 11.084554
 255.200000 3.015013 2.796774 1.520441 2934.838407
 255.400000 -2.871358 2.847233 18.469419 604.231983
 255.600000 -2.391562 2.618586 21.467651 34.252685
 255.800000 -2.230397 2.481629 20.387800 58.445759
 256.000000 -2.043568 2.677947 19.257886 9.380491
 256.200000 -2.364533 2.577871 21.314689 36.627189
 256.400000 -2.786285 2.793679 20.204754 261.344584
 256.600000 -2.960186 2.956920 15.941862 1034.163226
 256.800000 3.015775 2.749211 1.573536 2953.390718
 257.000000 -2.602274 2.855650 21.995904 13.455707
 257.200000 -2.052772 2.803004 19.312314 11.501053
 257.400000 -2.148910 2.214442 19.803974 45.374230
 257.600000 -2.030065 2.505883 19.243763 7.075922
 257.800000 -2.318288 2.962263 21.033310 42.474390
 258.000000 -3.129922 2.781429 9.262250 2464.860859
 258.200000 -2.941405 2.862534 16.565002 944.117109
 258.400000 -2.407868 2.905311 21.583982 31.910693
 258.600000 -2.032296 2.403600 19.264081 7.570697
 258.800000 -2.070924 2.297550 19.394295 16.218758
 259.000000 -1.818438 2.817613 19.550946 68.538368
 259.200000 -2.991676 2.711305 14.945919 1174.002678
 259.400000 2.986906 2.913918 0.094738 2262.133781
 259.600000 -2.945069 3.045658 16.467067 959.340735
 259.800000 -3.007812 2.551402 14.383730 1255.277373
 260.000000 -2.626491 2.832571 21.916135 28.040863
 260.200000 -2.614145 2.900539 21.986121 19.444070
 260.400000 -2.906164 2.655396 17.626794 769.513462
 260.600000 -2.879530 3.044202 18.332705 636.546881
 260.800000 -3.110726 2.781938 10.238928 2193.293644
 261.000000 2.999799 2.645846 0.776488 2653.220495
 261.200000 -2.938366 3.102520 16.706207 923.530690
 261.400000 3.042119 2.690406 3.122738 3337.940084
 261.600000 -2.550930 2.952690 22.129366 0.025091
 261.800000 -2.112092 2.654808 19.635248 29.577026
 262.000000 -2.198198 2.396126 20.207759 55.687329
 262.200000 -2.031510 2.586902 19.322202 8.012358
 262.400000 -2.170797 2.932166 20.020504 49.777477
 262.600000 -3.001183 2.602658 14.673237 1216.860953
 262.800000 -2.915863 2.978624 17.386174 812.630932
 263.000000 -2.555504 3.013300 22.138767 0.018475
 263.200000 -2.549651 2.350212 22.147751 0.084242
 263.400000 -1.917887 2.506083 19.177230 0.188526
 263.600000 -2.008835 2.867853 19.278778 5.325525
 263.800000 -2.698918 2.464532 21.407037 97.903531
 264.000000 -2.964194 2.897845 15.932796 1038.574938
 264.200000 -2.915428 -2.970460 17.431334 805.673026
 264.400000 -3.002817 2.565917 14.654544 1222.842911
 264.600000 -2.087540 2.582949 19.559141 20.721936
 264.800000 -1.747666 2.570651 20.354099 211.592701
 265.000000 -2.423974 2.359463 21.719317 29.584174
 265.200000 -2.760401 3.011105 20.700361 195.394436
 265.400000 -3.130202 3.037522 9.392790 2483.107376
 265.600000 3.080827 2.509287 5.450077 3393.773305
 265.800000 -2.475418 3.000445 21.982274 18.188015
 266.000000 -2.400040 2.808364 21.594018 32.458781
 266.200000 -2.364899 2.442937 21.397675 35.479842
 266.400000 -2.203893 2.771618 20.309973 53.128666
 266.600000 -1.895056 2.845887 19.217496 2.048374
 266.800000 -2.594715 2.278782 22.122165 8.488874
 267.000000 -2.265740 3.046590 20.758495 49.493177
 267.200000 -2.725112 2.961625 21.173743 132.576976
 267.400000 3.073749 2.628392 5.071942 3436.113455
 267.600000 -2.969418 -2.929254 15.835942 1057.495609
 267.800000 -3.114835 2.618529 10.178694 2257.258843
 268.000000 -3.059756 2.652683 12.582608 1610.958763
 268.200000 -2.726473 -3.040418 21.170186 134.303228
 268.400000 -3.108683 2.455516 10.487725 2170.469318
 268.600000 -2.601294 2.610924 22.126295 11.684068
 268.800000 -1.719099 2.875429 20.783939 269.159125
 269.000000 -2.471437 2.212550 21.999709 19.779705
 269.200000 -2.645858 2.770495 21.915562 42.978689
 269.400000 -2.965932 -3.036178 15.984974 1039.487387
 269.600000 2.971825 2.549527 -0.004769 2.664128
 269.800000 -2.010701 2.731323 19.365895 7.137460
 270.000000 -0.403111 2.317114 -0.000000 0.000000
 270.200000 -0.655156 1.587508 4.626877 1528.452187
 270.400000 -1.576088 1.017781 23.354653 312.453442
 270.600000 -2.115835 0.414702 19.791619 28.549881
 270.800000 -1.644984 -0.022409 22.095606 344.410699
 271.000000 -0.982151 0.203974 18.260215 1270.570671
 271.200000 -1.170440 1.014965 23.462001 480.734077
 271.400000 -1.898723 1.797591 19.237086 0.678561
 271.600000 -2.421455 2.874562 21.780850 31.666349
 271.800000 -2.894366 -3.109614 18.124085 692.120515
 272.000000 -2.759651 2.551615 20.789962 190.889725
 272.200000 -1.594535 2.453291 23.011233 325.610960
 272.400000 -1.976561 2.308206 19.319060 4.881536
 272.600000 -2.365711 2.709399 21.462175 37.427494
 272.800000 3.019258 2.950065 1.992926 3111.275572
 273.000000 2.988436 2.749983 0.354328 2768.543450
 273.200000 -2.922578 2.805781 17.377566 830.595480
 273.400000 -2.711773 2.758304 21.397530 112.754638
 273.600000 -2.191261 2.794329 20.298413 46.951912
 273.800000 -2.138840 2.168676 19.962519 34.174309
 274.000000 -1.784507 2.592511 19.863447 118.992197
 274.200000 -2.917376 2.499008 17.542419 804.831669
 274.400000 2.886865 -3.101654 -0.000000 0.000000
 274.600000 -2.369709 3.067762 21.506965 37.794114
 274.800000 -2.059082 1.889515 19.593906 14.590833
 275.000000 -1.342730 1.159536 25.814267 4.854174
 275.200000 -0.646374 -0.073832 4.235221 1507.780956
 275.400000 -0.313888 -0.998981 -0.000000 0.000000
 275.600000 -0.456775 -0.068842 -0.000000 0.000000
 275.800000 -1.913076 0.934769 19.254042 0.077610
 276.000000 -1.763377 1.770041 20.114175 165.346951
 276.200000 -1.872016 2.413678 19.298256 5.709848
 276.400000 -2.626249 2.844237 22.115414 27.459789
 276.600000 3.096250 3.079486 6.540609 3286.733655
 276.800000 -2.966367 2.654806 16.086757 1039.507724
 277.000000 -2.441433 2.719094 21.949470 28.976165
 277.200000 -2.090638 2.575375 19.768028 20.655922
 277.400000 -1.993936 2.580286 19.417553 8.140025
 277.600000 -2.445005 2.515708 21.980037 28.234513
 277.800000 -2.780119 2.765582 20.571648 232.688402
 278.000000 3.030773 2.954280 2.725550 3307.579489
 278.200000 -2.950592 3.044827 16.617090 965.848235
 278.400000 -2.477369 2.353843 22.149916 18.566429
 278.600000 -1.869678 2.527852 19.311844 6.261708
 278.800000 -1.923898 2.496245 19.279814 0.969224
 279.000000 -2.915169 2.593064 17.667705 793.235287
 279.200000 3.098836 -3.025331 6.741000 3256.187228
 279.400000 3.141332 3.006194 9.054818 2650.313256
 279.600000 -3.029454 2.411456 13.951497 1371.258310
 279.800000 -2.276370 3.087087 20.949399 46.681081
 280.000000 -2.176454 2.868643 20.269088 40.979490
 280.200000 -2.396773 2.315484 21.739321 37.164832
 280.400000 -2.108807 2.898243 19.897244 24.188529
 280.600000 -2.290066 2.959794 21.051869 45.672608
 280.800000 -2.758936 2.413637 20.914524 183.117432
 281.000000 -2.656232 3.085578 21.970008 51.864180
 281.200000 -3.065322 2.833389 12.590912 1649.031199
 281.400000 3.074289 2.597686 5.353623 3462.277120
 281.600000 -2.558983 2.989647 22.362311 0.211139
 281.800000 -2.284165 2.638365 21.022543 46.069995
 282.000000 -2.166525 2.378563 20.232550 37.782140
 282.200000 -1.876593 2.742543 19.312127 3.085046
 282.400000 -2.123028 2.667802 19.999802 27.110482
 282.600000 -2.859304 2.487909 19.153617 514.290048
 282.800000 3.091727 3.061420 6.389706 3326.116213
 283.000000 -3.042525 2.956665 13.503037 1459.716555
 283.200000 -2.516080 2.434538 22.344362 5.501354
 283.400000 -2.062728 2.692432 19.738743 16.457945
 283.600000 -1.936706 2.620477 19.334643 3.533413
 283.800000 -2.405085 2.514390 21.827175 36.634770
 284.000000 -2.678142 2.919613 21.830119 72.185708
 284.200000 2.963473 3.042091 -0.001169 0.178240
 284.400000 -2.188633 2.650293 20.411887 40.922659
 284.600000 -1.685454 2.204385 21.315369 299.572880
 284.800000 -1.928062 1.701235 19.328846 2.581248
 285.000000 -1.945829 1.696693 19.363761 5.241458
 285.200000 -1.612692 1.747101 22.604444 315.322711
 285.400000 -1.733440 1.423293 20.532190 223.364966
 285.600000 -1.588389 0.484847 23.032248 303.481127
 285.800000 -0.512408 -0.391370 -0.001334 0.116747
 286.000000 -0.495988 -0.328219 -0.000018 0.000022
 286.200000 -0.623889 0.162857 3.264832 1437.355660
 286.400000 -1.454381 0.897146 25.081415 141.333485
 286.600000 -1.765124 1.218266 20.097419 154.135179
 286.800000 -1.028301 0.916810 19.669808 980.393581
 287.000000 -1.683089 0.913896 21.352813 299.644123
 287.200000 -1.926942 1.110359 19.355316 3.295946
 287.400000 -1.139248 0.931025 22.644546 545.221137
 287.600000 -0.596664 0.933015 2.240172 1343.703717
 287.800000 -1.325119 1.486292 25.630507 24.562148
 288.000000 -1.821081 1.156482 19.558232 45.798803
 288.200000 -1.043011 0.490302 20.102905 898.092627
 288.400000 -0.995001 0.323907 18.553478 1201.557885
 288.600000 -0.690534 -0.285826 5.854558 1623.985208
 288.800000 -0.517941 -0.667773 -0.004834 1.328830
 289.000000 -0.497787 -0.301059 -0.000027 0.000050
 289.200000 -1.206580 0.620616 24.073685 372.861705
 289.400000 -1.598600 1.660547 22.840556 301.718375
 289.600000 -1.654585 1.533281 21.853618 312.805142
 289.800000 -1.679100 1.344132 21.423617 300.307983
 290.000000 -1.165672 0.822090 23.227350 480.874341
 290.200000 -1.003176 0.387994 18.815723 1146.787695
 290.400000 -1.163788 0.811148 23.178148 485.122047
 290.600000 -0.991924 1.482679 18.428268 1225.016676
 290.800000 -0.492770 1.503744 -0.000007 0.000003
 291.000000 -0.837165 1.681190 12.087094 1947.212798
 291.200000 -0.722725 2.191088 7.150652 1714.222842
 291.400000 -0.896542 2.152222 14.671780 1825.391539
 291.600000 -0.796365 2.124239 10.286801 1903.363748
 291.800000 -0.614922 1.772409 2.891493 1401.282276
 292.000000 -0.619947 1.717509 3.080188 1418.130824
 292.200000 -0.688401 1.707160 5.746907 1619.313610
 292.400000 -0.498883 1.754175 -0.000034 0.000077
 292.600000 -1.119289 2.226004 22.133526 596.737260
 292.800000 -1.198061 2.434975 23.885236 395.310586
 293.000000 -0.745699 2.127191 8.108109 1777.787347
 293.200000 -1.050402 1.390048 20.286603 864.679033
 293.400000 -1.758482 0.717169 20.198715 167.525016
 293.600000 -1.620020 0.410728 22.461331 303.270620
 293.800000 -1.254471 0.853196 24.866397 216.580329
 294.000000 -0.723667 1.628044 7.186569 1716.572449
 294.200000 -0.815941 2.416945 11.134167 1920.436211
 294.400000 -0.913494 2.483546 15.365209 1740.116788
 294.600000 -0.745323 1.806505 8.091676 1774.349108
 294.800000 -0.912925 1.205868 15.341456 1742.971640
 295.000000 -1.354216 1.018733 25.646610 0.165620
 295.200000 -2.058418 0.743164 19.892287 15.906794
 295.400000 -1.530506 0.868554 23.944002 242.661308
 295.600000 -0.717272 0.996690 6.925532 1700.938224
 295.800000 -0.698354 1.319831 6.151033 1651.403743
 296.000000 -1.117148 1.544489 22.066674 603.574731
 296.200000 -0.768860 1.137341 9.097758 1827.678963
 296.400000 -1.199790 0.861624 23.896787 386.609048
 296.600000 -1.730922 0.665832 20.592895 224.936546
 296.800000 -1.445434 0.976726 25.100911 120.272489
 297.000000 -0.871669 1.136024 13.570142 1881.131874
 297.200000 -0.846182 1.223523 12.457444 1908.435397
 297.400000 -1.275348 1.309746 25.117748 145.696318
 297.600000 -1.766700 1.060761 20.106277 149.519655
 297.800000 -0.754675 0.339120 8.498305 1792.910943
 298.000000 -0.610203 0.188466 2.705177 1397.560890
 298.200000 -0.987333 -0.229733 18.207778 1267.228565
 298.400000 -0.763875 -0.368841 8.894069 1811.548995
 298.600000 -0.618895 -0.063443 3.032181 1432.644227
 298.800000 -1.251207 0.276246 24.783694 223.485069
 299.000000 -1.370583 0.891175 25.600441 4.108933
 299.200000 -1.637140 1.713678 22.166707 298.188973
 299.400000 -1.933601 2.139582 19.456428 7.738577
 299.600000 -2.439099 3.041854 22.176745 31.008287
 299.800000 3.041796 3.018075 3.704266 3460.250900
 300.000000 -2.929165 2.603516 17.524927 864.758755
 300.200000 -2.101147 2.839040 20.515600 18.024204
 300.400000 -1.937822 2.534746 19.874814 8.960036
 300.600000 -2.006302 2.316872 20.131323 16.505152
 300.800000 -2.453153 2.564302 22.659349 26.686852
 301.000000 -2.302677 3.100711 21.698143 47.306634
 301.200000 -3.033757 2.531562 14.439974 1398.278949
 301.400000 -2.547191 2.903686 22.944382 0.035711
 301.600000 -2.458345 2.997243 22.690737 24.835680
 301.800000 -2.425690 2.477096 22.512107 34.623326
 302.000000 -2.075646 2.700792 20.418645 16.188161
 302.200000 -1.983058 2.809231 20.051784 16.483045
 302.400000 -2.558188 2.326883 22.946281 0.368666
 302.600000 3.017536 2.973474 2.731588 3198.189492
 302.800000 2.967004 2.955126 0.099078 2025.479539
 303.000000 -2.660476 2.721092 22.518933 56.007314
 303.200000 -1.993907 2.440501 20.103971 17.188442
 303.400000 -1.770207 2.603852 20.478825 142.925374
 303.600000 -2.290190 2.332542 21.626098 48.364507
 303.800000 -2.481062 2.862283 22.806994 16.133481
 304.000000 3.018512 2.841069 2.797177 3213.495057
 304.200000 3.118073 2.793701 8.548823 2924.848631
 304.400000 -2.847662 2.943833 20.027131 445.424919
 304.600000 -2.565440 2.654092 22.948192 1.372330
 304.800000 -2.240833 2.604747 21.293118 44.096562
 305.000000 -2.170138 2.702235 20.865923 28.362683
 305.200000 -2.229490 2.771423 21.223412 42.206137
 305.400000 -2.474513 2.404037 22.794252 18.054094
 305.600000 -2.677132 -3.101390 22.397659 70.547162
 305.800000 2.997471 2.608415 1.660067 2820.637398
 306.000000 -2.982857 2.747909 16.267546 1131.543805
 306.200000 -2.506074 2.850487 22.912078 7.092975
 306.400000 -2.784868 2.523419 21.165354 227.138278
 306.600000 -2.442813 2.820819 22.648734 28.911639
 306.800000 -2.596455 2.771408 22.888050 11.587080
 307.000000 -2.863268 2.681440 19.696534 517.546993
 307.200000 -2.866351 2.958376 19.633404 532.581616
 307.400000 3.031756 2.832969 3.600717 3376.401395
 307.600000 3.085509 2.546038 6.752355 3325.303874
 307.800000 -2.816717 2.925059 20.648400 320.844829
 308.000000 -2.376881 2.711994 22.254637 44.323505
 308.200000 -2.400198 2.494472 22.415059 40.249796
 308.400000 -2.204364 2.809255 21.080809 36.598220
 308.600000 -2.387990 2.815112 22.336431 42.658099
 308.800000 -2.768999 2.575825 21.408938 190.933001
 309.000000 -2.595072 2.986386 22.906706 11.070274
 309.200000 -2.999129 2.826066 15.736093 1213.974641
 309.400000 -3.133953 2.824324 10.202602 2434.722051
 309.600000 -3.117315 2.978957 11.003047 2198.424654
 309.800000 -3.073365 2.782818 12.933214 1697.075807
 310.000000 3.065027 2.802522 5.579336 3460.831083
 310.200000 -3.053121 2.978235 13.753638 1528.611686
 310.400000 -3.106163 2.740333 11.526479 2049.963817
 310.600000 -2.411304 2.934023 22.505814 37.909495
 310.800000 -2.317398 2.377491 21.867119 51.564195
 311.000000 -1.886955 2.698015 19.812510 0.116094
 311.200000 -2.006500 2.610001 20.209626 18.715591
 311.400000 -2.611970 2.438972 22.864817 20.365316
 311.600000 -2.923607 3.051036 18.172025 838.577861
 311.800000 2.984090 2.966484 1.032664 2525.834863
 312.000000 -3.053541 2.800697 13.745583 1529.827644
 312.200000 -2.788260 2.605200 21.160882 234.537632
 312.400000 -2.343123 2.963260 22.068967 50.768565
 312.600000 -2.364774 2.564850 22.221134 47.859593
 312.800000 -2.318720 2.697058 21.893202 52.737003
 313.000000 -2.587474 2.862027 22.963254 8.117669
 313.200000 -3.038405 2.839531 14.343857 1422.685623
 313.400000 3.132036 2.941156 9.380483 2678.146509
 313.600000 -3.106240 2.922268 11.554807 2039.269059
 313.800000 -3.032044 2.754442 14.582124 1384.191736
 314.000000 -2.776906 2.909273 21.338173 207.596627
 314.200000 -2.579244 2.701487 23.004025 5.271527
 314.400000 -2.439837 2.540032 22.717659 29.419583
 314.600000 -1.968544 2.795318 20.058102 19.091261
 314.800000 -2.508190 2.534733 22.995153 5.729561
 315.000000 -2.869175 2.651339 19.624799 548.028298
 315.200000 2.934303 3.003524 -0.000025 0.000061
 315.400000 -2.981342 2.726076 16.392378 1125.698175
 315.600000 -2.589334 2.680505 22.988032 8.990435
 315.800000 -2.107183 2.790383 20.632155 15.499748
 316.000000 -2.067777 2.525405 20.481373 14.563746
 316.200000 -2.254322 2.535182 21.451724 51.737026
 316.400000 -2.429273 2.788790 22.683001 32.866834
 316.600000 -2.766698 2.776324 21.510149 187.098074
 316.800000 3.042951 2.733008 4.373877 3471.281123
 317.000000 -2.681544 3.067248 22.449248 74.906468
 317.200000 -2.865456 2.447015 19.737503 530.375546
 317.400000 -2.410275 2.728027 22.581606 38.760886
 317.600000 -1.717399 2.981875 21.203556 243.310358
 317.800000 -2.445963 2.189172 22.786621 27.037030
 318.000000 -2.316399 2.614376 21.922678 56.505954
 318.200000 -2.742105 2.954818 21.847650 145.128213
 318.400000 2.967569 2.786800 0.297089 2502.358245
 318.600000 -2.889691 2.969762 19.157441 655.982726
 318.800000 -2.497914 3.053435 23.013285 8.452473
 319.000000 -2.860701 2.562463 19.855465 507.467589
 319.200000 -2.326791 3.104942 22.023118 56.821608
 319.400000 -2.235493 2.689714 21.339824 49.037249
 319.600000 -2.376099 2.264438 22.381756 47.991605
 319.800000 -1.864967 2.792266 19.823545 1.974484
 320.000000 -2.287617 2.861562 21.724812 58.097070
 320.200000 -2.905286 2.488131 18.765920 740.198706
 320.400000 2.992572 3.023722 1.570933 2781.084802
 320.600000 -2.756214 3.017011 21.694940 168.677110
 320.800000 -2.447208 2.519906 22.830526 26.062125
 321.000000 -2.071577 2.492984 20.523256 14.434199
 321.200000 -1.805359 2.793949 20.102743 66.325600
 321.400000 -2.663776 2.553391 22.653264 58.484537
 321.600000 -3.087645 3.047010 12.467466 1807.602997
 321.800000 3.074027 3.090307 6.272472 3417.165683
 322.000000 -2.868324 2.671152 19.712423 546.678138
 322.200000 -2.391451 2.592073 22.525787 43.769907
 322.400000 -2.000835 2.664345 20.237549 21.425020
 322.600000 -2.233129 2.285482 21.350796 50.152799
 322.800000 -2.216398 2.683891 21.235509 44.710985
 323.000000 -2.647090 2.903394 22.784664 44.381967
 323.200000 2.993849 2.674100 1.671822 2826.194499
 323.400000 -3.015765 2.851196 15.281313 1281.592763
 323.600000 -2.869507 2.979055 19.706499 554.177467
 323.800000 -2.635351 2.647773 22.870630 35.219276
 324.000000 -2.193904 2.896436 21.101377 37.091593
 324.200000 -2.479294 2.740198 23.019605 13.838796
 324.400000 -2.507580 2.737007 23.105338 5.278863
 324.600000 -2.674560 2.855219 22.605532 67.292356
 324.800000 3.011778 2.876556 2.667247 3184.215085
 325.000000 -2.997912 3.138150 15.920762 1194.643803
 325.200000 3.051643 2.771790 5.005810 3516.476849
 325.400000 -2.898304 2.957232 19.006907 705.683040
 325.600000 -2.545222 2.988086 23.162667 0.001098
 325.800000 -2.786101 2.542540 21.337214 234.678720
 326.000000 -2.338244 2.984321 22.187589 56.677628
 326.200000 -2.461292 2.649405 22.972195 19.868394
 326.400000 -2.353819 2.746356 22.317089 53.650353
 326.600000 -2.438117 2.639483 22.858854 28.071927
 326.800000 -2.465319 2.874575 22.989823 18.446611
 327.000000 -2.745746 2.682204 21.906683 151.978365
 327.200000 2.951238 2.744250 -0.012120 10.809267
 327.400000 3.129546 2.856427 9.443663 2698.703606
 327.600000 -2.633106 2.838459 22.935425 32.914454
 327.800000 -2.314187 2.710846 22.030770 61.448394
 328.000000 -1.924320 2.660600 19.907867 12.716841
 328.200000 -2.229546 2.518866 21.386516 52.385425
 328.400000 -2.502311 2.778399 23.147775 6.261294
 328.600000 -2.829684 2.860849 20.623667 378.020983
 328.800000 3.128348 2.899650 9.395915 2717.636539
 329.000000 -2.729076 2.701871 22.131960 126.972571
 329.200000 -2.307935 2.581490 22.010290 63.430889
 329.400000 -2.010944 2.721780 20.312312 22.460436
 329.600000 -1.985760 2.635790 20.189679 24.573399
 329.800000 -2.305527 2.537661 21.991097 63.633900
 330.000000 -2.690484 2.884939 22.537232 81.560775
 330.200000 3.071954 2.788696 6.273119 3455.821138
 330.400000 3.141075 2.974564 10.075088 2517.182901
 330.600000 3.066166 2.882587 5.931889 3493.646534
 330.800000 -3.124546 2.851029 10.932488 2253.314944
 331.000000 -2.578246 2.712030 23.193825 4.797721
 331.200000 -2.497621 2.557762 23.179898 7.146479
 331.400000 -2.217582 2.558085 21.335034 50.123194
 331.600000 -2.248927 2.736086 21.568479 60.222346
 331.800000 -2.707557 2.647723 22.404028 99.401791
 332.000000 -2.899738 2.890873 19.042929 718.749179
 332.200000 3.128307 2.940869 9.452329 2714.337858
 332.400000 -3.074208 2.691683 13.169945 1656.040226
 332.600000 -2.629083 2.906805 23.025823 29.669034
 332.800000 -2.366434 2.683019 22.507405 51.705870
 333.000000 -2.116572 2.633256 20.778660 18.759584
 333.200000 -1.984500 2.542007 20.194112 26.215562
 333.400000 -2.362569 2.815854 22.496746 52.945831
 333.600000 -2.803162 2.801577 21.178296 286.458448
 333.800000 3.037833 2.777417 4.292473 3517.076945
 334.000000 3.000948 2.913597 2.166384 3037.147566
 334.200000 -3.076318 2.922904 13.111929 1670.590190
 334.400000 -3.125505 2.845010 10.946541 2257.569655
 334.600000 -3.027236 2.997896 15.000750 1326.904075
 334.800000 -2.993308 2.757101 16.197515 1167.541205
 335.000000 -2.691042 2.815706 22.605534 80.823516
 335.200000 -2.512012 2.917363 23.270111 3.296035
 335.400000 -2.535954 2.580212 23.297453 0.199981
 335.600000 -2.625178 2.862223 23.087797 26.661956
 335.800000 3.042197 2.820508 4.581265 3547.442762
 336.000000 -3.026388 -3.124266 15.046496 1320.286999
 336.200000 -2.656930 2.632181 22.908370 49.412818
 336.400000 -2.212493 2.571529 21.361394 51.209709
 336.600000 -1.766922 2.593311 20.439125 138.209731
 336.800000 -2.109221 2.241316 20.779426 19.348879
 337.000000 -2.256402 2.865309 21.698211 65.157841
 337.200000 -2.976336 2.745722 16.808968 1091.347006
 337.400000 2.996941 2.726438 1.996546 2982.684736
 337.600000 -3.046556 2.975540 14.328845 1432.276236
 337.800000 -2.828293 2.761041 20.781937 378.984745
 338.000000 -2.589479 2.478785 23.260442 8.530631
 338.200000 -2.094704 2.927951 20.730481 18.987448
 338.400000 -2.218845 2.516176 21.432315 55.104258
 338.600000 -2.470783 2.347150 23.200089 14.099729
 338.800000 -2.069138 2.872800 20.619414 19.190276
 339.000000 -2.623802 2.445489 23.137412 25.481613
 339.200000 -2.573822 2.591553 23.326806 3.770126
 339.400000 -2.756087 2.977752 21.973967 169.538853
 339.600000 3.087200 2.621080 7.309158 3330.358768
 339.800000 -2.662715 2.974507 22.910774 53.479394
 340.000000 -2.181881 2.714660 21.190042 40.421625
 340.200000 -2.190268 2.234808 21.256795 44.504158
 340.400000 -1.726352 2.653855 20.954047 210.456439
 340.600000 -2.201157 2.744538 21.331281 49.100735
 340.800000 -3.119542 2.547532 11.331253 2162.011329
 341.000000 -3.071417 3.116547 13.407482 1612.008809
 341.200000 -3.137285 3.001657 10.499094 2426.829167
 341.400000 -3.034892 2.353406 14.824526 1354.470921
 341.600000 -2.441374 3.031134 23.123663 24.057994
 341.800000 -2.469068 2.583482 23.244447 14.365797
 342.000000 -2.390038 2.316958 22.826611 43.515287
 342.200000 -1.940176 2.927821 19.974599 23.404497
 342.400000 -2.083566 2.774563 20.710877 20.887268
 342.600000 -2.697639 2.440841 22.669052 86.494262
 342.800000 -2.693948 2.966024 22.702992 82.607022
 343.000000 -3.094704 2.832930 12.474342 1839.653332
 343.200000 3.054715 2.671624 5.457733 3598.398920
 343.400000 -2.857802 3.140356 20.249509 514.277182
 343.600000 2.918760 2.587511 -0.000002 0.000000
 343.800000 -2.080034 2.784288 20.701850 21.472280
 344.000000 -1.783172 2.480525 20.227226 100.074549
 344.200000 -1.959992 2.158668 20.078329 29.690485
 344.400000 -2.192165 2.410045 21.323948 48.007854
 344.600000 -2.177204 3.016768 21.223720 41.839695
 344.800000 -2.871796 2.403806 19.936384 584.651576
 345.000000 -2.924786 2.868386 18.515013 857.221674
 345.200000 -2.600760 -3.002319 23.348599 13.314702
 345.400000 3.137328 2.606945 10.142328 2557.101268
 345.600000 -2.472229 2.742189 23.324012 13.067370
 345.800000 -2.216732 2.990241 21.518130 58.591335
 346.000000 -2.297751 2.276665 22.188222 71.250264
 346.200000 -2.044906 2.709377 20.551713 26.100329
 346.400000 -2.295732 2.710710 22.188453 71.596794
 346.600000 -2.665518 2.683224 23.002174 56.046576
 346.800000 -2.738324 2.989048 22.304825 139.245454
 347.000000 -2.484488 2.731380 23.382198 9.334596
 347.200000 -2.579329 2.700249 23.447257 5.396122
 347.400000 -2.305622 2.809291 22.289179 70.271942
 347.600000 -2.556700 2.513991 23.483838 0.837216
 347.800000 -2.554564 2.709446 23.485653 0.614769
 348.000000 -2.374862 2.974690 22.828592 49.076929
 348.200000 -2.589221 2.561956 23.440090 8.706646
 348.400000 -2.290843 2.885247 22.183186 72.285767
 348.600000 -2.377311 2.704985 22.864331 48.070773
 348.800000 -2.212711 2.654504 21.535887 58.751243
 349.000000 -2.406043 2.720327 23.051639 37.037408
 349.200000 -2.461911 2.720451 23.358587 16.460548
 349.400000 -2.750456 2.607532 22.204748 161.062644
 349.600000 -2.959914 2.833056 17.507923 1021.237363
 349.800000 -3.013258 2.763814 15.715876 1238.479589
 350.000000 -2.993167 2.640895 16.410742 1155.378086
 350.200000 -2.351457 3.084734 22.718935 57.797514
 350.400000 -2.430436 2.517009 23.232761 27.663269
 350.600000 -2.034046 2.514209 20.515609 30.337094
 350.800000 -1.815813 2.754682 19.932450 38.295368
 351.000000 -2.119756 2.567082 20.963477 29.075055
 351.200000 -2.508018 2.629817 23.539410 3.413880
 351.400000 -2.644728 3.086479 23.234996 40.950099
 351.600000 3.061252 2.633133 5.977325 3604.415576
 351.800000 -3.021268 2.938286 15.460870 1274.865418
 352.000000 -2.295438 2.777523 22.283392 73.427442
 352.200000 -1.988937 2.172292 20.261590 36.611594
 352.400000 -1.584268 1.969816 23.031884 221.951420
 352.600000 -1.325379 1.735851 25.268580 24.169751
 352.800000 -1.251196 0.910914 24.542614 200.027150
 353.000000 -0.991690 0.169833 18.112153 1273.828434
 353.200000 -0.739394 -0.083890 7.923577 1772.294209
 353.400000 -0.898177 -0.049791 14.501347 1627.400690
 353.600000 -0.517409 0.004713 -0.006843 2.029768
 353.800000 -0.538367 0.122097 0.186021 1116.800585
 354.000000 -1.616049 0.445208 22.541361 231.935192
 354.200000 -1.483071 1.081976 24.423770 157.104304
 354.400000 -0.804276 1.296158 10.630666 1732.275933
 354.600000 -0.783787 1.402786 9.775792 1749.207994
 354.800000 -1.321892 1.328348 25.220325 29.412695
 355.000000 -1.471577 0.905447 24.564432 142.151963
 355.200000 -0.777618 0.114587 9.506568 1753.903496
 355.400000 -0.533042 -0.239385 0.017354 374.493538
 355.600000 -1.048046 -0.167664 19.944517 951.480390
 355.800000 -0.581305 -0.057964 1.593996 1215.736397
 356.000000 -0.613839 0.129456 2.776609 1423.968282
 356.200000 -1.547745 0.292327 23.518183 205.770002
 356.400000 -2.408696 0.949433 23.241603 36.379427
 356.600000 -1.712140 0.629561 21.047204 211.728695
 356.800000 -0.487037 0.478639 -0.000006 0.000002
 357.000000 -1.556323 0.847041 23.394600 209.267268
 357.200000 -1.636453 0.966313 22.189157 233.815245
 357.400000 -1.291164 1.060815 24.945308 91.654404
 357.600000 -1.123140 1.068763 21.979645 589.107160
 357.800000 -1.586438 0.898145 22.942434 219.068259
 358.000000 -0.960268 0.673213 16.880813 1427.568389
 358.200000 -1.075484 0.604240 20.715293 803.262614
 358.400000 -1.465327 0.892158 24.587490 132.129828
 358.600000 -1.802135 1.564790 19.988909 56.746090
 358.800000 -1.164149 1.921582 22.897772 449.244179
 359.000000 -0.541783 1.791130 0.253749 1128.583185
 359.200000 -0.591283 2.011675 1.906720 1274.451606
 359.400000 -0.572505 2.060147 1.253381 1146.578589
 359.600000 -0.522993 1.830972 -0.014856 6.640026
 359.800000 -1.080246 1.462471 20.837560 779.435386
 360.000000 -1.418165 0.426882 25.030041 55.069433
 360.200000 -1.729891 0.191368 20.772098 187.353760
 360.400000 -1.947134 0.640999 20.013927 34.326321
 360.600000 -0.757143 0.988460 8.597352 1767.164114
 360.800000 -0.749950 1.708414 8.294794 1771.343587
 361.000000 -0.890887 2.477494 14.117990 1627.630974
 361.200000 -1.170007 2.647169 22.984301 429.707845
 361.400000 -0.744952 2.059564 8.075913 1772.740573
 361.600000 -0.690817 1.464347 5.800805 1738.356877
 361.800000 -1.048614 1.199362 19.885983 950.480288
 362.000000 -1.753231 0.628315 20.464071 148.384669
 362.200000 -0.872874 0.152592 13.367543 1650.257194
 362.400000 -0.536348 0.169288 0.053866 655.055336
 362.600000 -0.678995 -0.057088 5.302809 1711.631451
 362.800000 -0.532346 -0.609592 -0.016175 79.955236
 363.000000 -0.403936 -0.363353 -0.000000 0.000000
 363.200000 -1.000709 0.392219 18.284296 1226.486750
 363.400000 -1.191146 1.366672 23.382684 367.233932
 363.600000 -0.266078 1.901084 -0.000000 0.000000
 363.800000 -1.760036 2.452295 20.373637 135.098483
 364.000000 -3.016622 2.652141 15.766722 1258.527589
 364.200000 -2.793608 -2.401420 21.781187 262.729174
 364.400000 2.890483 3.137874 -0.000000 0.000000
 364.600000 -3.009275 2.164527 16.034942 1228.101556
 364.800000 -1.980445 2.545539 20.223808 43.803112
 365.000000 -1.896386 2.861358 19.772007 8.801515
 365.200000 -2.776321 2.297893 22.058268 216.727638
 365.400000 2.989004 2.724595 1.884839 2967.453617
 365.600000 2.997316 3.135089 2.344877 3155.825545
 365.800000 -2.748407 2.718902 22.439357 159.918376
 366.000000 -2.067450 2.198704 20.777932 35.127437
 366.200000 -1.512084 2.391627 23.916087 179.319745
 366.400000 -2.123967 2.519414 21.121204 39.361072
 366.600000 -3.114197 2.552739 11.930449 2048.734575
 366.800000 -3.114243 3.108767 11.928370 2049.358181
 367.000000 -2.881635 2.833499 19.984753 641.687999
 367.200000 -2.898914 2.660658 19.542328 734.826918
 367.400000 -2.678344 3.012543 23.199004 74.399932
 367.600000 -3.094924 2.584925 12.785764 1809.830817
 367.800000 3.029789 2.807807 4.267145 3625.431951
 368.000000 -3.016897 -3.069711 15.794307 1261.590036
 368.200000 3.061819 2.634886 6.216625 3622.351524
 368.400000 -2.083170 2.801043 20.884433 35.856861
 368.600000 -1.803327 2.230959 19.938675 52.975082
 368.800000 -2.104495 2.285490 21.012765 36.981509
 369.000000 -1.902119 2.681010 19.781838 12.575938
 369.200000 -2.147795 3.036326 21.297322 47.411182
 369.400000 -3.091259 2.349395 12.962947 1768.474827
 369.600000 -2.652317 -3.141185 23.427398 52.720821
 369.800000 -2.957242 2.754450 17.831693 1023.199993
 370.000000 -2.999395 2.465444 16.428496 1190.967039
 370.200000 -2.664113 3.123459 23.349133 62.378098
 370.400000 2.975749 2.528458 1.231002 2641.791734
 370.600000 -3.072248 2.874289 13.752460 1589.084898
 370.800000 -2.673583 -2.902971 23.271978 70.465774
 371.000000 -2.364490 2.612418 23.168466 59.034442
 371.200000 -1.996542 1.762208 20.341696 47.289027
 371.400000 -1.519444 1.605190 23.770509 181.296492
 371.600000 -0.701936 1.228323 6.200206 1755.167852
 371.800000 -1.361450 1.475448 25.103127 0.000442
 372.000000 -1.310246 0.981580 24.920554 50.327342
 372.200000 -0.565414 -0.014455 0.933208 1085.670337
 372.400000 -0.541337 -0.835168 0.145974 1049.659808
 372.600000 -0.545282 -0.562655 0.277535 1122.546204
 372.800000 -0.877266 0.137068 13.448600 1626.366576
 373.000000 -1.066269 0.793239 20.301053 854.043267
 373.200000 -1.429841 1.377061 24.775899 69.685032
 373.400000 -1.647409 1.142153 21.918700 224.405486
 373.600000 -1.077876 0.468846 20.623699 791.686935
 373.800000 -1.011367 0.152860 18.546502 1170.698535
 374.000000 -0.740358 -0.068593 7.801687 1763.779955
 374.200000 -0.805043 0.189670 10.487994 1695.763741
 374.400000 -1.088464 0.453026 20.907377 737.745657
 374.600000 -1.057725 0.735385 20.028421 902.411830
 374.800000 -1.712278 1.350409 20.951509 202.869862
 375.000000 -1.678354 1.389919 21.449107 223.311198
 375.200000 -0.430776 0.511445 -0.000000 0.000000
 375.400000 -1.617177 0.725068 22.355738 215.255133
 375.600000 -1.174476 0.941310 22.921814 406.487173
 375.800000 -0.891891 1.439419 14.007541 1602.471521
 376.000000 -0.828898 1.826743 11.458882 1667.626502
 376.200000 -0.606615 2.083434 2.354788 1369.328785
 376.400000 -0.756190 2.251767 8.449652 1747.714038
 376.600000 -0.798050 2.070743 10.187738 1698.931264
 376.800000 -0.601672 1.854736 2.172947 1336.599529
 377.000000 -1.640562 1.724237 22.004739 221.102841
 377.200000 -1.703725 0.958856 21.062070 209.323683
 377.400000 -0.725441 0.208663 7.157611 1765.365792
 377.600000 -0.704227 -0.010875 6.266900 1756.987357
 377.800000 -1.383837 -0.082344 24.999544 8.898597
 378.000000 -0.492121 0.020655 -0.000007 0.000003
 378.200000 -1.476059 0.881538 24.256595 136.612113
 378.400000 -1.665052 1.256234 21.629705 222.883046
 378.600000 -0.634103 1.023751 3.396801 1537.510462
 378.800000 -1.604238 1.462168 22.526800 209.149018
 379.000000 -2.096220 1.017781 21.003876 39.103262
 379.200000 -0.920235 0.500642 15.101182 1546.414604
 379.400000 -0.638289 -0.010856 3.559117 1561.359768
 379.600000 -1.050810 -0.334429 19.780095 944.858149
 379.800000 -0.583059 -0.452564 1.497053 1211.712171
 380.000000 0.410534 -0.119845 -0.000000 0.000000
