#! FIELDS time phi psi ves.bias ves.force2
#! SET min_phi -pi
#! SET max_phi pi
#! SET min_psi -pi
#! SET max_psi pi
 0.000000 -1.498385 0.273949 25.037724 141.910265
 0.200000 -0.428772 0.071986 -0.000000 0.000000
 0.400000 -1.581997 0.435757 23.898916 227.434411
 0.600000 -1.710640 0.834305 21.961566 158.712114
 0.800000 -0.760356 1.132134 9.677008 1629.797039
 1.000000 -1.388646 1.737367 25.952189 11.788797
 1.200000 -2.216835 2.256597 22.829093 62.591614
 1.400000 -3.002069 3.133501 16.188655 1240.051994
 1.600000 -3.100115 2.986878 12.436443 1859.130859
 1.800000 -2.915203 2.663518 19.122169 1015.923820
 2.000000 -1.981706 2.743382 21.466244 10.657021
 2.200000 -1.701989 2.376533 22.288723 188.055549
 2.400000 -2.021398 1.953682 21.595112 12.687699
 2.600000 -1.988319 2.499311 21.486329 9.487414
 2.800000 -2.039678 2.977566 21.664136 16.107697
 3.000000 -2.796003 2.657661 22.238704 397.179117
 3.200000 -3.128046 2.842795 11.293998 2167.832214
 3.400000 -3.113953 -3.118967 11.934488 1966.921470
 3.600000 3.007493 2.628234 3.219915 2972.297235
 3.800000 -2.566970 2.932617 24.418901 0.537264
 4.000000 -2.328108 2.581000 23.700216 26.045158
 4.200000 -2.428408 2.556531 24.145861 12.064455
 4.400000 -2.219546 2.938899 22.990603 71.127879
 4.600000 -2.688424 2.660993 23.784870 107.021395
 4.800000 3.129953 2.772749 10.150236 2510.357757
 5.000000 -2.844313 -3.065887 21.079360 623.424694
 5.200000 -2.976840 2.628423 17.127982 1072.007182
 5.400000 -2.243734 2.595469 23.250047 76.496645
 5.600000 -1.923397 2.733523 21.555481 18.297264
 5.800000 -1.944460 2.449922 21.643108 15.925743
 6.000000 -2.702777 2.518397 23.671131 142.258794
 6.200000 3.128640 2.872081 10.259666 2545.008667
 6.400000 -2.984560 3.136934 16.913482 1053.065678
 6.600000 -2.822706 2.747257 21.568301 541.245185
 6.800000 -1.864340 2.724577 21.347045 9.135014
 7.000000 -1.575569 2.248056 23.999592 165.026032
 7.200000 -1.683802 1.667904 22.444961 196.954332
 7.400000 -1.178812 0.858553 23.597564 434.770946
 7.600000 -1.591544 0.599189 23.748843 174.571130
 7.800000 -1.493803 0.769073 24.897542 108.343925
 8.000000 -0.824925 1.522917 11.918437 1417.067795
 8.200000 -0.815294 2.103959 11.522079 1421.208191
 8.400000 -1.283053 2.517222 25.307928 126.011995
 8.600000 -2.166487 2.409493 22.607899 80.041766
 8.800000 -2.945485 2.763738 18.180836 914.345984
 9.000000 2.940551 -2.725495 0.218405 1906.578358
 9.200000 3.042227 2.674796 5.570805 3506.009853
 9.400000 -1.862596 2.405487 21.455517 9.931426
 9.600000 -0.503071 2.125837 -0.000015 0.000012
 9.800000 -0.572966 1.779562 1.191743 1644.670631
 10.000000 -0.696538 1.685786 6.755491 1937.113303
 10.200000 -0.851435 1.722692 12.894323 1491.494319
 10.400000 -0.970481 1.952257 17.563510 1421.197718
 10.600000 -0.665056 2.108859 5.338653 2122.144178
 10.800000 -0.819474 2.163327 11.672027 1440.916112
 11.000000 -0.686015 2.150190 6.292394 2011.435589
 11.200000 -0.545322 1.856791 0.157117 1466.679672
 11.400000 -0.425762 1.910831 -0.000000 0.000000
 11.600000 -0.689154 2.108850 6.496483 1977.979046
 11.800000 -0.810065 2.201374 11.357537 1428.172479
 12.000000 -0.885020 2.050464 14.242169 1551.404178
 12.200000 -0.681857 1.673356 6.281427 2021.205687
 12.400000 -0.643946 1.786607 4.535303 2188.520145
 12.600000 -0.735126 1.993791 8.558276 1639.896642
 12.800000 -0.477754 2.017160 -0.000000 0.000000
 13.000000 -1.279391 2.181162 25.145697 152.502563
 13.200000 -2.382334 2.179961 24.166401 6.069417
 13.400000 -2.781658 3.124144 22.315377 420.187862
 13.600000 3.032876 -3.058964 5.113498 3466.348410
 13.800000 -2.736373 2.461029 23.162794 283.415473
 14.000000 -1.538708 2.428799 24.276522 128.673750
 14.200000 -1.705040 2.230834 22.149467 137.994201
 14.400000 -2.048891 2.576363 21.870650 1.922949
 14.600000 -3.120567 2.763086 12.101095 1950.896239
 14.800000 2.931877 3.099440 -0.002095 323.665134
 15.000000 -2.435486 2.687047 24.269646 5.570715
 15.200000 -1.614540 2.222554 23.315027 161.978958
 15.400000 -0.646630 1.611572 5.011278 2269.041487
 15.600000 -0.639786 1.599421 4.684340 2293.080062
 15.800000 -1.008655 2.093850 18.938434 1033.674886
 16.000000 -1.099644 2.112334 21.468081 584.374298
 16.200000 -0.883383 2.085643 14.420018 1400.825078
 16.400000 -1.242246 2.196610 24.448183 298.707898
 16.600000 -0.564363 2.009503 1.237944 1838.608914
 16.800000 -0.869222 1.849573 13.892504 1373.462489
 17.000000 -0.606694 1.508273 3.177472 2293.093717
 17.200000 -0.721497 1.256005 8.540881 1638.534688
 17.400000 -1.504441 1.001693 24.526942 108.226730
 17.600000 -1.548714 0.432244 24.055291 119.200429
 17.800000 -0.914678 0.399297 15.648699 1406.273962
 18.000000 -0.821647 0.735071 12.231793 1262.157919
 18.200000 -1.651913 1.175222 22.831791 160.957919
 18.400000 -1.561992 1.078999 23.902139 119.974118
 18.600000 -1.069229 0.903338 20.681604 633.818130
 18.800000 -1.593316 1.224392 23.549191 134.897458
 19.000000 -1.081662 0.841854 20.988934 589.695473
 19.200000 -1.510096 0.765105 24.451938 102.395728
 19.400000 -1.348055 0.781475 25.465232 4.689956
 19.600000 -0.973503 0.996916 17.884276 1144.935500
 19.800000 -1.448387 1.120388 25.042699 74.665572
 20.000000 -1.526806 0.849351 24.281453 105.811737
 20.200000 -0.770063 0.566961 10.647386 1337.638407
 20.400000 -1.227856 0.277908 24.107779 336.254376
 20.600000 -0.985164 0.775396 18.320251 1059.869612
 20.800000 -1.472652 1.556599 24.838395 86.248316
 21.000000 -1.422468 1.389892 25.252184 45.815210
 21.200000 -0.999874 0.458500 18.835380 954.845980
 21.400000 -0.908753 -0.337624 15.702771 1330.070983
 21.600000 -0.754544 -0.544609 10.132300 1432.559832
 21.800000 -0.699712 -0.082871 7.904384 1917.112696
 22.000000 -1.168930 0.829303 22.954543 430.936917
 22.200000 -1.209422 2.026046 23.795680 366.330600
 22.400000 -0.424753 2.469554 -0.000000 0.000000
 22.600000 -1.037277 2.254138 19.965496 734.097474
 22.800000 -0.823890 1.123933 12.707942 1262.789735
 23.000000 -1.495620 0.290190 24.687003 88.495742
 23.200000 -1.663230 0.244659 22.783223 185.878575
 23.400000 -1.374175 0.998752 25.479029 1.306286
 23.600000 -0.770289 1.508152 10.844984 1376.512306
 23.800000 -0.754375 2.046430 10.245862 1463.313985
 24.000000 -0.881814 2.274198 14.861012 1316.740666
 24.200000 -0.514781 2.167183 -0.005006 1.669515
 24.400000 -1.591986 1.510780 23.749299 146.063993
 24.600000 -1.358582 0.409859 25.480428 0.900952
 24.800000 -0.595604 -0.210199 3.002494 2408.754028
 25.000000 -0.538463 -0.516705 0.416794 1725.718698
 25.200000 -1.312670 0.101768 25.294289 52.587212
 25.400000 -0.615343 0.647669 4.023203 2524.059241
 25.600000 -0.721099 2.219796 9.039501 1774.945941
 25.800000 -0.939042 2.657819 17.050112 1214.737218
 26.000000 -0.819052 2.102879 12.762624 1277.780370
 26.200000 -0.883921 0.926980 15.162276 1285.065247
 26.400000 -1.265269 0.168112 24.821331 169.632724
 26.600000 -1.262266 0.442710 24.781720 178.437875
 26.800000 -1.023575 1.126240 19.801721 795.970242
 27.000000 -1.680906 1.511787 22.596602 204.324991
 27.200000 -1.834336 1.837169 21.248248 1.596420
 27.400000 -1.430897 2.099079 25.307265 31.089615
 27.600000 -1.845344 2.463715 21.239350 0.140463
 27.800000 -2.847116 2.785811 20.382186 614.134324
 28.000000 -2.850965 -3.031606 20.286464 622.687982
 28.200000 -2.897379 2.646445 19.048999 706.986021
 28.400000 -2.919654 2.500831 18.449820 739.726148
 28.600000 -2.602828 3.110142 24.040295 7.567860
 28.800000 -2.752109 2.952362 22.433803 343.437530
 29.000000 -2.557299 2.611369 24.080909 0.454798
 29.200000 -2.503698 2.747428 23.959359 5.255662
 29.400000 -2.069202 3.009748 21.399683 5.245482
 29.600000 -2.812089 2.217654 21.174728 519.798779
 29.800000 -2.469444 3.124987 23.878962 5.345481
 30.000000 3.103291 2.842531 8.832849 2913.968455
 30.200000 2.922807 2.631847 -0.009269 4.486701
 30.400000 -2.380926 2.961689 23.656886 7.850087
 30.600000 -2.076844 2.420194 21.383823 8.165774
 30.800000 -1.945000 1.956952 21.277994 0.970464
 31.000000 -1.688347 2.000231 22.549370 222.301618
 31.200000 -1.859250 2.409098 21.179558 0.019291
 31.400000 -2.650729 2.762508 23.714914 59.976057
 31.600000 2.998903 3.140227 2.929474 2756.515931
 31.800000 2.958585 2.604108 0.985748 1870.097508
 32.000000 -2.054742 2.733029 21.311587 2.071961
 32.200000 -1.929857 2.389978 21.227921 1.180166
 32.400000 -1.860409 2.326663 21.168036 0.037084
 32.600000 -2.413938 2.195441 23.702845 6.209911
 32.800000 -1.919463 -2.897483 21.216060 1.402723
 33.000000 -2.934181 2.925780 18.023354 789.691709
 33.200000 3.135952 2.564239 10.397357 2406.596171
 33.400000 -2.855413 2.963941 20.117653 624.505650
 33.600000 -2.693624 3.098301 23.246519 150.057380
 33.800000 -2.838701 2.406462 20.527863 580.053262
 34.000000 -2.746729 2.805261 22.456569 301.782624
 34.200000 -3.030022 2.952079 15.109025 1107.941032
 34.400000 -3.030881 2.852068 15.080391 1112.780580
 34.600000 -1.603687 2.731705 23.861242 184.995460
 34.800000 -1.767184 1.871104 21.578486 84.854454
 35.000000 -1.686869 1.002848 22.609212 234.685065
 35.200000 -0.718862 0.083391 9.309645 1968.245568
 35.400000 -0.170072 -0.530726 -0.000000 0.000000
 35.600000 -0.500636 -0.533548 -0.000521 0.019138
 35.800000 -1.143995 -0.194653 22.874656 411.599619
 36.000000 -0.760656 0.415803 11.070495 1604.683097
 36.200000 -0.570917 0.906777 2.065712 2186.191589
 36.400000 -1.080395 1.886585 21.501760 546.023387
 36.600000 -0.997111 2.560952 19.317045 860.307527
 36.800000 -0.955508 2.624301 18.035628 1033.964219
 37.000000 -0.540146 1.856333 0.711567 1686.206643
 37.200000 -1.032480 0.968326 20.323454 710.350346
 37.400000 -1.418518 0.631617 25.419084 11.828139
 37.600000 -1.162848 0.522575 23.269436 369.549436
 37.800000 -1.166978 1.007376 23.348399 361.612959
 38.000000 -2.137869 1.338003 21.536333 47.401957
 38.200000 -1.640245 1.602393 23.362881 234.155293
 38.400000 -0.432595 1.178436 -0.000000 0.000000
 38.600000 -1.154869 1.505671 23.131270 381.862572
 38.800000 -1.908103 1.599408 21.214121 0.704149
 39.000000 -1.941605 1.553589 21.238179 0.230758
 39.200000 -0.748037 1.479465 10.660311 1719.119354
 39.400000 -0.683608 1.493027 7.767157 2332.328942
 39.600000 -0.733636 1.786263 10.052505 1845.798255
 39.800000 -1.192812 2.342693 23.846779 297.943684
 40.000000 -0.798436 2.664734 12.638826 1399.609890
 40.200000 -1.022637 1.964283 20.101541 752.689072
 40.400000 -0.988659 1.006070 19.128613 888.358169
 40.600000 -1.509673 0.233677 24.925367 60.166835
 40.800000 -0.710720 -0.093852 9.069178 2069.897593
 41.000000 -0.425961 -0.099743 -0.000000 0.000000
 41.200000 -1.017727 0.142385 19.982744 771.476988
 41.400000 -1.243015 0.581117 24.634946 166.552630
 41.600000 -1.414569 1.406091 25.425894 6.336456
 41.800000 -1.322020 1.529703 25.344242 24.439469
 42.000000 -0.396730 0.723789 -0.000000 0.000000
 42.200000 -1.683036 0.815228 22.693712 247.557477
 42.400000 -1.457063 0.909480 25.276368 22.192226
 42.600000 -0.628411 1.289538 5.082997 2622.018909
 42.800000 -0.540446 1.804096 0.869276 1717.985382
 43.000000 -0.767876 2.486420 11.565829 1582.774039
 43.200000 -0.741577 2.409300 10.523608 1793.557583
 43.400000 -0.750142 1.822384 10.882595 1720.824267
 43.600000 -1.024917 1.390324 20.220654 745.931801
 43.800000 -1.708893 0.937422 22.295988 212.797991
 44.000000 -1.589868 -0.141136 24.128949 179.404237
 44.200000 -0.686174 -0.265919 8.053433 2317.639723
 44.400000 -0.454829 -0.157894 -0.000000 0.000000
 44.600000 -0.488223 -0.242294 -0.000089 0.000528
 44.800000 -0.859782 0.129711 15.029276 1204.921893
 45.000000 -0.945711 0.113746 17.893265 1007.091976
 45.200000 -1.337326 0.609921 25.423128 9.124535
 45.400000 -1.102433 1.705441 22.191557 513.761072
 45.600000 -0.614072 2.339660 4.473988 2599.980571
 45.800000 -0.622881 2.407962 4.924125 2619.129876
 46.000000 -1.400900 1.867461 25.464213 2.006002
 46.200000 -1.735549 0.365716 21.925959 157.147165
 46.400000 -0.784244 -0.562402 12.371180 1477.433715
 46.600000 -0.518936 -0.398067 0.132917 1557.285723
 46.800000 -0.897776 0.258906 16.395253 1107.639839
 47.000000 -1.748010 1.144602 21.777633 126.622267
 47.200000 -1.345913 1.547291 25.456363 4.206731
 47.400000 -0.438019 1.369534 -0.000000 0.000000
 47.600000 -1.298407 1.482664 25.264295 38.524586
 47.800000 -1.253726 0.735104 24.886483 115.486457
 48.000000 -0.820237 -0.036493 13.749609 1304.700336
 48.200000 -0.792834 -0.399613 12.775031 1423.277990
 48.400000 -0.664740 -0.608425 7.202350 2451.887538
 48.600000 -0.528216 0.005485 0.603162 1646.030509
 48.800000 -0.682902 0.569537 8.088778 2307.612357
 49.000000 -1.408510 1.139543 25.462659 3.214901
 49.200000 -1.617498 1.087059 23.788435 241.829016
 49.400000 -0.995087 0.628383 19.508395 829.942367
 49.600000 -1.833625 0.824536 21.206981 6.700309
 49.800000 -1.715278 1.158747 22.212874 209.075083
 50.000000 -0.936216 0.994025 17.728411 996.532047
 50.200000 -1.957557 1.179771 21.120897 0.520191
 50.400000 -1.592968 0.833452 24.162071 196.344672
 50.600000 -0.632398 0.270939 5.701718 2569.376556
 50.800000 -0.458975 -0.426120 -0.000000 0.000000
 51.000000 -0.720257 -0.504729 9.902856 1920.057547
 51.200000 -0.585634 -0.012034 3.406868 2449.573953
 51.400000 -1.109202 0.267641 22.508728 520.247123
 51.600000 -1.353353 0.758593 25.516622 1.124775
 51.800000 -1.194679 1.626456 24.204649 266.959590
 52.000000 -1.067827 2.255426 21.517429 627.999097
 52.200000 -0.603615 2.546539 4.374028 2542.427738
 52.400000 -0.620687 1.865418 5.237144 2558.918846
 52.600000 -0.517049 1.545628 0.365407 1723.599427
 52.800000 -1.058399 1.334456 21.304780 653.631955
 53.000000 -0.851261 0.712741 15.004354 1202.583151
 53.200000 -0.328372 -0.825489 -0.000000 0.000000
 53.400000 -0.473575 -0.792017 -0.000026 0.000045
 53.600000 -1.332897 1.155436 25.513849 5.323928
 53.800000 -1.147913 2.085686 23.405885 414.158972
 54.000000 -0.388212 2.394185 -0.000000 0.000000
 54.200000 -1.212489 2.074461 24.572216 207.910417
 54.400000 -1.605811 0.809473 24.004344 227.721979
 54.600000 -0.324808 -0.271998 -0.000000 0.000000
 54.800000 -0.453212 -0.536306 -0.000000 0.000000
 55.000000 -1.292900 0.334456 25.377334 32.594180
 55.200000 -1.241080 1.292476 24.971197 124.671274
 55.400000 -0.514202 2.203614 0.425822 1721.999940
 55.600000 -1.015875 2.410648 20.257192 761.447032
 55.800000 -1.838464 2.120048 21.191802 9.561118
 56.000000 -2.692348 1.780759 22.767702 89.558844
 56.200000 -2.270717 2.880595 22.131800 72.180294
 56.400000 -2.600264 3.063762 23.270135 7.840111
 56.600000 3.064988 2.135710 5.930619 3054.085285
 56.800000 -2.550928 3.131536 23.347501 0.189532
 57.000000 -2.467438 2.769798 23.251430 6.730624
 57.200000 -2.785651 2.048585 21.397781 360.591789
 57.400000 -2.232788 2.983334 21.769285 74.730849
 57.600000 -2.337347 3.072369 22.611084 46.654707
 57.800000 3.126843 2.111252 9.234512 2629.225111
 58.000000 -2.777790 2.988618 21.543712 329.044668
 58.200000 -3.079878 -3.037329 12.715755 1626.041321
 58.400000 -3.013616 2.455968 15.129084 1107.150822
 58.600000 -2.067468 2.572640 20.825748 0.812179
 58.800000 -1.664166 2.738282 23.050305 285.743345
 59.000000 -2.499009 2.175325 23.280382 2.248425
 59.200000 -2.640227 2.922697 23.028089 28.025138
 59.400000 -3.098541 3.077476 11.914328 1851.567370
 59.600000 -3.074069 2.697989 12.923827 1562.876936
 59.800000 -2.176553 2.793442 21.261232 51.040252
 60.000000 -2.029085 2.461528 20.803568 0.676288
 60.200000 -1.972883 2.302292 20.866011 3.439428
 60.400000 -2.316344 2.798429 22.368065 58.358694
 60.600000 -3.066668 2.916960 13.193054 1485.419345
 60.800000 2.993255 2.916300 2.081023 2168.945455
 61.000000 -2.817037 2.841738 20.697487 496.833591
 61.200000 -2.997691 2.663995 15.585258 1036.946638
 61.400000 -2.647466 2.925580 22.944054 32.620226
 61.600000 3.098548 2.760187 7.641357 2937.298750
 61.800000 3.012909 2.791647 3.019076 2527.002278
 62.000000 -2.932269 2.940696 17.602034 882.739969
 62.200000 -2.714851 2.486051 22.374226 122.033855
 62.400000 -2.790982 3.003513 21.221928 377.321931
 62.600000 3.033967 2.821668 4.098676 2825.208246
 62.800000 3.067922 2.937008 5.947027 3041.502529
 63.000000 -2.850109 2.808515 19.888789 643.460254
 63.200000 -2.678968 2.722796 22.697874 59.391205
 63.400000 -2.355292 2.876574 22.578282 48.211475
 63.600000 -2.621115 2.759606 23.031889 16.818854
 63.800000 -3.028380 2.713121 14.536502 1187.418323
 64.000000 -3.095435 3.114682 11.980019 1808.304678
 64.200000 -3.094205 2.851511 12.019286 1788.241347
 64.400000 -2.880818 2.688599 19.083693 772.571122
 64.600000 -2.870530 2.979038 19.366200 734.935512
 64.800000 3.072438 3.024161 6.184554 3030.854351
 65.000000 3.097587 2.867707 7.560518 2927.107531
 65.200000 -2.958887 2.937662 16.777439 969.879054
 65.400000 -2.586290 2.954102 23.120014 6.174915
 65.600000 -2.388941 2.717951 22.755933 37.540139
 65.800000 -2.175179 2.710710 21.112808 43.508060
 66.000000 -2.054866 2.548235 20.690262 0.062468
 66.200000 -2.548101 2.644274 23.177355 0.918260
 66.400000 -2.693499 2.854907 22.567077 70.295379
 66.600000 3.103603 2.869484 7.878150 2866.763489
 66.800000 -3.053351 2.783167 13.616382 1369.370163
 67.000000 -2.533251 2.882057 23.186806 0.095931
 67.200000 -2.405830 2.455356 22.827258 33.106685
 67.400000 -2.202636 2.624914 21.265657 54.576116
 67.600000 -2.527689 2.655692 23.182279 0.003303
 67.800000 -3.114350 2.736195 11.121184 2039.121700
 68.000000 -3.002769 2.991729 15.375512 1095.723099
 68.200000 -2.972849 2.723909 16.350569 1023.374332
 68.400000 -2.657057 2.695102 22.817921 32.347488
 68.600000 -2.389385 2.938365 22.717418 41.989408
 68.800000 -2.557984 2.362065 23.158441 1.998750
 69.000000 -2.121582 2.742758 20.779569 15.329059
 69.200000 -2.361947 2.747599 22.520610 54.494508
 69.400000 -2.961944 2.641947 16.708825 1006.819827
 69.600000 3.080227 2.907955 6.613319 3005.915746
 69.800000 3.040163 2.883882 4.423135 2887.396570
 70.000000 -2.097179 2.735651 20.684651 6.848397
 70.200000 -1.568742 2.175586 24.469413 172.345497
 70.400000 -1.657128 1.459281 23.053746 303.622194
 70.600000 -1.341936 0.634020 25.668182 0.009259
 70.800000 -0.930852 -0.020994 17.938028 958.604164
 71.000000 -0.417054 -0.139102 -0.000000 0.000000
 71.200000 -0.419138 -0.252255 -0.000000 0.000000
 71.400000 -0.923611 0.037384 17.715004 978.897800
 71.600000 -1.231698 0.637317 25.117998 133.578398
 71.800000 -1.522958 1.386719 24.965103 78.772618
 72.000000 -0.959465 1.217206 18.804231 870.294696
 72.200000 -1.437029 1.047871 25.456548 12.749570
 72.400000 -1.823111 0.815146 21.024027 24.319265
 72.600000 -1.059752 0.723187 21.572909 678.879145
 72.800000 -1.845134 1.177951 20.930669 13.089133
 73.000000 -1.445009 1.222331 25.426942 14.856921
 73.200000 -1.054989 0.989421 21.449790 683.893746
 73.400000 -1.925685 0.696792 20.711632 3.838022
 73.600000 -1.766136 0.636968 21.430639 101.255014
 73.800000 -1.199025 0.795787 24.673820 253.227381
 74.000000 -1.454164 1.454490 25.383779 17.842256
 74.200000 -1.510197 1.485967 25.055151 59.629003
 74.400000 -1.460933 0.836697 25.349800 20.568841
 74.600000 -0.950031 0.529300 18.542429 891.432661
 74.800000 -1.518147 0.843862 24.991123 70.410327
 75.000000 -1.628413 1.184445 23.531895 293.285448
 75.200000 -1.005128 1.078988 20.125883 757.650384
 75.400000 -1.491927 0.906572 25.186611 40.398192
 75.600000 -1.055149 0.596543 21.466603 683.202073
 75.800000 -1.303989 0.563556 25.621979 6.582455
 76.000000 -1.174963 0.966836 24.267803 353.153394
 76.200000 -1.283250 1.227838 25.556975 22.455685
 76.400000 -1.198313 0.971339 24.686741 254.601288
 76.600000 -1.368912 0.546250 25.639719 2.725647
 76.800000 -0.829038 0.797157 14.561201 1274.240896
 77.000000 -1.573935 1.447259 24.383701 185.498126
 77.200000 -1.545077 1.173796 24.745401 121.982822
 77.400000 -0.857805 0.553850 15.575017 1203.577066
 77.600000 -1.311500 0.560175 25.667133 3.449317
 77.800000 -1.314417 0.900645 25.672178 2.568443
 78.000000 -1.388608 1.360909 25.619035 5.332486
 78.200000 -1.170934 1.113702 24.236991 374.841971
 78.400000 -1.663589 0.600814 22.914181 308.859408
 78.600000 -1.688680 0.849846 22.482115 279.686644
 78.800000 -1.122945 1.280824 23.199097 553.493242
 79.000000 -1.398651 1.306143 25.619223 7.084235
 79.200000 -1.439909 1.049362 25.507345 15.919219
 79.400000 -0.997752 0.347234 19.955737 778.375395
 79.600000 -0.488754 -0.103705 0.082611 1369.729676
 79.800000 -0.412149 -0.250368 -0.000000 0.000000
 80.000000 -0.552048 -0.382212 2.891696 2262.782372
 80.200000 -0.723215 0.006452 10.588845 1550.093267
 80.400000 -0.630873 0.202719 6.664723 2117.616071
 80.600000 -1.060203 0.220913 21.654065 686.760147
 80.800000 -1.620074 0.919805 23.688531 291.744135
 81.000000 -1.378358 1.344159 25.722167 4.593984
 81.200000 -1.264218 1.042893 25.565996 53.443544
 81.400000 -1.493261 0.845324 25.266430 49.426865
 81.600000 -1.250400 0.931791 25.452277 83.957446
 81.800000 -1.343551 1.294228 25.798404 0.247243
 82.000000 -1.512334 1.000936 25.118488 72.574970
 82.200000 -1.211957 0.759846 25.024038 211.860608
 82.400000 -1.635902 1.095229 23.424222 316.448714
 82.600000 -1.302234 1.389350 25.787956 8.417822
 82.800000 -1.499183 0.929276 25.246304 57.935374
 83.000000 -1.514439 0.839477 25.120953 78.198029
 83.200000 -1.357544 1.048394 25.858694 1.522995
 83.400000 -1.652766 1.305520 23.125926 326.985873
 83.600000 -1.704220 0.930039 22.229297 262.836524
 83.800000 -0.795665 0.582886 13.330805 1370.989169
 84.000000 -1.454608 0.848873 25.554909 24.796466
 84.200000 -1.479255 1.001788 25.451442 42.541970
 84.400000 -0.709196 1.059268 10.028791 1580.419649
 84.600000 -0.897840 1.305154 16.963362 1117.102193
 84.800000 -1.033081 1.060493 21.001175 733.898605
 85.000000 -1.391118 0.437262 25.835783 7.066449
 85.200000 -1.080483 0.310404 22.277309 668.783934
 85.400000 -0.351245 0.274034 -0.000000 0.000000
 85.600000 -1.272058 0.297214 25.756587 44.292624
 85.800000 -1.241596 0.662016 25.492632 115.225798
 86.000000 -1.186281 1.275247 24.690017 328.065861
 86.200000 -1.086486 1.418989 22.456621 661.400073
 86.400000 -1.052030 0.979925 21.552320 713.834058
 86.600000 -1.563154 0.699814 24.663730 196.736043
 86.800000 -1.366134 0.868721 25.980268 2.524173
 87.000000 -1.260831 1.204800 25.712955 67.501112
 87.200000 -1.692060 1.315666 22.433861 303.184271
 87.400000 -1.140954 0.611700 23.822355 519.942740
 87.600000 -0.510059 -0.094484 1.113768 1849.730659
 87.800000 -0.451194 -0.805817 -0.000022 0.000038
 88.000000 -0.509649 -0.411252 1.096163 1844.427880
 88.200000 -0.798198 0.507988 13.414304 1393.273031
 88.400000 -1.379987 1.224745 26.041585 5.155897
 88.600000 -1.846368 1.246614 20.687275 29.810956
 88.800000 -0.906949 0.907102 17.306160 1113.938361
 89.000000 -1.600057 0.943258 24.122183 296.699129
 89.200000 -1.153302 0.643316 24.167584 479.742248
 89.400000 -1.507674 0.995796 25.398357 89.832926
 89.600000 -1.297229 1.006431 26.055757 14.994183
 89.800000 -1.454720 0.881332 25.792200 32.110345
 90.000000 -1.340363 0.701858 26.132925 0.000307
 90.200000 -1.245966 1.010795 25.743369 108.770323
 90.400000 -1.440437 1.364540 25.912992 25.200987
 90.600000 -1.228661 0.876689 25.541985 165.062545
 90.800000 -1.317440 0.546122 26.162356 3.495769
 91.000000 -1.333701 0.884569 26.181226 0.240518
 91.200000 -1.367028 1.179900 26.214450 2.843041
 91.400000 -1.321330 0.992578 26.223699 2.399649
 91.600000 -1.227598 0.623966 25.577223 171.118057
 91.800000 -1.405880 0.728952 26.111661 12.502244
 92.000000 -1.503666 0.995837 25.509610 90.776195
 92.200000 -1.310209 1.004128 26.267013 7.279686
 92.400000 -1.441625 1.047893 26.013049 29.827663
 92.600000 -1.398718 0.968701 26.200999 11.256432
 92.800000 -1.317721 1.055309 26.284481 3.843873
 93.000000 -1.684839 1.161656 22.582925 338.450413
 93.200000 -1.305613 1.011871 26.327990 10.962765
 93.400000 -1.494426 0.900137 25.680690 88.593223
 93.600000 -1.054641 0.800826 21.805095 754.940526
 93.800000 -1.408116 1.125154 26.238445 16.064788
 94.000000 -1.631805 0.996656 23.604139 374.110698
 94.200000 -1.004275 0.604453 20.405033 843.848105
 94.400000 -1.326816 0.832308 26.453483 1.662093
 94.600000 -1.725023 1.039369 21.889193 254.079491
 94.800000 -1.017054 1.150188 20.773463 819.268982
 95.000000 -1.332392 1.101930 26.459245 0.610766
 95.200000 -1.626840 0.857390 23.726410 383.845277
 95.400000 -1.640269 0.868374 23.461823 391.019961
 95.600000 -0.976874 0.752445 19.610794 921.135499
 95.800000 -1.508527 0.898953 25.629138 127.071874
 96.000000 -1.411551 1.026416 26.370202 20.858076
 96.200000 -1.259161 1.076241 26.243555 95.316295
 96.400000 -1.578993 0.819619 24.644629 305.598919
 96.600000 -1.305114 0.893503 26.550824 14.447492
 96.800000 -1.028598 1.008137 21.150626 816.103828
 97.000000 -1.520022 1.106339 25.536619 158.523743
 97.200000 -1.514328 0.761261 25.653431 153.350266
 97.400000 -0.949931 0.634605 18.799028 1030.957851
 97.600000 -1.604367 1.053402 24.205903 366.681992
 97.800000 -1.554182 1.071403 25.090973 250.070824
 98.000000 -0.874348 0.608325 16.207681 1316.206397
 98.200000 -1.776093 0.811903 21.173317 150.504441
 98.400000 -1.883973 0.965297 20.271606 27.896978
 98.600000 -1.194453 1.031026 25.422859 364.867895
 98.800000 -1.032731 1.193459 21.320392 825.923356
 99.000000 -1.727012 1.120486 21.878843 269.993955
 99.200000 -1.466074 0.636295 26.277548 80.666651
 99.400000 -0.821461 0.778030 14.232137 1439.752987
 99.600000 -1.514675 1.389312 25.747599 166.945237
 99.800000 -1.798890 1.017630 20.910101 112.586221
 100.000000 -1.253042 0.676824 26.375122 126.734515
 100.200000 -1.052040 0.605744 21.004481 810.572804
 100.400000 -1.641518 0.831927 22.623814 420.818468
 100.600000 -1.693862 1.375658 21.575419 362.774822
 100.800000 -1.400257 1.135474 25.866320 20.778213
 101.000000 -1.209360 0.510345 24.876715 309.616460
 101.200000 -1.372215 0.571614 26.046943 6.177142
 101.400000 -1.366562 1.287279 26.059652 4.033588
 101.600000 -1.586500 1.548526 23.765376 357.044528
 101.800000 -1.730451 1.135446 20.947035 280.416450
 102.000000 -0.941065 0.400673 17.652939 1106.170409
 102.200000 -1.089726 0.247248 22.145693 764.234772
 102.400000 -0.593206 0.053654 4.180130 2060.937760
 102.600000 -0.941802 0.318386 17.701048 1113.921505
 102.800000 -1.561656 1.042827 24.268914 302.773502
 103.000000 -1.555610 1.601479 24.372736 287.038473
 103.200000 -1.677206 1.147799 22.003911 413.013824
 103.400000 -0.829404 0.224948 13.631205 1470.422425
 103.600000 -0.587459 -0.312172 3.927731 2074.430838
 103.800000 -0.470813 -0.407345 -0.000014 0.000021
 104.000000 -1.014458 -0.242864 20.021009 896.845872
 104.200000 -0.402247 0.218456 -0.000000 0.000000
 104.400000 -1.112587 0.622607 22.863264 726.576296
 104.600000 -1.592309 1.208888 23.801901 390.291411
 104.800000 -1.690236 1.186717 21.773760 398.382324
 105.000000 -1.165846 1.038830 24.210583 538.750481
 105.200000 -1.730657 0.821838 21.038006 310.160358
 105.400000 -1.329526 0.870179 26.375172 3.932413
 105.600000 -1.111535 1.159205 22.881396 734.571502
 105.800000 -1.178662 1.205171 24.553308 485.103073
 106.000000 -1.715603 0.749879 21.311365 349.181449
 106.200000 -1.487724 0.679093 25.608046 142.676507
 106.400000 -0.994375 1.321015 19.513401 970.094665
 106.600000 -0.749568 1.852435 10.587755 1464.700660
 106.800000 -0.808614 2.278438 12.861326 1499.475342
 107.000000 -0.414234 2.253586 -0.000000 0.000000
 107.200000 -0.894533 1.801851 16.156608 1354.709888
 107.400000 -0.571377 1.352685 3.248855 2086.823856
 107.600000 -1.101799 1.081546 22.711137 766.475128
 107.800000 -1.648780 0.824802 22.751185 469.347506
 108.000000 -1.619461 0.709626 23.384167 456.209256
 108.200000 -0.964971 1.183065 18.642390 1082.334871
 108.400000 -1.120811 1.912672 23.276930 720.535428
 108.600000 -0.774105 2.479560 11.552769 1486.216796
 108.800000 -1.364515 2.391399 26.597612 2.275780
 109.000000 -1.827549 2.113199 19.710603 113.410864
 109.200000 -2.285518 2.273831 20.099387 86.217216
 109.400000 -2.186608 3.080502 19.318874 39.874212
 109.600000 -2.702867 2.886272 20.976228 58.793262
 109.800000 -3.063980 2.221663 11.792314 1565.693409
 110.000000 -2.065111 3.115323 18.797167 4.402854
 110.200000 -1.963313 2.677041 18.800207 7.672027
 110.400000 -2.511523 1.908209 21.591676 0.137485
 110.600000 -2.003017 2.690788 18.731574 0.504342
 110.800000 -1.889325 -3.132116 19.156997 48.537805
 111.000000 -2.979818 2.448450 14.769035 1067.874357
 111.200000 -2.697618 2.883914 20.976636 52.494469
 111.400000 3.042806 2.884683 3.047177 2700.360399
 111.600000 -3.058706 2.907399 11.962729 1521.233509
 111.800000 -1.942259 2.683072 18.857429 15.948502
 112.000000 -1.911854 1.785119 19.005255 33.006331
 112.200000 -1.917579 0.838768 18.962627 30.392578
 112.400000 -0.919898 0.137222 17.205976 1295.586122
 112.600000 -0.476413 -0.125334 -0.000352 0.013040
 112.800000 -0.995262 -0.050577 19.753796 1010.293150
 113.000000 -0.791242 -0.197907 12.271107 1523.179140
 113.200000 -0.325736 -0.112907 -0.000000 0.000000
 113.400000 -0.982451 -0.009866 19.375208 1055.980101
 113.600000 -2.064229 0.520309 18.728587 4.250232
 113.800000 -1.748810 1.301269 20.885802 320.003821
 114.000000 -0.900822 1.259980 16.532803 1381.335158
 114.200000 -0.812548 1.434032 13.132089 1551.791935
 114.400000 -2.104050 2.353198 18.826949 12.504608
 114.600000 3.071799 2.995822 4.534557 2890.202137
 114.800000 3.036002 -3.056646 2.650827 2588.869471
 115.000000 -2.999488 2.580482 14.053052 1138.756671
 115.200000 -1.979954 2.788261 18.696648 4.390967
 115.400000 -2.028280 2.431318 18.657561 0.173209
 115.600000 -2.668113 2.136355 21.088247 28.196091
 115.800000 -2.550044 -3.078778 21.475641 2.357740
 116.000000 -3.134148 3.085460 8.572092 2417.869575
 116.200000 -2.812838 2.616637 19.337702 424.843595
 116.400000 -2.256123 2.801951 19.717363 73.541174
 116.600000 -2.130538 2.729134 18.904586 19.214128
 116.800000 -2.592807 2.554337 21.363221 7.856182
 117.000000 -2.688804 3.078150 20.949210 43.465560
 117.200000 -3.011412 2.773278 13.605326 1191.750633
 117.400000 -2.824728 2.843585 19.067865 487.456063
 117.600000 -2.823340 2.866523 19.098383 480.178055
 117.800000 -3.090223 2.515138 10.575829 1869.566574
 118.000000 -2.557902 3.053354 21.430155 3.194422
 118.200000 -3.000807 2.692361 13.955161 1141.125170
 118.400000 3.011373 2.760277 1.407209 2166.544919
 118.600000 -2.977518 2.950605 14.725838 1053.951640
 118.800000 -2.913013 2.363500 16.728478 876.155460
 119.000000 -2.666002 2.961490 21.060408 26.861342
 119.200000 -2.683062 3.005006 20.955286 38.412548
 119.400000 -2.378478 2.464034 20.817585 74.625383
 119.600000 -1.930508 2.540477 18.849246 27.508492
 119.800000 -2.177882 2.589509 19.105651 34.714657
 120.000000 -2.377531 2.861919 20.809389 75.278982
 120.200000 -2.852944 2.629715 18.374446 631.394611
 120.400000 -2.608187 -3.125767 21.274382 9.293286
 120.600000 -3.043949 2.712708 12.409174 1410.766541
 120.800000 -2.318413 2.810798 20.239919 94.817142
 121.000000 -1.867172 2.612274 19.313078 92.057001
 121.200000 -2.449995 2.126000 21.269917 19.663874
 121.400000 -2.378684 2.833914 20.793414 73.615970
 121.600000 -2.288622 2.913229 19.943673 88.102579
 121.800000 -2.340364 2.295167 20.441810 92.079030
 122.000000 -1.796319 2.554199 20.191173 231.563502
 122.200000 -2.048993 2.759749 18.600968 1.279591
 122.400000 3.086007 2.289468 5.201267 2878.567241
 122.600000 -3.018354 -2.987023 13.326042 1241.087025
 122.800000 -3.055313 2.825459 11.959206 1516.847787
 123.000000 -2.591166 2.414318 21.312970 6.197221
 123.200000 -1.736284 2.976756 21.273436 404.126913
 123.400000 -2.502571 2.569945 21.389672 1.140240
 123.600000 3.051105 2.488834 3.338256 2707.498439
 123.800000 -3.109623 -2.773351 9.646859 2129.245767
 124.000000 -3.096548 2.646469 10.238503 1967.491571
 124.200000 -1.609536 2.572018 24.168123 526.505259
 124.400000 -0.618680 2.052065 5.537327 1816.037226
 124.600000 -1.154626 1.527613 24.744465 641.202102
 124.800000 -1.684440 0.672864 22.412722 529.100701
 125.000000 -2.037185 0.333784 18.574332 0.263519
 125.200000 -1.760891 0.360315 20.823405 339.817088
 125.400000 -2.046373 0.738607 18.573124 0.851270
 125.600000 -1.171309 1.383557 25.179578 570.114524
 125.800000 -0.914481 1.713318 17.245945 1408.051727
 126.000000 -0.776635 2.345302 11.797531 1556.333769
 126.200000 -1.034987 2.605768 21.365226 964.712254
 126.400000 -0.614104 1.931276 5.350630 1830.547011
 126.600000 -0.679689 1.623193 8.031727 1542.026689
 126.800000 -1.351110 1.280056 27.460128 0.269219
 127.000000 -1.775622 0.469221 20.573866 300.130256
 127.200000 -1.811484 0.266749 20.014540 209.890225
 127.400000 -2.283808 0.634247 19.858404 86.488156
 127.600000 -1.542573 0.928900 25.653853 355.525140
 127.800000 -0.573368 1.100951 3.574578 1984.951290
 128.000000 -0.581489 1.774347 3.935530 1964.441992
 128.200000 -0.718667 2.363122 9.551723 1490.847919
 128.400000 -1.061647 2.474048 22.221751 907.628787
 128.600000 -0.766116 2.033621 11.396675 1547.156836
 128.800000 -0.801068 1.238361 12.785711 1608.981423
 129.000000 -1.502279 0.605212 26.367285 232.121274
 129.200000 -1.544761 0.576292 25.659099 366.345130
 129.400000 -1.253987 1.085953 26.858746 191.903168
 129.600000 -0.604840 1.273426 4.977552 1860.462129
 129.800000 -0.608182 1.801230 5.121395 1844.423406
 130.000000 -0.951043 2.442590 18.643579 1262.696015
 130.200000 -0.761329 2.512358 11.225776 1542.599297
 130.400000 -0.682524 1.779756 8.167052 1527.229756
 130.600000 -1.156594 1.153108 24.929303 635.819845
 130.800000 -1.829117 0.348481 19.798646 177.783684
 131.000000 -2.002939 0.119259 18.554030 2.589934
 131.200000 -1.869772 0.469760 19.324790 106.704470
 131.400000 -1.498303 1.138114 26.505901 223.967854
 131.600000 -0.625470 1.477371 5.879992 1750.101188
 131.800000 -0.498382 1.998774 0.350262 1888.646126
 132.000000 -0.541413 2.330950 2.204684 1961.124663
 132.200000 -0.815589 2.092127 13.417526 1637.465132
 132.400000 -0.574285 1.752411 3.682444 1964.987642
 132.600000 -0.768211 1.964226 11.520987 1558.168431
 132.800000 -0.835676 2.036956 14.231598 1643.772614
 133.000000 -0.493516 2.129096 0.153119 1861.866316
 133.200000 -1.223595 2.085183 26.456440 324.201332
 133.400000 -2.063652 1.649088 18.533730 1.942554
 133.600000 -2.243479 1.062483 19.450127 69.607645
 133.800000 -1.062388 0.945255 22.351250 909.901963
 134.000000 -1.090274 0.668981 23.177618 845.866776
 134.200000 -1.757761 0.895709 21.001490 367.250386
 134.400000 -1.882860 1.430954 19.211399 91.912156
 134.600000 -1.592451 2.233746 24.767405 515.794502
 134.800000 -2.773899 2.762510 19.912474 259.028826
 135.000000 3.007558 -3.039824 1.131447 2002.453737
 135.200000 -2.563809 2.705225 21.257284 0.909841
 135.400000 -2.042381 2.106203 18.505954 0.066361
 135.600000 -1.900627 2.466629 19.057281 70.844252
 135.800000 -2.335650 2.804004 20.272570 85.394460
 136.000000 -3.072058 3.127613 11.200646 1721.353544
 136.200000 -2.969438 2.780130 14.885639 1018.550342
 136.400000 -2.545741 2.711686 21.257665 0.102304
 136.600000 -2.231258 2.592308 19.327094 62.855426
 136.800000 -1.937786 2.600402 18.795973 36.078887
 137.000000 -2.934603 2.358944 15.966597 911.573734
 137.200000 2.981251 -3.119381 0.010413 521.711209
 137.400000 -3.132159 2.952563 8.442595 2442.275342
 137.600000 -2.878092 2.407645 17.583211 729.611806
 137.800000 -1.895598 2.922478 19.117120 78.786783
 138.000000 -2.228736 2.515669 19.300949 61.566423
 138.200000 -2.786484 2.468482 19.662463 313.127599
 138.400000 -2.709506 3.107959 20.664845 75.092387
 138.600000 3.057759 2.905153 3.557944 2703.690146
 138.800000 -2.643485 2.582654 21.055597 13.790284
 139.000000 -1.821812 2.744731 19.977499 203.240681
 139.200000 -2.173898 2.243764 18.909301 35.278162
 139.400000 -2.278452 2.617408 19.711871 81.362898
 139.600000 -2.638348 3.053991 21.067578 11.799603
 139.800000 3.000873 2.673634 0.816354 1857.723024
 140.000000 -2.760123 2.925248 20.079777 208.017328
 140.200000 -2.624436 2.869152 21.104894 7.740995
 140.400000 -2.406894 2.595655 20.801670 43.624442
 140.600000 -2.402578 2.689782 20.772706 46.445037
 140.800000 -2.605426 2.679827 21.150727 4.253182
 141.000000 -2.780211 2.773731 19.760069 286.171031
 141.200000 3.055698 2.785012 3.441061 2669.750184
 141.400000 -2.803560 2.728261 19.326475 390.782373
 141.600000 -2.456852 2.718600 21.059344 15.376559
 141.800000 -2.310661 2.469568 19.998210 84.532293
 142.000000 -2.014187 2.646257 18.521045 3.007279
 142.200000 -2.665870 2.544942 20.941774 25.260152
 142.400000 3.102779 2.921589 5.923408 2807.281461
 142.600000 -2.872324 3.040906 17.713455 704.215915
 142.800000 -3.098385 2.545188 10.004823 2035.448247
 143.000000 -2.791805 2.778706 19.546875 336.927521
 143.200000 3.079808 2.809717 4.701472 2810.985695
 143.400000 2.992000 2.715828 0.436396 1807.161654
 143.600000 -2.609354 2.978699 21.134753 4.700760
 143.800000 -2.702112 2.577365 20.707652 63.631634
 144.000000 3.067600 2.955833 4.056966 2756.368739
 144.200000 -3.103327 3.003516 9.778080 2093.861651
 144.400000 -2.580576 2.577288 21.180500 1.400615
 144.600000 -1.919168 2.411026 18.971645 58.804751
 144.800000 -2.078550 2.496412 18.516744 2.848387
 145.000000 -2.642684 2.767856 21.038679 13.004751
 145.200000 3.032512 3.006355 2.274053 2383.962114
 145.400000 3.035172 2.834017 2.404472 2422.297494
 145.600000 -2.380963 2.586129 20.590792 59.196647
 145.800000 -2.005858 2.338820 18.540445 5.831085
 146.000000 -1.926291 2.585827 18.923659 52.558082
 146.200000 -2.511929 2.725536 21.176771 1.583120
 146.400000 -2.983697 2.959348 14.393649 1079.400300
 146.600000 -3.085599 2.857612 10.573546 1881.553657
 146.800000 -2.911704 2.877538 16.615790 841.785026
 147.000000 -2.705326 2.726489 20.680227 68.481236
 147.200000 -2.196245 2.830550 19.024828 45.561009
 147.400000 -2.129542 2.389558 18.662432 16.169092
 147.600000 -2.140379 2.440323 18.708630 20.271873
 147.800000 -2.219357 2.831237 19.190201 56.912507
 148.000000 -2.579611 2.768953 21.175268 1.201331
 148.200000 3.104027 2.678947 6.007809 2800.561448
 148.400000 -3.096955 -3.045032 10.084536 2014.884302
 148.600000 -2.923185 2.795772 16.285233 872.678000
 148.800000 -2.604190 2.420755 21.137930 3.589450
 149.000000 -1.970000 2.813987 18.680798 21.167770
 149.200000 -2.385970 2.656950 20.616943 55.717480
 149.400000 2.991452 2.481622 0.432913 1811.547962
 149.600000 2.965104 -2.948178 -0.002187 0.372092
 149.800000 -2.665859 2.724347 20.937453 24.832862
 150.000000 -2.106443 2.356422 18.589001 8.524495
 150.200000 -2.015896 2.362560 18.540377 3.651786
 150.400000 -2.520406 2.990878 21.179756 1.006930
 150.600000 -3.132255 2.992838 8.434198 2429.241004
 150.800000 -2.906662 2.850888 16.774016 819.101915
 151.000000 -2.544147 2.673050 21.192880 0.015149
 151.200000 -2.415164 2.883998 20.810317 37.979477
 151.400000 -2.125386 2.748816 18.659416 14.302482
 151.600000 -2.438382 2.404606 20.939974 24.924578
 151.800000 -2.113757 2.815253 18.618545 10.526500
 152.000000 -2.967399 2.695561 14.944714 1010.232113
 152.200000 2.970159 2.982411 -0.009262 5.366800
 152.400000 -2.620722 3.130114 21.111877 6.235497
 152.600000 -2.546638 2.281691 21.196867 0.010123
 152.800000 -1.829066 2.395846 19.958441 185.060882
 153.000000 -2.203802 2.728899 19.090649 48.091415
 153.200000 -3.047213 2.883093 12.182516 1478.400789
 153.400000 -2.861454 3.132570 18.015413 651.201812
 153.600000 -2.927399 2.801448 16.182496 882.778740
 153.800000 -3.137467 2.491493 8.197350 2478.587359
 154.000000 -2.272520 -2.976364 19.640103 75.484250
 154.200000 -2.339219 2.553022 20.233317 74.975848
 154.400000 -2.191106 2.183830 19.015554 42.307885
 154.600000 -1.872894 2.473202 19.442013 109.550444
 154.800000 -2.226090 2.809198 19.263615 58.300030
 155.000000 3.065114 2.681488 3.992637 2751.342598
 155.200000 -3.129767 3.005636 8.590131 2389.227863
 155.400000 -2.559769 2.733933 21.210395 0.075704
 155.600000 -1.923996 2.510104 18.996378 53.575774
 155.800000 -1.941715 2.328152 18.875794 39.607105
 156.000000 -2.833528 2.545349 18.705567 522.001287
 156.200000 2.962345 -2.906479 -0.001301 0.135679
 156.400000 -2.984151 3.113828 14.435922 1082.519628
 156.600000 -2.220581 2.170157 19.237005 56.131062
 156.800000 -1.579011 1.882265 25.275335 517.674833
 157.000000 -1.796426 1.570409 20.450892 251.953235
 157.200000 -2.357239 1.380708 20.396943 66.491517
 157.400000 -1.500268 1.179821 26.806778 240.987647
 157.600000 -1.050815 0.915136 22.194338 951.739896
 157.800000 -1.863434 0.884034 19.564230 118.901318
 158.000000 -1.781082 0.867896 20.705370 290.963742
 158.200000 -1.222992 0.933610 26.651934 327.210527
 158.400000 -1.312362 1.203724 27.738197 38.047387
 158.600000 -2.130308 1.344881 18.715171 16.796143
 158.800000 -1.798242 1.703271 20.429388 243.228973
 159.000000 -1.751102 1.775024 21.255590 378.728674
 159.200000 -2.101823 1.984279 18.624738 7.116977
 159.400000 -2.518693 3.000401 21.202826 1.900883
 159.600000 2.984355 3.139755 0.197525 1906.645304
 159.800000 -2.802379 2.917275 19.379052 370.300011
 160.000000 -2.212851 2.604957 19.202965 53.405570
 160.200000 -2.072524 2.725498 18.577016 1.086337
 160.400000 -2.604661 2.598710 21.182994 3.769903
 160.600000 2.977506 3.015301 -0.015853 138.303112
 160.800000 3.073528 3.056283 4.497539 2781.320377
 161.000000 -3.116174 2.635788 9.274482 2209.980175
 161.200000 -2.634966 2.691658 21.106388 11.493713
 161.400000 -2.102222 2.936918 18.638893 7.134759
 161.600000 -2.528635 2.191254 21.221776 1.033576
 161.800000 -2.251394 2.628628 19.518688 67.265580
 162.000000 -1.974867 3.012634 18.760580 20.989963
 162.200000 -2.710129 2.389054 20.666243 79.548022
 162.400000 -2.705590 2.937955 20.705759 72.157409
 162.600000 -2.930244 3.063492 16.167655 895.058745
 162.800000 3.068978 2.632326 4.284087 2758.629143
 163.000000 -2.221372 2.720596 19.291867 57.169375
 163.200000 -1.768428 2.705046 20.957729 316.500403
 163.400000 -2.297224 2.146098 19.924654 72.965323
 163.600000 -2.200203 2.828437 19.147540 48.621244
 163.800000 -2.513141 2.788722 21.207923 2.869817
 164.000000 3.136752 2.297770 7.827428 2513.748749
 164.200000 -2.651738 -3.130970 21.052171 19.538707
 164.400000 -2.974312 2.696338 14.808318 1058.975482
 164.600000 -2.757605 2.666596 20.134166 192.566650
 164.800000 -2.929153 3.121927 16.217548 893.771119
 165.000000 3.030049 2.816386 2.321817 2399.132648
 165.200000 -2.429228 2.867579 20.916703 28.938479
 165.400000 -2.070834 2.645145 18.617369 0.831028
 165.600000 -2.361881 2.402752 20.472362 58.056809
 165.800000 -2.502256 2.833571 21.194640 4.877004
 166.000000 3.140510 2.951634 8.031906 2465.004393
 166.200000 -2.876047 2.854847 17.740703 688.229719
 166.400000 -2.357052 2.732981 20.442611 58.964890
 166.600000 -2.090540 2.567731 18.657108 4.373135
 166.800000 -2.136194 2.704215 18.809750 20.469042
 167.000000 -2.424285 2.699094 20.894711 30.998767
 167.200000 -3.080630 2.906859 10.905699 1794.492791
 167.400000 -3.048810 3.106754 12.195495 1504.610328
 167.600000 -2.686633 2.833466 20.870772 47.320985
 167.800000 -2.320515 2.547369 20.160045 66.804253
 168.000000 -1.825625 2.818909 20.099918 170.173473
 168.200000 -2.576779 2.498213 21.263739 0.720101
 168.400000 3.005291 2.902015 1.200445 2023.795110
 168.600000 3.070976 3.052474 4.460491 2751.450034
 168.800000 3.023558 2.618068 2.052313 2318.512332
 169.000000 -2.916761 2.688535 16.637374 855.431196
 169.200000 -2.405370 -3.070555 20.797419 38.723352
 169.400000 -3.000765 2.336812 13.970958 1200.466370
 169.600000 -2.370726 2.901851 20.563780 51.992542
 169.800000 -2.204247 2.809859 19.261966 50.229638
 170.000000 -2.197812 2.396733 19.216895 47.871514
 170.200000 -2.223017 2.597903 19.415294 55.849152
 170.400000 -2.116589 2.977117 18.787263 13.895968
 170.600000 -2.758520 2.523658 20.167799 186.677318
 170.800000 3.070403 2.922966 4.457833 2747.537940
 171.000000 3.138938 3.096083 8.001294 2454.421301
 171.200000 -2.804171 2.812921 19.440118 351.911112
 171.400000 -1.949963 2.520728 18.978393 34.143316
 171.600000 -2.021012 2.228211 18.701608 3.381944
 171.800000 -2.428493 2.457890 20.943357 29.213647
 172.000000 -2.508610 3.047467 21.247269 4.356668
 172.200000 3.011907 2.383450 1.549702 2158.538613
 172.400000 -2.343959 2.973694 20.391257 56.919169
 172.600000 -1.910101 2.720976 19.258637 61.583543
 172.800000 -2.220368 2.167662 19.429592 54.484306
 173.000000 -2.239870 2.805961 19.576486 58.755726
 173.200000 -2.674226 -3.046430 20.996492 35.736452
 173.400000 -2.978442 2.740335 14.776961 1111.929977
 173.600000 -2.381538 2.695096 20.671468 45.836003
 173.800000 -2.386842 2.686387 20.707044 44.112267
 174.000000 -2.750585 2.712291 20.302059 160.851833
 174.200000 3.005270 2.924569 1.267341 2057.942783
 174.400000 -2.946694 2.791872 15.819802 985.816429
 174.600000 -2.815039 2.708592 19.269223 392.220770
 174.800000 -2.543350 2.878334 21.323469 0.383018
 175.000000 -2.402802 2.626777 20.819891 38.266379
 175.200000 -2.211397 2.831328 19.419622 51.901951
 175.400000 -2.246149 2.811397 19.678375 58.241410
 175.600000 -2.588583 2.487934 21.319581 1.952590
 175.800000 -2.380980 -3.134046 20.689376 45.112596
 176.000000 -3.137199 2.660931 8.402086 2367.145295
 176.200000 3.058612 2.884928 3.920083 2697.124375
 176.400000 -3.060555 3.039876 11.815987 1616.209875
 176.600000 3.089263 2.709751 5.524912 2747.127297
 176.800000 -3.058930 2.747652 11.881181 1602.977599
 177.000000 -3.076710 -2.992468 11.152865 1756.357039
 177.200000 3.102387 2.554683 6.226377 2702.623994
 177.400000 -2.441993 2.825746 21.073753 24.583173
 177.600000 -2.139442 2.802975 19.000017 27.171347
 177.800000 -2.404060 2.477946 20.862411 37.531599
 178.000000 -2.655635 2.878422 21.137144 24.365512
 178.200000 -2.896732 2.882532 17.377122 770.566043
 178.400000 2.994450 2.838783 0.831628 1898.986040
 178.600000 -2.363870 2.984125 20.611090 48.322255
 178.800000 -1.943095 2.370652 19.064696 35.576391
 179.000000 -2.000357 2.021948 18.811990 7.697668
 179.200000 -1.886127 2.667835 19.490191 77.470127
 179.400000 -2.615014 2.989314 21.318166 8.141984
 179.600000 -2.818508 2.918381 19.267406 392.295688
 179.800000 -2.140968 2.831089 19.041665 28.688570
 180.000000 -1.945236 2.590726 19.059191 33.573823
 180.200000 -2.424871 2.375965 21.023742 31.059709
 180.400000 -2.534274 3.072329 21.404831 1.113626
 180.600000 3.025874 2.779402 2.317721 2408.992687
 180.800000 -2.978929 2.845364 14.878174 1135.009143
 181.000000 -2.021493 2.960130 18.791825 1.855287
 181.200000 -2.303710 2.085886 20.218032 55.354018
 181.400000 -1.989100 2.188608 18.879190 10.621385
 181.600000 -2.001757 2.463209 18.842640 6.310812
 181.800000 -2.420053 -3.091183 21.011378 32.898167
 182.000000 3.093986 2.662632 5.852083 2737.725219
 182.200000 -2.946391 2.904597 15.973362 992.869273
 182.400000 -2.798549 2.972415 19.676295 303.752100
 182.600000 -2.981140 2.691210 14.837073 1147.724859
 182.800000 -2.514702 2.965319 21.408470 4.030586
 183.000000 -2.232928 2.613503 19.707336 54.489874
 183.200000 -2.203324 2.392636 19.512538 50.119759
 183.400000 -2.187619 2.680500 19.403332 46.414549
 183.600000 -2.458512 2.939338 21.238710 20.131501
 183.800000 -2.958279 2.693412 15.612477 1046.278043
 184.000000 3.004072 2.834761 1.321328 2099.520363
 184.200000 -2.389230 2.995989 20.866159 41.374213
 184.400000 -2.135087 2.128031 19.103113 27.709263
 184.600000 -1.747150 1.856319 21.322601 342.218837
 184.800000 -1.889446 1.819474 19.484945 67.970006
 185.000000 -2.245074 2.364436 19.838095 54.573273
 185.200000 -2.628635 3.120768 21.356398 14.763249
 185.400000 3.030005 2.706599 2.592746 2492.269136
 185.600000 -2.559700 2.735283 21.496957 0.060569
 185.800000 -2.066877 2.669990 18.875696 3.100680
 186.000000 -2.125325 2.331319 19.075358 24.034348
 186.200000 -2.196285 2.653767 19.533533 48.459094
 186.400000 -2.461214 2.887518 21.293838 19.920430
 186.600000 3.025792 2.490397 2.397738 2446.581189
 186.800000 -2.897614 3.005274 17.495170 761.801806
 187.000000 3.104511 2.774480 6.482293 2690.302995
 187.200000 3.039809 2.746150 3.117766 2607.860889
 187.400000 -2.624361 2.842199 21.401257 13.843637
 187.600000 -2.171726 2.678781 19.392968 42.792032
 187.800000 -2.040803 2.293113 18.882365 0.089538
 188.000000 -2.086930 2.599546 18.962298 9.700160
 188.200000 -2.550724 2.794898 21.546610 0.055788
 188.400000 2.930326 2.925908 -0.000001 0.000000
 188.600000 -2.776278 2.650592 20.107101 217.191145
 188.800000 -2.143737 2.778608 19.245641 33.826391
 189.000000 -2.081195 2.424321 18.965427 8.325528
 189.200000 -1.945423 2.615416 19.146186 26.233694
 189.400000 -2.643379 2.687575 21.348470 23.680262
 189.600000 3.119915 2.994682 7.326588 2582.601587
 189.800000 -3.007483 3.081751 14.040625 1292.996835
 190.000000 3.116206 2.731233 7.137570 2611.383139
 190.200000 -2.680115 2.820271 21.144027 49.611259
 190.400000 -2.217015 2.890143 19.787216 49.468389
 190.600000 -2.331798 2.451117 20.574990 43.844094
 190.800000 -2.027469 2.768079 18.929323 0.066015
 191.000000 -2.403254 2.705681 21.032775 36.745483
 191.200000 -2.819832 2.765324 19.408500 369.299794
 191.400000 -2.789134 2.964811 19.947435 253.741610
 191.600000 3.052272 2.825936 3.827474 2728.272376
 191.800000 -2.638748 2.769472 21.400379 22.052736
 192.000000 -2.225120 2.579262 19.873504 49.026399
 192.200000 -2.111740 2.577835 19.174522 24.018028
 192.400000 -2.212371 2.638563 19.812696 48.868379
 192.600000 -2.746460 2.755655 20.550941 140.797188
 192.800000 3.010595 2.914156 1.742762 2280.846532
 193.000000 -2.951888 3.099215 15.987258 1024.824274
 193.200000 -2.926428 2.718252 16.797109 899.611501
 193.400000 -2.510229 2.903791 21.572133 6.636316
 193.600000 -2.282516 2.764084 20.317452 42.580362
 193.800000 -2.567859 2.541806 21.628496 0.479329
 194.000000 -2.308157 3.105581 20.482847 40.777574
 194.200000 -2.838819 2.668150 19.075372 446.922225
 194.400000 -2.887405 2.866303 17.919647 694.527840
 194.600000 -2.984003 2.962858 14.961439 1180.922180
 194.800000 3.066843 2.808974 4.643780 2798.806069
 195.000000 -2.093229 2.805981 19.137647 17.835337
 195.200000 -1.989914 2.064745 19.037012 4.547778
 195.400000 -2.042202 2.190260 19.013425 1.600685
 195.600000 -2.078282 2.830726 19.100611 12.393340
 195.800000 -2.569748 -3.050432 21.668977 0.707742
 196.000000 -3.118292 2.455617 9.629467 2152.866883
 196.200000 -2.623100 2.904648 21.555865 16.697443
 196.400000 -2.492350 2.741863 21.575308 12.965630
 196.600000 -2.662475 2.554361 21.351002 39.799486
 196.800000 -2.264494 2.864869 20.274286 40.621640
 197.000000 -2.625430 2.516322 21.546186 17.812333
 197.200000 -2.889909 2.698784 17.921284 701.633817
 197.400000 -3.059541 3.084720 12.208593 1631.357298
 197.600000 3.069910 2.860861 4.854394 2814.385382
 197.800000 -2.745270 2.781697 20.634540 136.813773
 198.000000 -2.567588 2.780190 21.713965 0.523759
 198.200000 -2.718480 2.758633 20.938633 95.648018
 198.400000 -2.828627 2.763116 19.361288 389.150388
 198.600000 3.083567 2.849343 5.595489 2803.562551
 198.800000 2.943769 2.951585 -0.000084 0.000601
 199.000000 -2.886097 2.849997 18.044326 678.701629
 199.200000 -2.625576 2.779358 21.613672 19.144380
 199.400000 -2.539375 2.862702 21.754422 1.392777
 199.600000 -2.869852 2.747797 18.476860 588.349792
 199.800000 2.942364 2.768100 -0.000060 0.000304
 200.000000 2.957148 2.951135 -0.004586 1.670081
 200.200000 -2.564571 2.627826 20.289867 0.180363
 200.400000 -2.127948 2.523436 17.969392 38.746867
 200.600000 -2.085835 2.633166 17.740743 19.962946
 200.800000 -2.422134 2.636223 19.791591 34.831449
 201.000000 -2.864944 2.817804 17.118904 559.752960
 201.200000 3.022684 3.077609 0.968979 2525.674991
 201.400000 -2.723754 2.910428 19.452472 105.286610
 201.600000 -2.081163 2.428572 17.748796 18.690766
 201.800000 -1.947946 2.463894 17.730136 15.674588
 202.000000 -2.269804 2.513718 18.934141 34.056109
 202.200000 -2.902014 2.851664 16.231588 760.080827
 202.400000 3.051550 3.051500 2.484879 2784.125021
 202.600000 -3.039351 2.825884 11.625635 1511.545408
 202.800000 -2.228676 2.613585 18.714967 40.660660
 203.000000 -1.927276 2.384232 17.836972 24.468195
 203.200000 -2.138696 2.521324 18.136870 44.527186
 203.400000 -2.901171 2.959525 16.286654 753.724302
 203.600000 3.054623 2.959909 2.673311 2803.185675
 203.800000 -2.980296 2.691683 13.820087 1189.273905
 204.000000 -2.352887 2.673239 19.446895 31.577091
 204.200000 -2.342734 2.563528 19.412714 29.722292
 204.400000 -2.321591 2.703859 19.299246 28.104588
 204.600000 -2.710753 2.687146 19.662728 92.482363
 204.800000 3.056854 2.874094 2.818752 2816.707512
 205.000000 -2.823678 2.849790 18.111855 354.866643
 205.200000 -2.753899 2.781851 19.216943 155.040590
 205.400000 -2.368048 2.875668 19.577278 32.398586
 205.600000 -2.256294 2.711935 18.977594 32.452674
 205.800000 -2.345708 2.436346 19.453372 29.258376
 206.000000 -2.208099 2.880810 18.680374 44.036902
 206.200000 -2.775930 2.764035 18.952949 201.024638
 206.400000 -3.130503 2.935639 7.806168 2273.861233
 206.600000 -2.870564 -3.130088 17.168650 577.212250
 206.800000 -2.846975 2.496877 17.703702 455.486403
 207.000000 -2.220630 2.583048 18.796206 41.033106
 207.200000 -1.961354 2.853300 17.782846 7.289926
 207.400000 -2.310983 2.382697 19.331381 25.526998
 207.600000 -2.543327 2.781413 20.509853 2.080648
 207.800000 -3.067826 2.916428 10.619126 1714.351366
 208.000000 -3.095744 2.795233 9.426890 1941.114299
 208.200000 -2.947530 2.936044 15.062585 1025.746440
 208.400000 -2.193166 3.041583 18.678339 48.599347
 208.600000 -2.261774 2.249360 19.107215 30.174193
 208.800000 -1.904063 2.529964 18.034674 30.643507
 209.000000 -2.091188 2.851944 17.987470 29.443971
 209.200000 -2.783774 2.669119 18.930642 219.435040
 209.400000 -2.911717 3.049527 16.180729 817.384761
 209.600000 3.062991 2.842554 3.278183 2855.295048
 209.800000 -3.033220 2.710120 12.055868 1491.060481
 210.000000 -2.633930 2.959801 20.397335 27.926762
 210.200000 -2.491342 2.894961 20.431110 23.253825
 210.400000 -2.196738 2.668736 18.769771 48.617319
 210.600000 -2.209545 2.511483 18.857377 44.890861
 210.800000 -2.145221 2.737269 18.396585 52.568588
 211.000000 -2.675598 2.594039 20.153952 61.530557
 211.200000 -2.662013 3.074811 20.286124 50.366072
 211.400000 3.087787 2.809507 4.653926 2814.877289
 211.600000 -2.640202 2.772547 20.426458 33.033289
 211.800000 -2.031707 2.706701 17.833890 4.248880
 212.000000 -2.134716 2.546844 18.352648 51.126239
 212.200000 -2.730342 2.740419 19.701439 119.306375
 212.400000 -3.093278 3.045063 9.669643 1920.274152
 212.600000 -2.982177 2.830623 14.024518 1227.400941
 212.800000 -2.862382 2.720490 17.556309 528.847422
 213.000000 -2.199651 3.035724 18.857278 48.148989
 213.200000 -2.481674 2.424491 20.469667 28.892869
 213.400000 -2.635823 2.591457 20.516438 30.210690
 213.600000 -2.549456 2.994713 20.709003 1.485399
 213.800000 3.029202 2.573568 1.587870 2696.010280
 214.000000 -2.232134 3.103216 19.102956 37.063608
 214.200000 -2.009008 2.614257 17.864618 0.672435
 214.400000 -2.042883 2.037416 17.930481 9.434213
 214.600000 -1.788082 2.206255 19.065059 161.232610
 214.800000 -1.717465 2.711772 20.198564 374.251309
 215.000000 3.042591 2.682994 2.314450 2811.481086
 215.200000 -2.974332 3.134192 14.392162 1196.916949
 215.400000 -2.984238 2.644835 14.045606 1250.682388
 215.600000 -2.936018 2.343501 15.655087 973.842754
 215.800000 -2.214664 3.037369 19.059488 43.117682
 216.000000 -2.706616 2.521925 20.039521 93.372019
 216.200000 -2.738535 2.651586 19.733316 131.217825
 216.400000 -2.818430 3.118806 18.585225 320.778839
 216.600000 3.110326 2.570256 5.965024 2673.438100
 216.800000 -2.827137 2.956603 18.425259 354.909043
 217.000000 -2.948100 2.825518 15.304704 1048.447327
 217.200000 3.094599 2.755082 5.169727 2791.976215
 217.400000 3.052247 2.877579 2.901801 2875.545281
 217.600000 -2.877894 2.971912 17.355928 612.358977
 217.800000 -2.885706 2.567992 17.158963 659.391271
 218.000000 -2.619109 3.049353 20.738229 19.233877
 218.200000 -2.529347 2.661862 20.830897 9.172336
 218.400000 -2.541004 2.477099 20.861086 4.578347
 218.600000 -2.318405 2.857709 19.692102 19.491976
 218.800000 -3.011122 2.646102 13.161437 1402.329590
 219.000000 3.033774 2.874200 1.944901 2778.132300
 219.200000 -3.026908 -3.116597 12.592417 1488.525186
 219.400000 3.049738 2.361347 2.821755 2883.852433
 219.600000 -2.313420 2.967427 19.698160 18.874715
 219.800000 -2.091470 2.903795 18.286639 40.191807
 220.000000 -2.457793 2.080460 20.498873 40.752939
 220.200000 -1.846132 2.385868 18.492659 56.541853
 220.400000 -2.046050 2.909010 18.075695 14.614905
 220.600000 -2.886959 2.544377 17.232281 667.319549
 220.800000 3.133078 3.105295 7.238692 2467.079517
 221.000000 3.061204 -3.118179 3.468007 2916.021310
 221.200000 -2.854505 2.545716 18.040567 478.443777
 221.400000 -2.295403 2.475474 19.677025 18.448404
 221.600000 -1.845183 3.058281 18.502885 56.233238
 221.800000 -2.559559 2.371414 20.991273 0.522656
 222.000000 -2.584114 2.555167 20.982273 2.133391
 222.200000 -2.516478 3.123836 20.915490 17.619394
 222.400000 -2.814881 2.567191 18.850140 302.423551
 222.600000 -2.918808 2.808008 16.419148 873.081221
 222.800000 -2.970394 3.030679 14.759579 1193.213115
 223.000000 3.014749 2.515957 1.056460 2616.315919
 223.200000 -2.365612 2.864025 20.041637 25.511946
 223.400000 -2.217327 2.597243 19.333582 41.486013
 223.600000 -2.047521 2.398771 18.144778 17.652516
 223.800000 -2.062377 2.519774 18.214248 26.420979
 224.000000 -2.502681 2.819482 20.883107 26.178152
 224.200000 3.106508 2.730514 6.010634 2726.483107
 224.400000 3.064445 2.971293 3.759315 2948.790352
 224.600000 -2.317986 2.837919 19.854469 16.837448
 224.800000 -2.038325 2.289180 18.130833 13.614735
 225.000000 -1.938120 2.323878 18.080779 5.515507
 225.200000 -2.117104 2.749442 18.629750 60.250365
 225.400000 3.049522 2.703111 2.977763 2941.027935
 225.600000 2.996053 2.970056 0.167815 2782.347223
 225.800000 -3.057983 2.943252 11.547982 1673.031668
 226.000000 -2.704307 2.629871 20.387148 95.357644
 226.200000 -2.066312 2.797863 18.309085 31.701806
 226.400000 -2.134067 2.658341 18.793687 65.818004
 226.600000 -2.472896 2.402076 20.798263 43.027222
 226.800000 -2.418770 2.970060 20.430047 43.666691
 227.000000 -2.608982 2.804680 21.091223 13.512118
 227.200000 -2.654034 2.598410 20.876465 50.510673
 227.400000 -2.383814 2.932105 20.242903 31.646970
 227.600000 -2.345154 2.611857 20.049631 19.647831
 227.800000 -2.237159 2.493925 19.576920 31.063231
 228.000000 -2.207888 2.818609 19.396456 45.614359
 228.200000 -2.618554 2.778278 21.118263 20.715746
 228.400000 3.093628 2.626829 5.458076 2840.516186
 228.600000 3.051360 3.099414 3.165787 2973.758825
 228.800000 -2.832942 2.697733 18.721059 367.265310
 229.000000 -2.125332 2.374928 18.781303 65.617190
 229.200000 -1.681672 2.747288 20.810994 453.559152
 229.400000 -2.551165 2.456314 21.256091 2.615587
 229.600000 3.002062 2.848232 0.581825 2585.775406
 229.800000 -3.134573 3.086720 8.284634 2301.476537
 230.000000 -3.053103 2.478628 11.865992 1640.394293
 230.200000 -2.454588 2.850472 20.803650 50.069737
 230.400000 -1.844727 3.031257 18.532918 44.297486
 230.600000 -2.236505 2.149695 19.664083 30.892316
 230.800000 -1.866273 2.144891 18.404472 28.135765
 231.000000 -1.796221 2.654693 18.946157 112.164082
 231.200000 -2.730154 2.636126 20.302489 120.312267
 231.400000 -3.098368 2.995259 10.015801 1946.419258
 231.600000 2.959450 2.937211 -0.000002 0.000001
 231.800000 -2.527545 2.628603 21.262816 13.489861
 232.000000 -1.806437 2.494869 18.842956 91.617988
 232.200000 -2.042435 2.272590 18.329067 21.971153
 232.400000 -2.390866 2.905328 20.430610 36.721342
 232.600000 3.000284 2.879335 0.567359 2611.341204
 232.800000 3.033158 2.758360 2.296261 2936.810768
 233.000000 -2.206064 2.840429 19.536087 45.971387
 233.200000 -1.878037 2.422151 18.367886 19.018777
 233.400000 -1.959514 1.855733 18.175801 0.120489
 233.600000 -1.811909 1.603658 18.794476 79.411502
 233.800000 -1.736798 1.623475 19.734728 266.374446
 234.000000 -1.451251 0.892808 25.131680 94.322823
 234.200000 -0.732058 -0.024936 7.763759 1608.168346
 234.400000 -0.668264 -0.338764 5.232829 1544.870507
 234.600000 -1.121724 0.014871 21.819506 767.216116
 234.800000 -1.095105 0.998065 21.062176 849.822408
 235.000000 -1.475191 1.603833 24.853742 150.985506
 235.200000 -1.989660 1.412112 18.227652 2.302464
 235.400000 -1.566541 0.564338 23.304862 429.181490
 235.600000 -0.624678 -0.005564 3.511096 1509.275556
 235.800000 -0.510857 -0.502700 -0.000585 0.028528
 236.000000 -0.732178 -0.680621 7.750121 1609.247495
 236.200000 -0.683976 0.014776 5.816400 1556.262569
 236.400000 -1.008935 0.633048 18.349481 1084.824096
 236.600000 -1.724413 1.399622 19.933184 297.539008
 236.800000 -1.902593 1.835754 18.313896 8.560821
 237.000000 -1.829357 2.526356 18.672131 52.048367
 237.200000 -2.754257 2.862683 20.192526 145.853288
 237.400000 3.118947 -3.107238 7.083989 2603.026063
 237.600000 -2.350455 2.675970 20.343788 22.183909
 237.800000 -1.662984 2.102682 21.144384 475.499920
 238.000000 -1.664376 1.638495 21.114068 472.634385
 238.200000 -1.683643 1.031561 20.701288 421.401654
 238.400000 -0.944831 0.402356 16.103461 1301.799172
 238.600000 -0.778279 -0.139780 9.564891 1651.425948
 238.800000 -0.671271 -0.477725 5.286722 1541.873814
 239.000000 -0.597313 -0.467067 2.415693 1462.136791
 239.200000 -0.725832 0.265159 7.434887 1598.665500
 239.400000 -1.517766 0.833281 24.173897 275.139147
 239.600000 -2.044149 1.505789 18.484965 27.807621
 239.800000 -1.696550 2.461478 20.440200 379.420475
 240.000000 -2.555201 2.930972 21.582692 1.101759
 240.200000 -2.946045 3.084805 16.110327 1087.192859
 240.400000 -2.029946 2.672335 18.434528 19.361569
 240.600000 -1.819251 2.018750 18.782364 59.397027
 240.800000 -1.604708 1.437482 22.428307 496.500477
 241.000000 -1.020386 0.657511 18.653158 1053.749646
 241.200000 -0.919765 0.250310 15.131567 1391.772713
 241.400000 -0.970764 0.043448 16.969322 1208.130277
 241.600000 -0.602957 0.149802 2.602926 1462.596124
 241.800000 -0.940342 0.230834 15.888774 1316.573076
 242.000000 -1.131627 0.678500 21.973608 734.968350
 242.200000 -1.412973 1.189642 25.295633 27.847813
 242.400000 -1.723004 1.374920 19.959755 282.966573
 242.600000 -1.408069 1.048670 25.320148 22.289203
 242.800000 -0.903792 0.568016 14.515443 1447.603970
 243.000000 -0.449010 -0.389785 -0.000000 0.000000
 243.200000 -0.608491 -0.686337 2.798261 1466.336382
 243.400000 -0.485760 -0.152063 -0.000000 0.000000
 243.600000 -1.108109 0.654850 21.288565 813.177408
 243.800000 -1.701035 1.434263 20.351843 351.658718
 244.000000 -1.568853 1.460592 23.176896 424.108249
 244.200000 -0.791442 1.195727 10.021963 1645.996439
 244.400000 -1.169270 0.900077 22.895866 584.117790
 244.600000 -1.587729 0.793362 22.771546 463.420469
 244.800000 -1.538968 1.183713 23.752194 336.649164
 245.000000 -0.859193 1.363845 12.753453 1576.657589
 245.200000 -1.782804 1.291759 19.157722 111.190882
 245.400000 -1.628802 0.825994 21.861924 493.044555
 245.600000 -1.709420 0.861147 20.201406 318.612488
 245.800000 -0.962369 1.040863 16.622359 1235.033784
 246.000000 -1.311245 1.412285 25.175344 50.839277
 246.200000 -1.808973 1.144122 18.923201 66.789118
 246.400000 -1.660862 0.741134 21.162679 451.043264
 246.600000 -0.781265 0.286276 9.587456 1640.855443
 246.800000 -1.594424 0.627313 22.617980 469.235573
 247.000000 -1.852182 1.288217 18.639277 26.462448
 247.200000 -1.478508 1.452907 24.659561 151.565623
 247.400000 -0.810832 1.192521 10.775551 1642.063477
 247.600000 -1.800887 1.095063 19.003236 77.924204
 247.800000 -1.531142 0.750845 23.870994 306.411472
 248.000000 -0.684756 0.692550 5.725533 1538.200893
 248.200000 -1.152841 1.074580 22.432774 652.841475
 248.400000 -1.585496 1.119766 22.805338 447.214095
 248.600000 -1.063220 0.529077 19.893177 935.164301
 248.800000 -1.101991 0.322540 21.045328 829.084830
 249.000000 -0.708597 0.486075 6.655802 1563.238800
 249.200000 -1.500943 1.080925 24.342064 211.034509
 249.400000 -1.579645 1.365748 22.925986 432.722871
 249.600000 -1.494869 1.052239 24.428452 193.633093
 249.800000 -0.852764 0.382682 12.443971 1589.266607
 250.000000 -0.623152 0.023018 3.320190 1473.998573
 250.200000 -0.646528 -0.098584 4.214769 1497.611511
 250.400000 -1.119186 0.104730 21.510136 774.780738
 250.600000 -0.896777 0.604799 14.158755 1468.555827
 250.800000 -1.858393 1.429102 18.659273 22.991053
 251.000000 -1.988140 1.748585 18.445105 3.381311
 251.200000 -1.658500 2.757755 21.235168 439.017496
 251.400000 -2.658937 2.822752 21.426779 66.123073
 251.600000 3.005131 2.752616 1.227860 2814.924723
 251.800000 -3.065262 2.946211 11.895764 1637.940534
 252.000000 -2.440727 2.701403 21.218474 64.367139
 252.200000 -2.135544 2.422253 19.414600 83.665565
 252.400000 -1.822889 2.792867 18.894353 49.195852
 252.600000 -2.340589 2.492746 20.584894 19.018955
 252.800000 -2.694611 2.695564 21.124848 91.725596
 253.000000 -2.848929 3.015234 19.010663 438.191191
 253.200000 -3.012088 2.797070 14.000520 1419.186324
 253.400000 -1.664177 2.938966 21.127522 421.389680
 253.600000 -1.897167 1.984464 18.550071 8.962945
 253.800000 -2.460433 1.400665 21.410697 63.154734
 254.000000 -1.724582 0.640780 20.012821 253.344840
 254.200000 -0.589516 0.337214 2.011423 1412.006065
 254.400000 -0.655727 -0.096781 4.545446 1503.778839
 254.600000 -1.032972 -0.187724 18.888350 1010.381392
 254.800000 -0.740643 -0.091954 7.887137 1597.983102
 255.000000 -0.706854 0.173227 6.545029 1557.462028
 255.200000 -1.650577 0.917748 21.419717 438.092369
 255.400000 -1.290568 1.317694 24.887001 97.641052
 255.600000 -0.904485 1.157776 14.410629 1437.525800
 255.800000 -1.867657 1.008174 18.686246 19.160008
 256.000000 -1.618654 0.646307 22.098759 458.212661
 256.200000 -1.234533 0.937882 24.116764 294.513735
 256.400000 -1.384772 1.336870 25.241422 3.348255
 256.600000 -1.773865 1.095674 19.386187 120.649060
 256.800000 -0.993053 0.822397 17.566414 1124.173647
 257.000000 -1.228319 0.418053 24.007755 321.191973
 257.200000 -0.689761 -0.181293 5.857091 1536.678395
 257.400000 -0.468994 -0.102526 -0.000000 0.000000
 257.600000 -0.857020 -0.076071 12.551911 1572.930660
 257.800000 -1.016130 0.518264 18.319832 1054.715822
 258.000000 -1.046330 0.637987 19.281245 973.846462
 258.200000 -1.465979 1.122574 24.716401 110.972879
 258.400000 -1.276421 1.316794 24.705500 138.138505
 258.600000 -1.093839 1.404701 20.708740 848.622168
 258.800000 -1.647678 1.147408 21.497935 431.482928
 259.000000 -1.806043 0.994740 19.105906 67.430144
 259.200000 -0.589075 -0.075501 1.972950 1407.301682
 259.400000 -0.983192 -0.125306 17.213236 1153.851114
 259.600000 -0.641546 -0.114615 3.973384 1488.666280
 259.800000 -0.711876 0.163674 6.719221 1562.078165
 260.000000 -1.027980 0.299656 18.688387 1020.901727
 260.200000 -0.877411 0.260866 13.340086 1518.415684
 260.400000 -0.783595 0.383929 9.586618 1630.621987
 260.600000 -1.209607 0.634036 23.619840 403.676648
 260.800000 -1.017541 1.259683 18.346493 1048.951157
 261.000000 -0.452925 1.430272 -0.000000 0.000000
 261.200000 -0.597998 2.013142 2.303722 1427.936490
 261.400000 -0.983815 2.371308 17.224622 1150.068044
 261.600000 -0.686307 2.376109 5.709947 1534.573635
 261.800000 -0.625541 1.615594 3.353150 1471.992345
 262.000000 -1.310974 1.503430 25.009277 51.203454
 262.200000 -1.753858 0.801740 19.697768 161.662286
 262.400000 -1.697216 0.066753 20.565440 315.441668
 262.600000 -1.962215 0.095573 18.545816 0.000425
 262.800000 -1.873525 0.900726 18.747327 18.211504
 263.000000 -0.929173 1.356286 15.294795 1342.321473
 263.200000 -0.772303 1.907555 9.130448 1621.028125
 263.400000 -0.930736 2.612255 15.349537 1335.608371
 263.600000 -0.794343 2.415751 10.019213 1629.208359
 263.800000 -0.865947 1.578376 12.885670 1545.069620
 264.000000 -1.319434 0.899855 25.050710 36.463840
 264.200000 -1.726707 0.240456 20.101668 231.245237
 264.400000 -1.861259 0.215707 18.824542 23.897383
 264.600000 -1.902773 0.706315 18.660647 9.268330
 264.800000 -0.961818 1.264157 16.459137 1221.390783
 265.000000 -1.076913 1.847022 20.175432 889.412356
 265.200000 -0.779069 2.607437 9.407111 1621.096861
 265.400000 -1.236280 2.648244 24.081028 286.007309
 265.600000 -1.799112 1.997009 19.252903 77.177550
 265.800000 -2.133555 2.018607 19.546577 90.848208
 266.000000 -2.021156 2.832413 18.687651 17.256978
 266.200000 -2.412820 3.090932 21.199690 60.031799
 266.400000 -2.896426 2.644049 18.041981 759.956272
 266.600000 -1.999247 2.916793 18.623132 6.086664
 266.800000 -1.973026 2.375785 18.583395 0.363053
 267.000000 -2.144371 2.306334 19.658658 89.159006
 267.200000 -2.103916 2.902335 19.284835 84.623331
 267.400000 -2.691475 2.809731 21.352861 95.311742
 267.600000 -3.090268 2.463290 11.075885 1756.405391
 267.800000 -3.044501 3.058945 12.921639 1524.044496
 268.000000 -2.815702 2.806807 19.824559 279.081675
 268.200000 -2.173886 2.733407 19.947284 73.625623
 268.400000 -1.742571 2.373994 19.922348 186.484408
 268.600000 -2.081640 2.233432 19.098618 69.094129
 268.800000 -1.954931 2.782691 18.602461 0.318472
 269.000000 -2.691174 2.769664 21.365727 95.389855
 269.200000 3.038935 2.612523 3.361089 3167.065821
 269.400000 -2.745048 -3.098738 20.806883 130.763337
 269.600000 -2.854970 2.693935 19.093365 471.286804
 269.800000 -2.440536 2.724158 21.455443 70.426620
 270.000000 -2.323753 2.970482 20.727244 13.732812
 270.200000 -2.707885 2.740547 21.220306 104.997125
 270.400000 3.019624 2.960059 2.294328 3053.360269
 270.600000 -2.980760 3.040436 15.350075 1302.824058
 270.800000 -3.137174 2.644104 9.033232 2194.559179
 271.000000 -3.050738 2.800375 12.706337 1546.439507
 271.200000 -2.746887 -3.004717 20.810929 132.133550
 271.400000 -2.910271 2.699752 17.700649 866.063446
 271.600000 -2.299517 2.879588 20.665117 11.247844
 271.800000 -2.223476 2.591627 20.343116 34.712418
 272.000000 -2.639535 2.454545 21.850277 54.422266
 272.200000 -2.581183 -3.001541 22.148571 4.070554
 272.400000 3.005194 2.859419 1.531993 2879.694138
 272.600000 -2.936229 2.476046 16.908664 1055.234199
 272.800000 -2.375827 2.858000 21.007549 35.710794
 273.000000 -2.567544 2.623696 22.165644 0.228554
 273.200000 -2.519126 2.583790 22.068875 22.819302
 273.400000 -2.650002 2.905802 21.795038 63.764955
 273.600000 -2.901047 2.628791 17.993647 797.772897
 273.800000 3.086923 2.788432 6.079992 2920.960987
 274.000000 -3.084872 -3.112564 11.363635 1716.928733
 274.200000 -2.809803 2.653888 20.008244 258.125088
 274.400000 -1.903520 2.618430 18.758114 10.137906
 274.600000 -1.906429 2.439304 18.749042 9.324346
 274.800000 -2.337371 2.450386 20.839611 17.096240
 275.000000 -3.096949 2.932141 10.869200 1800.640515
 275.200000 2.995689 3.137545 1.066968 2730.976145
 275.400000 -2.822039 2.733108 19.817368 304.452752
 275.600000 -2.166047 2.571556 19.954996 80.184282
 275.800000 -2.060588 2.540543 19.005932 50.878556
 276.000000 -2.222019 2.573277 20.380166 36.481107
 276.200000 -2.613031 2.889331 22.086031 26.990655
 276.400000 -2.988092 2.954787 15.156973 1340.095712
 276.600000 3.002418 2.888269 1.436606 2843.707850
 276.800000 -2.770024 2.848661 20.602945 161.702003
 277.000000 -2.569088 2.673797 22.216455 0.326235
 277.200000 -2.306038 2.701079 20.761515 11.627235
 277.400000 -2.017979 2.707464 18.786624 15.660050
 277.600000 -1.983615 2.440777 18.696169 1.814785
 277.800000 -2.208310 2.586356 20.314081 47.317300
 278.000000 -2.446219 2.870572 21.593768 70.128940
 278.200000 -3.047827 2.764485 12.912517 1539.038042
 278.400000 -2.855156 2.985346 19.211813 474.963771
 278.600000 3.125819 2.846850 8.161103 2429.265553
 278.800000 -3.015114 2.897234 14.173565 1435.889898
 279.000000 -2.489506 2.833854 21.951849 50.920911
 279.200000 -2.328590 2.546014 20.868056 14.728825
 279.400000 -2.112505 2.757051 19.490226 90.447968
 279.600000 -2.370506 2.667441 21.063627 31.963498
 279.800000 -2.566312 2.715883 22.258787 0.047258
 280.000000 -2.660447 3.034085 21.796538 72.430404
 280.200000 -3.056945 2.627813 12.577944 1571.975807
 280.400000 -2.675153 3.021879 21.681587 83.742461
 280.600000 -2.788513 2.684451 20.415664 198.049496
 280.800000 -2.726148 2.656395 21.172486 115.508419
 281.000000 -2.405239 2.934413 21.305897 54.432489
 281.200000 -2.594142 2.506636 22.238819 10.693005
 281.400000 -2.083255 2.715273 19.247202 72.136768
 281.600000 -2.329065 2.606988 20.898492 15.097678
 281.800000 -2.262450 2.735238 20.656381 17.104244
 282.000000 -2.697511 2.719576 21.486116 97.859426
 282.200000 -2.711178 2.874769 21.366322 105.825577
 282.400000 -2.870282 2.788891 18.925213 578.201340
 282.600000 -2.729365 2.614473 21.174225 117.747810
 282.800000 -2.420377 2.953751 21.453482 62.620510
 283.000000 -2.413025 2.771026 21.396180 58.789743
 283.200000 -2.254077 2.577640 20.648358 20.782502
 283.400000 -2.257141 2.576475 20.662131 19.631191
 283.600000 -2.363540 2.927123 21.089826 28.328863
 283.800000 -3.086052 2.652589 11.437842 1716.432128
 284.000000 3.052449 2.937985 4.313750 3163.918849
 284.200000 -2.846099 3.088497 19.498900 428.808437
 284.400000 -2.410878 2.606378 21.415396 56.806922
 284.600000 -2.004007 2.673461 18.809288 8.976905
 284.800000 -1.977875 2.567467 18.756266 1.193254
 285.000000 -2.220121 2.456510 20.478893 40.497969
 285.200000 -2.630322 2.940625 22.125705 41.480713
 285.400000 3.055657 2.989026 4.520269 3154.017172
 285.600000 -3.031900 2.796059 13.620229 1487.118203
 285.800000 -2.785918 2.733828 20.543798 195.587302
 286.000000 -2.554270 2.858170 22.342061 1.472395
 286.200000 -3.003312 2.612768 14.719480 1402.244987
 286.400000 -3.103843 2.998669 10.726456 1842.784436
 286.600000 3.058482 2.967443 4.692984 3141.595819
 286.800000 3.028681 2.512803 3.016244 3138.563692
 287.000000 -2.247779 3.022064 20.663582 24.905506
 287.200000 -1.827279 2.696097 19.229017 47.072211
 287.400000 -2.123745 2.006727 19.686145 94.211741
 287.600000 -1.800241 1.873973 19.438324 75.127874
 287.800000 -1.226412 1.999105 23.708183 328.437623
 288.000000 -0.678065 2.215742 5.350697 1549.424514
 288.200000 -0.564844 2.048592 0.993676 1339.536623
 288.400000 -1.008715 2.043410 17.901525 1045.334120
 288.600000 -0.635351 1.665060 3.671902 1513.290562
 288.800000 -0.834733 1.683717 11.574099 1563.028255
 289.000000 -0.910795 1.541104 14.501737 1375.952575
 289.200000 -1.025190 0.928390 18.418866 996.451918
 289.400000 -0.914119 0.179412 14.617811 1363.075653
 289.600000 -0.550115 -0.275168 0.453127 1363.218933
 289.800000 -0.613524 -0.266460 2.823226 1480.812653
 290.000000 -0.894982 0.375586 13.903246 1424.326342
 290.200000 -1.183386 1.217429 22.794214 511.431876
 290.400000 -1.653054 1.255405 21.514073 332.449907
 290.600000 -1.284890 0.656946 24.522302 114.383621
 290.800000 -0.915287 0.380268 14.654693 1357.352420
 291.000000 -0.887467 0.393936 13.613074 1444.365338
 291.200000 -1.185597 0.676799 22.833484 501.856244
 291.400000 -1.327805 1.383391 24.848945 25.169712
 291.600000 -0.743026 1.551798 7.911619 1585.224695
 291.800000 -0.704321 1.688604 6.374697 1567.480222
 292.000000 -0.711481 1.930854 6.658330 1571.078449
 292.200000 -0.609376 2.260749 2.655672 1475.747390
 292.400000 -1.096540 2.247752 20.534177 804.516209
 292.600000 -0.648652 2.053931 4.180664 1532.153798
 292.800000 -0.804303 1.683820 10.353517 1584.074460
 293.000000 -0.805105 1.629578 10.385441 1583.610456
 293.200000 -1.883934 1.532275 18.963233 13.221869
 293.400000 -1.695011 1.139297 20.781477 267.762651
 293.600000 -0.750378 0.380706 8.204295 1585.770889
 293.800000 -0.713344 -0.131668 6.732574 1571.939484
 294.000000 -0.941100 -0.312851 15.575754 1264.393261
 294.200000 -0.644242 -0.207048 4.009926 1531.485841
 294.400000 -0.832383 0.417477 11.465320 1552.593799
 294.600000 -1.685101 1.477657 20.945939 284.200412
 294.800000 -1.868969 1.785579 19.027852 18.758812
 295.000000 -1.876834 2.161610 18.995323 15.543641
 295.200000 -2.269644 2.964988 20.880768 20.291655
 295.400000 -3.107627 3.004408 10.677161 1855.819636
 295.600000 -2.934917 2.862182 17.247745 1076.483988
 295.800000 -2.238780 2.904169 20.723325 33.545658
 296.000000 -2.026756 2.193981 19.009090 23.389057
 296.200000 -1.921367 2.138186 18.881890 3.105417
 296.400000 -1.841220 2.487829 19.178125 33.260395
 296.600000 -2.492600 2.760059 22.229776 45.322537
 296.800000 2.953560 2.771662 -0.000721 0.070130
 297.000000 -2.591288 2.970935 22.475238 6.383277
 297.200000 -2.054028 2.507379 19.185461 45.040079
 297.400000 -1.823141 2.174177 19.298020 46.875255
 297.600000 -1.989286 2.465118 18.897813 4.670413
 297.800000 -2.454633 2.869004 21.956394 63.430402
 298.000000 3.096753 3.034055 6.939399 2775.143748
 298.200000 -3.057664 2.758050 12.758083 1559.195418
 298.400000 -2.358220 2.824150 21.297975 26.616422
 298.600000 -2.126552 2.427770 19.814003 93.678953
 298.800000 -1.711590 2.577155 20.525073 229.266119
 299.000000 -2.347524 2.541990 21.244933 22.740498
 299.200000 -2.901938 2.765401 18.311940 842.897636
 299.400000 -2.679991 -3.084696 21.966137 79.972330
 299.600000 -2.107524 2.733186 19.641830 86.696828
 299.800000 -1.804794 2.045071 19.447015 64.140745
 300.000000 -1.656976 1.219686 21.432056 312.751425
 300.200000 -0.861754 0.502925 13.737929 1486.294316
 300.400000 -0.855845 0.234717 13.509627 1498.388226
 300.600000 -0.864302 -0.030962 13.836076 1480.790624
 300.800000 -0.988073 0.114516 18.290600 1093.791734
 301.000000 -0.529405 0.507163 0.850106 1162.495801
 301.200000 -1.167932 0.779106 23.470162 568.560392
 301.400000 -1.879092 1.127699 20.177129 12.812925
 301.600000 -1.459466 1.525889 25.545812 83.208469
 301.800000 -1.183813 1.073579 23.838414 506.505154
 302.000000 -1.154699 0.557135 23.147914 617.042767
 302.200000 -1.525827 0.817579 24.758310 196.653744
 302.400000 -1.396978 1.280130 25.926910 10.743169
 302.600000 -1.243977 1.478036 24.996254 256.723170
 302.800000 -1.140568 0.893388 22.779146 664.444795
 303.000000 -1.935084 0.487481 20.055836 0.940601
 303.200000 -1.561599 -0.082521 24.209140 256.897865
 303.400000 -1.755727 0.214713 21.074281 135.023818
 303.600000 -1.098915 1.050752 21.646731 785.352939
 303.800000 -0.773247 1.856617 10.246496 1572.747169
 304.000000 -0.702221 2.413140 7.429783 1569.122946
 304.200000 -2.072075 2.090530 20.502914 58.628085
 304.400000 -2.787248 2.003923 21.938364 211.612088
 304.600000 -2.370046 2.912745 22.558076 31.391411
 304.800000 3.081369 2.853944 7.318316 2937.993084
 305.000000 -2.606351 2.676553 23.643851 14.791671
 305.200000 -1.585906 2.630985 23.791837 286.190136
 305.400000 -0.854723 1.777310 13.441446 1493.906892
 305.600000 0.106938 1.221618 -0.000000 0.000000
 305.800000 1.038890 0.282819 -0.000000 0.000000
