219.8 0.007909319120303904
219.9 0.007943407847009865
220.0 0.007977642891577319
220.1 0.008012024876918322
220.2 0.008046554428552732
220.29999999999998 0.008081232174618314
220.39999999999998 0.008116058745881394
220.49999999999997 0.008151034775747412
220.59999999999997 0.008186160900271688
220.69999999999996 0.00822143775816997
220.79999999999995 0.00825686599082942
220.89999999999995 0.00829244624231884
220.99999999999994 0.008328179159400206
221.09999999999994 0.008364065391539
221.19999999999993 0.008400105590914975
221.29999999999993 0.008436300412433706
221.39999999999992 0.008472650513736912
221.49999999999991 0.008509156555213893
221.5999999999999 0.008545819200012406
221.6999999999999 0.00858263911404955
221.7999999999999 0.008619616966023314
221.8999999999999 0.008656753427423336
221.9999999999999 0.008694049172542573
222.09999999999988 0.00873150487848795
222.19999999999987 0.008769121225192245
222.29999999999987 0.008806898895424964
222.39999999999986 0.008844838574804004
222.49999999999986 0.008882940951806972
222.59999999999985 0.008921206717782626
222.69999999999985 0.008959636566962303
222.79999999999984 0.008998231196471584
222.89999999999984 0.009036991306341946
222.99999999999983 0.009075917599522088
223.09999999999982 0.00911501078188992
223.19999999999982 0.009154271562264005
223.2999999999998 0.009193700652415537
223.3999999999998 0.0092332987670799
223.4999999999998 0.009273066623968873
223.5999999999998 0.009313004943782066
223.6999999999998 0.009353114450219024
223.79999999999978 0.009393395869991328
223.89999999999978 0.00943384993283447
223.99999999999977 0.009474477371519963
224.09999999999977 0.00951527892186732
224.19999999999976 0.009556255322756169
224.29999999999976 0.009597407316138673
224.39999999999975 0.009638735647051533
224.49999999999974 0.009680241063628636
224.59999999999974 0.009721924317112496
224.69999999999973 0.009763786161867682
224.79999999999973 0.009805827355392482
224.89999999999972 0.009848048658331554
224.99999999999972 0.009890450834488695
225.0999999999997 0.009933034650838724
225.1999999999997 0.009975800877540908
225.2999999999997 0.01001875028795074
225.3999999999997 0.010061883658633253
225.4999999999997 0.01010520176937546
225.59999999999968 0.01014870540319901
225.69999999999968 0.010192395346373173
225.79999999999967 0.010236272388427725
225.89999999999966 0.01028033732216549
225.99999999999966 0.010324590943675882
226.09999999999965 0.010369034052347237
226.19999999999965 0.010413667450880348
226.29999999999964 0.01045849194530124
226.39999999999964 0.010503508344974377
226.49999999999963 0.010548717462615875
226.59999999999962 0.010594120114306715
226.69999999999962 0.010639717119505954
226.7999999999996 0.010685509301063933
226.8999999999996 0.010731497485236052
226.9999999999996 0.010777682501695307
227.0999999999996 0.01082406518354695
227.1999999999996 0.010870646367340808
227.29999999999959 0.010917426893085613
227.39999999999958 0.010964407604262205
227.49999999999957 0.011011589347837303
227.59999999999957 0.011058972974277048
227.69999999999956 0.011106559337560995
227.79999999999956 0.011154349295195654
227.89999999999955 0.011202343708228368
227.99999999999955 0.011250543441261196
228.09999999999954 0.011298949362464783
228.19999999999953 0.011347562343592577
228.29999999999953 0.01139638325999437
228.39999999999952 0.011445412990630954
228.49999999999952 0.011494652418087448
228.5999999999995 0.011544102428588499
228.6999999999995 0.011593763912011279
228.7999999999995 0.011643637761900916
228.8999999999995 0.011693724875483924
228.9999999999995 0.011744026153682974
229.09999999999948 0.011794542501130989
229.19999999999948 0.011845274826186247
229.29999999999947 0.011896224040946035
229.39999999999947 0.011947391061261747
229.49999999999946 0.011998776806753209
229.59999999999945 0.01205038220082355
229.69999999999945 0.012102208170673756
229.79999999999944 0.012154255647317425
229.89999999999944 0.01220652556559565
229.99999999999943 0.012259018864191673
230.09999999999943 0.012311736485645874
230.19999999999942 0.012364679376370757
230.29999999999941 0.01241784848666605
230.3999999999994 0.01247124477073347
230.4999999999994 0.012524869186691934
230.5999999999994 0.012578722696592881
230.6999999999994 0.012632806266434926
230.7999999999994 0.012687120866180068
230.89999999999938 0.012741667469767792
230.99999999999937 0.012796447055131388
231.09999999999937 0.012851460604212828
231.19999999999936 0.012906709102978309
231.29999999999936 0.01296219354143413
231.39999999999935 0.013017914913641238
231.49999999999935 0.013073874217732095
231.59999999999934 0.013130072455925457
231.69999999999933 0.013186510634542348
231.79999999999933 0.013243189764021723
231.89999999999932 0.013300110858936454
231.99999999999932 0.013357274938008978
232.0999999999993 0.013414683024127294
232.1999999999993 0.01347233614436083
232.2999999999993 0.01353023532997677
232.3999999999993 0.013588381616455592
232.4999999999993 0.013646776043507503
232.59999999999928 0.013705419655088869
232.69999999999928 0.013764313499417535
232.79999999999927 0.013823458628990148
232.89999999999927 0.013882856100597696
232.99999999999926 0.013942506975342273
233.09999999999926 0.014002412318653512
233.19999999999925 0.014062573200304795
233.29999999999924 0.014122990694429904
233.39999999999924 0.014183665879539564
233.49999999999923 0.014244599838538319
233.59999999999923 0.014305793658740962
233.69999999999922 0.01436724843188908
233.79999999999922 0.014428965254168591
233.8999999999992 0.014490945226225516
233.9999999999992 0.014553189453183846
234.0999999999992 0.014615699044661867
234.1999999999992 0.014678475114789369
234.2999999999992 0.01474151878222485
234.39999999999918 0.014804831170172394
234.49999999999918 0.014868413406398662
234.59999999999917 0.014932266623250756
234.69999999999916 0.014996391957672772
234.79999999999916 0.015060790551223557
234.89999999999915 0.015125463550093698
234.99999999999915 0.015190412105123507
235.09999999999914 0.015255637371819786
235.19999999999914 0.015321140510374143
235.29999999999913 0.01538692268567976
235.39999999999912 0.015452985067349823
235.49999999999912 0.015519328829734391
235.5999999999991 0.015585955151938946
235.6999999999991 0.015652865217841705
235.7999999999991 0.015720060216111276
235.8999999999991 0.01578754134022542
235.9999999999991 0.015855309788487815
236.09999999999908 0.015923366764047264
236.19999999999908 0.015991713474914904
236.29999999999907 0.01606035113398252
236.39999999999907 0.01612928095904098
236.49999999999906 0.016198504172798223
236.59999999999906 0.016268022002897675
236.69999999999905 0.016337835681936475
236.79999999999905 0.01640794644748378
236.89999999999904 0.016478355542099532
236.99999999999903 0.01654906421335245
237.09999999999903 0.016620073713839223
237.19999999999902 0.01669138530120251
237.29999999999902 0.016763000238149917
237.399999999999 0.016834919792472536
237.499999999999 0.016907145237064047
237.599999999999 0.016979677849939034
237.699999999999 0.0170525189142523
237.799999999999 0.017125669718317638
237.89999999999898 0.01719913155562658
237.99999999999898 0.017272905724867726
238.09999999999897 0.017346993529945842
238.19999999999897 0.017421396280000834
238.29999999999896 0.01749611528942696
238.39999999999895 0.017571151877892266
238.49999999999895 0.017646507370357667
238.59999999999894 0.017722183097096278
238.69999999999894 0.01779818039371317
238.79999999999893 0.017874500601164467
238.89999999999893 0.017951145065777108
238.99999999999892 0.018028115139268164
239.09999999999891 0.018105412178764824
239.1999999999989 0.01818303754682371
239.2999999999989 0.018260992611450755
239.3999999999989 0.01833927874612118
239.4999999999989 0.01841789732979915
239.5999999999989 0.018496849746957422
239.69999999999888 0.01857613738759789
239.79999999999887 0.01865576164727112
239.89999999999887 0.01873572392709666
239.99999999999886 0.018816025633782818
240.09999999999886 0.01889666817964719
240.19999999999885 0.01897765298263676
240.29999999999885 0.019058981466348213
240.39999999999884 0.01914065506004814
240.49999999999883 0.01922267519869325
240.59999999999883 0.019305043322951354
240.69999999999882 0.01938776087922156
240.79999999999882 0.01947082931965438
240.8999999999988 0.019554250102173154
240.9999999999988 0.019638024690493916
241.0999999999988 0.01972215455414683
241.1999999999988 0.019806641168496064
241.2999999999988 0.01989148601476154
241.39999999999878 0.019976690580038925
241.49999999999878 0.020062256357321395
241.59999999999877 0.020148184845519612
241.69999999999877 0.02023447754948382
241.79999999999876 0.020321135980024052
241.89999999999876 0.020408161653931556
241.99999999999875 0.02049555609400011
242.09999999999874 0.020583320829047014
242.19999999999874 0.0206714573939345
242.29999999999873 0.020759967329591067
242.39999999999873 0.020848852183032673
242.49999999999872 0.020938113507384615
242.59999999999872 0.021027752861902282
242.6999999999987 0.02111777181199359
242.7999999999987 0.02120817192923974
242.8999999999987 0.021298954791417524
242.9999999999987 0.021390121982520327
243.0999999999987 0.02148167509278054
243.19999999999868 0.021573615718691097
243.29999999999868 0.021665945463026914
243.39999999999867 0.021758665934867638
243.49999999999866 0.021851778749618855
243.59999999999866 0.021945285529034297
243.69999999999865 0.022039187901237822
243.79999999999865 0.022133487500746063
243.89999999999864 0.022228185968489633
243.99999999999864 0.022323284951835998
244.09999999999863 0.022418786104611677
244.19999999999862 0.022514691087124006
244.29999999999862 0.02261100156618434
244.3999999999986 0.022707719215129596
244.4999999999986 0.022804845713845334
244.5999999999986 0.022902382748787642
244.6999999999986 0.02300033201300644
244.7999999999986 0.023098695206167363
244.89999999999858 0.02319747403457484
244.99999999999858 0.023296670211194304
245.09999999999857 0.023396285455675736
245.19999999999857 0.023496321494375416
245.29999999999856 0.023596780060379796
245.39999999999856 0.02369766289352737
245.49999999999855 0.02379897174043244
245.59999999999854 0.023900708354507527
245.69999999999854 0.024002874495986593
245.79999999999853 0.02410547193194834
245.89999999999853 0.024208502436338764
245.99999999999852 0.02431196778999478
246.09999999999852 0.024415869780667232
246.1999999999985 0.02452021020304418
246.2999999999985 0.0246249908587739
246.3999999999985 0.024730213556489078
246.4999999999985 0.024835880111829023
246.5999999999985 0.02494199234746408
246.69999999999848 0.025048552093118293
246.79999999999848 0.0251555611855937
246.89999999999847 0.025263021468793334
246.99999999999847 0.02537093479374497
247.09999999999846 0.025479303018624777
247.19999999999845 0.025588128008781186
247.29999999999845 0.025697411636757983
247.39999999999844 0.02580715578231918
247.49999999999844 0.02591736233247166
247.59999999999843 0.02602803318148983
247.69999999999843 0.026139170230939035
247.79999999999842 0.0262507753897
247.8999999999984 0.026362850573992236
247.9999999999984 0.026475397707398263
248.0999999999984 0.02658841872088802
248.1999999999984 0.026701915552842515
248.2999999999984 0.026815890149077926
248.39999999999839 0.026930344462870237
248.49999999999838 0.027045280454979004
248.59999999999837 0.027160700093671775
248.69999999999837 0.027276605354748407
248.79999999999836 0.02739299822156538
248.89999999999836 0.027509880685060106
248.99999999999835 0.027627254743775365
249.09999999999835 0.027745122403883604
249.19999999999834 0.027863485679211708
249.29999999999833 0.027982346591265195
249.39999999999833 0.028101707169252976
249.49999999999832 0.028221569450111894
249.59999999999832 0.028341935478531033
249.6999999999983 0.028462807306976923
249.7999999999983 0.02858418699571763
249.8999999999983 0.028706076612848075
249.9999999999983 0.028828478234314114
250.0999999999983 0.028951393943937864
250.19999999999828 0.02907482583344201
250.29999999999828 0.029198776002475224
250.39999999999827 0.029323246558636606
250.49999999999827 0.02944823961750076
250.59999999999826 0.029573757302642334
250.69999999999825 0.02969980174566167
250.79999999999825 0.029826375086209445
250.89999999999824 0.029953479472011435
250.99999999999824 0.030081117058893714
251.09999999999823 0.030209290010808076
251.19999999999823 0.030338000499856688
251.29999999999822 0.030467250706317173
251.39999999999822 0.030597042818668263
251.4999999999982 0.030727379033614555
251.5999999999982 0.030858261556111488
251.6999999999982 0.030989692599391327
251.7999999999982 0.031121674384987696
251.8999999999982 0.031254209142761
251.99999999999818 0.03138729911092397
252.09999999999818 0.03152094653606685
252.19999999999817 0.03165515367318239
252.29999999999816 0.031789922785691815
252.39999999999816 0.03192525614546948
252.49999999999815 0.032061156032869076
252.59999999999815 0.03219762473674814
252.69999999999814 0.032334664554494186
252.79999999999814 0.03247227779204975
252.89999999999813 0.032610466763938306
252.99999999999812 0.03274923379328887
253.09999999999812 0.032888581211862444
253.1999999999981 0.033028511360076895
253.2999999999981 0.0331690265870328
253.3999999999981 0.03331012925053867
253.4999999999981 0.03345182171713679
253.5999999999981 0.033594106362128784
253.69999999999808 0.033736985569600586
253.79999999999808 0.03388046173244885
253.89999999999807 0.03402453725240606
253.99999999999807 0.03416921454006616
254.09999999999806 0.03431449601491021
254.19999999999806 0.03446038410533181
254.29999999999805 0.03460688124866307
254.39999999999804 0.03475398989119993
254.49999999999804 0.03490171248822793
254.59999999999803 0.03505005150404772
254.69999999999803 0.035199009412000604
254.79999999999802 0.03534858869449453
254.89999999999802 0.03549879184302951
254.999999999998 0.03564962135822314
255.099999999998 0.03580107974983615
255.199999999998 0.03595316953679839
255.299999999998 0.036105893247234344
255.399999999998 0.03625925341848846
255.49999999999798 0.036413252597151224
255.59999999999798 0.03656789333908439
255.69999999999797 0.036723178209446705
255.79999999999797 0.03687910978271958
255.89999999999796 0.03703569064273271
255.99999999999795 0.03719292338268965
256.099999999998 0.037350810605193074
256.19999999999794 0.0375093549222707
256.2999999999979 0.03766855895540078
256.39999999999793 0.03782842533553776
256.49999999999795 0.0379889567031374
256.5999999999979 0.0381501557081827
256.6999999999979 0.038312025010208806
256.7999999999979 0.03847456727832965
256.89999999999793 0.03863778519126215
256.9999999999979 0.038801681437352076
257.09999999999786 0.03896625871460002
257.1999999999979 0.03913151973068618
257.2999999999979 0.03929746720299565
257.3999999999979 0.03946410385864407
257.49999999999784 0.0396314324345034
257.59999999999786 0.039799455677226425
257.6999999999979 0.0399681763432721
257.79999999999785 0.040137597198931396
257.8999999999978 0.04030772102035218
257.99999999999784 0.04047855059356431
258.09999999999786 0.04065008871450504
258.19999999999783 0.04082233818904357
258.2999999999978 0.04099530183300715
258.3999999999978 0.04116898247220535
258.49999999999784 0.0413433829424551
258.5999999999978 0.041518506089606166
258.6999999999978 0.04169435476956551
258.7999999999978 0.04187093184832291
258.8999999999978 0.04204824020197506
258.9999999999978 0.042226282716750774
259.09999999999775 0.042405062289035955
259.1999999999978 0.042584581825397705
259.2999999999978 0.042764844242609956
259.39999999999776 0.042945852467677015
259.4999999999977 0.04312760943785898
259.59999999999775 0.04331011810069607
259.6999999999978 0.043493381414032806
259.79999999999774 0.04367740234604267
259.8999999999977 0.04386218387525265
259.9999999999977 0.044047728990567525
260.09999999999775 0.04423404069129355
260.1999999999977 0.04442112198716319
260.2999999999977 0.04460897589835944
260.3999999999977 0.04479760545553957
260.4999999999977 0.04498701369985891
260.5999999999977 0.04517720368299516
260.69999999999766 0.04536817846717223
260.7999999999977 0.04555994112518447
260.8999999999977 0.04575249474041887
260.99999999999767 0.04594584240688071
261.09999999999764 0.04613998722921597
261.19999999999766 0.04633493232273511
261.2999999999977 0.046530680813436365
261.39999999999765 0.04672723583802918
261.4999999999976 0.04692460054395797
261.59999999999764 0.04712277808942478
261.69999999999766 0.047321771643412336
261.7999999999976 0.047521584385707194
261.8999999999976 0.047722219506923014
261.9999999999976 0.04792368020852311
262.09999999999764 0.04812596970284322
262.1999999999976 0.048329091213113906
262.29999999999757 0.04853304797348379
262.3999999999976 0.048737843229041844
262.4999999999976 0.048943480235839054
262.5999999999976 0.04914996226091117
262.69999999999754 0.04935729258230148
262.79999999999757 0.049565474489082106
262.8999999999976 0.04977451128137611
262.99999999999756 0.049984406270379256
263.0999999999975 0.05019516277838254
263.19999999999754 0.050406784138792515
263.29999999999757 0.050619273696154043
263.39999999999753 0.05083263480617062
263.4999999999975 0.051046870835726676
263.5999999999975 0.051261985162908474
263.69999999999754 0.05147798117702418
263.7999999999975 0.051694862278626075
263.8999999999975 0.05191263187953066
263.9999999999975 0.05213129340283973
264.0999999999975 0.05235085028296038
264.1999999999975 0.05257130596562565
264.29999999999745 0.05279266390791493
264.3999999999975 0.053014927578274196
264.4999999999975 0.05323810045653543
264.59999999999746 0.05346218603393671
264.69999999999743 0.0536871878131423
264.79999999999745 0.0539131093082621
264.8999999999975 0.054139954044870264
264.99999999999744 0.05436772556002534
265.0999999999974 0.054596427402289316
265.19999999999743 0.05482606313174598
265.29999999999745 0.055056636320020225
265.3999999999974 0.05528815055029623
265.4999999999974 0.0555206094173365
265.5999999999974 0.055754016527499894
265.69999999999743 0.055988375498759124
265.7999999999974 0.056223689960720025
265.89999999999736 0.056459963554638004
265.9999999999974 0.05669719993343669
266.0999999999974 0.05693540276172471
266.1999999999974 0.05717457571581275
266.29999999999734 0.057414722483731584
266.39999999999736 0.057655846765248486
266.4999999999974 0.05789795227188299
266.59999999999735 0.05814104272692466
266.6999999999973 0.058385121865448864
266.79999999999734 0.05863019343433329
266.89999999999736 0.05887626119227285
266.9999999999973 0.05912332890979621
267.0999999999973 0.05937140036928146
267.1999999999973 0.0596204793649705
267.29999999999734 0.05987056970298499
267.3999999999973 0.060121675201340596
267.49999999999727 0.06037379968996193
267.5999999999973 0.060626947010697374
267.6999999999973 0.06088112101733212
267.7999999999973 0.061136325575603334
267.89999999999725 0.06139256456321307
267.99999999999727 0.06164984186984257
268.0999999999973 0.06190816139716482
268.19999999999726 0.06216752705885764
268.2999999999972 0.06242794278061692
268.39999999999725 0.06268941250016935
268.49999999999727 0.06295194016728367
268.59999999999724 0.0632155297437833
268.6999999999972 0.0634801852035588
268.7999999999972 0.06374591053257861
268.89999999999725 0.06401270972890016
268.9999999999972 0.06428058680268145
269.0999999999972 0.06454954577619187
269.1999999999972 0.06481959068382204
269.2999999999972 0.06509072557209472
269.3999999999972 0.06536295449967355
269.49999999999716 0.06563628153737466
269.5999999999972 0.06591071076817423
269.6999999999972 0.06618624628721814
269.79999999999717 0.0664628922018311
269.89999999999714 0.06674065263152462
269.99999999999716 0.06701953170800579
270.0999999999972 0.06729953357518448
270.19999999999715 0.06758066238918103
270.2999999999971 0.06786292231833424
270.39999999999714 0.06814631754320755
270.49999999999716 0.06843085225659595
270.5999999999971 0.06871653066353178
270.6999999999971 0.0690033569812919
270.7999999999971 0.06929133543940258
270.89999999999714 0.06958047027964442
270.9999999999971 0.0698707657560581
271.09999999999707 0.07016222613494882
271.1999999999971 0.0704548556948904
271.2999999999971 0.07074865872672964
271.3999999999971 0.07104363953358905
271.49999999999704 0.07133980243087124
271.59999999999707 0.0716371517462614
271.6999999999971 0.07193569181972914
271.79999999999706 0.0722354270035317
271.899999999997 0.07253636166221489
271.99999999999704 0.07283850017261528
272.09999999999707 0.07314184692386061
272.19999999999703 0.07344640631737032
272.299999999997 0.07375218276685647
272.399999999997 0.07405918069832362
272.49999999999704 0.07436740455006718
272.599999999997 0.07467685877267327
272.699999999997 0.07498754782901762
272.799999999997 0.07529947619426391
272.899999999997 0.07561264835586035
272.999999999997 0.07592706881353806
273.09999999999695 0.07624274207930848
273.199999999997 0.07655967267745889
273.299999999997 0.07687786514454942
273.39999999999696 0.07719732402940727
273.49999999999693 0.07751805389312416
273.59999999999695 0.0778400593090498
273.699999999997 0.07816334486278542
273.79999999999694 0.07848791515217957
273.8999999999969 0.07881377478731977
273.99999999999693 0.07914092839052711
274.09999999999695 0.07946938059634734
274.1999999999969 0.07979913605154298
274.2999999999969 0.08013019941508603
274.3999999999969 0.08046257535814783
274.49999999999693 0.08079626856409006
274.5999999999969 0.08113128372845435
274.69999999999686 0.0814676255589526
274.7999999999969 0.08180529877545573
274.8999999999969 0.08214430810998141
274.9999999999969 0.08248465830668317
275.09999999999684 0.08282635412183692
275.19999999999686 0.08316940032382936
275.2999999999969 0.0835138016931426
275.39999999999685 0.08385956302234066
275.4999999999968 0.08420668911605589
275.59999999999684 0.08455518479097246
275.69999999999686 0.0849050548758109
275.7999999999968 0.08525630421131147
275.8999999999968 0.0856089376502186
275.9999999999968 0.08596296005726234
276.09999999999684 0.08631837630913963
276.1999999999968 0.08667519129449708
276.29999999999677 0.08703340991391162
276.3999999999968 0.08739303707986956
276.4999999999968 0.08775407771674737
276.5999999999968 0.08811653676078945
276.69999999999675 0.0884804191600882
276.79999999999677 0.08884572987456052
276.8999999999968 0.08921247387592468
276.99999999999676 0.08958065614767796
277.0999999999967 0.08995028168507158
277.19999999999675 0.0903213554950868
277.29999999999677 0.09069388259640865
277.39999999999674 0.09106786801939981
277.4999999999967 0.09144331680607498
277.5999999999967 0.09182023401007278
277.69999999999675 0.0921986246966271
277.7999999999967 0.09257849394253892
277.8999999999967 0.09295984683614733
277.9999999999967 0.09334268847729932
278.0999999999967 0.09372702397731747
278.1999999999967 0.09411285845897033
278.29999999999666 0.09450019705643953
278.3999999999967 0.09488904491528649
278.4999999999967 0.09527940719241901
278.59999999999667 0.09567128905605649
278.69999999999663 0.09606469568569564
278.79999999999666 0.09645963227207466
278.8999999999967 0.09685610401713463
278.99999999999665 0.09725411613398471
279.0999999999966 0.09765367384686219
279.19999999999663 0.098054782391095
279.29999999999666 0.0984574470130608
279.3999999999966 0.09886167297014647
279.4999999999966 0.09926746553070809
279.5999999999966 0.09967482997402832
279.69999999999663 0.1000837715902726
279.7999999999966 0.1004942956804461
279.89999999999657 0.10090640755635005
279.9999999999966 0.10132011254053597
280.0999999999966 0.10173541596625801
280.1999999999966 0.10215232317742806
280.29999999999654 0.10257083952856705
280.39999999999657 0.10299097038475613
280.4999999999966 0.10341272112158728
280.59999999999656 0.10383609712511221
280.6999999999965 0.10426110379179276
280.79999999999654 0.10468774652844759
280.89999999999657 0.10511603075219811
280.99999999999653 0.10554596189041632
281.0999999999965 0.10597754538066906
281.1999999999965 0.10641078667066273
281.29999999999654 0.10684569121818555
281.3999999999965 0.1072822644910505
281.4999999999965 0.10772051196703725
281.5999999999965 0.10816043913383244
281.6999999999965 0.10860205148896807
281.7999999999965 0.10904535453976083
281.89999999999645 0.10949035380325067
281.9999999999965 0.10993705480613658
282.0999999999965 0.11038546308471098
282.19999999999646 0.11083558418479622
282.29999999999643 0.1112874236616781
282.39999999999645 0.11174098708003699
282.4999999999965 0.11219628001388116
282.59999999999644 0.11265330804647566
282.6999999999964 0.11311207677027368
282.79999999999643 0.11357259178684453
282.89999999999645 0.11403485870679952
282.9999999999964 0.11449888314972045
283.0999999999964 0.11496467074408412
283.1999999999964 0.11543222712718659
283.29999999999643 0.1159015579450664
283.3999999999964 0.11637266885242614
283.49999999999636 0.11684556551255476
283.5999999999964 0.11732025359724663
283.6999999999964 0.1177967387867197
283.7999999999964 0.11827502676953383
283.89999999999634 0.11875512324250781
283.99999999999636 0.11923703391063445
284.0999999999964 0.11972076448699331
284.19999999999635 0.12020632069266568
284.2999999999963 0.12069370825664605
284.39999999999634 0.1211829329157521
284.49999999999636 0.12167400041453491
284.5999999999963 0.12216691650518618
284.6999999999963 0.12266168694744717
284.7999999999963 0.12315831750851391
284.89999999999634 0.12365681396294015
284.9999999999963 0.12415718209254334
285.09999999999627 0.12465942768630522
285.1999999999963 0.1251635565402741
285.2999999999963 0.12566957445746296
285.3999999999963 0.12617748724774858
285.49999999999625 0.12668730072776935
285.59999999999627 0.1271990207208209
285.6999999999963 0.1277126530567495
285.79999999999626 0.12822820357184594
285.8999999999962 0.12874567810873871
285.99999999999625 0.12926508251628366
286.09999999999627 0.12978642264945206
286.19999999999624 0.1303097043692204
286.2999999999962 0.1308349335424568
286.3999999999962 0.13136211604180503
286.49999999999625 0.13189125774556953
286.5999999999962 0.13242236453759648
286.6999999999962 0.13295544230715717
286.7999999999962 0.13349049694882598
286.8999999999962 0.13402753436235826
286.9999999999962 0.13456656045256843
287.09999999999616 0.13510758112920485
287.1999999999962 0.13565060230682413
287.2999999999962 0.13619562990466316
287.39999999999617 0.13674266984650962
287.49999999999613 0.13729172806057344
287.59999999999616 0.13784281047935376
287.6999999999962 0.13839592303950488
287.79999999999615 0.13895107168170184
287.8999999999961 0.13950826235050529
287.99999999999613 0.14006750099422283
288.09999999999616 0.14062879356476776
288.1999999999961 0.14119214601752073
288.2999999999961 0.14175756431118658
288.3999999999961 0.14232505440764887
288.49999999999613 0.14289462227182603
288.5999999999961 0.1434662738715221
288.69999999999607 0.1440400151772805
288.7999999999961 0.14461585216223183
288.8999999999961 0.14519379080194128
288.9999999999961 0.14577383707425684
289.09999999999604 0.14635599695915258
289.19999999999607 0.14694027643857266
289.2999999999961 0.14752668149627213
289.39999999999606 0.14811521811765593
289.499999999996 0.14870589228961917
289.59999999999604 0.14929871000038164
289.69999999999607 0.14989367723932312
289.79999999999603 0.1504907999968157
289.899999999996 0.1510900842640568
289.999999999996 0.15169153603289764
290.09999999999604 0.15229516129566978
290.199999999996 0.15290096604501358
290.299999999996 0.15350895627370076
290.399999999996 0.15411913797445864
290.499999999996 0.15473151713978894
290.599999999996 0.15534609976178748
290.69999999999595 0.15596289183196255
290.799999999996 0.15658189934104927
290.899999999996 0.15720312827882255
290.99999999999596 0.1578265846339093
291.09999999999593 0.15845227439359955
291.19999999999595 0.1590802035436535
291.299999999996 0.1597103780681065
291.39999999999594 0.1603428039490754
291.4999999999959 0.16097748716656035
291.59999999999593 0.16161443369824446
291.69999999999595 0.16225364951929389
291.7999999999959 0.16289514060215238
291.8999999999959 0.16353891291633882
291.9999999999959 0.16418497242823904
292.09999999999593 0.16483332510089466
292.1999999999959 0.16548397689379535
292.29999999999586 0.16613693376266336
292.3999999999959 0.16679220165924058
292.4999999999959 0.1674497865310699
292.5999999999959 0.16810969432127587
292.69999999999584 0.16877193096834608
292.79999999999586 0.16943650240590702
292.8999999999959 0.17010341456249745
292.99999999999585 0.17077267336134283
293.0999999999958 0.1714442847201274
293.19999999999584 0.17211825455076135
293.29999999999586 0.17279458875914688
293.3999999999958 0.17347329324494465
293.4999999999958 0.17415437390133648
293.5999999999958 0.17483783661478391
293.69999999999584 0.17552368726478862
293.7999999999958 0.17621193172364646
293.89999999999577 0.1769025758562046
293.9999999999958 0.1775956255196115
294.0999999999958 0.17829108656306603
294.1999999999958 0.17898896482756732
294.29999999999575 0.1796892661456585
294.39999999999577 0.18039199634117165
294.4999999999958 0.18109716122896746
294.59999999999576 0.18180476661467382
294.6999999999957 0.18251481829442484
294.79999999999575 0.1832273220545939
294.89999999999577 0.183942283671525
294.99999999999574 0.1846597089112636
295.0999999999957 0.1853796035292855
295.1999999999957 0.18610197327022204
295.29999999999575 0.18682682386758054
295.3999999999957 0.187554161043469
295.4999999999957 0.18828399050831313
295.5999999999957 0.18901631796057272
295.6999999999957 0.18975114908645574
295.7999999999957 0.1904884895596295
295.89999999999566 0.1912283450409321
295.9999999999957 0.19197072117807812
296.0999999999957 0.1927156236053622
296.19999999999567 0.1934630579433636
296.29999999999563 0.19421302979864508
296.39999999999566 0.19496554476345151
296.4999999999957 0.19572060841540406
296.59999999999565 0.19647822631719236
296.6999999999956 0.19723840401626802
296.79999999999563 0.19800114704453053
296.89999999999566 0.1987664609180123
296.9999999999956 0.1995343511365627
297.0999999999956 0.20030482318353038
297.1999999999956 0.20107788252544045
297.29999999999563 0.20185353461166855
297.3999999999956 0.20263178487411715
297.49999999999557 0.20341263872688609
297.5999999999956 0.2041961015659397
297.6999999999956 0.204982178768774
297.7999999999956 0.20577087569407904
297.89999999999554 0.20656219768140238
297.99999999999557 0.2073561500508061
298.0999999999956 0.20815273810252133
298.19999999999555 0.2089519671166049
298.2999999999955 0.2097538423525881
298.39999999999554 0.21055836904912673
298.49999999999557 0.21136555242364607
298.59999999999553 0.2121753976719829
298.6999999999955 0.2129879099680302
298.7999999999955 0.21380309446337264
298.89999999999554 0.21462095628692168
298.9999999999955 0.21544150054455002
299.0999999999955 0.21626473231872323
299.1999999999955 0.21709065666812666
299.2999999999955 0.21791927862728888
299.3999999999955 0.21875060320620732
299.49999999999545 0.21958463538996842
299.5999999999955 0.2204213801383631
299.6999999999955 0.2212608423855036
299.79999999999546 0.22210302703943396
299.89999999999543 0.2229479389817426
299.99999999999545 0.22379558306716785
300.0999999999955 0.2246459641232007
300.19999999999544 0.22549908694968968
300.2999999999954 0.22635495631843838
300.39999999999543 0.22721357697280298
300.49999999999545 0.22807495362728514
300.5999999999954 0.22893909096712273
300.6999999999954 0.2298059936478808
300.7999999999954 0.23067566629503655
300.89999999999543 0.23154811350356064
300.9999999999954 0.2324233398374992
301.09999999999536 0.23330134982955342
301.1999999999954 0.2341821479806535
301.2999999999954 0.23506573875952919
301.3999999999954 0.23595212660228249
301.49999999999534 0.236841315911955
301.59999999999536 0.23773331105809037
301.6999999999954 0.23862811637629788
301.79999999999535 0.2395257361678098
301.8999999999953 0.24042617469904082
301.99999999999534 0.24132943620114022
302.09999999999536 0.24223552486954125
302.1999999999953 0.24314444486351283
302.2999999999953 0.24405620030570296
302.3999999999953 0.24497079528168386
302.49999999999534 0.24588823383949032
302.5999999999953 0.24680851998915732
302.69999999999527 0.24773165770225736
302.7999999999953 0.248657650911432
302.8999999999953 0.24958650350991873
302.9999999999953 0.25051821935108054
303.09999999999525 0.2514528022479311
303.19999999999527 0.25239025597265496
303.2999999999953 0.25333058425612476
303.39999999999526 0.2542737907874201
303.4999999999952 0.2552198792133412
303.59999999999525 0.2561688531379178
303.69999999999527 0.257120716121919
303.79999999999524 0.2580754716823568
303.8999999999952 0.2590331232919926
303.9999999999952 0.25999367437883514
304.09999999999525 0.26095712832563656
304.1999999999952 0.26192348846939084
304.2999999999952 0.2628927581008237
304.3999999999952 0.263864940463884
304.4999999999952 0.2648400387552293
304.5999999999952 0.2658180561237099
304.69999999999516 0.26679899566985377
304.7999999999952 0.2677828604453425
304.8999999999952 0.2687696534524897
304.99999999999517 0.26975937764371294
305.09999999999513 0.2707520359210088
305.19999999999516 0.27174763113542
305.2999999999952 0.27274616608649904
305.39999999999515 0.27374764352177616
305.4999999999951 0.27475206613621794
305.59999999999513 0.275759436571688
305.69999999999516 0.2767697574164012
305.7999999999951 0.2777830312043764
305.8999999999951 0.2787992604148918
305.9999999999951 0.2798184474719302
306.09999999999513 0.28084059474362477
306.1999999999951 0.28186570454170345
306.29999999999507 0.28289377912093205
306.3999999999951 0.28392482067855174
306.4999999999951 0.2849588313537126
306.5999999999951 0.2859958132269115
306.69999999999504 0.28703576831942235
306.79999999999507 0.2880786985927243
306.8999999999951 0.2891246059479293
306.99999999999505 0.29017349222520483
307.099999999995 0.29122535920319914
307.19999999999504 0.29228020859845916
307.29999999999507 0.2933380420648457
307.39999999999503 0.2943988611929521
307.499999999995 0.29546266750951466
307.599999999995 0.29652946247682554
307.69999999999504 0.2975992474921384
307.799999999995 0.2986720238870746
307.899999999995 0.2997477929270298
307.999999999995 0.3008265558105744
308.099999999995 0.3019083136688506
308.199999999995 0.3029930675649719
308.29999999999495 0.30408081849342017
308.399999999995 0.3051715673794365
308.499999999995 0.30626531507841104
308.59999999999496 0.30736206237527475
308.69999999999493 0.3084618099838865
308.79999999999495 0.3095645585464156
308.899999999995 0.3106703086327274
308.99999999999494 0.31177906073976125
309.0999999999949 0.3128908152909139
309.19999999999493 0.31400557263541506
309.29999999999495 0.3151233330476998
309.3999999999949 0.3162440967267862
309.4999999999949 0.3173678637956453
309.5999999999949 0.3184946343005721
309.69999999999493 0.31962440821055227
309.7999999999949 0.32075718541662823
309.89999999999486 0.3218929657312669
309.9999999999949 0.32303174888772135
310.0999999999949 0.3241735345393898
310.1999999999949 0.3253183222591777
310.29999999999484 0.32646611153885774
310.39999999999486 0.32761690178842473
310.4999999999949 0.32877069233544887
310.59999999999485 0.3299274824244328
310.6999999999948 0.3310872712161639
310.79999999999484 0.33225005778706285
310.89999999999486 0.3334158411285352
310.9999999999948 0.3345846201463176
311.0999999999948 0.33575639365982857
311.1999999999948 0.33693116040151183
311.29999999999484 0.3381089190161789
311.3999999999948 0.33928966806035643
311.49999999999477 0.3404734060016257
311.5999999999948 0.3416601312179667
311.6999999999948 0.3428498419970951
311.7999999999948 0.34404253653580164
311.89999999999475 0.3452382129392937
311.99999999999477 0.3464368692205304
312.0999999999948 0.3476385032995575
312.19999999999476 0.348843113002844
312.2999999999947 0.3500506960626202
312.39999999999475 0.3512612501162089
312.49999999999477 0.35247477270535676
312.59999999999474 0.35369126127557104
312.6999999999947 0.35491071317545153
312.7999999999947 0.35613312565601973
312.89999999999475 0.3573584958700522
312.9999999999947 0.35858682087140903
313.0999999999947 0.3598180976143682
313.1999999999947 0.361052322952954
313.2999999999947 0.3622894936402631
313.3999999999947 0.3635296063278002
313.49999999999466 0.3647726575648036
313.5999999999947 0.3660186437975771
313.6999999999947 0.36726756136881744
313.79999999999467 0.3685194065169427
313.89999999999463 0.3697741753754259
313.99999999999466 0.37103186397212207
314.0999999999947 0.37229246822859596
314.19999999999465 0.3735559839594541
314.2999999999946 0.37482240687167745
314.39999999999463 0.3760917325639497
314.49999999999466 0.377363956525986
314.5999999999946 0.3786390741378691
314.6999999999946 0.37991708066938035
314.7999999999946 0.3811979712793311
314.89999999999463 0.3824817410148975
314.9999999999946 0.3837683848109531
315.09999999999457 0.385057897489408
315.1999999999946 0.38635027375854236
315.2999999999946 0.38764550821234134
315.3999999999946 0.38894359532983747
315.49999999999454 0.3902445294744473
315.59999999999457 0.39154830489331416
315.6999999999946 0.3928549157166471
315.79999999999455 0.39416435595706434
315.8999999999945 0.39547661950894086
315.99999999999454 0.39679170014775267
316.09999999999457 0.39810959152942216
316.19999999999453 0.3994302871896688
316.2999999999945 0.4007537805433632
316.3999999999945 0.40208006488387726
316.49999999999454 0.4034091333824362
316.5999999999945 0.40474097908747997
316.6999999999945 0.40607559492402034
316.7999999999945 0.4074129736930008
316.8999999999945 0.4087531080706607
316.9999999999945 0.41009599060789836
317.09999999999445 0.4114416137296436
317.1999999999945 0.4127899697342251
317.2999999999945 0.4141410507927408
317.39999999999446 0.41549484894843813
317.49999999999443 0.41685135611608926
317.59999999999445 0.4182105640813747
317.6999999999945 0.41957246450026475
317.79999999999444 0.4209370488984061
317.8999999999944 0.4223043086705165
317.99999999999443 0.423674235079775
318.09999999999445 0.4250468192572169
318.1999999999944 0.42642205220113605
318.2999999999944 0.42779992477649065
318.3999999999944 0.4291804277143083
318.49999999999443 0.43056355161109405
318.5999999999944 0.4319492869282495
318.69999999999436 0.43333762399149156
318.7999999999944 0.43472855299027124
318.8999999999944 0.43612206397720454
318.9999999999944 0.43751814686749846
319.09999999999434 0.4389167914383929
319.19999999999436 0.4403179873285964
319.2999999999944 0.441721724037728
319.39999999999435 0.4431279909257717
319.4999999999943 0.44453677721252527
319.59999999999434 0.4459480719770631
319.69999999999436 0.4473618641571956
319.7999999999943 0.4487781425489378
319.8999999999943 0.4501968958059873
319.9999999999943 0.45161811243920025
320.09999999999434 0.4530417808160737
320.1999999999943 0.45446788916023784
320.29999999999427 0.4558964255509532
320.3999999999943 0.45732737792261025
320.4999999999943 0.45876073406423346
320.5999999999943 0.46019648161899906
320.69999999999425 0.46163460808375345
320.79999999999427 0.4630751008085364
320.8999999999943 0.46451794699611504
320.99999999999426 0.46596313370151876
321.0999999999942 0.46741064783159003
321.19999999999425 0.4688604761445321
321.29999999999427 0.4703126052494647
321.39999999999424 0.4717670216059956
321.4999999999942 0.47322371152378806
321.5999999999942 0.4746826611621453
321.69999999999425 0.47614385652959057
321.7999999999942 0.4776072834834679
321.8999999999942 0.4790729277295426
321.9999999999942 0.4805407748216092
322.0999999999942 0.48201081016111047
322.1999999999942 0.48348301899676105
322.29999999999416 0.48495738642418573
322.3999999999942 0.4864338973855584
322.4999999999942 0.4879125366692497
322.59999999999417 0.48939328890949096
322.69999999999413 0.4908761385860384
322.79999999999416 0.492361070023852
322.8999999999942 0.4938480673927783
322.99999999999415 0.4953371147072434
323.0999999999941 0.4968281958259615
323.19999999999413 0.49832129445164497
323.29999999999416 0.49981639413072343
323.3999999999941 0.5013134782530784
323.4999999999941 0.5028125300517876
323.5999999999941 0.5043135326028735
323.69999999999413 0.5058164688250617
323.7999999999941 0.5073213214795577
323.89999999999407 0.5088280731698283
323.9999999999941 0.5103367063413903
324.0999999999941 0.5118472032816177
324.1999999999941 0.5133595461195505
324.29999999999404 0.5148737168257254
324.39999999999407 0.5163896972120083
324.4999999999941 0.5179074689314378
324.59999999999405 0.5194270134780891
324.699999999994 0.5209483121869392
324.79999999999404 0.5224713462337518
324.89999999999407 0.5239960966349668
324.99999999999403 0.5255225442476044
325.099999999994 0.5270506697691868
325.199999999994 0.5285804537376637
325.29999999999404 0.5301118765313523
325.399999999994 0.531644918368892
325.499999999994 0.5331795593092146
325.599999999994 0.5347157792515203
325.699999999994 0.5362535579352662
325.799999999994 0.5377928749401781
325.89999999999395 0.5393337096862665
325.999999999994 0.540876041433856
326.099999999994 0.5424198492836338
326.19999999999396 0.543965112176705
326.29999999999393 0.5455118088946698
326.39999999999395 0.5470599180597087
326.499999999994 0.5486094181346788
326.59999999999394 0.5501602874232359
326.6999999999939 0.5517125040699588
326.79999999999393 0.5532660460604971
326.89999999999395 0.5548208912217274
326.9999999999939 0.5563770172219247
327.0999999999939 0.5579344015709577
327.1999999999939 0.5594930216204888
327.29999999999393 0.5610528545641895
327.3999999999939 0.5626138774379796
327.49999999999386 0.5641760671202776
327.5999999999939 0.5657394003322657
327.6999999999939 0.5673038536381669
327.7999999999939 0.568869403445549
327.89999999999384 0.5704360260056376
327.99999999999386 0.572003697413642
328.0999999999939 0.5735723936091071
328.19999999999385 0.5751420903762707
328.2999999999938 0.5767127633444515
328.39999999999384 0.578284387988441
328.49999999999386 0.5798569396289153
328.5999999999938 0.5814303934328721
328.6999999999938 0.5830047244140747
328.7999999999938 0.5845799074335221
328.89999999999384 0.5861559171999284
328.9999999999938 0.5877327282702247
329.09999999999377 0.5893103150500819
329.1999999999938 0.5908886517944465
329.2999999999938 0.592467712608092
329.3999999999938 0.5940474714461959
329.49999999999375 0.5956279021149341
329.59999999999377 0.5972089782720895
329.6999999999938 0.5987906734276776
329.79999999999376 0.6003729609446
329.8999999999937 0.6019558140393114
329.99999999999375 0.6035392057825018
330.09999999999377 0.605123109099806
330.19999999999374 0.6067074967725241
330.2999999999937 0.6082923414383719
330.3999999999937 0.6098776155922407
330.49999999999375 0.6114632915869791
330.5999999999937 0.6130493416342011
330.6999999999937 0.6146357378051059
330.7999999999937 0.6162224520313244
330.8999999999937 0.6178094561057801
330.9999999999937 0.6193967216835721
331.09999999999366 0.6209842202828844
331.1999999999937 0.6225719232859079
331.2999999999937 0.6241598019397829
331.39999999999367 0.6257478273575687
331.49999999999363 0.6273359705192323
331.59999999999366 0.6289242022726547
331.6999999999937 0.6305124933346562
331.79999999999364 0.6321008142920527
331.8999999999936 0.6336891356027252
331.99999999999363 0.6352774275967109
332.09999999999366 0.6368656604773199
332.1999999999936 0.6384538043222672
332.2999999999936 0.6400418290848364
332.3999999999936 0.6416297045950556
332.49999999999363 0.6432174005608948
332.5999999999936 0.6448048865694951
332.69999999999357 0.6463921320884091
332.7999999999936 0.6479791064668714
332.8999999999936 0.6495657789370843
332.9999999999936 0.6511521186155282
333.09999999999354 0.6527380945043003
333.19999999999357 0.6543236754924671
333.2999999999936 0.6559088303574396
333.39999999999355 0.6574935277663769
333.4999999999935 0.6590777362776117
333.59999999999354 0.660661424342093
333.69999999999357 0.6622445603048517
333.79999999999353 0.663827112406496
333.8999999999935 0.6654090487847246
333.9999999999935 0.6669903374758601
334.09999999999354 0.6685709464164107
334.1999999999935 0.6701508434446487
334.2999999999935 0.6717299963022207
334.3999999999935 0.6733083726357727
334.4999999999935 0.6748859399985963
334.5999999999935 0.6764626658523092
334.69999999999345 0.678038517568547
334.7999999999935 0.6796134624306861
334.8999999999935 0.6811874676355825
334.99999999999346 0.682760500295337
335.09999999999343 0.6843325274390883
335.19999999999345 0.685903516014821
335.2999999999935 0.6874734328911978
335.39999999999344 0.6890422448594189
335.4999999999934 0.6906099186351049
335.59999999999343 0.6921764208601975
335.69999999999345 0.6937417181048817
335.7999999999934 0.6953057768695416
335.8999999999934 0.6968685635867293
335.9999999999934 0.6984300446231584
336.09999999999343 0.6999901862817232
336.1999999999934 0.7015489548035361
336.29999999999336 0.7031063163699958
336.3999999999934 0.70466223710487
336.4999999999934 0.7062166830764001
336.5999999999934 0.7077696202994377
336.69999999999334 0.7093210147375943
336.79999999999336 0.7108708323054209
336.8999999999934 0.7124190388705989
336.99999999999335 0.7139656002561665
337.0999999999933 0.7155104822427604
337.19999999999334 0.7170536505708774
337.29999999999336 0.7185950709431637
337.3999999999933 0.7201347090267192
337.4999999999933 0.7216725304554338
337.5999999999933 0.723208500832336
337.69999999999334 0.7247425857319632
337.7999999999933 0.7262747507027612
337.89999999999327 0.7278049612694982
337.9999999999933 0.7293331829357039
338.0999999999933 0.7308593811861253
338.1999999999933 0.7323835214892052
338.29999999999325 0.7339055692995872
338.39999999999327 0.7354254900606332
338.4999999999933 0.7369432492069619
338.59999999999326 0.738458812167013
338.6999999999932 0.7399721443656304
338.79999999999325 0.7414832112266623
338.89999999999327 0.7429919781755777
338.99999999999324 0.7444984106421133
339.0999999999932 0.7460024740629326
339.1999999999932 0.7475041338843021
339.29999999999325 0.7490033555647924
339.3999999999932 0.7505001045779915
339.4999999999932 0.751994346415247
339.5999999999932 0.7534860465884149
339.6999999999932 0.7549751706326302
339.7999999999932 0.7564616841091019
339.89999999999316 0.7579455526079159
339.9999999999932 0.7594267417508639
340.0999999999932 0.7609052171942821
340.19999999999317 0.7623809446319089
340.29999999999313 0.7638538897977657
340.39999999999316 0.7653240184690453
340.4999999999932 0.7667912964690171
340.59999999999314 0.768255689669954
340.6999999999931 0.769717163996072
340.79999999999313 0.771175685426484
340.89999999999316 0.7726312199981644
340.9999999999931 0.7740837338089378
341.0999999999931 0.775533193020477
341.1999999999931 0.7769795638613103
341.29999999999313 0.7784228126298515
341.3999999999931 0.7798629056974336
341.49999999999307 0.7812998095113661
341.5999999999931 0.7827334905979968
341.6999999999931 0.7841639155657836
341.7999999999931 0.7855910511083894
341.89999999999304 0.7870148640077778
341.99999999999307 0.7884353211373256
342.0999999999931 0.7898523894649434
342.19999999999305 0.7912660360562049
342.299999999993 0.7926762280774944
342.39999999999304 0.7940829327991545
342.49999999999307 0.7954861175986447
342.59999999999303 0.7968857499637128
342.699999999993 0.798281797495574
342.799999999993 0.799674227912095
342.89999999999304 0.8010630090509825
342.999999999993 0.8024481088729889
343.099999999993 0.8038294954651175
343.199999999993 0.805207137043832
343.299999999993 0.8065810019582773
343.399999999993 0.8079510586935001
343.49999999999295 0.8093172758736815
343.599999999993 0.8106796222653665
343.699999999993 0.8120380667806972
343.79999999999296 0.8133925784806578
343.89999999999293 0.8147431265783124
343.99999999999295 0.8160896804420528
344.099999999993 0.8174322095988418
344.19999999999294 0.8187706837374602
344.2999999999929 0.8201050727117596
344.39999999999293 0.8214353465439073
344.49999999999295 0.822761475427633
344.5999999999929 0.8240834297314786
344.6999999999929 0.8254011800020452
344.7999999999929 0.8267146969672362
344.89999999999293 0.8280239515394949
344.9999999999929 0.8293289148190488
345.09999999999286 0.8306295580971427
345.1999999999929 0.8319258528592673
345.2999999999929 0.8332177707883885
345.3999999999929 0.8345052837681639
345.49999999999284 0.8357883638861633
345.59999999999286 0.8370669834370743
345.6999999999929 0.8383411149259006
345.79999999999285 0.8396107310711609
345.8999999999928 0.8408758048080709
345.99999999999284 0.8421363092917227
346.09999999999286 0.8433922179002489
346.1999999999928 0.8446435042379792
346.2999999999928 0.8458901421385915
346.3999999999928 0.8471321056682429
346.49999999999284 0.848369369128692
346.5999999999928 0.8496019070604104
346.69999999999277 0.8508296942456823
346.7999999999928 0.852052705711686
346.8999999999928 0.8532709167335595
346.9999999999928 0.8544843028374588
347.09999999999275 0.855692839803595
347.19999999999277 0.8568965036692533
347.2999999999928 0.8580952707317997
347.39999999999276 0.8592891175516648
347.4999999999927 0.8604780209553162
347.59999999999275 0.861661958038205
347.69999999999277 0.8628409061676932
347.79999999999274 0.864014842985966
347.8999999999927 0.865183746412918
347.9999999999927 0.8663475946490207
348.09999999999275 0.8675063661781643
348.1999999999927 0.8686600397704778
348.2999999999927 0.869808594485129
348.3999999999927 0.8709520096730956
348.4999999999927 0.8720902649799092
348.5999999999927 0.87322334034838
348.69999999999266 0.8743512160212928
348.7999999999927 0.875473872544073
348.8999999999927 0.8765912907674248
348.99999999999267 0.8777034518499456
349.09999999999263 0.8788103372607085
349.19999999999266 0.8799119287818118
349.2999999999927 0.8810082085109037
349.39999999999264 0.8820991588636697
349.4999999999926 0.8831847625762959
349.59999999999263 0.884265002707892
349.69999999999266 0.8853398626428828
349.7999999999926 0.8864093260933705
349.8999999999926 0.887473377101457
349.9999999999926 0.8885320000415342
350.09999999999263 0.8895851796225357
350.1999999999926 0.8906329008901523
350.29999999999256 0.8916751492290151
350.3999999999926 0.8927119103648343
350.4999999999926 0.8937431703665
350.5999999999926 0.8947689156481476
350.69999999999254 0.895789132971183
350.79999999999256 0.8968038094462636
350.8999999999926 0.8978129325352383
350.99999999999255 0.8988164900530505
351.0999999999925 0.8998144701695953
351.19999999999254 0.9008068614115317
351.29999999999256 0.9017936526640553
351.39999999999253 0.9027748331726224
351.4999999999925 0.903750392544635
351.5999999999925 0.9047203207510738
351.69999999999254 0.905684608128087
351.7999999999925 0.9066432453785359
351.8999999999925 0.9075962235734882
351.9999999999925 0.9085435341536683
352.0999999999925 0.9094851689308514
352.1999999999925 0.9104211200892183
352.29999999999245 0.9113513801866542
352.3999999999925 0.9122759421559972
352.4999999999925 0.9131947993062396
352.59999999999246 0.9141079453236735
352.69999999999243 0.9150153742729904
352.79999999999245 0.9159170805983229
352.8999999999925 0.916813059124234
352.99999999999244 0.9177033050566582
353.0999999999924 0.9185878139837822
353.19999999999243 0.9194665818768767
353.29999999999245 0.9203396050910687
353.3999999999924 0.9212068803660605
353.4999999999924 0.9220684048267958
353.5999999999924 0.9229241759840651
353.69999999999243 0.9237741917350548
353.7999999999924 0.9246184503638424
353.89999999999236 0.9254569505418331
353.9999999999924 0.926289691328137
354.0999999999924 0.9271166721698875
354.1999999999924 0.9279378929025044
354.29999999999234 0.9287533537498964
354.39999999999236 0.9295630553246014
354.4999999999924 0.9303669986278719
354.59999999999235 0.9311651850496958
354.6999999999923 0.9319576163687618
354.79999999999234 0.9327442947523601
354.89999999999236 0.9335252227562211
354.9999999999923 0.934300403324299
355.0999999999923 0.9350698397884878
355.1999999999923 0.9358335358682791
355.29999999999234 0.936591495670356
355.3999999999923 0.9373437236881247
355.49999999999227 0.9380902248011871
355.5999999999923 0.9388310042747471
355.6999999999923 0.939566067758954
355.7999999999923 0.9402954212881858
355.89999999999225 0.9410190712802692
355.99999999999227 0.9417370245356341
356.0999999999923 0.9424492882364052
356.19999999999226 0.9431558699454328
356.2999999999922 0.9438567776052588
356.39999999999225 0.9445520195370174
356.49999999999227 0.9452416044392753
356.59999999999224 0.9459255413868055
356.6999999999922 0.9466038398293013
356.7999999999922 0.947276509590023
356.89999999999225 0.9479435608643816
356.9999999999922 0.9486050042184623
357.0999999999922 0.9492608505874808
357.1999999999922 0.9499111112741789
357.2999999999922 0.9505557979471552
357.3999999999922 0.951194922639132
357.49999999999216 0.951828497745164
357.5999999999922 0.9524565360207783
357.6999999999922 0.953079050580054
357.79999999999217 0.9536960548936406
357.89999999999213 0.954307562786714
357.99999999999216 0.9549135884368688
358.0999999999922 0.9555141463719488
358.19999999999214 0.9561092514678184
358.2999999999921 0.9566989189460721
358.39999999999213 0.9572831643716804
358.49999999999216 0.957862003650579
358.5999999999921 0.9584354530271942
358.6999999999921 0.9590035290819126
358.7999999999921 0.9595662487284876
358.89999999999213 0.9601236292113872
358.9999999999921 0.9606756881030861
359.09999999999206 0.9612224433012969
359.1999999999921 0.9617639130261443
359.2999999999921 0.9623001158172819
359.3999999999921 0.9628310705309518
359.49999999999204 0.9633567963369907
359.59999999999206 0.9638773127157761
359.6999999999921 0.9643926394551195
359.79999999999205 0.9649027966471052
359.899999999992 0.965407804684876
359.99999999999204 0.9659076842593628
360.09999999999206 0.9664024563559628
360.19999999999203 0.9668921422511667
360.299999999992 0.9673767635091338
360.399999999992 0.9678563419782148
360.49999999999204 0.9683308997874268
360.599999999992 0.9688004593428773
360.699999999992 0.9692650433241417
360.799999999992 0.9697246746805905
360.899999999992 0.9701793766276706
360.999999999992 0.9706291726431409
361.09999999999195 0.9710740864632615
361.199999999992 0.9715141420789398
361.299999999992 0.9719493637318304
361.39999999999196 0.9723797759103937
361.4999999999919 0.9728054033459137
361.59999999999195 0.9732262710084721
361.699999999992 0.9736424041028834
361.79999999999194 0.9740538280645905
361.8999999999919 0.974460568555524
361.9999999999919 0.9748626514599206
362.09999999999195 0.9752601028801068
362.1999999999919 0.9756529491322484
362.2999999999919 0.9760412167420645
362.3999999999919 0.9764249324405068
362.4999999999919 0.9768041231594095
362.5999999999919 0.9771788160271045
362.69999999999186 0.977549038364011
362.7999999999919 0.9779148176781903
362.8999999999919 0.9782761816608769
362.99999999999187 0.9786331581819807
363.09999999999184 0.9789857752855642
363.19999999999186 0.9793340611852943
363.2999999999919 0.9796780442598709
363.39999999999185 0.9800177530484322
363.4999999999918 0.9803532162459407
363.59999999999184 0.9806844626985476
363.69999999999186 0.9810115213989371
363.7999999999918 0.9813344214816557
363.8999999999918 0.9816531922184236
363.9999999999918 0.9819678630134303
364.09999999999184 0.9822784633986159
364.1999999999918 0.9825850230289409
364.29999999999177 0.9828875716776433
364.3999999999918 0.9831861392314848
364.4999999999918 0.9834807556859889
364.5999999999918 0.9837714511406699
364.69999999999175 0.9840582557942561
364.79999999999177 0.9843411999399073
364.8999999999918 0.9846203139604267
364.99999999999176 0.9848956283234724
365.0999999999917 0.985167173576765
365.19999999999175 0.985434980343296
365.29999999999177 0.9856990793165363
365.39999999999173 0.985959501255647
365.4999999999917 0.9862162769806943
365.5999999999917 0.9864694373678683
365.69999999999175 0.9867190133447076
365.7999999999917 0.9869650358853314
365.8999999999917 0.9872075360056809
365.9999999999917 0.9874465447587695
366.0999999999917 0.9876820932299432
366.1999999999917 0.9879142125321557
366.29999999999166 0.9881429338012552
366.3999999999917 0.9883682881912863
366.4999999999917 0.9885903068698089
366.59999999999167 0.9888090210132328
366.69999999999163 0.989024461802173
366.79999999999166 0.9892366604168233
366.8999999999917 0.9894456480323511
366.99999999999164 0.989651455814315
367.0999999999916 0.9898541149141061
367.19999999999163 0.9900536564644135
367.29999999999166 0.9902501115747153
367.3999999999916 0.9904435113267982
367.4999999999916 0.9906338867703046
367.5999999999916 0.9908212689183087
367.69999999999163 0.9910056887429243
367.7999999999916 0.9911871771709432
367.89999999999156 0.9913657650795085
367.9999999999916 0.9915414832918201
368.0999999999916 0.9917143625728762
368.1999999999916 0.991884433625251
368.29999999999154 0.9920517270849106
368.39999999999156 0.9922162735170665
368.4999999999916 0.9923781034120686
368.59999999999155 0.992537247181339
368.6999999999915 0.9926937351533489
368.79999999999154 0.992847597569636
368.89999999999156 0.9929988645808664
368.99999999999153 0.9931475662429413
369.0999999999915 0.99329373251315
369.1999999999915 0.9934373932463685
369.29999999999154 0.993578578191305
369.3999999999915 0.993717316986796
369.4999999999915 0.9938536391581501
369.5999999999915 0.9939875741135414
369.6999999999915 0.9941191511404563
369.7999999999915 0.9942483994021895
369.89999999999145 0.9943753479343943
369.9999999999915 0.9945000256416865
370.0999999999915 0.994622461294301
370.19999999999146 0.9947426835248051
370.2999999999914 0.9948607208248663
370.39999999999145 0.9949766015420776
370.4999999999915 0.9950903538768381
370.59999999999144 0.9952020058792935
370.6999999999914 0.9953115854463337
370.7999999999914 0.9954191203186491
370.89999999999145 0.9955246380778472
370.9999999999914 0.9956281661436289
371.0999999999914 0.995729731771026
371.1999999999914 0.9958293620476985
371.2999999999914 0.9959270838912953
371.3999999999914 0.996022924046875
371.49999999999136 0.9961169090843914
371.5999999999914 0.9962090653962403
371.6999999999914 0.9962994191948695
371.79999999999137 0.9963879965104535
371.89999999999134 0.996474823188632
371.99999999999136 0.9965599248883115
372.0999999999914 0.9966433270795325
372.19999999999135 0.9967250550414017
372.2999999999913 0.9968051338600882
372.39999999999134 0.9968835884268854
372.49999999999136 0.9969604434363385
372.5999999999913 0.9970357233844369
372.6999999999913 0.9971094525668731
372.7999999999913 0.9971816550773666
372.89999999999134 0.9972523548060528
372.9999999999913 0.99732157543794
373.09999999999127 0.9973893404514298
373.1999999999913 0.9974556731169048
373.2999999999913 0.9975205964953804
373.3999999999913 0.9975841334372247
373.49999999999125 0.9976463065809417
373.59999999999127 0.9977071383520205
373.6999999999913 0.9977666509618507
373.79999999999126 0.9978248664067015
373.8999999999912 0.9978818064667666
373.99999999999125 0.9979374927052733
374.09999999999127 0.9979919464676565
374.19999999999123 0.9980451888807957
374.2999999999912 0.9980972408523172
374.3999999999912 0.9981481230699586
374.49999999999125 0.9981978560009969
374.5999999999912 0.9982464598917393
374.6999999999912 0.9982939547670768
374.7999999999912 0.9983403604300979
374.8999999999912 0.9983856964617662
374.9999999999912 0.9984299822206568
375.09999999999116 0.998473236842755
375.1999999999912 0.9985154792413129
375.2999999999912 0.9985567281067675
375.39999999999117 0.9985970019067161
375.49999999999113 0.9986363188859504
375.59999999999116 0.9986746970665485
375.6999999999912 0.9987121542480241
375.79999999999114 0.9987487080075307
375.8999999999911 0.9987843757001235
375.99999999999113 0.9988191744590744
376.09999999999116 0.9988531211962434
376.1999999999911 0.998886232602501
376.2999999999911 0.9989185251482059
376.3999999999911 0.9989500150837335
376.49999999999113 0.998980718440056
376.5999999999911 0.9990106510293727
376.69999999999106 0.9990398284457913
376.7999999999911 0.9990682660660561
376.8999999999911 0.9990959790503264
376.9999999999911 0.9991229823430005
377.09999999999104 0.9991492906735869
377.19999999999106 0.9991749185576215
377.2999999999911 0.9991998802976279
377.39999999999105 0.9992241899841224
377.499999999991 0.9992478614966628
377.59999999999104 0.9992709085049368
377.69999999999106 0.9992933444698936
377.79999999999103 0.9993151826449143
377.899999999991 0.9993364360770213
377.999999999991 0.9993571176081272
378.09999999999104 0.9993772398763191
378.199999999991 0.9993968153171807
378.299999999991 0.9994158561651484
378.399999999991 0.9994343744549028
378.499999999991 0.9994523820227921
378.599999999991 0.9994698905082896
378.69999999999095 0.9994869113554811
378.799999999991 0.9995034558145824
378.899999999991 0.9995195349434883
378.99999999999096 0.9995351596093467
379.0999999999909 0.9995503404901629
379.19999999999095 0.9995650880764285
379.299999999991 0.9995794126727761
379.39999999999094 0.9995933243996584
379.4999999999909 0.9996068331950506
379.5999999999909 0.9996199488161749
379.69999999999095 0.9996326808412465
379.7999999999909 0.9996450386712398
379.8999999999909 0.9996570315316738
379.9999999999909 0.9996686684744164
380.0999999999909 0.999679958379505
380.1999999999909 0.9996909099569846
380.29999999999086 0.9997015317487605
380.3999999999909 0.9997118321304658
380.4999999999909 0.9997218193133419
380.59999999999087 0.9997315013461323
380.69999999999084 0.9997408861169872
380.79999999999086 0.9997499813553787
380.8999999999909 0.9997587946340268
380.99999999999085 0.9997673333708322
381.0999999999908 0.9997756048308188
381.19999999999084 0.9997836161280822
381.29999999999086 0.9997913742277442
381.3999999999908 0.9997988859479127
381.4999999999908 0.9998061579616458
381.5999999999908 0.9998131967989198
381.69999999999084 0.9998200088485985
381.7999999999908 0.9998266003604054
381.89999999999077 0.9998329774468966
381.9999999999908 0.9998391460854332
382.0999999999908 0.9998451121201536
382.1999999999908 0.999850881263944
382.29999999999075 0.9998564591004065
382.39999999999077 0.9998618510858248
382.4999999999908 0.9998670625511253
382.59999999999076 0.9998720987038339
382.6999999999907 0.9998769646300278
382.79999999999075 0.9998816652962818
382.89999999999077 0.9998862055516063
382.99999999999073 0.9998905901293804
383.0999999999907 0.999894823649275
383.1999999999907 0.999898910619168
383.29999999999075 0.9999028554370513
383.3999999999907 0.999906662392926
383.4999999999907 0.999910335670689
383.5999999999907 0.9999138793500076
383.6999999999907 0.9999172974081829
383.7999999999907 0.9999205937220011
383.89999999999065 0.999923772069572
383.9999999999907 0.9999268361321548
384.0999999999907 0.9999297894959698
384.19999999999067 0.9999326356539965
384.29999999999063 0.9999353780077567
384.39999999999065 0.9999380198690828
384.4999999999907 0.999940564461871
384.59999999999064 0.9999430149238182
