#! FIELDS time phi psi ves.bias ves.force2
#! SET min_phi -pi
#! SET max_phi pi
#! SET min_psi -pi
#! SET max_psi pi
 0.000000 -1.498385 0.273949 27.215882 148.921278
 0.200000 -0.904817 0.719244 16.579644 1721.052514
 0.400000 -0.845469 1.464738 14.035095 1940.911619
 0.600000 -0.671944 1.805262 6.653913 1329.713793
 0.800000 -0.752870 2.371042 9.924804 1888.727117
 1.000000 -0.933221 2.189194 17.736767 1598.546187
 1.200000 -0.560646 1.550604 3.443290 659.361437
 1.400000 -0.848557 1.555411 14.696980 1628.638751
 1.600000 -1.008935 1.259281 20.719792 1254.018271
 1.800000 -1.019479 0.548861 21.091405 1229.991458
 2.000000 -0.853121 0.005237 14.880719 1611.547021
 2.200000 -0.265258 -0.425467 -0.023848 0.339212
 2.400000 -0.460966 -0.279613 1.555755 202.517358
 2.600000 -1.486587 0.487506 27.286203 144.286474
 2.800000 -1.309501 1.513258 27.735213 49.860353
 3.000000 -0.466303 2.023173 1.633088 217.579932
 3.200000 -0.541029 2.289459 3.149618 589.041113
 3.400000 -1.075353 1.838563 23.317422 964.511287
 3.600000 -0.470014 0.676776 1.757775 238.197805
 3.800000 -1.118368 -0.184175 24.562617 714.487222
 4.000000 -0.462819 -0.646654 1.649289 216.988628
 4.200000 0.859520 -0.687440 -0.000000 0.000000
