#! FIELDS time phi psi ves.bias ves.force2
#! SET min_phi -pi
#! SET max_phi pi
#! SET min_psi -pi
#! SET max_psi pi
 0.000000 -1.498385 0.273949 27.215882 148.921278
 0.200000 -1.563891 0.619658 26.274918 256.968824
 0.400000 -1.123259 0.972310 24.328866 806.080337
 0.600000 -0.573888 1.282738 3.685504 574.534763
 0.800000 -0.880586 1.969300 15.559663 1821.553689
 1.000000 -0.725388 2.002750 8.752719 1740.334551
 1.200000 -0.589063 2.334926 4.218114 700.678530
 1.400000 -0.854959 1.996168 14.692241 1986.506066
 1.600000 -0.805666 1.748114 12.463257 2070.226936
 1.800000 -1.253504 1.960567 27.104108 191.532349
 2.000000 -0.832233 1.750354 13.670563 2049.650011
 2.200000 -0.650211 2.236656 6.251318 1229.284430
 2.400000 -0.879222 2.302752 15.982161 1794.405430
 2.600000 -0.570165 2.102391 3.831277 648.539889
 2.800000 -0.809888 1.899411 12.936467 2023.967280
 3.000000 -0.931258 1.475190 18.105006 1534.674403
 3.200000 -1.254314 1.088262 27.070265 160.385406
 3.400000 -1.257796 0.513326 27.113724 151.253413
 3.600000 -0.613912 0.600450 5.247546 1011.212041
 3.800000 -1.352038 0.991162 27.832872 10.210767
 4.000000 -1.212282 1.099301 26.443363 295.511664
 4.200000 -0.686169 0.968400 8.002570 1674.028847
 4.400000 -1.326964 1.306670 27.819845 29.368951
 4.600000 -1.392925 0.899588 27.972502 0.664514
 4.800000 -0.727849 0.431165 9.775982 1925.932553
 5.000000 -0.868958 0.253085 15.955881 1672.756404
 5.200000 -0.717007 -0.240319 9.459442 1976.409922
 5.400000 -0.610470 -0.268342 5.253317 1095.669853
 5.600000 -0.834623 0.055441 14.728374 1810.600362
 5.800000 -0.583299 0.352455 4.403213 869.317104
 6.000000 -1.500787 0.807568 27.357955 142.933890
 6.200000 -1.397968 1.264805 28.123471 3.997428
 6.400000 -1.002271 1.066327 20.952130 1062.928796
 6.600000 -1.432070 1.127072 27.995155 30.638271
 6.800000 -1.161067 0.509509 25.618759 566.427477
 7.000000 -0.485923 -0.067675 2.120472 375.886986
 7.200000 -0.553283 -0.306739 3.723853 766.289928
 7.400000 -0.692568 -0.344999 8.772320 1890.580800
 7.600000 -0.775417 0.003364 12.483050 1993.377493
 7.800000 -0.767116 0.149228 12.111292 2017.248699
 8.000000 -1.171946 0.686865 25.932716 515.944554
 8.200000 -1.050403 1.581545 22.587167 985.148567
 8.400000 -0.665342 1.498592 7.805276 1719.045163
 8.600000 -0.726942 1.980447 10.485108 2008.448297
 8.800000 -0.914868 2.481194 18.162151 1198.725546
 9.000000 -0.733118 2.316572 10.762187 2015.745647
 9.200000 -0.740737 1.642733 11.297586 1996.990867
 9.400000 -1.215954 1.044444 26.960642 310.829238
 9.600000 -1.684773 0.592785 24.197706 282.271588
 9.800000 -1.684301 0.635542 24.205642 283.250837
 10.000000 -1.236049 1.209361 27.290090 229.930333
 10.200000 -0.964922 1.706305 19.982407 1026.302261
 10.400000 -0.579546 2.100244 4.907811 1132.214479
 10.600000 -0.848498 2.385073 15.982125 1452.333778
 10.800000 -0.630703 2.169239 6.768741 1519.633819
 11.000000 -0.366328 1.775549 0.266723 118.022945
 11.200000 -0.831696 1.587603 15.481506 1497.686614
 11.400000 -1.341352 1.412709 28.314298 11.447887
 11.600000 -1.382657 0.578306 28.369938 0.495907
 11.800000 -0.745802 0.199508 11.897658 1927.321705
 12.000000 -0.472467 -0.166572 1.961412 511.693552
 12.200000 -0.801741 -0.546497 14.447059 1644.925806
 12.400000 -0.662568 -0.347499 8.455924 1789.809599
 12.600000 -0.497811 0.071572 2.632251 716.511527
 12.800000 -1.399662 0.818389 28.363712 7.289038
 13.000000 -1.611228 1.254556 25.611198 403.216231
 13.200000 -0.890577 1.235497 17.823704 1080.689970
 13.400000 -1.668862 1.269857 24.470282 366.277338
 13.600000 -1.577757 0.641296 26.291994 375.340139
 13.800000 -1.258503 0.937697 27.800166 144.888996
 14.000000 -0.735454 1.334934 11.803234 1895.486425
 14.200000 -1.216802 1.808066 27.231817 312.914846
 14.400000 -0.523746 1.779642 3.554112 999.217437
 14.600000 -0.643495 2.143813 7.996426 1727.958552
 14.800000 -0.671406 2.151445 9.175882 1836.624725
 15.000000 -0.982402 2.164896 20.733573 912.467172
 15.200000 -0.687722 1.811659 10.055895 1866.623861
 15.400000 -0.808035 1.767984 15.098592 1488.065861
 15.600000 -0.590528 2.058666 6.034320 1491.081715
 15.800000 -0.912094 2.105455 18.674671 953.606434
 16.000000 -0.521966 2.259640 3.584960 1051.977449
 16.200000 -0.463839 1.777428 1.931453 676.487436
 16.400000 -0.945212 1.718577 19.769789 883.259330
 16.600000 -1.557126 1.298734 26.740403 336.657817
 16.800000 -1.642973 0.356990 25.008460 428.099223
 17.000000 -1.781736 0.458670 22.685735 123.127498
 17.200000 -1.853791 1.018763 22.080771 23.459506
 17.400000 -1.079664 1.511678 23.868924 911.648730
 17.600000 -0.919756 1.711091 19.096673 901.884559
 17.800000 -1.192988 2.357821 26.885764 433.844745
 18.000000 -0.585027 2.491192 6.117581 1573.864629
 18.200000 -0.758104 1.964102 13.518569 1655.349875
 18.400000 -0.881776 1.605957 18.018024 1010.222333
 18.600000 -0.926046 1.261159 19.372475 879.686608
 18.800000 -1.443442 0.648096 28.276633 52.710785
 19.000000 -1.562604 0.749653 26.708202 344.812832
 19.200000 -1.214500 1.221947 27.352466 314.070534
 19.400000 -0.864964 1.540359 17.573505 1073.255584
 19.600000 -1.163684 1.509624 26.284433 579.869598
 19.800000 -1.622712 1.261625 25.537058 443.177157
 20.000000 -1.515532 0.615304 27.515551 206.361968
 20.200000 -0.685137 0.352676 10.740734 1808.923471
 20.400000 -1.083604 0.289702 24.160346 852.218485
 20.600000 -1.828904 0.964226 22.155525 64.621397
 20.800000 -1.765679 1.534744 22.861397 203.328610
 21.000000 -0.590867 1.624276 6.726228 1751.817293
 21.200000 -1.072050 2.076643 23.893420 851.987389
 21.400000 -0.709159 2.317318 11.875139 1752.316114
 21.600000 -1.754231 2.236709 23.049683 247.551713
 21.800000 -2.462046 2.448110 24.934019 0.957088
 22.000000 3.112764 2.847011 8.714789 2881.697734
 22.200000 -2.997199 -3.088454 17.076721 1448.097145
 22.400000 -2.679411 2.656868 24.119545 67.612953
 22.600000 -2.004574 2.818228 21.905212 14.865127
 22.800000 -1.835968 2.510568 22.075502 63.122321
 23.000000 -2.304517 2.477904 23.996627 84.777275
 23.200000 -2.641639 2.988949 24.347147 35.675399
 23.400000 3.013241 3.013889 3.837237 1602.640878
 23.600000 -2.964533 2.705561 18.213597 1147.535134
 23.800000 -2.722291 2.514856 23.660696 134.491915
 24.000000 3.140563 2.633739 10.135137 2910.565647
 24.200000 -2.894437 3.105511 20.297415 720.511627
 24.400000 -2.707959 2.922359 23.801253 108.399750
 24.600000 -2.230384 2.435323 23.249176 80.105888
 24.800000 -1.874021 2.382129 21.829036 19.579343
 25.000000 -2.332489 2.437993 24.193057 72.247311
 25.200000 3.069650 3.003890 6.368271 2468.953301
 25.400000 -3.035924 3.062254 15.397418 1900.445177
 25.600000 -2.851276 2.522174 21.357288 539.991462
 25.800000 -2.893265 2.788310 20.308470 715.448850
 26.000000 2.939657 -3.121678 1.421898 604.656741
 26.200000 -2.995971 2.781786 17.024307 1453.316377
 26.400000 -2.435684 2.597353 24.739689 5.416612
 26.600000 -2.226409 2.578462 23.162150 83.144179
 26.800000 -2.266309 2.541620 23.540467 94.317565
 27.000000 -2.511555 2.624772 24.756978 2.266608
 27.200000 -3.079779 2.785964 13.338702 2432.267676
 27.400000 2.951702 2.956895 1.693859 765.540312
 27.600000 -2.515212 2.724284 24.733055 2.736961
 27.800000 -2.171944 2.288247 22.698144 55.974514
 28.000000 -1.861714 2.632634 21.860940 34.099107
 28.200000 -2.295348 2.739364 23.807797 91.618852
 28.400000 2.939213 2.663182 1.346339 643.785051
 28.600000 -2.998137 3.033685 16.931804 1482.071074
 28.800000 -3.114376 2.932359 11.573037 2736.479509
 29.000000 -2.767680 2.752219 22.990063 250.387360
 29.200000 -1.837872 2.706951 22.013743 72.103543
 29.400000 -2.020089 1.914174 21.856464 14.393918
 29.600000 -1.849475 1.962828 21.922611 52.163938
 29.800000 -1.797102 2.353198 22.452896 170.300294
 30.000000 -2.510666 2.767667 24.725732 2.137759
 30.200000 3.035817 2.892541 4.794576 2021.895416
 30.400000 2.998625 2.849356 3.242490 1465.975076
 30.600000 -2.791456 2.618974 22.578434 324.104975
 30.800000 -2.485708 2.773310 24.743705 0.305375
 31.000000 -2.682092 2.722960 24.002631 68.537343
 31.200000 -3.117281 2.662439 11.460929 2717.248610
 31.400000 -3.133982 3.132925 10.583492 2795.679264
 31.600000 -2.784050 2.926947 22.713703 303.396283
 31.800000 -2.457892 2.467050 24.737976 0.683346
 32.000000 -1.751710 2.707630 23.178754 317.569680
 32.200000 -2.231179 2.547945 23.147868 87.869099
 32.400000 -2.895793 2.693635 20.234581 725.207871
 32.600000 -3.008660 -2.995088 16.536989 1567.939141
 32.800000 3.120358 2.671779 9.092420 2801.404281
 33.000000 -2.377617 2.694721 24.465388 37.121058
 33.200000 -1.927620 2.678796 21.675831 0.000145
 33.400000 -2.117646 2.426977 22.311697 27.754552
 33.600000 -2.277449 2.704804 23.592329 101.563522
 33.800000 -2.391481 3.062707 24.541616 26.921726
 34.000000 -3.060589 2.738227 14.320771 2140.613874
 34.200000 -3.058712 2.934568 14.425337 2102.191956
 34.400000 2.977605 3.112452 2.526856 1286.032675
 34.600000 3.090382 2.597449 7.603255 2665.000593
 34.800000 -2.405549 2.893312 24.608257 17.463569
 35.000000 -2.178998 2.654416 22.705047 53.960612
 35.200000 -2.088295 2.345696 22.194121 20.892448
 35.400000 -2.020465 2.662073 21.912201 14.084575
 35.600000 -2.106362 2.788031 22.279535 24.022307
 35.800000 -2.627094 2.607167 24.401216 19.488994
 36.000000 -3.105069 2.753897 12.221870 2538.208508
 36.200000 3.128268 -3.056376 9.685934 2759.824905
 36.400000 -3.096368 2.625131 12.693744 2440.839295
 36.600000 3.071585 2.854170 6.742410 2544.667023
 36.800000 3.063334 2.981330 6.329121 2470.866601
 37.000000 -3.137816 2.675280 10.581563 2717.835415
 37.200000 -3.099394 2.715526 12.606494 2421.080416
 37.400000 -2.917410 3.063663 19.651895 834.815380
 37.600000 -2.869700 2.830225 20.939301 631.948247
 37.800000 -2.452186 2.850319 24.731107 1.145992
 38.000000 -2.298836 2.638649 23.830390 92.584499
 38.200000 -2.170646 2.727008 22.725034 45.332900
 38.400000 -2.211902 2.545646 23.034530 68.361732
 38.600000 -2.296624 2.789212 23.819353 90.792024
 38.800000 -2.715863 2.815913 23.789283 119.610974
 39.000000 3.123517 2.822742 9.601057 2739.752090
 39.200000 -3.003492 2.814735 16.852754 1378.448726
 39.400000 -3.015550 2.714170 16.396454 1487.559792
 39.600000 3.136730 2.784624 10.365564 2685.991085
 39.800000 -2.864935 -3.104829 21.068102 618.567929
 40.000000 -2.956352 2.521932 18.480009 1029.888318
 40.200000 -3.115472 2.612907 12.026340 2464.046440
 40.400000 3.017880 3.054536 4.401074 2145.561597
 40.600000 3.075798 2.898648 7.268452 2684.216772
 40.800000 -2.899660 2.501954 20.175346 743.382555
 41.000000 -2.358323 3.080863 24.371171 46.028590
 41.200000 -2.471689 2.556275 24.739311 0.000570
 41.400000 -2.552404 2.497276 24.647133 3.767317
 41.600000 -2.508756 -3.096759 24.716196 1.349415
 41.800000 2.974891 2.677492 2.583082 1590.479537
 42.000000 -3.128835 2.747776 11.454121 2549.153031
 42.200000 -2.944496 -3.129215 18.926110 917.518071
 42.400000 3.128968 2.626666 10.250231 2699.451189
 42.600000 -2.679812 3.012259 24.160848 54.762656
 42.800000 -2.702156 2.713468 23.973276 89.024004
 43.000000 -3.107309 2.741368 12.609409 2325.437411
 43.200000 -2.876632 2.958989 20.843658 652.380081
 43.400000 -3.075093 2.622529 14.183105 1947.110791
 43.600000 -2.854632 3.005185 21.389103 577.161535
 43.800000 -3.137697 2.805857 11.199317 2575.034825
 44.000000 -3.054811 2.992013 15.052672 1731.676744
 44.200000 -2.933699 2.804451 19.322106 849.958525
 44.400000 -2.851763 2.819708 21.491608 563.972016
 44.600000 -2.955550 2.974775 18.667804 946.537658
 44.800000 3.128985 2.974307 10.459584 2696.646314
 45.000000 3.048050 2.845064 6.175292 2714.191056
 45.200000 -3.000850 2.815711 17.258102 1200.775869
 45.400000 -2.774084 2.927663 23.110361 272.318080
 45.600000 -3.098628 2.748541 13.312169 2151.067587
 45.800000 -3.044922 3.032266 15.623596 1573.993322
 46.000000 -3.103583 2.914564 13.080915 2206.123728
 46.200000 -2.919980 2.896902 19.838426 776.919498
 46.400000 -2.645241 2.735540 24.401964 20.186849
 46.600000 -2.663510 2.751006 24.310111 31.422803
 46.800000 -2.725370 2.737201 23.806330 122.203765
 47.000000 -2.701147 2.956249 24.044613 75.025600
 47.200000 -2.940633 2.720040 19.318030 843.012088
 47.400000 3.003839 2.879759 4.122235 2451.167653
 47.600000 -2.989470 3.015417 17.807821 1090.080526
 47.800000 3.124867 2.792269 10.571100 2754.118214
 48.000000 -3.007560 2.852953 17.194424 1213.288083
 48.200000 -2.736081 3.073165 23.740269 142.386172
 48.400000 -3.015984 2.522727 17.001714 1256.633000
 48.600000 -2.809174 3.009180 22.590955 374.506391
 48.800000 -2.693302 2.862863 24.159213 60.444936
 49.000000 -3.019171 2.637271 16.888169 1282.380637
 49.200000 -2.656016 3.105932 24.423219 23.286801
 49.400000 -2.931200 2.717063 19.748297 768.567635
 49.600000 -2.643216 2.787562 24.480175 16.762087
 49.800000 -2.628591 2.996643 24.534840 11.610843
 50.000000 -3.067556 2.362894 15.128882 1748.130206
 50.200000 -2.558520 3.084328 24.726934 2.344054
 50.400000 -2.295035 2.894463 23.968167 74.546351
 50.600000 -1.974001 2.343181 21.707941 17.181238
 50.800000 -1.943090 2.292504 21.607137 5.108484
 51.000000 -1.803659 2.733417 22.241543 151.075742
 51.200000 -2.986751 2.714956 18.293871 1003.147635
 51.400000 -2.935335 -3.017923 19.805746 751.140422
 51.600000 -3.068116 2.796992 15.326008 1755.991235
 51.800000 -3.132594 2.559429 12.327261 2589.636257
 52.000000 -2.629292 3.080345 24.609768 9.296766
 52.200000 -2.817681 2.612025 22.647621 379.390528
 52.400000 -2.627878 2.819580 24.653070 7.883362
 52.600000 -2.693250 2.751165 24.336323 54.526982
 52.800000 -2.592061 2.926138 24.729305 2.517660
 53.000000 -2.640283 2.675894 24.614447 11.821417
 53.200000 -2.704015 2.660493 24.313561 70.072018
 53.400000 -2.569083 3.024386 24.796180 0.676201
 53.600000 -2.986803 2.512351 18.488039 977.087542
 53.800000 -2.568656 2.974074 24.796529 0.665712
 54.000000 -2.529037 2.730457 24.819301 0.129353
 54.200000 -2.433384 2.673286 24.768549 5.779534
 54.400000 -2.312265 2.650320 24.123454 62.799345
 54.600000 -2.128505 2.761736 22.637758 50.633473
 54.800000 -2.293540 2.434962 23.970723 69.830261
 55.000000 -2.058717 2.945856 22.155775 44.978830
 55.200000 -2.421706 2.426005 24.751610 9.605408
 55.400000 -2.293598 2.549516 23.982993 68.858513
 55.600000 -2.281366 2.949788 23.880292 71.919194
 55.800000 -2.499317 2.628577 24.886185 0.552607
 56.000000 -2.271350 2.856391 23.794853 73.495740
 56.200000 -2.328834 2.684337 24.284443 54.606614
 56.400000 -2.112734 2.757080 22.533782 53.709709
 56.600000 -2.437557 2.610243 24.829127 6.666769
 56.800000 -2.267883 3.001973 23.786485 74.701402
 57.000000 -2.835684 2.581805 22.522903 417.298508
 57.200000 -2.535724 3.044590 25.004001 0.327301
 57.400000 -2.758263 2.833338 23.933737 203.221229
 57.600000 -2.617690 2.788716 24.978170 3.050638
 57.800000 -2.457996 2.806241 24.912949 3.984909
 58.000000 -2.439526 2.784516 24.870620 6.805158
 58.200000 -2.447014 2.723513 24.925879 6.057650
 58.400000 -2.653134 2.739273 24.946430 16.283467
 58.600000 -2.440201 2.929488 24.908344 7.234850
 58.800000 -2.600755 2.446570 25.064858 0.677601
 59.000000 -1.889923 2.825034 21.457566 5.275784
 59.200000 -1.920955 2.621899 21.419371 0.938339
 59.400000 -1.879718 2.290181 21.466778 11.527646
 59.600000 -1.875239 2.477589 21.483134 15.273248
 59.800000 -2.025164 2.945800 21.907539 50.411195
 60.000000 -2.845245 2.637698 22.484611 435.020804
 60.200000 -2.873652 3.026926 21.924045 490.744716
 60.400000 -3.107056 2.791163 14.330777 2389.630234
 60.600000 -2.968271 2.838669 19.577828 802.143840
 60.800000 -2.468372 3.010113 25.070087 5.072732
 61.000000 -2.035133 2.404589 21.990218 54.710577
 61.200000 -1.971041 2.179901 21.580432 26.418206
 61.400000 -1.857262 2.534773 21.548819 32.897372
 61.600000 -2.767623 2.699312 24.023174 244.031268
 61.800000 3.038001 3.046562 6.521802 3595.673073
 62.000000 2.999482 2.740212 4.273049 3156.537651
 62.200000 -2.619379 2.649779 25.318960 2.744689
 62.400000 -1.999770 2.854746 21.758307 44.393221
 62.600000 -2.021173 2.438090 21.908588 53.747675
 62.800000 -2.147256 2.208217 22.912631 68.054514
 63.000000 -1.962502 2.722423 21.542813 22.367688
 63.200000 -2.133323 2.862186 22.822458 67.743181
 63.400000 -2.642838 2.425514 25.322019 11.759647
 63.600000 -2.240074 3.000059 23.741722 80.616414
 63.800000 -2.865921 2.881019 22.251069 466.435961
 64.000000 -2.879224 2.697764 21.959998 491.265210
 64.200000 -2.839211 2.940100 22.862761 415.519887
 64.400000 -2.757813 2.791545 24.326777 223.830745
 64.600000 -2.401057 2.720946 24.997038 24.437787
 64.800000 -1.891019 2.707789 21.418407 2.024194
 65.000000 -1.963007 2.423991 21.568436 25.308383
 65.200000 -2.030770 2.451247 22.043007 60.522023
 65.400000 -2.190900 2.943045 23.359758 75.410690
 65.600000 -2.524338 2.737662 25.441897 4.217306
 65.800000 -2.699238 2.712210 25.092495 82.744506
 66.000000 -2.883384 2.876440 21.974145 495.056217
 66.200000 3.106268 2.794930 10.842610 3492.284428
 66.400000 3.108461 3.027357 10.971998 3466.415312
 66.600000 3.037628 2.853019 6.651305 3774.262303
 66.800000 3.020319 2.820611 5.596141 3643.078909
 67.000000 -2.730714 2.870381 24.810445 156.029971
 67.200000 -2.872177 2.609077 22.326266 473.866330
 67.400000 -2.420663 2.929134 25.214083 20.620295
 67.600000 -2.439799 2.627188 25.295153 15.590989
 67.800000 -2.427317 2.685297 25.243567 18.695103
 68.000000 -2.316635 2.853071 24.540955 68.559042
 68.200000 -2.919510 2.584523 21.296846 585.575086
 68.400000 -2.698891 2.894448 25.272210 84.923037
 68.600000 -2.918778 2.900033 21.314540 583.361032
 68.800000 -2.719706 2.590927 25.057328 130.472629
 69.000000 -2.396703 2.883539 25.140647 31.169971
 69.200000 -2.329421 2.639134 24.713740 67.228552
 69.400000 -2.182853 2.376426 23.403774 73.900307
 69.600000 -1.579152 2.741432 25.796115 268.753596
 69.800000 -2.422373 2.368493 25.322424 23.266704
 70.000000 -2.886657 2.875667 22.124904 507.175481
 70.200000 3.059697 2.810992 8.164297 3904.944158
 70.400000 2.999633 2.747138 4.454584 3540.238492
 70.600000 -2.507296 2.875853 25.692840 7.785926
 70.800000 -2.338501 2.716231 24.827425 64.523961
 71.000000 -2.138669 2.602235 23.060823 69.281678
 71.200000 -1.993803 2.831494 21.873480 58.260038
 71.400000 -2.311655 2.592724 24.640324 77.997024
 71.600000 -2.810235 2.646702 23.837575 354.730142
 71.800000 -3.077174 2.897114 16.274405 1966.279957
 72.000000 -3.132938 3.051411 13.543113 2859.502504
 72.200000 -2.503211 2.734276 25.797212 9.009549
 72.400000 -2.266362 2.588381 24.263308 88.648275
 72.600000 -2.353137 2.675039 25.028390 59.688168
 72.800000 -2.459383 2.844406 25.643851 16.256507
 73.000000 2.974151 2.575076 3.017321 3144.365694
 73.200000 -2.654646 -3.028540 25.870469 23.220002
 73.400000 -2.431913 2.461982 25.579633 24.430729
 73.600000 -2.020122 2.112750 22.119182 72.526475
 73.800000 -1.148050 2.382570 24.954654 485.468564
 74.000000 -0.827666 2.299270 15.940637 1166.695681
 74.200000 -1.617270 1.332676 24.982915 333.670468
 74.400000 -1.416415 0.390511 27.200696 8.970645
 74.600000 -0.845044 -0.254209 16.492301 1112.095150
 74.800000 -0.963213 0.046451 20.095660 791.045697
 75.000000 -1.017286 0.192365 21.587916 739.653882
 75.200000 -1.603698 1.229311 25.200323 310.417255
 75.400000 -1.530782 1.972964 26.309297 153.446325
 75.600000 -0.722819 2.435287 12.084080 1447.510939
 75.800000 -0.692292 2.152279 10.900137 1568.825133
 76.000000 -0.826329 1.868167 15.828741 1172.606961
 76.200000 -1.046728 1.737359 22.316478 714.573642
 76.400000 -1.613718 1.900454 24.998894 327.416541
 76.600000 -2.211076 2.268178 23.873760 89.403187
 76.800000 -2.265706 3.084795 24.404821 97.374561
 77.000000 -3.064256 2.893671 17.001820 1800.906785
 77.200000 -2.927468 2.767158 21.583173 668.515784
 77.400000 -2.519993 3.137793 26.130959 6.524264
 77.600000 -2.253565 2.464673 24.317225 98.672801
 77.800000 -1.836320 2.298333 21.551640 34.884376
 78.000000 -1.510091 2.336344 26.503809 111.723289
 78.200000 -2.162975 2.481821 23.486879 82.153617
 78.400000 -3.009221 2.836023 19.176598 1202.121783
 78.600000 -2.839912 -3.089336 23.637306 412.129454
 78.800000 -2.929287 2.423524 21.579906 682.056745
 79.000000 -2.313029 2.722013 24.939358 90.810181
 79.200000 -1.812948 2.718207 21.704930 73.128172
 79.400000 -1.981067 2.169912 21.861900 65.205881
 79.600000 -2.424604 2.577867 25.846202 31.870593
 79.800000 -2.539047 -3.031769 26.271246 3.644590
 80.000000 2.908864 2.430993 -0.025188 10.445804
 80.200000 3.055455 2.526270 8.208914 4055.539510
 80.400000 -2.008418 -3.065303 22.108895 82.074450
 80.600000 -2.113125 2.306374 23.087131 84.105397
 80.800000 -1.591244 1.647279 25.310590 289.966521
 81.000000 -1.039277 0.673535 21.990840 713.676837
 81.200000 -0.662281 -0.202560 9.508751 1743.130210
 81.400000 -0.855216 -0.586574 16.655485 1079.307082
 81.600000 -0.586218 -0.158878 6.084423 2325.004924
 81.800000 -1.771947 0.948732 22.133165 165.969329
 82.000000 -1.620808 1.845230 24.764767 339.542782
 82.200000 -1.728559 2.395753 22.767031 272.272881
 82.400000 -2.747448 2.808345 25.395907 182.193724
 82.600000 2.860404 2.957281 -0.000000 0.000000
 82.800000 3.055252 2.885247 8.247583 4074.967572
 83.000000 -2.929916 2.559467 21.736354 711.133807
 83.200000 -2.659959 2.864287 26.270574 32.920930
 83.400000 -2.585707 2.939760 26.486550 0.214853
 83.600000 -2.810117 2.410213 24.436322 328.208660
 83.800000 -2.781161 2.843942 24.931871 258.554818
 84.000000 -2.825189 2.841002 24.155702 365.445287
 84.200000 -2.863181 2.727455 23.428119 468.084733
 84.400000 -2.602897 2.905844 26.513778 2.291933
 84.600000 -2.546630 2.617312 26.511998 1.887720
 84.800000 -2.356242 2.467909 25.555777 77.767578
 85.000000 -2.110259 2.904260 23.143144 88.626739
 85.200000 -1.974429 2.528802 21.872002 68.163068
 85.400000 -1.713191 2.247332 22.994169 298.591323
 85.600000 -1.858191 2.415834 21.446568 5.846405
 85.800000 -2.659740 2.698039 26.356395 33.824581
 86.000000 3.056367 3.030437 8.402012 4088.604035
 86.200000 -3.053740 2.977884 17.686430 1730.634515
 86.400000 -2.704689 2.415294 26.049657 94.279967
 86.600000 -1.878696 2.769910 21.427016 0.009729
 86.800000 -1.966998 2.666304 21.822834 63.138099
 87.000000 -1.934189 2.469798 21.596565 32.454689
 87.200000 -1.936694 2.639816 21.623537 35.701320
 87.400000 -1.881860 2.527704 21.436021 0.299588
 87.600000 -2.217297 2.468061 24.234650 101.531838
 87.800000 -1.918473 2.938532 21.528724 19.272732
 88.000000 -2.046517 2.790198 22.580826 98.885806
 88.200000 -1.947946 2.181076 21.721814 47.800706
 88.400000 -1.843703 2.466866 21.511354 14.675364
 88.600000 -1.949939 2.793582 21.735727 49.702632
 88.800000 -3.055440 2.539050 17.655485 1762.328188
 89.000000 2.870108 2.922321 -0.000000 0.000000
 89.200000 -3.028380 3.044745 18.766257 1496.410132
 89.400000 -2.733113 2.557964 25.858179 146.642551
 89.600000 -2.135311 2.548674 23.491191 87.383844
 89.800000 -1.786055 2.680883 21.935109 110.512038
 90.000000 -2.747254 2.221907 25.678971 175.079160
 90.200000 -2.823165 2.824651 24.500861 352.731059
 90.400000 -2.822973 -3.073692 24.504476 352.212015
 90.600000 2.939380 2.458534 1.182190 2904.909398
 90.800000 -2.128655 2.813991 23.454684 86.219725
 91.000000 -1.313626 2.421982 26.658065 29.906329
 91.200000 -1.722362 1.584995 22.795742 257.917299
 91.400000 -1.407428 0.952912 26.822455 1.730242
 91.600000 -0.561120 0.129153 4.570402 2473.536153
 91.800000 -0.351260 -0.780631 -0.000000 0.000000
 92.000000 -0.546410 -0.500697 3.835864 2505.445959
 92.200000 -0.450383 0.231593 -0.001963 0.333013
 92.400000 -0.786816 0.588685 13.994921 1333.376014
 92.600000 -1.967219 0.844223 21.984085 70.046286
 92.800000 -1.732983 0.834441 22.629003 229.678443
 93.000000 -0.407501 0.881245 -0.000000 0.000000
 93.200000 -0.368272 1.287739 -0.000000 0.000000
 93.400000 -1.229384 1.951313 25.779327 189.148821
 93.600000 -0.927876 2.400789 18.608763 825.578271
 93.800000 -0.752014 2.240517 12.675494 1411.914851
 94.000000 -1.066722 1.736182 22.334303 667.495489
 94.200000 -0.858705 0.233549 16.455483 1091.479105
 94.400000 -0.711115 -0.629164 11.087761 1501.693517
 94.600000 -0.338933 -0.423806 -0.000000 0.000000
 94.800000 -0.779120 0.668362 13.655950 1357.589485
 95.000000 -1.675794 1.422096 23.581970 318.585057
 95.200000 -1.402376 1.102731 26.739423 0.613667
 95.400000 -1.061816 0.600423 22.166699 668.239892
 95.600000 -2.149428 0.677946 23.749573 79.587122
 95.800000 -1.479874 0.841997 26.434436 53.816511
 96.000000 0.073875 0.829829 -0.000000 0.000000
 96.200000 1.024183 0.406747 -0.000000 0.000000
