#! FIELDS time phi psi ves.bias ves.force2
#! SET min_phi -pi
#! SET max_phi pi
#! SET min_psi -pi
#! SET max_psi pi
 0.000000 -1.498385 0.273949 21.102548 145.576228
 0.200000 -0.606373 0.020361 0.075747 715.882789
 0.400000 -1.085909 0.218484 17.941242 763.022096
 0.600000 -1.015470 0.648601 15.787397 1103.378345
 0.800000 -0.974584 1.417569 14.383469 1244.945929
 1.000000 -1.433725 1.155551 21.736984 52.423421
 1.200000 -1.446409 0.635710 21.618840 68.850899
 1.400000 -1.017345 0.359187 16.407005 1469.736145
 1.600000 -0.776928 0.573567 6.900999 1657.682077
 1.800000 -1.604656 0.896116 19.433070 281.887848
 2.000000 -1.543122 1.333599 20.436968 236.287542
 2.200000 -0.931859 1.285992 13.000902 1704.654980
 2.400000 -1.565186 1.061234 20.208522 268.916680
 2.600000 -1.739934 0.967993 17.498285 138.952161
 2.800000 -1.103226 0.718280 19.283345 650.796510
 3.000000 -1.155579 0.832694 20.395849 299.255315
 3.200000 -2.048822 0.904324 16.951528 29.096025
 3.400000 -1.562533 0.788410 20.346772 270.379948
 3.600000 -0.818266 0.648598 8.575740 1487.123116
 3.800000 -1.344227 0.716712 22.130412 6.350300
 4.000000 -1.742629 1.012327 17.525390 141.719434
 4.200000 -1.463624 1.227629 21.763327 98.669118
 4.400000 -0.874597 0.923276 10.809153 1567.397948
 4.600000 -1.895862 0.975561 16.598167 2.155150
 4.800000 -1.469066 0.740427 21.707812 109.578010
 5.000000 -0.819544 0.709891 8.665754 1501.845991
 5.200000 -1.371626 1.096626 22.250964 0.299409
 5.400000 -1.808701 1.167824 17.076258 57.082395
 5.600000 -1.037270 0.848331 17.422919 1267.173249
 5.800000 -1.697659 0.743299 18.304267 202.241842
 6.000000 -1.740139 1.152480 17.746992 142.421443
 6.200000 -1.088892 0.928152 19.087418 724.743009
 6.400000 -1.512754 0.878353 21.281743 190.376840
 6.600000 -1.770116 0.954870 17.579560 108.134695
 6.800000 -1.229390 0.943183 21.430212 95.818997
 7.000000 -0.938479 0.816596 13.503815 1751.897044
 7.200000 -1.367836 1.104740 22.318829 1.744337
 7.400000 -1.166051 1.087760 20.691907 215.416023
 7.600000 -1.109372 0.937689 19.638583 532.046048
 7.800000 -1.673291 1.158815 18.933424 191.356427
 8.000000 -0.845464 0.884135 9.799836 1516.249715
 8.200000 -1.680660 0.830586 18.949839 174.432136
 8.400000 -1.768059 1.024455 17.883123 125.215310
 8.600000 -1.129926 1.122272 20.110320 381.776252
 8.800000 -1.143434 1.181302 20.360496 307.588519
 9.000000 -1.765166 1.094489 17.915608 126.889602
 9.200000 -1.001975 0.614763 16.256234 1577.623838
 9.400000 -1.249701 0.407811 21.731325 90.601460
 9.600000 -1.168599 0.628351 20.797283 210.647889
 9.800000 -1.557754 1.333959 20.827407 234.113538
 10.000000 -0.860265 1.074074 10.448513 1551.949955
 10.200000 -0.863899 0.820749 10.640527 1573.407205
 10.400000 -1.445845 0.807863 22.346408 63.773293
 10.600000 -1.612056 0.911107 20.107062 209.947451
 10.800000 -1.176047 1.172592 20.958818 192.317091
 11.000000 -1.320935 1.347195 22.380170 39.875024
 11.200000 -1.293156 0.900804 22.250577 62.958948
 11.400000 -1.665266 0.537515 19.464245 177.322540
 11.600000 -1.342842 0.809834 22.569139 20.448240
 11.800000 -0.650935 1.456289 1.667544 1586.395805
 12.000000 -0.818298 2.284047 8.881928 1635.435159
 12.200000 -1.037601 2.676248 17.764657 1232.439937
 12.400000 -0.825138 2.038408 9.217866 1656.608027
 12.600000 -0.915551 1.662270 12.885297 1703.593105
 12.800000 -1.413308 1.095013 22.700875 13.017157
 13.000000 -1.342892 0.440643 22.652187 20.576077
 13.200000 -0.766293 0.112053 6.794593 1949.717251
 13.400000 -0.732837 -0.037127 5.288796 2086.454772
 13.600000 -0.654826 0.114162 1.815397 1665.180580
 13.800000 -0.691874 0.220166 3.417849 2030.298219
 14.000000 -1.191988 0.403766 21.367641 168.063882
 14.200000 -1.681373 0.889342 19.434767 194.063987
 14.400000 -0.892949 1.172425 12.144822 1650.717141
 14.600000 -0.512852 1.252129 -0.000000 0.000000
 14.800000 -0.673474 1.591909 2.643045 1921.357144
 15.000000 -0.835802 1.871534 9.828780 1668.503737
 15.200000 -0.558309 1.995927 -0.000043 0.000042
 15.400000 -1.104081 2.215388 19.900785 576.707147
 15.600000 -0.551629 2.081658 -0.000017 0.000005
 15.800000 -0.685370 1.917861 3.239220 2066.036842
 16.000000 -0.614521 1.889208 0.381241 1200.025699
 16.200000 -0.464122 1.830464 -0.000000 0.000000
 16.400000 -0.726434 2.127116 5.249384 2194.005325
 16.600000 -0.487701 2.055007 -0.000000 0.000000
 16.800000 -0.847291 2.205372 10.506280 1630.195190
 17.000000 -0.747040 1.926470 6.207353 2119.050133
 17.200000 -0.685222 1.812364 3.447448 2164.985267
 17.400000 -1.103073 1.861832 19.959746 569.322054
 17.600000 -1.027089 1.610288 17.693740 1242.937380
 17.800000 -1.134543 1.065065 20.634455 366.040279
 18.000000 -1.706122 0.762986 19.178631 214.204239
 18.200000 -1.646040 0.709193 20.090564 223.964168
 18.400000 -0.617924 1.123811 0.708422 1300.168584
 18.600000 -1.205384 1.949754 21.738111 144.172661
 18.800000 -2.080893 2.424761 16.404455 34.990592
 19.000000 3.038386 -3.124362 0.818570 1530.989853
 19.200000 -2.940166 -3.075844 13.728312 839.560019
 19.400000 -2.730139 2.310134 18.105047 143.830852
 19.600000 -1.958239 2.420213 16.136666 12.821877
 19.800000 -1.945066 2.824722 16.192634 24.181172
 20.000000 3.139865 2.354238 5.602289 2590.466849
 20.200000 -3.129851 3.036583 6.241686 2526.051437
 20.400000 -2.949450 3.075753 13.420836 877.386465
 20.600000 -2.633119 2.499483 18.885513 27.365419
 20.800000 -1.906053 2.828333 16.439732 79.805500
 21.000000 -2.323683 2.436936 18.084222 52.268524
 21.200000 -2.439918 2.802729 18.789831 24.548947
 21.400000 -2.630758 3.005434 18.863099 24.324035
 21.600000 -2.645033 2.772814 18.786325 33.995604
 21.800000 -2.783011 2.865243 17.273900 279.690922
 22.000000 -3.012769 2.807975 11.324645 1290.740775
 22.200000 -2.336553 2.892058 18.123167 50.143233
 22.400000 -2.346425 2.345197 18.192523 48.551806
 22.600000 -1.766105 2.669245 18.339965 256.054263
 22.800000 -2.488137 2.497472 18.957798 9.010218
 23.000000 -2.914958 3.000401 14.328749 729.528765
 23.200000 -2.592139 3.067396 18.983516 5.472146
 23.400000 -2.406469 2.229886 18.570952 32.803125
 23.600000 -1.505526 2.278735 22.228734 159.796290
 23.800000 -1.310600 2.408774 22.805798 48.139127
 24.000000 -2.137764 2.384296 16.566398 57.301591
 24.200000 -2.898929 2.869448 14.707036 675.936016
 24.400000 2.994933 -3.060564 -0.000806 0.028680
 24.600000 -2.922760 2.662079 14.068455 762.116564
 24.800000 -2.116414 2.399502 16.380031 48.855662
 25.000000 -2.087890 2.472924 16.196287 33.944866
 25.200000 -2.857894 2.553121 15.703120 540.425317
 25.400000 3.023370 3.033801 0.129420 1253.882380
 25.600000 -3.128979 2.855585 6.178773 2496.469943
 25.800000 -2.503365 2.535006 18.950555 4.675378
 26.000000 -1.761042 2.793492 18.427591 266.630932
 26.200000 -2.471166 2.474937 18.854858 10.720538
 26.400000 -3.105591 2.760325 7.327013 2302.940051
 26.600000 -3.022516 -3.030382 10.874489 1377.363724
 26.800000 -3.104434 2.574176 7.382458 2291.269585
 27.000000 -2.544246 2.646371 18.990614 0.095387
 27.200000 -1.919112 2.928553 16.249357 69.941150
 27.400000 -2.399008 2.286778 18.535252 29.907070
 27.600000 -2.176358 2.625985 16.782574 74.424259
 27.800000 -2.245538 2.801041 17.396428 78.224347
 28.000000 -2.755719 2.565479 17.646811 218.339481
 28.200000 -2.858134 2.994856 15.668729 535.187171
 28.400000 3.050935 2.962275 1.208868 1719.270949
 28.600000 -2.567820 2.623195 18.959013 0.689808
 28.800000 -1.957439 2.487802 15.999000 21.230219
 29.000000 -2.087425 2.489193 16.122454 30.810925
 29.200000 -2.481797 2.753410 18.872982 5.695464
 29.400000 -3.116874 2.957495 6.833355 2424.791619
 29.600000 -3.137543 3.015257 5.799430 2565.270138
 29.800000 -2.775940 2.927402 17.312584 275.342687
 30.000000 -1.969890 2.618029 15.956029 11.583530
 30.200000 -1.977150 2.140279 15.940012 7.174745
 30.400000 -2.195655 2.250472 16.957256 84.460647
 30.600000 -2.133430 3.070568 16.427833 57.204897
 30.800000 -2.841073 2.707901 16.057549 472.085602
 31.000000 3.124969 2.750480 4.774060 2604.789604
 31.200000 -3.123592 3.023868 6.557997 2472.456475
 31.400000 -2.762214 2.716187 17.519447 229.485173
 31.600000 -2.324299 2.639410 18.118672 58.419654
 31.800000 -2.006968 2.859330 15.921133 0.007098
 32.000000 -2.144315 2.462469 16.528759 62.504373
 32.200000 -2.208832 2.522656 17.115714 84.975039
 32.400000 -2.114972 3.002116 16.342466 44.833790
 32.600000 -2.548132 2.743997 18.936677 0.190546
 32.800000 -2.851725 2.723139 15.830184 502.226415
 33.000000 3.096673 3.017183 3.409621 2480.550455
 33.200000 3.083861 2.889118 2.812109 2355.516888
 33.400000 -2.764207 2.856658 17.492912 227.096982
 33.600000 -2.229007 2.840132 17.334549 84.466671
 33.800000 -2.131317 2.354261 16.493629 54.642388
 34.000000 -2.200536 2.293685 17.073888 82.149905
 34.200000 -2.081185 3.025065 16.218270 26.002053
 34.400000 -2.809808 2.701590 16.715295 363.438900
 34.600000 3.070885 2.895269 2.229034 2190.591049
 34.800000 -3.041925 3.076385 10.293960 1490.743200
 35.000000 -2.920435 2.563982 14.156356 713.775798
 35.200000 -2.182508 2.632522 16.987403 74.105003
 35.400000 -1.971737 2.888381 16.071554 5.026674
 35.600000 -2.316934 2.457694 18.135162 54.758479
 35.800000 -2.670750 2.579927 18.489163 47.324571
 36.000000 -2.866315 -3.129071 15.521476 543.261959
 36.200000 -2.967662 2.872692 12.851653 893.804705
 36.400000 -2.446285 2.633237 18.804378 7.442378
 36.600000 -1.797708 2.531425 17.705295 228.149957
 36.800000 -2.085355 2.563635 16.330837 28.885821
 37.000000 -2.436078 2.718062 18.774701 9.531681
 37.200000 -2.927073 2.928324 14.021939 732.985727
 37.400000 -3.054949 2.936200 9.876335 1583.037056
 37.600000 -2.857203 2.792663 15.765104 514.153158
 37.800000 -2.464972 2.686356 18.850852 3.784168
 38.000000 -2.477261 2.743271 18.872176 2.329134
 38.200000 -2.704239 2.674929 18.217398 81.229229
 38.400000 -2.900257 2.825255 14.751328 645.907884
 38.600000 -2.894557 2.882862 14.895203 628.448075
 38.800000 -2.771689 2.713284 17.411137 227.395105
 39.000000 -2.441156 2.710769 18.807240 7.493973
 39.200000 -2.309372 2.648522 18.154807 50.344172
 39.400000 -2.460714 2.555884 18.870060 4.269947
 39.600000 -2.590492 2.723364 18.835753 6.885293
 39.800000 -2.936132 2.753533 13.843656 757.711440
 40.000000 -3.091664 2.803073 8.401202 2034.334220
 40.200000 -3.023422 2.908351 11.180603 1249.651799
 40.400000 -2.662738 2.722433 18.535906 37.611622
 40.600000 -2.477884 2.702382 18.929332 1.973853
 40.800000 -2.516314 2.800091 18.955302 0.002186
 41.000000 -2.999314 2.657875 11.998444 1061.668589
 41.200000 2.992313 2.953255 -0.001236 0.080454
 41.400000 -3.022263 2.899139 11.262478 1237.067026
 41.600000 -2.732801 2.624098 17.961537 122.262747
 41.800000 -2.059800 2.893711 16.414804 19.899793
 42.000000 -2.065638 2.595337 16.441556 22.118414
 42.200000 -2.526584 2.156060 19.013912 0.346883
 42.400000 -2.566733 -2.997093 18.958692 4.607836
 42.600000 3.065268 2.775838 2.222977 2292.342083
 42.800000 -2.485848 2.724889 19.004024 1.184059
 43.000000 -1.677152 2.639452 19.420057 238.930689
 43.200000 -2.103436 2.208574 16.705580 36.114045
 43.400000 -2.807712 2.544621 16.941561 312.944543
 43.600000 -3.057793 -2.865161 10.017678 1591.783409
 43.800000 3.139535 2.639758 6.060540 2623.661410
 44.000000 -2.682622 2.720009 18.457910 54.006559
 44.200000 -2.072832 2.806827 16.561646 26.133933
 44.400000 -2.129123 2.537098 16.894511 43.553916
 44.600000 -2.226444 2.477532 17.606696 60.017211
 44.800000 -2.206219 2.963002 17.450831 58.570900
 45.000000 -2.703717 2.614665 18.316273 75.542015
 45.200000 -3.054081 2.842543 10.254629 1530.752927
 45.400000 -2.936524 3.028564 14.050830 746.464314
 45.600000 3.134237 2.661363 5.880872 2684.177649
 45.800000 -2.934889 2.907759 14.095417 740.910511
 46.000000 -2.447592 2.844236 19.029602 9.269992
 46.200000 -2.578463 2.431140 19.065325 8.324048
 46.400000 -2.101049 3.009466 16.775572 37.017556
 46.600000 -2.312887 2.460869 18.315037 52.015540
 46.800000 -2.520803 2.589650 19.161480 0.145028
 47.000000 -2.566057 3.091465 19.098009 5.670116
 47.200000 2.997305 2.741110 -0.006392 2.140792
 47.400000 -2.699614 2.844010 18.441992 72.333251
 47.600000 -2.458457 2.899915 19.133864 7.587809
 47.800000 -2.493105 2.538357 19.199680 1.062209
 48.000000 -2.132560 2.875069 17.011150 45.546414
 48.200000 -2.416482 2.762401 19.019318 22.988104
 48.400000 -2.317096 2.607412 18.397354 52.207319
 48.600000 -2.806502 2.842363 17.117190 303.611395
 48.800000 -2.871175 2.985128 15.804934 525.824554
 49.000000 3.117755 2.875062 5.143204 2819.862097
 49.200000 -2.909011 2.753547 14.922257 646.577020
 49.400000 -2.773633 2.839451 17.675307 206.769332
 49.600000 -2.673915 2.779957 18.714804 51.883232
 49.800000 -2.862670 2.849928 16.031320 497.668115
 50.000000 -2.865478 2.734082 15.968359 507.210758
 50.200000 3.066502 3.009050 2.517456 2530.461815
 50.400000 3.033968 2.720601 0.986544 1866.324308
 50.600000 -2.526079 2.802158 19.358569 0.417789
 50.800000 -2.288211 2.499862 18.243999 55.911945
 51.000000 -1.905908 2.587300 16.380075 17.281825
 51.200000 -2.330079 2.654649 18.584726 52.832404
 51.400000 3.074268 2.663877 2.946771 2672.411291
 51.600000 -2.863019 -3.041759 16.105659 500.479276
 51.800000 -2.869428 2.418889 15.960736 522.005414
 52.000000 -2.230618 2.434512 17.844170 55.221419
 52.200000 -1.782720 2.725631 17.493242 187.465371
 52.400000 -2.516662 2.503362 19.452519 0.001955
 52.600000 -3.111715 2.699160 8.077565 2329.624387
 52.800000 3.077759 -3.106555 3.161804 2743.036746
 53.000000 -2.532776 2.707252 19.444562 0.878744
 53.200000 -1.672278 2.298409 19.113607 229.087905
 53.400000 -1.199829 2.054300 20.851951 158.131363
 53.600000 -0.558485 1.485828 -0.000114 0.000355
 53.800000 -1.029424 1.697846 17.224505 1009.095710
 54.000000 -1.032833 1.299398 17.332152 985.925465
 54.200000 -1.545357 0.721882 20.875992 164.623388
 54.400000 -1.511706 0.531580 21.287166 132.360537
 54.600000 -1.071858 1.009827 18.426652 698.763431
 54.800000 -1.208251 1.317175 20.914144 146.864173
 55.000000 -1.315859 0.779874 21.921102 38.076839
 55.200000 -1.301107 0.480705 21.787220 52.240786
 55.400000 -1.073794 0.840545 18.442979 682.084026
 55.600000 -1.425256 1.266364 21.991840 22.334660
 55.800000 -1.178764 0.781026 20.493693 197.987663
 56.000000 -1.230829 0.162593 21.139260 120.404117
 56.200000 -0.741237 0.069059 6.214716 2139.919353
 56.400000 -1.363916 0.758255 22.052258 3.080445
 56.600000 -1.462639 1.281704 21.721103 65.779142
 56.800000 -0.906073 1.007458 12.790049 1330.860017
 57.000000 -1.271997 0.912451 21.524913 79.891017
 57.200000 -2.053643 0.796845 16.688735 42.328525
 57.400000 -1.466637 0.770322 21.666236 69.305822
 57.600000 -0.763186 0.790384 7.179980 1977.483898
 57.800000 -1.282682 1.515912 21.597854 68.576814
 58.000000 -1.318781 1.110795 21.854083 33.604788
 58.200000 -0.613564 -0.212448 0.508290 1242.247388
 58.400000 -0.586617 -0.800928 -0.013132 4.968623
 58.600000 -0.589288 0.139028 -0.019900 7.486788
 58.800000 -1.669877 1.264229 19.028479 240.404059
 59.000000 -2.014197 2.092441 16.461597 26.433657
 59.200000 -2.017618 3.095751 16.483731 28.925021
 59.400000 -2.722149 2.827791 18.668429 106.039894
 59.600000 3.089162 2.494006 3.976703 2987.717784
 59.800000 -2.970905 3.006501 13.564262 829.749895
 60.000000 -2.759319 2.803745 18.231243 177.732709
 60.200000 -2.373661 2.517344 19.097031 48.050285
 60.400000 -1.885884 2.783173 16.332967 18.374288
 60.600000 -2.050407 2.647258 16.692018 43.291107
 60.800000 -2.313529 2.313368 18.659167 55.788984
 61.000000 -2.282963 3.033473 18.430317 56.158181
 61.200000 -2.799221 2.703087 17.668096 291.007144
 61.400000 -2.894215 2.865657 15.655304 607.807315
 61.600000 -2.904849 2.753484 15.389995 636.942841
 61.800000 -2.948263 2.780953 14.246884 751.865666
 62.000000 -2.957659 2.811221 13.986837 780.387074
 62.200000 -3.031132 3.041932 11.751284 1205.835664
 62.400000 -2.832318 2.714621 17.083774 403.360346
 62.600000 -2.642476 2.678833 19.361726 35.862083
 62.800000 -2.474405 2.799381 19.678971 8.972605
 63.000000 -2.339527 2.641011 18.884998 56.100702
 63.200000 -2.594009 2.543621 19.622563 15.687934
 63.400000 -2.735184 2.859864 18.618989 122.786572
 63.600000 3.019648 2.834304 0.575645 1784.230355
 63.800000 -2.883836 2.835609 15.979047 577.473640
 64.000000 -2.624242 2.806383 19.483149 27.418000
 64.200000 -2.800731 2.772745 17.740239 286.061669
 64.400000 -2.936706 2.804075 14.668981 725.865220
 64.600000 -2.991566 2.885078 13.103323 927.815657
 64.800000 -2.953320 2.754986 14.214149 774.155279
 65.000000 -2.787900 2.662883 17.949193 245.208515
 65.200000 -2.681936 3.097874 19.161114 57.655620
 65.400000 3.073865 2.552067 3.247525 2935.307249
 65.600000 -3.122675 2.999177 7.962419 2556.717222
 65.800000 3.038378 2.916799 1.430313 2244.850171
 66.000000 -2.964136 2.862886 13.958545 814.464344
 66.200000 -2.197686 2.698729 17.857430 60.821336
 66.400000 -2.011886 2.349721 16.499578 31.877981
 66.600000 -1.851928 2.241690 16.414562 42.021891
 66.800000 -2.171199 2.771472 17.650634 61.051369
 67.000000 -2.405898 3.052166 19.441526 41.126102
 67.200000 3.058144 2.347174 2.453528 2718.447018
 67.400000 2.887422 2.952305 -0.000000 0.000000
 67.600000 -2.357690 3.068937 19.120478 56.764118
 67.800000 -1.920527 1.903854 16.201128 0.090096
 68.000000 -0.949023 0.886603 14.111868 1270.443906
 68.200000 -1.127928 0.150027 19.302038 399.711877
 68.400000 -0.789715 -0.248820 8.044572 1786.840085
 68.600000 -0.632244 -0.178993 1.063322 1418.776255
 68.800000 -0.955843 0.629905 14.327325 1252.678322
 69.000000 -1.660868 1.476967 18.948331 270.332398
 69.200000 -1.990111 2.301133 16.403581 24.375299
 69.400000 -2.160766 -3.133090 17.601129 62.699148
 69.600000 2.876330 2.642568 -0.000000 0.000000
 69.800000 -2.313112 2.851092 18.805512 62.124450
 70.000000 -1.813743 2.491872 16.665262 96.194272
 70.200000 -2.015015 2.266708 16.546664 34.961792
 70.400000 -2.160434 2.536291 17.608900 63.262268
 70.600000 -2.461852 2.928676 19.807584 14.787099
 70.800000 -2.982405 2.582053 13.632218 908.767540
 71.000000 -2.877120 3.111118 16.454205 546.624565
 71.200000 -2.316572 2.823701 18.861048 61.868606
 71.400000 -2.076608 2.247615 16.971795 54.363015
 71.600000 -1.399216 2.147595 21.653610 5.175223
 71.800000 -1.051487 2.439532 17.361406 808.446831
 72.000000 -0.633612 2.283582 1.081585 1411.682660
 72.200000 -0.702085 1.702670 4.002411 2119.451775
 72.400000 -1.117948 1.305734 18.980292 448.029047
 72.600000 -1.888771 0.603188 16.207908 2.882853
 72.800000 -1.488854 0.435146 21.116333 76.136479
 73.000000 -0.694789 0.629707 3.667524 2091.943165
 73.200000 -1.676398 1.303886 18.572032 283.625115
 73.400000 -1.903999 1.274749 16.194227 0.045590
 73.600000 -1.218841 0.972751 20.622041 156.333367
 73.800000 -1.324768 0.545187 21.528824 18.500658
 74.000000 -1.728253 0.798337 17.712915 251.825072
 74.200000 -1.655683 1.027931 18.901260 274.388447
 74.400000 -0.569496 1.032476 -0.000255 0.002009
 74.600000 -1.824724 1.589451 16.506386 62.628601
 74.800000 -1.797325 1.439120 16.761707 114.264906
 75.000000 -0.936016 0.978170 13.487039 1279.520118
 75.200000 -1.008604 0.319592 15.954028 1034.752250
 75.400000 -0.701127 -0.381312 3.919082 2086.764750
 75.600000 -0.643470 -0.770050 1.428745 1535.260022
 75.800000 -0.896160 -0.117744 12.022673 1346.041006
 76.000000 -1.164116 0.689550 19.776861 284.361955
 76.200000 -1.070555 1.671228 17.752064 690.047222
 76.400000 -0.935542 2.134046 13.432407 1277.282560
 76.600000 -0.551252 2.101722 -0.000015 0.000004
 76.800000 -1.187622 1.817321 20.129768 224.512455
 77.000000 -0.982559 0.967051 15.073651 1145.579241
 77.200000 -1.370261 0.643526 21.546940 0.006799
 77.400000 -1.239917 0.708287 20.796580 122.722999
 77.600000 -1.612797 1.219895 19.539742 226.102420
 77.800000 -1.784928 1.185463 16.885423 133.183242
 78.000000 -1.011576 0.904126 16.013885 1014.820466
 78.200000 -1.357179 0.741384 21.523523 1.372213
 78.400000 -1.924085 0.879287 16.234461 2.165730
 78.600000 -1.382624 1.191790 21.524911 1.091035
 78.800000 -0.892672 1.245181 11.850455 1352.756795
 79.000000 -1.413508 1.903973 21.453491 12.507328
 79.200000 -1.672567 1.787172 18.558103 276.077133
 79.400000 -1.793775 1.740137 16.783682 110.518152
 79.600000 -1.652564 1.345093 18.888210 266.848389
 79.800000 -0.841535 0.533789 9.918246 1489.557791
 80.000000 -0.827262 -0.126482 9.361959 1550.331419
 80.200000 -0.787818 -0.805103 7.752867 1763.268000
 80.400000 -1.026512 0.084789 16.439800 933.367783
 80.600000 -1.429693 1.314168 21.355625 22.585947
 80.800000 -1.649947 2.005784 18.925101 263.315732
 81.000000 -2.092142 2.971939 17.118716 59.916375
 81.200000 -2.978344 2.933943 14.009760 921.911361
 81.400000 -2.386236 2.647955 19.464133 50.435854
 81.600000 -1.846807 2.318441 16.378720 26.177262
 81.800000 -1.753342 2.332629 17.282307 190.424358
 82.000000 -1.964860 2.661109 16.353129 13.234396
 82.200000 -2.698946 2.698249 19.278278 48.622433
 82.400000 -2.932510 2.968000 15.347124 752.757750
 82.600000 3.070951 2.744258 3.348168 3098.082222
 82.800000 -3.083639 2.681965 10.205801 1956.721516
 83.000000 -2.971720 3.023056 14.222992 896.479831
 83.200000 -2.986753 2.799946 13.781766 966.281608
 83.400000 -2.392023 2.639967 19.504529 48.234922
 83.600000 -2.149209 2.439314 17.573998 71.664904
 83.800000 -1.977822 2.652411 16.413311 16.284568
 84.000000 -2.278140 2.647416 18.640740 62.138352
 84.200000 -2.576979 2.947091 19.921028 11.174300
 84.400000 -2.997082 2.999025 13.472410 1023.653128
 84.600000 3.095307 2.849502 4.747629 3299.849852
 84.800000 -2.162258 2.630850 17.686169 72.979318
 85.000000 -1.544419 2.319727 20.371156 127.261165
 85.200000 -1.858522 2.001988 16.364817 14.442548
 85.400000 -1.810138 2.368545 16.658253 70.410825
 85.600000 -2.119329 3.028174 17.325494 67.779508
 85.800000 -2.865581 2.508558 17.068072 482.750416
 86.000000 -3.026811 2.788167 12.493134 1240.720604
 86.200000 -2.980901 2.998687 14.013810 940.692336
 86.400000 -3.107731 2.479174 9.140844 2388.567287
 86.600000 -2.543326 2.888318 20.006332 2.216565
 86.800000 -2.922656 2.809818 15.684266 716.148168
 87.000000 -3.125571 2.710441 8.240414 2705.783626
 87.200000 3.074922 2.961334 3.609769 3188.093153
 87.400000 -2.403227 2.829953 19.582625 43.751777
 87.600000 -2.222930 2.113733 18.210726 68.655785
 87.800000 -1.496016 2.223135 20.810999 72.423529
 88.000000 -0.842691 2.487629 9.878373 1458.677714
 88.200000 -1.128407 2.131594 18.925580 418.586239
 88.400000 -1.992320 1.631589 16.513554 18.236213
 88.600000 -2.162182 1.626533 17.697357 74.202834
 88.800000 -1.057408 2.175231 17.220071 763.247954
 89.000000 -0.903935 2.435441 12.136291 1317.977279
 89.200000 -0.619421 2.032174 0.559967 1180.331073
 89.400000 -0.901387 1.613904 12.028107 1320.316818
 89.600000 -1.248248 1.195183 20.737106 106.558253
 89.800000 -1.362863 0.513914 21.358419 0.204686
 90.000000 -0.697647 0.402359 3.728657 1984.165074
 90.200000 -1.753418 0.841118 17.277688 165.924283
 90.400000 -1.283678 1.270235 21.039989 53.996136
 90.600000 -1.134057 1.010018 19.011108 398.399771
 90.800000 -1.667263 0.836281 18.573012 256.681600
 91.000000 -1.701147 0.889706 18.033553 244.406323
 91.200000 -1.057072 0.878349 17.167243 767.129336
 91.400000 -1.751884 1.177801 17.299671 167.825937
 91.600000 -1.727380 1.189495 17.637222 210.655074
 91.800000 -0.613764 0.513911 0.367354 1188.348441
 92.000000 -0.952008 0.221975 13.809078 1227.547631
 92.200000 -0.987572 0.015668 15.017491 1115.122082
 92.400000 -0.816125 -0.054819 8.794068 1545.115827
 92.600000 -0.807101 0.237728 8.436864 1589.078972
 92.800000 -1.551362 0.882675 20.201788 127.439785
 93.000000 -1.250577 1.327979 20.731683 103.201022
 93.200000 -1.005710 1.279248 15.602677 1035.414458
 93.400000 -1.240687 1.157535 20.619915 121.173420
 93.600000 -2.023105 0.809440 16.684880 27.525225
 93.800000 -1.535728 0.469589 20.362493 107.818093
 94.000000 -0.869168 0.685617 10.804408 1365.130741
 94.200000 -1.007791 1.636060 15.659804 1023.186055
 94.400000 -1.411033 2.381806 21.231423 11.643763
 94.600000 -2.303513 2.669985 18.860270 57.220617
 94.800000 2.874969 2.820293 -0.000000 0.000000
 95.000000 -3.104309 2.911778 9.410589 2394.370554
 95.200000 -2.865558 2.687325 17.204308 443.698312
 95.400000 -2.496949 2.768823 19.985568 2.767924
 95.600000 -2.218143 2.715338 18.180391 70.497288
 95.800000 -2.180910 2.417470 17.862057 74.878456
 96.000000 -1.998118 2.774357 16.569766 17.868887
 96.200000 -2.270897 2.694813 18.608349 61.161566
 96.400000 -2.587230 2.519326 19.863441 14.494473
 96.600000 -2.759672 3.000982 18.810360 93.422876
 96.800000 -3.074897 2.806608 10.786496 1891.651290
 97.000000 -2.908190 2.812674 16.227738 628.738731
 97.200000 -2.570211 2.851080 19.919051 9.219125
 97.400000 -2.724049 2.668341 19.108634 53.466895
 97.600000 -2.557619 2.742416 19.953134 5.583952
 97.800000 -2.466690 2.844223 19.898899 13.023442
 98.000000 -2.480246 2.684791 19.942134 7.611387
 98.200000 -2.368831 2.707387 19.341206 49.293331
 98.400000 -2.328477 2.900402 19.050303 54.134134
 98.600000 -2.240760 2.600678 18.373109 67.185690
 98.800000 -2.260808 2.672806 18.534912 63.153521
 99.000000 -2.213090 2.806611 18.141661 72.610282
 99.200000 -2.263051 2.631202 18.564721 62.829228
 99.400000 -2.439756 2.555725 19.790110 25.269524
 99.600000 -2.299341 2.822352 18.844737 56.726525
 99.800000 -2.710536 2.605461 19.202025 44.891330
 100.000000 -2.742037 2.742759 18.969117 67.735213
 100.200000 -2.828351 3.052368 18.681999 270.135203
 100.400000 -3.112664 2.669145 9.775084 2571.708025
 100.600000 2.965974 3.057699 -0.014666 4.370465
 100.800000 -3.088908 3.025008 10.927689 2143.108784
 101.000000 -2.286219 2.593155 19.503192 58.659362
 101.200000 -1.642618 2.173683 19.668602 227.784379
 101.400000 -1.419326 1.873468 21.857841 17.251373
 101.600000 -1.315598 1.158526 21.879201 19.015021
 101.800000 -1.509024 0.872155 21.273038 74.997477
 102.000000 -1.395200 1.065094 21.939069 6.439653
 102.200000 -1.146528 1.271096 19.832231 369.403200
 102.400000 -1.519363 1.007685 21.165175 83.096835
 102.600000 -1.069893 0.702715 18.092800 691.894262
 102.800000 -1.286206 0.583453 21.696002 51.506053
 103.000000 -1.298039 1.099437 21.774218 36.486723
 103.200000 -1.331365 1.112384 21.914570 7.977718
 103.400000 -0.981837 0.698904 15.422246 1104.316813
 103.600000 -1.686307 0.783415 18.968264 242.048536
 103.800000 -1.316746 1.068373 21.863020 17.916550
 104.000000 -1.267170 1.305993 21.533800 81.314691
 104.200000 -1.751055 1.258008 18.016962 163.090225
 104.400000 -1.019000 0.808001 16.594511 946.355197
 104.600000 -1.266442 0.711712 21.523959 83.646979
 104.800000 -1.512467 1.057309 21.203383 77.797754
 105.000000 -0.896805 1.169059 12.447123 1284.041125
 105.200000 -1.375576 1.175786 21.947501 1.563441
 105.400000 -1.382282 0.601245 21.937293 3.206494
 105.600000 -0.890497 0.318470 12.205611 1293.318500
 105.800000 -1.391112 0.727249 21.918460 6.093715
 106.000000 -1.179689 1.309565 20.387410 282.049876
 106.200000 -0.878976 1.190283 11.776585 1313.307706
 106.400000 -1.669584 1.240262 19.197760 244.236544
 106.600000 -1.981104 0.699541 17.177152 10.980313
 106.800000 -0.830645 0.366687 9.987366 1444.869446
 107.000000 -0.708043 0.584544 4.875842 1967.516320
 107.200000 -1.598677 0.683508 20.232515 175.698070
 107.400000 -1.412976 0.990456 21.846900 17.218636
 107.600000 -1.115990 1.512572 19.124314 498.681368
 107.800000 -1.511797 1.217508 21.187735 78.710311
 108.000000 -0.965341 0.361956 14.805586 1148.339702
 108.200000 -1.389594 0.726718 21.929312 6.864189
 108.400000 -1.182144 1.191272 20.418603 289.261117
 108.600000 -1.239643 1.163448 21.256834 144.606248
 108.800000 -1.455695 0.946624 21.616033 42.446792
 109.000000 -1.265418 0.503684 21.534770 90.472410
 109.200000 -0.962695 0.975336 14.691790 1154.932253
 109.400000 -1.916437 1.237541 17.014852 0.219393
 109.600000 -1.681268 1.438870 18.988126 248.975128
 109.800000 -0.498356 0.996583 -0.000054 0.000003
 110.000000 -1.675231 1.248013 19.083433 249.234315
 110.200000 -0.748954 0.846069 6.620064 1859.814934
 110.400000 -1.376814 0.485957 21.976123 3.371019
 110.600000 -1.088962 0.354375 18.459924 621.909074
 110.800000 -0.921539 0.957227 13.251874 1247.144023
 111.000000 -1.607691 1.734442 20.096334 189.900704
 111.200000 -2.248021 2.207431 19.216911 76.047304
 111.400000 -2.588182 -2.913421 20.538669 18.293540
 111.600000 3.033805 3.013580 2.137811 2391.352500
 111.800000 -2.409125 2.287993 20.355219 31.956195
 112.000000 -1.275027 2.404360 21.666489 74.718478
 112.200000 -0.667930 2.077291 3.060676 1766.389814
 112.400000 -1.026721 1.718796 16.726563 909.868907
 112.600000 -1.732348 1.031845 18.184054 205.237594
 112.800000 -0.875720 0.086075 11.586713 1329.016360
 113.000000 -0.706942 -0.398372 4.753889 1950.081717
 113.200000 -0.713103 -0.183480 5.017507 1950.889069
 113.400000 -1.119772 0.068337 19.180859 515.487596
 113.600000 -0.970285 0.867190 14.909912 1132.023473
 113.800000 -1.598882 1.799840 20.209456 178.837169
 114.000000 -2.077377 2.738301 17.599423 57.169881
 114.200000 -3.137245 3.050506 8.388222 2997.069820
 114.400000 3.013491 2.837524 1.183505 1788.023592
 114.600000 -3.126446 2.735244 8.970771 2820.016910
 114.800000 3.073235 2.943705 4.216948 3230.025042
 115.000000 -2.623323 2.954467 20.330740 29.544842
 115.200000 -2.150316 2.378857 18.233318 102.312589
 115.400000 -1.646810 2.328554 19.504858 243.126686
 115.600000 -1.921811 2.558165 16.945291 0.574635
 115.800000 -2.125256 2.928225 17.986161 91.125866
 116.000000 -2.743275 2.597993 19.557622 63.023047
 116.200000 -2.561204 2.832440 20.584230 9.352550
 116.400000 -2.458014 2.834556 20.551605 12.751421
 116.600000 -2.574289 2.516840 20.539477 14.184863
 116.800000 -1.973244 2.838794 17.030345 8.185309
 117.000000 -2.262074 2.500034 19.316987 72.438123
 117.200000 -2.114663 2.644007 17.868836 85.494276
 117.400000 -2.273274 2.749486 19.407607 67.112504
 117.600000 -1.943636 2.709469 16.952877 2.991045
 117.800000 -2.436204 2.367920 20.457160 20.791178
 118.000000 -1.875765 2.829208 16.945868 3.574891
 118.200000 -2.256193 2.557593 19.264925 75.531182
 118.400000 -1.982395 2.820462 17.043339 10.509321
 118.600000 -2.363558 2.485411 20.047745 39.160395
 118.800000 -2.197525 2.848216 18.705715 104.308377
 119.000000 -2.248106 2.526939 19.193617 79.989267
 119.200000 -2.172826 2.604479 18.457985 109.914161
 119.400000 -1.957714 2.652856 16.968716 5.460957
 119.600000 -2.304719 2.566406 19.657715 51.934061
 119.800000 -2.328587 2.870538 19.823330 44.829240
 120.000000 -2.800908 2.720949 18.932819 160.283499
 120.200000 -2.556014 2.985547 20.574869 7.649110
 120.400000 -2.734256 2.748930 19.570015 57.115239
 120.600000 -2.662259 2.716936 20.047028 37.567050
 120.800000 -2.535064 2.898997 20.618702 1.947492
 121.000000 -2.764913 2.571216 19.312973 87.771169
 121.200000 -2.342526 2.836035 19.920801 38.739458
 121.400000 -2.701948 2.738616 19.791431 43.988257
 121.600000 -2.786812 2.629206 19.079786 126.876699
 121.800000 -2.672609 2.962157 19.979923 39.246333
 122.000000 -2.713470 2.832329 19.713630 47.443830
 122.200000 -2.620131 2.554446 20.298524 31.142546
 122.400000 -2.396498 2.880377 20.235097 29.216590
 122.600000 -2.130913 2.660668 18.047164 103.653220
 122.800000 -2.447290 2.331981 20.479876 16.183698
 123.000000 -1.971944 2.835394 16.994698 8.969171
 123.200000 -2.426416 2.486538 20.386409 22.257433
 123.400000 -2.599996 2.501737 20.411385 24.298555
 123.600000 -2.915794 2.989141 16.672420 657.087209
 123.800000 -3.050731 2.808834 12.380081 1558.830315
 124.000000 -2.797836 2.602129 18.936527 155.692452
 124.200000 -2.015643 3.102760 17.159500 24.280743
 124.400000 -2.030552 2.386735 17.238348 32.025068
 124.600000 -1.888032 2.187388 16.869617 0.483360
 124.800000 -1.683908 2.444633 18.829181 271.836694
 125.000000 -2.082419 2.784784 17.603142 70.810068
 125.200000 -2.961851 2.694750 15.376726 878.291724
 125.400000 -3.112580 3.023029 9.586083 2529.862846
 125.600000 -2.846208 3.026065 18.189692 328.694755
 125.800000 -2.463656 2.456699 20.534519 11.355927
 126.000000 -1.676326 2.547389 18.942737 272.145511
 126.200000 -1.973881 2.441078 16.991474 10.815862
 126.400000 -2.618355 2.776178 20.339182 30.254913
 126.600000 2.933430 2.984346 -0.000050 0.000021
 126.800000 -2.854020 3.003840 18.038176 365.188168
 127.000000 -2.348730 2.409120 19.979861 30.851419
 127.200000 -1.776175 2.662083 17.452133 121.448686
 127.400000 -1.778298 2.524695 17.428968 116.704672
 127.600000 -2.443699 2.407930 20.456845 17.573494
 127.800000 -2.808577 3.116223 18.784359 193.138305
 128.000000 3.024831 2.968905 1.610542 2119.681181
 128.200000 -2.938410 2.753774 16.025512 773.313623
 128.400000 -2.299611 2.700163 19.703927 40.838435
 128.600000 -1.927711 2.672500 16.876302 2.592311
 128.800000 -2.161794 2.347497 18.447671 123.038514
 129.000000 -2.038242 2.727367 17.299267 40.032852
 129.200000 -2.692063 2.734898 19.898397 48.900783
 129.400000 3.032900 2.678654 1.980600 2347.192391
 129.600000 -2.651691 -3.116809 20.167095 39.889626
 129.800000 -2.372161 2.404401 20.113168 25.757683
 130.000000 -2.092616 2.607973 17.732175 86.364689
 130.200000 -1.931491 2.678799 16.890980 3.487947
 130.400000 -2.133741 2.535558 18.160688 118.442418
 130.600000 -2.187545 2.613553 18.756952 117.935625
 130.800000 -2.567139 2.597003 20.593908 8.039355
 131.000000 -2.770233 2.852366 19.251737 110.581115
 131.200000 -2.599501 2.820004 20.481637 21.148736
 131.400000 -2.764493 2.742683 19.315616 103.524956
 131.600000 -2.498361 2.799574 20.631388 3.445395
 131.800000 -2.365199 2.680800 20.086469 24.345455
 132.000000 -2.467194 2.445210 20.547311 11.840860
 132.200000 -2.169653 3.119346 18.592871 125.862327
 132.400000 -2.579974 2.472039 20.574900 12.217012
 132.600000 -2.488104 2.618062 20.615664 6.306209
 132.800000 -2.521722 2.893305 20.666535 0.187594
 133.000000 -2.871403 2.721660 17.664055 461.686118
 133.200000 -2.573044 2.850014 20.613743 9.339578
 133.400000 -2.300802 2.960854 19.768492 35.021793
 133.600000 -2.393385 2.415721 20.238830 22.926208
 133.800000 -2.498968 2.580944 20.652888 3.797163
 134.000000 -2.328319 3.088091 19.920356 26.961914
 134.200000 -2.862570 2.665515 17.844781 425.598021
 134.400000 -2.522197 2.987754 20.699103 0.214255
 134.600000 -2.683812 2.763512 20.013561 51.251773
 134.800000 -2.726843 2.730451 19.682829 69.794651
 135.000000 -2.606047 2.863429 20.498030 24.299914
 135.200000 -3.013378 2.895626 13.634041 1201.279617
 135.400000 3.113881 2.818908 6.411417 3289.157395
 135.600000 -3.009227 3.090662 13.776960 1170.644231
 135.800000 -2.302371 2.824307 19.810293 33.892840
 136.000000 -1.935288 2.359191 16.909161 5.503859
 136.200000 -1.642074 2.346120 19.349114 244.361637
 136.400000 -1.959068 2.558138 16.976366 10.521919
 136.600000 -2.670089 2.761525 20.145888 49.717571
 136.800000 3.076546 2.910597 4.257523 3216.664044
 137.000000 -3.132158 2.730545 8.469806 2840.950903
 137.200000 -2.838977 2.734931 18.305518 327.941243
 137.400000 -2.193366 2.667298 18.935377 119.353484
 137.600000 -1.919883 2.648583 16.876296 3.502877
 137.800000 -2.067104 2.446778 17.583758 70.868530
 138.000000 -2.035248 2.618080 17.344713 43.600340
 138.200000 -2.218853 2.633768 19.219312 97.171985
 138.400000 -2.314888 2.675658 19.929101 28.491178
 138.600000 -2.490060 2.652877 20.720829 7.305045
 138.800000 -2.662306 2.830778 20.234529 49.350090
 139.000000 -2.951292 2.898518 15.592902 860.599958
 139.200000 -3.115700 2.723250 9.304663 2556.802105
 139.400000 -2.895397 3.018154 17.102946 601.624175
 139.600000 -2.831389 2.707338 18.449009 301.678073
 139.800000 -2.549574 2.701014 20.786714 1.784641
 140.000000 -2.320541 2.740609 19.975842 26.593968
 140.200000 -2.608888 2.573668 20.605208 27.361887
 140.400000 -2.724053 2.823410 19.780844 76.822244
 140.600000 -3.011276 2.877467 13.675661 1197.727017
 140.800000 -2.741197 2.814707 19.624448 90.585874
 141.000000 -2.512906 2.594673 20.804907 1.890150
 141.200000 -2.295392 2.689666 19.873972 34.195045
 141.400000 -2.241855 2.739805 19.491836 73.908753
 141.600000 -2.374872 2.650129 20.269580 22.169977
 141.800000 -2.472898 2.632733 20.719743 13.529741
 142.000000 -3.038635 2.816120 12.683623 1437.781366
 142.200000 -3.137215 2.999817 8.162250 2910.434891
 142.400000 -2.976864 2.955396 14.813051 999.242054
 142.600000 -2.467543 2.665251 20.721036 15.272399
 142.800000 -2.154332 2.737460 18.578816 141.241116
 143.000000 -2.116014 2.533519 18.131797 125.836800
 143.200000 -1.842601 2.508336 16.858159 7.673306
 143.400000 -2.172716 2.653769 18.814648 138.185546
 143.600000 -1.943242 2.932248 16.935681 10.365757
 143.800000 -2.433763 2.548475 20.594861 22.358728
 144.000000 -2.463125 2.541246 20.725704 16.597340
 144.200000 -2.619891 2.889909 20.624398 35.605604
 144.400000 -2.900915 2.732708 16.991853 641.800398
 144.600000 -2.813494 2.838760 18.785995 242.000203
 144.800000 -2.681316 2.822872 20.192045 61.674810
 145.000000 -2.604995 2.666770 20.707807 27.124450
 145.200000 -2.460685 2.677734 20.762845 17.526378
 145.400000 -2.322986 2.854003 20.109619 25.102690
 145.600000 -2.665636 2.628525 20.332339 57.146081
 145.800000 -2.744094 3.025977 19.660324 98.851018
 146.000000 -2.901230 2.847308 16.989794 646.319366
 146.200000 -2.607356 2.694700 20.743777 29.366590
 146.400000 -2.314554 2.705856 20.088465 27.532771
 146.600000 -2.431314 2.654657 20.655377 23.275310
 146.800000 -2.190777 2.963385 19.081413 128.016068
 147.000000 -2.422918 2.706079 20.614569 23.909900
 147.200000 -2.692828 2.610757 20.160404 69.180070
 147.400000 -2.789143 3.000600 19.172832 177.960607
 147.600000 -2.961511 3.074407 15.299373 940.022404
 147.800000 3.061598 2.671997 3.375366 2991.554489
 148.000000 -2.971622 2.990862 14.985378 989.106475
 148.200000 -2.644687 3.020971 20.558655 50.876120
 148.400000 -2.763814 2.393297 19.500890 129.839676
 148.600000 -2.424934 2.853722 20.682003 23.944022
 148.800000 -2.433417 2.688965 20.723194 23.150182
 149.000000 -2.489572 2.453718 20.951524 8.407183
 149.200000 -2.355832 2.944041 20.376083 23.442120
 149.400000 -2.431819 2.779195 20.748059 23.302868
 149.600000 -2.770660 2.608171 19.439241 143.619669
 149.800000 -2.722512 2.769650 19.944540 86.929320
 150.000000 -2.785588 2.752656 19.251407 174.597977
 150.200000 -2.670991 2.745336 20.415964 63.289045
 150.400000 -2.429980 2.842850 20.772087 23.415668
 150.600000 -2.651791 2.577094 20.563750 55.070801
 150.800000 -2.603477 2.790098 20.876486 28.081478
 151.000000 -2.723654 2.907340 19.960575 89.389541
 151.200000 3.134762 2.514889 7.517873 3078.332830
 151.400000 3.088076 2.952117 4.852985 3297.957563
 151.600000 3.115066 2.807114 6.406278 3272.592214
 151.800000 -2.742715 2.738646 19.800950 109.251996
 152.000000 -2.251496 2.707968 19.789567 73.037535
 152.200000 -1.713722 2.637207 17.933367 226.389359
 152.400000 -1.965287 2.078463 17.033387 23.841920
 152.600000 -1.656724 2.385049 18.832454 248.241423
 152.800000 -1.982377 2.652742 17.121737 29.870023
 153.000000 -2.359386 2.709609 20.487444 24.880601
 153.200000 -2.881782 2.740462 17.519030 583.256298
 153.400000 2.994144 2.978848 0.234053 1458.221436
 153.600000 -3.064559 2.974376 11.633373 1763.474611
 153.800000 -2.809219 2.516478 18.981917 260.535063
 154.000000 -2.099153 2.825075 18.085615 125.066487
 154.200000 -1.878832 2.543943 16.744890 1.539740
 154.400000 -2.102422 2.241712 18.132120 129.424379
 154.600000 -1.714414 2.520738 17.887232 221.583431
 154.800000 -1.914570 2.694929 16.827703 10.486792
 155.000000 -2.980600 2.435857 14.705808 1047.574210
 155.200000 3.083085 -3.116631 4.575984 3273.543536
 155.400000 3.133262 2.935596 7.445016 3096.547757
 155.600000 -2.725257 2.468533 20.088621 100.095681
 155.800000 -1.897235 2.846046 16.780159 6.194025
 156.000000 -1.962779 2.525037 17.034204 25.046259
 156.200000 -2.168483 2.393735 18.968777 158.433594
 156.400000 -2.034588 2.902161 17.496452 62.248185
 156.600000 -2.214593 2.633286 19.520504 122.330369
 156.800000 -2.156871 2.469558 18.821989 160.629908
 157.000000 -2.033248 2.691968 17.485922 61.177237
 157.200000 -1.726739 2.682267 17.661241 191.976277
 157.400000 -2.142341 2.245212 18.654810 159.539697
 157.600000 -1.819314 2.592796 16.804994 15.911771
 157.800000 -2.185325 2.665266 19.196502 150.723792
 158.000000 -2.655148 2.682574 20.759322 59.015801
 158.200000 -3.046745 2.952101 12.364896 1536.876632
 158.400000 2.966588 2.950068 -0.002287 0.191414
 158.600000 -2.951907 2.709458 15.612601 926.677753
 158.800000 -2.214933 2.735138 19.565599 123.765330
 159.000000 -1.772086 2.557794 17.114487 88.677637
 159.200000 -1.980367 2.301340 17.169220 34.173479
 159.400000 -1.816636 2.443133 16.806571 16.611188
 159.600000 -2.063478 2.730037 17.795436 91.433492
 159.800000 -2.375714 2.508137 20.765216 26.833746
 160.000000 -2.821904 2.798746 18.859534 333.088882
 160.200000 3.030555 2.872227 1.785269 2293.640515
 160.400000 -2.997089 2.829755 14.169576 1139.819428
 160.600000 -2.324590 2.608538 20.514954 34.038910
 160.800000 -2.034824 2.665390 17.561162 65.745049
 161.000000 -1.711156 2.575568 17.838506 210.852776
 161.200000 -2.245867 2.345015 19.951847 90.518416
 161.400000 -2.313086 2.814115 20.470311 38.459186
 161.600000 -2.759286 2.674539 19.847245 155.681312
 161.800000 3.102378 2.771269 5.717953 3332.686631
 162.000000 -2.982314 3.034284 14.663600 1065.222817
 162.200000 2.921594 2.639980 -0.000007 0.000000
 162.400000 3.134355 2.759524 7.541588 3075.287562
 162.600000 -2.965815 2.927772 15.198226 993.804425
 162.800000 -3.006890 2.685651 13.842994 1199.463723
 163.000000 -2.759046 2.855165 19.871312 156.797115
 163.200000 -2.786889 2.826659 19.509506 224.010043
 163.400000 3.063251 2.711515 3.496909 3058.260090
 163.600000 -3.067050 2.853173 11.563923 1777.414667
 163.800000 -2.671384 2.884363 20.781614 69.441138
 164.000000 -2.578353 2.603874 21.364287 12.726744
 164.200000 -2.129824 2.606674 18.636014 157.609170
 164.400000 -1.810821 2.610219 16.817424 17.012510
 164.600000 -1.778043 2.349368 17.015911 63.802592
 164.800000 -2.151962 2.501109 18.918049 165.179128
 165.000000 -2.467887 2.713107 21.338666 14.763476
 165.200000 -2.993975 2.778718 14.313681 1124.142261
 165.400000 2.969353 2.802315 -0.004072 0.634107
 165.600000 -2.739027 3.024305 20.171597 128.200874
 165.800000 -2.597222 2.299596 21.332103 23.586583
 166.000000 -2.091267 2.652062 18.194442 125.054412
 166.200000 -1.845006 2.778868 16.744511 0.059358
 166.400000 -2.267939 2.377355 20.264329 70.393676
 166.600000 -2.102232 2.492338 18.337563 137.135699
 166.800000 -1.825248 2.890494 16.768848 5.129080
 167.000000 -2.432439 2.426789 21.232046 23.262210
 167.200000 -2.788499 2.530154 19.557651 236.327590
 167.400000 -2.960803 -3.087229 15.407532 975.489762
 167.600000 2.989891 2.537241 0.108196 1179.534114
 167.800000 -2.413573 2.879262 21.162709 25.388778
 168.000000 -1.585398 2.708638 19.481239 138.336015
 168.200000 -1.951833 2.080544 17.118420 31.595293
 168.400000 -1.652062 2.145601 18.571824 209.805895
 168.600000 -1.852133 2.702216 16.754618 0.357874
 168.800000 -2.045989 2.864126 17.787703 81.413824
 169.000000 -2.796871 2.557909 19.443887 265.285077
 169.200000 -2.686292 3.095336 20.795208 81.411665
 169.400000 -2.938791 2.960191 16.098680 891.794496
 169.600000 -2.776294 2.795319 19.777509 207.265335
 169.800000 -2.443206 2.732459 21.352475 21.054165
 170.000000 -2.099228 2.812577 18.359786 137.062279
 170.200000 -1.993499 2.575893 17.406568 47.412122
 170.400000 -1.969282 2.320737 17.248805 38.039529
 170.600000 -1.874051 2.664182 16.805576 6.101516
 170.800000 -2.205860 2.650918 19.725325 140.775368
 171.000000 -2.771671 2.743410 19.866497 197.930265
 171.200000 3.020157 3.049268 1.357636 2054.723171
 171.400000 -2.850140 3.045720 18.467566 499.946985
 171.600000 -2.198263 2.507676 19.655266 149.105736
 171.800000 -1.720018 2.211970 17.574598 157.026500
 172.000000 -1.780498 2.390896 16.977053 45.514211
 172.200000 -2.319166 2.564537 20.773977 37.473989
 172.400000 -3.063872 3.017231 11.793617 1722.019772
 172.600000 -2.925220 3.088655 16.526827 847.470315
 172.800000 -2.263987 2.515049 20.371410 75.937521
 173.000000 -1.634668 2.068881 18.736151 184.559250
 173.200000 -0.869812 1.499228 10.089102 1376.644547
 173.400000 -1.382024 1.201895 21.102705 27.057154
 173.600000 -1.971294 0.863934 17.312693 39.256906
 173.800000 -1.430518 0.196159 20.774898 62.271483
 174.000000 -0.620574 -0.088815 0.170288 1039.426049
 174.200000 -0.783643 -0.155924 6.674766 1729.179043
 174.400000 -1.743592 0.500805 17.289907 102.768215
 174.600000 -1.279139 1.291053 20.980092 71.276313
 174.800000 -0.783631 1.750685 6.674254 1729.229990
 175.000000 -0.937707 2.143947 12.483430 1180.302162
 175.200000 -1.003288 2.524017 14.618113 997.024822
 175.400000 -0.641553 2.181827 0.818153 1171.795347
 175.600000 -0.794941 1.613346 7.114824 1679.796227
 175.800000 -1.643732 0.969618 18.558153 182.015166
 176.000000 -1.236926 0.427379 20.460552 220.013159
 176.200000 -0.707083 0.203561 3.360416 1800.359762
 176.400000 -0.877647 -0.017560 10.296152 1346.684248
 176.600000 -0.654565 -0.231580 1.256714 1338.471885
 176.800000 -0.762954 0.096143 5.755175 1804.890174
 177.000000 -1.122249 0.410545 18.012070 663.569204
 177.200000 -1.658949 1.077344 18.321678 181.390778
 177.400000 -0.905992 1.465405 11.294149 1260.468040
 177.600000 -1.140115 1.517544 18.437458 607.517230
 177.800000 -1.440088 1.249692 20.608843 66.729418
 178.000000 -1.575659 0.694381 19.354842 118.147215
 178.200000 -0.851149 0.470711 9.262917 1432.217225
 178.400000 -1.128364 0.361382 18.119470 643.977369
 178.600000 -1.440323 0.779151 20.587289 66.713169
 178.800000 -1.870419 1.439726 16.891777 7.828547
 179.000000 -0.956965 1.635312 13.030288 1125.518596
 179.200000 -0.623894 1.714520 0.147361 1040.834922
 179.400000 -0.744963 2.192314 4.929044 1843.998300
 179.600000 -0.941651 2.416178 12.490014 1165.776023
 179.800000 -0.691638 2.176504 2.656144 1713.028147
 180.000000 -0.821192 1.792632 8.085963 1553.365999
 180.200000 -0.786509 1.321324 6.669630 1707.256129
 180.400000 -1.121787 1.357864 17.907724 660.699235
 180.600000 -1.522781 0.736792 19.824410 86.526817
 180.800000 -0.664634 0.291850 1.562359 1460.330038
 181.000000 -1.404426 0.493924 20.818864 44.473032
 181.200000 -1.190654 1.312328 19.488840 414.799113
 181.400000 -0.659005 1.223251 1.335942 1394.654257
 181.600000 -0.646967 1.204583 0.898972 1240.119835
 181.800000 -1.512129 1.258451 19.904354 83.748861
 182.000000 -1.045021 0.407797 15.760069 879.451291
 182.200000 -0.780058 0.072448 6.375426 1728.185588
 182.400000 -0.755770 -0.227747 5.352099 1816.167225
 182.600000 -0.615840 -0.031605 -0.027231 2.572979
 182.800000 -1.019858 0.574739 14.981436 953.772979
 183.000000 -1.770727 1.146551 17.056040 41.514242
 183.200000 -1.525097 1.462709 19.750715 87.899783
 183.400000 -0.809192 1.369496 7.553362 1591.355362
 183.600000 -1.858170 1.233329 16.897180 4.885461
 183.800000 -1.513228 0.727242 19.860907 84.623028
 184.000000 -0.800694 0.353773 7.212283 1630.966145
 184.200000 -0.799650 0.017584 7.161939 1632.022999
 184.400000 -0.810734 0.223859 7.606129 1579.765483
 184.600000 -1.201912 0.301500 19.645794 363.841199
 184.800000 -1.463241 0.901053 20.292199 74.698464
 185.000000 -0.687536 1.347530 2.428570 1695.948596
 185.200000 -0.785639 2.018716 6.584700 1694.321641
 185.400000 -0.894726 2.333529 10.747777 1271.806500
 185.600000 -0.876432 2.303198 10.089237 1321.136953
 185.800000 -0.917169 1.885988 11.539566 1218.367046
 186.000000 -1.199688 1.345932 19.582463 371.001493
 186.200000 -1.523294 0.550645 19.722010 88.499619
 186.400000 -0.880143 0.226791 10.215566 1305.677318
 186.600000 -0.758517 0.246011 5.446857 1806.340621
 186.800000 -1.205892 0.083371 19.678759 344.041841
 187.000000 -0.800077 0.402931 7.169860 1622.026965
 187.200000 -1.184005 0.818301 19.230122 428.104385
 187.400000 -1.562867 1.128977 19.319552 105.623503
 187.600000 -1.230217 1.075253 20.075580 244.522146
 187.800000 -1.349112 0.750015 20.933227 1.392810
 188.000000 -1.503360 0.564504 19.893011 83.955253
 188.200000 -1.227251 0.937797 20.010471 254.955766
 188.400000 -1.406490 1.434895 20.681614 42.300099
 188.600000 -1.165079 0.859348 18.808156 495.475549
 188.800000 -1.012377 0.180892 14.666653 977.621688
 189.000000 -0.660116 -0.313070 1.311644 1446.441988
 189.200000 -0.551555 -0.279809 -0.000001 0.000000
 189.400000 -1.150321 0.343957 18.459261 544.222270
 189.600000 -1.338418 1.463915 20.907417 0.088378
 189.800000 -1.328534 1.870519 20.897965 2.643249
 190.000000 -0.643994 1.902606 0.712311 1248.878973
 190.200000 -1.272927 1.899860 20.568685 95.012036
 190.400000 -1.583778 1.463671 19.058931 119.181576
 190.600000 -0.735278 0.220754 4.447798 1873.992983
 190.800000 -0.669936 -0.672349 1.681446 1576.530294
 191.000000 -0.674072 -0.483849 1.846836 1619.922790
 191.200000 -0.621140 0.329517 -0.019164 59.013520
 191.400000 -1.517417 1.541465 19.719729 90.195944
 191.600000 -1.921214 2.062037 17.196013 27.623906
 191.800000 -1.923794 2.995919 17.209657 28.310345
 192.000000 -2.420796 2.996607 21.565011 19.940086
 192.200000 -3.028554 2.283558 13.212337 1344.636096
 192.400000 -3.117631 3.001669 9.373706 2562.948113
 192.600000 -3.098665 -2.986942 10.301950 2231.770012
 192.800000 3.076206 2.559741 4.373542 3296.860352
 193.000000 -2.377717 2.883356 21.369987 23.537929
 193.200000 -1.835505 2.860759 16.906956 0.688869
 193.400000 -1.957560 1.985297 17.411359 36.379083
 193.600000 -1.592822 1.703049 18.922621 126.077324
 193.800000 -0.835202 0.827168 8.531692 1418.270194
 194.000000 -1.725919 0.538479 17.389234 89.407581
 194.200000 -1.711383 0.230133 17.527194 106.581649
 194.400000 -1.594605 0.175606 18.890978 127.771860
 194.600000 -0.704921 0.784761 3.136659 1865.247223
 194.800000 -1.380170 1.464681 20.769499 16.719338
 195.000000 -0.946055 1.013751 12.447051 1138.741433
 195.200000 -1.441796 0.567248 20.370751 65.024397
 195.400000 -0.712178 0.298581 3.451108 1892.247971
 195.600000 -1.380699 0.650613 20.759175 16.553732
 195.800000 -1.536570 1.257357 19.499145 100.654200
 196.000000 -1.331811 1.219986 20.827483 2.521490
 196.200000 -1.212125 1.035918 19.644242 301.509504
 196.400000 -1.432772 0.740774 20.437742 58.621416
 196.600000 -0.947498 0.805962 12.477476 1133.368243
 196.800000 -1.722813 1.137026 17.406494 88.191015
 197.000000 -1.153048 1.030165 18.451805 515.731997
 197.200000 -1.255402 0.908541 20.276625 148.499372
 197.400000 -1.418439 0.927104 20.538677 47.015312
 197.600000 -1.071256 1.068928 16.353533 798.499990
 197.800000 -1.572123 1.327663 19.116985 117.933739
 198.000000 -1.625608 1.032789 18.505249 142.118698
 198.200000 -1.211989 0.659225 19.623881 299.452147
 198.400000 -1.645386 0.783928 18.262620 144.581484
 198.600000 -1.167176 1.318598 18.750462 462.439713
 198.800000 -0.903887 1.417970 10.977567 1193.304217
 199.000000 -1.439351 1.238820 20.381673 62.290803
 199.200000 -1.296860 0.457903 20.648743 43.136039
 199.400000 -0.880925 0.329748 10.175448 1234.246119
 199.600000 -0.817569 0.198430 7.859137 1474.833647
 199.800000 -1.314923 0.270314 20.744807 16.602092
 200.000000 -1.060827 0.780599 16.047123 836.296118
 200.200000 -1.857622 1.662660 17.067193 6.666704
 200.400000 -1.787963 2.227114 17.076190 10.738147
 200.600000 -2.110415 2.765544 18.846193 152.770092
 200.800000 -2.724445 2.835662 20.901829 130.171482
 201.000000 -3.037787 2.966101 12.937673 1417.973332
 201.200000 3.081703 2.827883 4.767024 3330.993486
 201.400000 3.110238 2.765705 6.420885 3324.996131
 201.600000 -3.033005 2.838687 13.112028 1375.805570
 201.800000 -2.716504 2.767232 20.990680 118.219211
 202.000000 3.094304 2.725272 5.497373 3375.147454
 202.200000 -3.085063 3.130777 10.994393 2002.126547
 202.400000 -2.948213 2.758495 15.964822 973.893690
 202.600000 -2.498535 2.754700 21.955280 4.622343
 202.800000 -1.789473 2.651909 17.074538 9.455604
 203.000000 -1.792172 2.313169 17.066592 7.917233
 203.200000 -1.689961 2.179750 17.817850 119.164516
 203.400000 -1.968748 2.635095 17.589053 35.892425
 203.600000 -2.070719 2.943335 18.388361 106.728117
 203.800000 -2.486881 2.541759 21.925828 7.156535
 204.000000 -2.603265 2.624655 21.850341 18.980041
 204.200000 -2.823683 3.106495 19.318347 449.915340
 204.400000 -3.038362 3.030619 12.907010 1417.845922
 204.600000 -2.829788 2.662614 19.186761 479.250936
 204.800000 -2.862695 2.895005 18.408256 642.485208
 205.000000 -2.980644 2.869388 14.921460 1075.203991
 205.200000 -3.088581 2.856134 10.836326 2053.650019
 205.400000 -2.499414 2.918689 21.955562 4.444444
 205.600000 -2.199165 2.446803 20.012500 164.665264
 205.800000 -2.019873 2.602271 17.932862 58.459142
 206.000000 -1.693736 2.834182 17.772059 112.738760
 206.200000 -2.099226 2.401792 18.703059 140.674959
 206.400000 -2.425051 2.335293 21.701744 18.359874
 206.600000 -2.104924 3.028968 18.771430 147.192130
 206.800000 -2.282083 2.846954 20.898096 68.007263
 207.000000 -2.248746 2.383057 20.589466 105.767252
 207.200000 -1.983179 2.621154 17.678932 39.379600
 207.400000 -1.907471 2.608666 17.271265 20.460138
 207.600000 -2.274558 2.503516 20.836477 75.723374
 207.800000 -2.082390 2.798496 18.511679 120.874607
 208.000000 -1.911268 2.828745 17.288636 21.390746
 208.200000 -1.800560 2.352564 17.069896 3.367037
 208.400000 -1.585004 2.178949 19.016358 130.221644
 208.600000 -1.721572 2.448777 17.496756 76.112747
 208.800000 -2.136014 2.714581 19.173051 175.774576
 209.000000 3.088284 2.860361 5.145777 3374.279613
 209.200000 3.103668 2.927047 6.039315 3369.984008
 209.400000 -2.786902 3.099497 20.028694 299.492268
 209.600000 -2.365711 2.661467 21.435487 24.807174
 209.800000 -1.777195 2.397942 17.142523 15.332380
 210.000000 -1.771790 2.440087 17.165036 19.483113
 210.200000 -2.088717 2.577045 18.593594 128.575470
 210.400000 -2.621202 2.713350 21.765463 27.927877
 210.600000 -2.950988 2.893284 15.852578 976.570397
 210.800000 -2.885306 2.933691 17.795451 757.139981
 211.000000 -2.360793 2.766574 21.413883 25.627379
 211.200000 -2.464419 2.467653 21.860077 11.145155
 211.400000 -2.050094 2.850516 18.201588 83.963625
 211.600000 -2.089889 2.772973 18.611061 129.895155
 211.800000 -1.931783 2.249389 17.411773 25.014520
 212.000000 -1.783690 2.275615 17.129594 10.305894
 212.200000 -1.934271 2.568638 17.432626 25.298755
 212.400000 -2.582242 2.732412 21.926662 8.398993
 212.600000 2.895940 2.845815 -0.000008 0.000000
 212.800000 2.983614 2.905029 0.037534 615.363788
 213.000000 -2.878036 2.704087 17.986995 728.395590
 213.200000 -2.941705 2.916028 16.128630 949.992420
 213.400000 3.013428 2.833362 1.189543 1894.752838
 213.600000 3.051139 2.620594 3.046057 2913.301487
 213.800000 -2.806174 2.887652 19.673211 384.790071
 214.000000 -2.693996 2.858206 21.240081 87.552853
 214.200000 -2.886758 2.594277 17.742426 769.648470
 214.400000 -3.061038 3.000257 12.015346 1636.611893
 214.600000 -3.133465 2.866527 8.630889 2822.856572
 214.800000 -2.549700 2.542066 21.987196 0.723513
 215.000000 -1.987113 2.754119 17.742119 38.988179
 215.200000 -1.733016 2.384575 17.415708 52.824860
 215.400000 -1.904514 2.225907 17.317950 18.372655
 215.600000 -1.838581 2.420391 17.117025 1.884605
 215.800000 -1.944236 2.940449 17.506198 26.536993
 216.000000 -2.455723 2.569486 21.835974 11.996337
 216.200000 -2.477142 2.763884 21.903756 7.804466
 216.400000 -3.030223 2.812093 13.197088 1317.255779
 216.600000 -3.024436 2.988589 13.405328 1273.604446
 216.800000 -2.653559 2.689232 21.573640 48.125324
 217.000000 -2.188731 2.596272 19.910746 172.609990
 217.200000 -1.644757 2.579175 18.270162 126.131941
 217.400000 -1.879661 2.291603 17.242351 11.990124
 217.600000 -2.032897 2.510978 18.085247 65.593152
 217.800000 -1.912950 2.923048 17.375114 19.656653
 218.000000 -2.080822 2.594451 18.537463 116.793926
 218.200000 -2.111550 2.332087 18.899945 152.095533
 218.400000 -1.855136 2.772871 17.182520 5.676306
 218.600000 -2.245920 2.549265 20.601246 109.587106
 218.800000 -2.652557 2.623474 21.582581 46.797454
 219.000000 -3.021951 2.987287 13.495627 1251.527329
 219.200000 2.976822 2.890876 -0.027822 0.087010
 219.400000 -2.524153 2.775443 21.989819 0.351201
 219.600000 -1.817064 2.523058 17.146447 0.000181
 219.800000 -1.634219 2.133472 18.377995 125.679877
 220.000000 -1.837131 2.175521 17.160783 1.898513
 220.200000 -1.954481 2.512230 17.610475 27.012890
 220.400000 -2.085930 3.078004 18.614097 120.802407
 220.600000 -2.626656 2.471693 21.743214 29.097698
 220.800000 -2.648667 2.811071 21.611184 43.574344
 221.000000 -3.054465 3.127260 12.288717 1539.366600
 221.200000 -3.136163 2.688298 8.518525 2851.131947
 221.400000 -2.834457 2.977383 19.077336 530.012114
 221.600000 -3.092419 2.650031 10.686538 2074.990498
 221.800000 -2.787155 2.855539 20.039909 311.529056
 222.000000 -2.939458 2.911904 16.186093 943.222746
 222.200000 -3.104394 2.766665 10.133385 2280.307115
 222.400000 -2.989014 2.802945 14.616883 1076.517190
 222.600000 -2.853919 2.851151 18.611872 628.746161
 222.800000 -2.766329 2.668075 20.387696 236.473045
 223.000000 -2.771835 2.614123 20.301410 254.875604
 223.200000 -2.714126 -3.103884 21.064103 112.178699
 223.400000 2.950935 2.531354 -0.000436 0.004871
 223.600000 -2.910722 3.057942 17.055910 865.566615
 223.800000 -2.944880 2.859507 16.023838 955.969252
 224.000000 -2.833508 2.609736 19.107742 527.325906
 224.200000 -2.481417 2.849518 21.927203 6.035740
 224.400000 -2.216954 2.590564 20.288860 142.283396
 224.600000 -2.571700 2.226608 21.954012 4.790475
 224.800000 -1.857277 3.017867 17.261394 6.450358
 225.000000 -1.887494 2.561076 17.356591 13.523672
 225.200000 -1.647816 2.111824 18.203381 109.172098
 225.400000 -1.735250 2.427386 17.447693 36.838903
 225.600000 -1.892128 2.656118 17.385382 14.513773
 225.800000 -2.521787 2.910562 21.993801 0.376651
 226.000000 -2.991121 3.034262 14.561673 1080.882930
 226.200000 3.132575 3.117526 7.765850 3083.494479
 226.400000 -2.337528 2.792049 21.338752 33.031842
 226.600000 -1.696989 2.278461 17.731268 71.319006
 226.800000 -1.581176 1.834326 18.917519 118.598129
 227.000000 -1.622019 1.545160 18.472930 116.278154
 227.200000 -1.323115 0.933591 20.534340 16.529698
 227.400000 -0.833709 0.186731 8.392433 1339.130333
 227.600000 -0.556199 -0.748601 -0.000000 0.000000
 227.800000 -0.776601 -0.280678 6.160602 1742.823358
 228.000000 -0.732064 0.811516 4.222819 2010.699417
 228.200000 -1.224872 1.722929 19.555173 229.546417
 228.400000 -1.212570 1.889305 19.361390 267.153294
 228.600000 -0.716232 1.679841 3.498574 2035.004104
 228.800000 -1.041708 1.662603 15.303578 920.740822
 229.000000 -1.171705 0.930416 18.616362 402.694575
 229.200000 -1.496468 0.347376 19.769685 91.806535
 229.400000 -1.132741 0.136442 17.756322 547.679016
 229.600000 -0.599608 0.287404 -0.000067 0.000216
 229.800000 -1.341441 0.491245 20.560022 3.731651
 230.000000 -1.888293 1.119694 17.415216 13.624397
 230.200000 -0.845815 1.277689 8.799001 1276.224911
 230.400000 -1.489200 1.698467 19.828974 87.440108
 230.600000 -1.728470 1.286112 17.518046 38.091415
 230.800000 -0.834192 0.305397 8.379158 1334.882822
 231.000000 -1.065700 0.033960 15.991343 827.473841
 231.200000 -0.733183 -0.417638 4.231307 2011.991976
 231.400000 -0.787885 -0.187165 6.586304 1656.737337
 231.600000 -0.803677 0.361565 7.217035 1535.012414
 231.800000 -1.767869 1.079639 17.338451 10.279631
 232.000000 -1.397279 1.700539 20.473723 15.421946
 232.200000 -0.732375 1.545087 4.187424 2017.406621
 232.400000 -1.165320 1.813273 18.436150 421.550392
 232.600000 -0.685836 1.749381 2.100999 1912.790270
 232.800000 -0.674152 1.815526 1.597336 1798.555171
 233.000000 -1.108497 2.274702 17.130580 644.487858
 233.200000 -0.563770 2.011717 -0.000000 0.000000
 233.400000 -0.663597 2.101295 1.150034 1669.546284
 233.600000 -1.243769 1.743344 19.755106 173.848269
 233.800000 -1.633772 0.983782 18.333518 101.658719
 234.000000 -0.916676 0.024277 11.200781 1110.068281
 234.200000 -0.692564 -0.352197 2.385409 1969.004058
 234.400000 -0.675585 -0.419776 1.645156 1820.438267
 234.600000 -0.643703 -0.028774 0.358601 1543.607288
 234.800000 -1.482005 0.627869 19.864096 81.017914
 235.000000 -1.423905 1.206423 20.310519 35.881360
 235.200000 -0.777005 1.162781 6.123433 1745.679066
 235.400000 -1.444872 1.239844 20.162257 53.374186
 235.600000 -1.509289 0.779739 19.601907 94.072432
 235.800000 -0.615642 0.144544 -0.001831 0.197778
 236.000000 -1.319088 0.103809 20.411020 22.114444
 236.200000 -1.463104 0.857700 20.015270 67.186231
 236.400000 -0.930441 1.611635 11.640952 1097.186242
 236.600000 -0.830183 2.077443 8.206541 1349.696168
 236.800000 -0.940744 2.602299 11.981952 1093.677691
 237.000000 -1.139620 2.326301 17.842146 512.652435
 237.200000 -1.959265 1.532044 17.782053 25.085072
 237.400000 -1.321023 0.429150 20.397299 20.745377
 237.600000 -0.371359 -0.368452 -0.000000 0.000000
 237.800000 -0.913838 -0.273834 11.085817 1102.833446
 238.000000 -1.238922 0.024879 19.641243 185.125518
 238.200000 -0.652691 0.405340 0.693616 1544.601615
 238.400000 -1.603553 1.045685 18.634382 105.580321
 238.600000 -1.513914 1.167983 19.548713 95.010505
 238.800000 -1.164380 0.950533 18.357890 415.893199
 239.000000 -1.681050 0.907839 17.890415 71.381917
 239.200000 -1.152702 0.756309 18.106136 456.412789
 239.400000 -1.377102 1.128554 20.458405 2.547722
 239.600000 -1.279157 1.021120 20.081788 88.214592
 239.800000 -1.441566 0.913318 20.169001 48.083704
 240.000000 -1.589207 0.976521 18.782666 106.775432
 240.200000 -1.064190 0.869680 15.874587 827.276213
 240.400000 -1.166076 1.149684 18.376849 405.974195
 240.600000 -1.705904 1.055206 17.699295 51.396482
 240.800000 -0.757967 0.552103 5.315676 1891.002309
 241.000000 -1.488422 0.745706 19.789463 81.889185
 241.200000 -0.809123 0.985012 7.415236 1479.015673
 241.400000 -1.608627 1.177256 18.586567 104.805085
 241.600000 -1.030253 0.757517 14.857670 955.948287
 241.800000 -1.475730 0.791131 19.903230 73.306972
 242.000000 -1.135740 0.995025 17.720223 517.747483
 242.200000 -1.203235 0.888188 19.049245 281.974331
 242.400000 -1.303480 0.900716 20.252164 46.047501
 242.600000 -1.457370 0.836560 20.056043 59.002456
 242.800000 -1.465065 1.105224 19.995440 65.025836
 243.000000 -1.501489 1.046971 19.675168 88.335169
 243.200000 -1.183204 0.788752 18.690888 343.108956
 243.400000 -1.527400 1.033827 19.429091 99.317100
 243.600000 -1.142187 0.961582 17.857709 488.891453
 243.800000 -1.710119 1.046057 17.675085 47.964233
 244.000000 -1.097888 0.874287 16.791681 676.069698
 244.200000 -1.533044 0.993473 19.380025 101.380957
 244.400000 -1.473275 1.109308 19.939553 70.121450
 244.600000 -0.744024 0.810419 4.700856 1985.807840
 244.800000 -1.279333 0.734339 20.046912 89.691760
 245.000000 -1.576025 0.865040 18.937266 108.944925
 245.200000 -0.887020 0.991628 10.171051 1120.057688
 245.400000 -1.702796 1.127091 17.730378 54.774850
 245.600000 -1.406433 0.778138 20.373451 15.454365
 245.800000 -1.230609 0.715973 19.462132 203.024894
 246.000000 -1.626079 1.124646 18.424423 103.356320
 246.200000 -1.018271 0.992942 14.478196 997.458335
 246.400000 -1.572556 0.975344 18.990673 110.543090
 246.600000 -1.286999 0.948283 20.109169 75.707214
 246.800000 -1.311144 0.881821 20.288061 37.193004
 247.000000 -1.354733 1.016454 20.448860 1.663227
 247.200000 -1.190345 0.875410 18.813320 315.502818
 247.400000 -1.433934 0.929896 20.249845 35.269107
 247.600000 -1.520569 1.198460 19.535767 97.044071
 247.800000 -1.223615 1.253432 19.355903 220.230105
 248.000000 -1.530510 0.898673 19.436751 101.244732
 248.200000 -1.106986 0.769654 17.028575 633.524274
 248.400000 -1.513590 1.159493 19.616685 93.759194
 248.600000 -1.348992 1.222221 20.444944 4.196887
 248.800000 -1.441650 0.634097 20.212390 40.998149
 249.000000 -1.015508 0.567723 14.391969 1008.057024
 249.200000 -1.469484 1.257085 20.023664 63.673900
 249.400000 -1.681733 1.312219 17.909035 76.201974
 249.600000 -0.861316 0.704818 9.295241 1183.089450
 249.800000 -0.676722 -0.123041 1.655881 1885.460189
 250.000000 -0.625349 -0.678774 -0.011122 6.009584
 250.200000 -0.834100 -0.150401 8.336012 1306.330736
 250.400000 -1.495895 0.634786 19.810979 83.070576
 250.600000 -1.610767 1.560923 18.621967 115.410110
 250.800000 -0.680342 1.893829 1.811837 1924.631067
 251.000000 -0.974958 2.023473 13.078124 1084.081893
 251.200000 -0.753360 2.356700 5.106008 1933.329723
 251.400000 -0.714066 1.990737 3.332919 2090.784730
 251.600000 -0.855492 1.706966 9.092554 1202.695834
 251.800000 -1.082206 0.961856 16.388604 750.239712
 252.000000 -1.120662 0.042024 17.376409 573.177909
 252.200000 -0.547730 -0.566287 -0.000000 0.000000
 252.400000 -0.891743 0.040222 10.321718 1113.417977
 252.600000 -1.860862 1.134326 17.397046 7.863674
 252.800000 -1.077965 1.638294 16.277993 771.588531
 253.000000 -0.906249 2.245667 10.804236 1101.388253
 253.200000 -1.014583 2.870853 14.374541 1024.218255
 253.400000 -1.295470 2.257187 20.192545 63.441395
 253.600000 -1.583227 1.529133 18.952257 121.573879
 253.800000 -1.018355 0.482888 14.494938 1013.631590
 254.000000 -0.686643 -0.074847 2.092258 1989.711944
 254.200000 -1.025628 -0.073025 14.730520 993.785241
 254.400000 -0.660387 0.307581 0.962041 1698.078059
 254.600000 -1.277433 0.890274 20.035253 95.250290
 254.800000 -1.299232 1.123002 20.224653 57.755220
 255.000000 -0.991828 0.951136 13.640798 1075.460672
 255.200000 -1.437104 0.921424 20.318168 32.138941
 255.400000 -1.462706 0.859297 20.150575 54.231107
 255.600000 -1.007795 1.046716 14.166425 1047.240856
 255.800000 -1.582553 1.083822 18.980416 123.891463
 256.000000 -0.933388 0.813682 11.708088 1102.455805
 256.200000 -0.752602 0.561956 5.087295 1938.173156
 256.400000 -1.478896 0.473280 20.036287 67.785873
 256.600000 -1.696033 0.747299 17.804736 71.802755
 256.800000 -0.945024 1.112655 12.098638 1107.261167
 257.000000 -1.728296 1.184004 17.564689 39.978450
 257.200000 -1.147722 0.581094 18.032345 453.575543
 257.400000 -0.897873 0.148097 10.534695 1111.079746
 257.600000 -0.715854 -0.282034 3.430372 2101.417482
 257.800000 -0.724615 -0.241899 3.831434 2086.784271
 258.000000 -0.677308 0.024742 1.687362 1918.235921
 258.200000 -1.178978 0.696927 18.659529 339.505802
 258.400000 -1.207813 1.567013 19.154706 253.862504
 258.600000 -0.730331 1.804177 4.096597 2068.386956
 258.800000 -0.849608 2.337104 8.900452 1221.430523
 259.000000 -1.016765 2.328423 14.479177 1029.985946
 259.200000 -0.831589 1.984447 8.264801 1310.663127
 259.400000 -0.981297 1.710378 13.326822 1103.593352
 259.600000 -1.237324 1.204648 19.592699 179.289071
 259.800000 -1.072430 0.404213 16.181155 800.946406
 260.000000 -0.718186 -0.433164 3.547591 2102.251386
 260.200000 -0.730408 -0.407147 4.112658 2069.390580
 260.400000 -0.732745 0.391178 4.218870 2059.246586
 260.600000 -1.410112 1.694354 20.492080 10.872641
 260.800000 -1.845983 2.389613 17.333434 4.104482
 261.000000 -2.503971 3.107212 21.805182 1.007713
 261.200000 3.118539 2.829032 6.883202 3251.525908
 261.400000 -2.696062 2.649832 21.163313 69.745356
 261.600000 -2.219666 2.739760 20.134018 135.080055
 261.800000 -1.956026 2.460056 17.734951 21.577169
 262.000000 -1.736818 2.414825 17.518984 36.038786
 262.200000 -2.024813 2.408556 18.098481 41.052232
 262.400000 -2.148124 2.877801 19.255125 144.170818
 262.600000 -2.581768 2.712145 21.732539 5.537456
 262.800000 -2.912287 2.562597 16.888346 893.744410
 263.000000 -2.946307 -2.984775 15.850071 964.401300
 263.200000 -2.888965 3.003346 17.562867 820.089940
 263.400000 -2.593612 2.618443 21.691794 8.209331
 263.600000 -1.787353 2.586083 17.316483 4.034820
 263.800000 -1.982560 2.519007 17.853311 25.909651
 264.000000 -1.816333 2.477510 17.290472 0.025437
 264.200000 -2.089540 2.611103 18.600291 91.683763
 264.400000 -2.156641 2.862797 19.342073 147.186364
 264.600000 -2.389888 2.651399 21.437749 19.918895
 264.800000 -2.637108 2.664260 21.515736 23.270530
 265.000000 -2.733897 2.770636 20.760043 136.557343
 265.200000 3.087085 3.089882 5.026217 3366.788711
 265.400000 -2.526221 2.814580 21.767089 0.005267
 265.600000 -2.038906 2.662403 18.178739 48.427850
 265.800000 -1.920778 2.252013 17.564566 17.251611
 266.000000 -1.688947 2.335566 17.902629 88.219211
 266.200000 -1.936810 2.409265 17.631490 18.969377
 266.400000 -2.351623 2.850685 21.228873 32.034354
 266.600000 3.119396 2.777335 6.885339 3240.593306
 266.800000 3.041322 3.089800 2.470557 2671.230383
 267.000000 3.124631 2.935298 7.181989 3180.637020
 267.200000 -2.955481 2.699630 15.523474 978.643350
 267.400000 -2.580075 3.014661 21.690843 5.170191
 267.600000 -2.710179 2.697626 20.983092 89.926031
 267.800000 -2.565271 2.827653 21.719714 2.645058
 268.000000 -2.689544 2.840667 21.161675 61.983433
 268.200000 -2.836008 2.879129 18.919494 568.434086
 268.400000 3.084664 2.885693 4.864375 3348.560027
 268.600000 3.037389 2.798661 2.259007 2563.381474
 268.800000 -2.576697 2.855998 21.692454 4.534429
 269.000000 -2.260401 2.512929 20.513786 97.695696
 269.200000 -1.585870 2.375527 19.058690 133.909726
 269.400000 -1.903566 2.267227 17.490720 14.926422
 269.600000 -1.934828 2.712201 17.619181 18.631736
 269.800000 -2.696248 2.757527 21.092817 70.538848
 270.000000 -3.045392 2.895226 12.489163 1408.343155
 270.200000 -2.987565 2.818568 14.481263 1052.258199
 270.400000 -2.997531 2.641455 14.155388 1087.518664
 270.600000 -2.871346 2.821188 17.996992 744.642349
 270.800000 -2.999936 2.957012 14.075909 1097.269270
 271.000000 -3.052780 2.606204 12.201602 1485.952883
 271.200000 -2.436476 3.017635 21.565174 10.575526
 271.400000 -2.975541 2.660202 14.864388 1018.344173
 271.600000 -3.050709 2.904289 12.277312 1463.893470
 271.800000 -3.094739 2.939758 10.435938 2091.384201
 272.000000 -2.845680 2.711047 18.661636 618.425570
 272.200000 -2.926581 2.757580 16.385695 920.183013
 272.400000 3.124884 3.107760 7.161903 3172.077282
 272.600000 -3.101569 2.834679 10.115735 2213.249188
 272.800000 -2.388213 2.801057 21.369685 20.709790
 273.000000 -1.788989 2.678842 17.314486 4.354120
 273.200000 -1.624208 2.371672 18.627612 135.019957
 273.400000 -1.997429 2.222402 17.905126 27.504137
 273.600000 -1.960309 2.721014 17.724813 20.714046
 273.800000 -1.909980 2.945621 17.510759 15.412358
 274.000000 -2.300902 2.381757 20.832517 62.303832
 274.200000 -2.285635 2.425808 20.697984 74.736710
 274.400000 -1.764766 2.982979 17.391804 17.056717
 274.600000 -2.014576 2.592188 17.996924 32.870140
 274.800000 -2.020354 2.410558 18.030630 35.240800
 275.000000 -1.772993 2.701339 17.360662 11.843518
 275.200000 -1.932202 2.583950 17.601900 17.567450
 275.400000 -2.312662 2.441420 20.906376 53.759753
 275.600000 -2.303587 2.937075 20.837908 60.215860
 275.800000 -2.867320 2.779876 18.086769 717.337153
 276.000000 3.046533 2.777829 2.706362 2779.015805
 276.200000 -3.114020 2.852160 9.504232 2448.310146
 276.400000 -3.010119 2.761488 13.726916 1147.928589
 276.600000 -2.660372 2.748931 21.303978 37.359090
 276.800000 -2.690439 2.887963 21.092847 64.128346
 277.000000 -2.850513 2.684696 18.519925 634.391778
 277.200000 2.998120 3.005459 0.483716 1475.947057
 277.400000 -3.124480 2.918805 8.974088 2642.276970
 277.600000 -2.994175 2.647827 14.258158 1075.768341
 277.800000 -3.019812 2.798003 13.394476 1206.131218
 278.000000 -3.023007 2.773717 13.283046 1227.576654
 278.200000 -2.850170 2.796682 18.523418 628.786456
 278.400000 -2.550100 2.872986 21.670676 0.842562
 278.600000 -2.750362 2.614647 20.451725 180.096697
 278.800000 -2.576291 3.050226 21.631281 4.375971
 279.000000 -2.959610 2.776259 15.365601 978.097334
 279.200000 -3.098586 2.842589 10.244926 2176.933047
 279.400000 3.045327 2.957347 2.633802 2746.931800
 279.600000 -3.082232 2.924230 10.982897 1902.134117
 279.800000 -2.998542 2.707871 14.119506 1093.133216
 280.000000 -2.758095 3.053806 20.341700 204.082489
 280.200000 -2.790461 2.803816 19.815615 328.601849
 280.400000 2.966028 2.709582 -0.003295 0.392581
 280.600000 -2.458078 3.122915 21.565579 7.181454
 280.800000 -2.239901 2.516642 20.212660 116.282749
 281.000000 -1.825464 2.375909 17.301676 0.336981
 281.200000 -0.991378 2.538211 13.760959 1127.954413
 281.400000 -1.008245 1.841214 14.322332 1084.482022
 281.600000 -1.320338 0.693048 20.438199 35.971734
 281.800000 -0.616646 -0.208370 -0.001175 0.097152
 282.000000 1.325297 -1.408480 -0.000000 0.000000
