#! FIELDS time phi psi ves.bias ves.force2
#! SET min_phi -pi
#! SET max_phi pi
#! SET min_psi -pi
#! SET max_psi pi
 0.000000 -1.498385 0.273949 25.037724 141.910265
 0.200000 -1.066925 1.229742 21.085408 794.979088
 0.400000 -1.156743 1.765324 23.335080 500.675038
 0.600000 -0.514862 1.867676 -0.000579 0.021190
 0.800000 -0.682432 2.248297 6.347022 2053.714823
 1.000000 -1.126821 2.214818 22.641063 577.214451
 1.200000 -1.724312 1.847808 21.667704 135.915301
 1.400000 -1.935707 1.883629 21.352577 11.162804
 1.600000 -1.723050 2.529721 21.682497 138.901425
 1.800000 -1.881171 2.992339 21.168610 9.314564
 2.000000 3.140068 2.374209 10.459551 2453.424836
 2.200000 -2.987682 -3.068860 16.652789 1185.672668
 2.400000 -2.990677 2.775729 16.549571 1190.098965
 2.600000 -2.221907 2.436901 22.886447 51.425630
 2.800000 -1.880587 2.501159 21.377742 5.301375
 3.000000 -1.971493 2.514155 21.612209 5.894408
 3.200000 -2.345190 2.881959 23.629660 28.249347
 3.400000 -3.004029 2.881265 16.116249 1200.499376
 3.600000 2.994615 3.040503 2.379735 2676.783676
 3.800000 -2.397866 2.700613 23.903475 25.672174
 4.000000 -2.013557 2.493439 21.763368 5.314588
 4.200000 -1.829199 2.491271 21.484182 0.107549
 4.400000 -2.186034 2.635267 22.683717 51.230836
 4.600000 2.949153 2.605376 0.306252 1803.364766
 4.800000 -3.132594 -3.121379 11.057317 2327.002140
 5.000000 -3.030192 2.793413 15.263949 1294.359869
 5.200000 -2.546984 2.780497 24.349472 0.213137
 5.400000 -2.856717 2.884502 20.905670 667.487181
 5.600000 3.066743 2.986416 6.549034 3432.187364
 5.800000 3.115668 2.777187 9.323303 2907.158079
 6.000000 -2.743956 2.829932 23.068939 169.820750
 6.200000 -2.539541 2.827307 24.371668 0.143847
 6.400000 -2.999338 2.714785 16.543112 1201.264240
 6.600000 2.995141 3.127664 2.528089 2747.197149
 6.800000 2.951535 2.696974 0.478941 1752.413620
 7.000000 -2.356985 2.499734 23.683867 23.112135
 7.200000 -1.524094 2.507829 24.360850 129.155893
 7.400000 -1.590848 2.248002 23.582245 143.307522
 7.600000 -2.218064 2.135216 22.906862 41.601889
 7.800000 -2.447726 2.861826 24.113109 23.288802
 8.000000 -2.954132 3.034723 18.151775 1070.470043
 8.200000 3.110591 2.754104 9.289922 2992.368128
 8.400000 -2.386160 2.894920 23.805696 24.455717
 8.600000 -2.182637 2.451965 22.691278 44.980071
 8.800000 -2.197903 2.151812 22.793566 44.549493
 9.000000 -1.736199 2.934634 21.941614 71.342992
 9.200000 -2.123431 2.735568 22.365391 35.277354
 9.400000 -2.604979 2.426282 24.383811 12.324467
 9.600000 -2.710497 3.031847 23.625908 115.559364
 9.800000 2.933023 2.794454 -0.027454 2.589388
 10.000000 -2.544984 2.663483 24.459975 0.843119
 10.200000 -1.932334 2.580077 21.686538 8.183393
 10.400000 -2.110058 2.348861 22.321623 31.519383
 10.600000 -2.167904 2.594303 22.687005 45.842091
 10.800000 -2.755907 2.852751 23.108817 212.702931
 11.000000 2.920332 2.950769 -0.002920 0.560151
 11.200000 -3.087550 2.834478 13.502773 1717.467989
 11.400000 -2.659732 2.794115 24.190719 53.755417
 11.600000 -2.722724 2.820336 23.584896 142.550694
 11.800000 3.039170 2.884896 5.291833 3493.205182
 12.000000 -3.064391 3.032751 14.430249 1502.723761
 12.200000 -2.687049 2.779350 24.023561 85.232221
 12.400000 -2.254237 2.687623 23.309088 24.475964
 12.600000 -2.046073 2.677359 22.128050 15.231343
 12.800000 -2.275712 2.541136 23.408949 19.068840
 13.000000 -2.503766 2.763967 24.409782 17.700544
 13.200000 -2.857880 2.804847 21.209229 638.844298
 13.400000 3.090299 2.753225 8.379552 3319.961878
 13.600000 -2.676530 3.035643 24.170855 71.111735
 13.800000 -2.284341 2.535148 23.483453 14.490751
 14.000000 -2.083390 2.328427 22.353680 26.600776
 14.200000 -1.786382 2.549741 21.566693 12.012345
 14.400000 -2.031324 2.694000 22.156718 18.529313
 14.600000 -2.677725 2.621364 24.218641 72.022733
 14.800000 2.998383 2.980298 3.016318 3011.745270
 15.000000 3.011649 2.934575 3.759893 3262.815577
 15.200000 -2.569150 2.707436 24.687723 0.748539
 15.400000 -1.829909 2.681536 21.509349 0.100688
 15.600000 -1.714441 2.193632 22.021482 80.653596
 15.800000 -2.181150 1.405614 23.066629 38.990510
 16.000000 -1.440588 1.281680 24.931321 77.607389
 16.200000 -0.632902 0.748619 3.786776 1968.322107
 16.400000 -1.404094 0.910282 25.173270 40.317037
 16.600000 -1.603722 0.859981 23.204802 125.372838
 16.800000 -0.831821 1.011891 11.700712 1430.704993
 17.000000 -1.559637 1.319591 23.690558 117.137353
 17.200000 -1.542757 1.124251 23.862472 110.079816
 17.400000 -0.797155 0.739900 10.373455 1373.944729
 17.600000 -1.702546 0.889928 22.149279 89.159812
 17.800000 -1.148190 0.816260 22.696472 563.593720
 18.000000 -0.561333 0.874133 0.725217 1453.495081
 18.200000 -1.382770 1.374006 25.237517 17.714337
 18.400000 -1.551481 1.124298 23.775547 106.403735
 18.600000 -0.710929 0.423366 7.044618 1643.676350
 18.800000 -1.498916 0.313125 24.307818 98.316125
 19.000000 -1.196459 1.139346 23.720936 392.048026
 19.200000 -0.530901 1.486521 -0.008512 3.605829
 19.400000 -0.575249 2.071998 1.210202 1572.140373
 19.600000 -1.091321 2.449832 21.156089 803.222580
 19.800000 -0.685474 2.392560 5.950254 1796.562553
 20.000000 -1.125490 1.582386 22.076835 655.143806
 20.200000 -1.177420 0.454639 23.283658 464.709012
 20.400000 -0.488904 -0.667046 -0.000001 0.000000
 20.600000 -0.416933 -0.690917 -0.000000 0.000000
 20.800000 -1.152206 0.217533 22.714638 554.506121
 21.000000 -1.052208 1.197610 19.968951 1004.719420
 21.200000 -0.907136 1.874008 14.576082 1622.302401
 21.400000 -0.548506 1.901916 0.183651 1461.460390
 21.600000 -0.719381 2.124695 7.314756 1603.224866
 21.800000 -1.213419 1.800056 24.000485 325.540658
 22.000000 -0.753920 1.435698 8.664222 1462.589003
 22.200000 -1.643430 1.284206 22.913204 121.820861
 22.400000 -1.390185 0.692278 25.155693 20.412042
 22.600000 -0.965199 0.394392 16.905615 1516.964586
 22.800000 -0.801054 -0.041006 10.446375 1411.722032
 23.000000 -1.284376 0.135674 24.976371 79.512916
 23.200000 -1.482599 1.242885 24.499180 72.616887
 23.400000 -0.533401 1.906493 -0.015976 9.051280
 23.600000 -0.660553 2.405362 4.883609 1880.601669
 23.800000 -0.903845 1.991838 14.468122 1632.752343
 24.000000 -0.548688 1.551266 0.213517 1499.880981
 24.200000 -1.119907 1.481537 21.985576 657.634703
 24.400000 -1.409333 1.011819 25.050163 33.105378
 24.600000 -0.537245 0.004367 -0.027769 0.343754
 24.800000 -0.722376 -0.559600 7.489889 1568.412445
 25.000000 -0.789472 -0.256091 10.048571 1399.044869
 25.200000 -1.185079 0.311238 23.505933 413.363401
 25.400000 -1.124782 1.235130 22.127827 638.476550
 25.600000 -0.886307 1.538670 13.813395 1612.151776
 25.800000 -0.551050 1.628876 0.361615 1478.249403
 26.000000 -1.034561 2.346133 19.499483 1107.974357
 26.200000 -0.711993 2.454995 7.152849 1595.621272
 26.400000 -0.789862 2.101594 10.122967 1393.106857
 26.600000 -0.991313 1.253602 18.011694 1375.129321
 26.800000 -1.230116 0.347515 24.341357 243.648900
 27.000000 -0.793703 0.104892 10.266378 1395.582546
 27.200000 -0.625120 0.033408 3.520477 1922.295078
 27.400000 -0.860959 0.017043 12.890323 1567.842453
 27.600000 -0.740781 0.091574 8.321887 1460.145632
 27.800000 -0.748979 0.137050 8.633791 1435.561784
 28.000000 -1.344055 0.538980 25.261260 0.008040
 28.200000 -1.443478 1.362924 24.813058 53.843962
 28.400000 -0.801878 1.155101 10.683153 1414.081449
 28.600000 -0.984569 1.272368 17.861240 1378.682976
 28.800000 -1.675458 1.017634 22.581783 140.630659
 29.000000 -0.734471 0.199500 8.145477 1482.276225
 29.200000 -0.670305 -0.474887 5.609209 1814.865090
 29.400000 -0.541208 -0.667476 0.143709 1457.247127
 29.600000 -0.678532 0.058257 5.957548 1770.551837
 29.800000 -1.190329 1.185117 23.698690 395.147527
 30.000000 -1.612319 1.564842 23.325242 123.424935
 30.200000 -1.120217 1.381234 22.123705 641.351206
 30.400000 -1.036350 0.794740 19.735422 1022.309822
 30.600000 -1.607250 0.446978 23.391547 122.062815
 30.800000 -1.881513 0.690123 21.447353 8.740082
 31.000000 -1.157696 0.843967 23.023770 513.655959
 31.200000 -1.289323 1.260999 25.131829 50.410880
 31.400000 -1.326942 1.265883 25.294671 2.729447
 31.600000 -1.321196 0.694336 25.282925 5.955699
 31.800000 -1.279424 0.240961 25.054178 73.744844
 32.000000 -0.822996 0.552787 11.663116 1464.973760
 32.200000 -0.863142 0.594624 13.285938 1575.363006
 32.400000 -1.564136 0.624391 23.881104 87.281841
 32.600000 -1.221511 1.056450 24.358021 275.566978
 32.800000 -1.065640 1.431174 20.692980 853.832860
 33.000000 -1.367634 1.739744 25.280064 10.707778
 33.200000 -1.776598 1.501357 21.527471 44.744949
 33.400000 -1.114684 0.784869 22.070328 665.706065
 33.600000 -1.172946 0.592414 23.459901 470.546910
 33.800000 -1.549455 1.132550 24.044805 77.768427
 34.000000 -0.787389 1.065335 10.433259 1401.715261
 34.200000 -1.205780 1.245150 24.166705 347.072197
 34.400000 -1.526667 1.074529 24.277314 66.204513
 34.600000 -0.888300 0.343958 14.412636 1606.186348
 34.800000 -0.864265 -0.001225 13.452463 1579.294002
 35.000000 -0.588817 -0.435912 2.323613 1910.245152
 35.200000 -0.635480 -0.349086 4.441514 1976.512516
 35.400000 -0.825528 0.045524 12.002241 1492.246379
 35.600000 -0.905036 -0.010223 15.148494 1586.689681
 35.800000 -0.826687 0.155560 12.047032 1495.089825
 36.000000 -1.467679 0.946034 24.764714 53.556404
 36.200000 -1.129436 1.160775 22.542279 640.563181
 36.400000 -0.917463 1.054040 15.707562 1547.237458
 36.600000 -1.598529 1.013990 23.656473 133.491774
 36.800000 -1.177045 0.704615 23.672004 479.416092
 37.000000 -1.223595 0.774438 24.577569 277.484038
 37.200000 -1.462811 0.904208 24.874121 51.684170
 37.400000 -1.071630 1.088464 21.023978 812.866357
 37.600000 -1.587116 1.017764 23.817202 124.254876
 37.800000 -1.040361 0.646639 20.102137 931.356157
 38.000000 -0.935701 0.706856 16.485026 1469.979608
 38.200000 -1.348509 0.768416 25.563771 3.876952
 38.400000 -1.262930 1.038208 25.221858 115.241088
 38.600000 -0.588345 1.425720 2.468896 1964.729931
 38.800000 -0.886408 1.861198 14.621329 1586.432512
 39.000000 -0.658746 1.805657 5.611889 1891.426284
 39.200000 -0.701778 2.258219 7.473707 1653.044765
 39.400000 -1.092589 1.904450 21.688586 745.444193
 39.600000 -0.541171 1.841883 0.516731 1581.870583
 39.800000 -0.662056 1.665435 5.804756 1881.835300
 40.000000 -0.809979 1.850122 11.677108 1503.980905
 40.200000 -0.445283 1.997396 -0.000000 0.000000
 40.400000 -0.910122 2.059862 15.714487 1523.855186
 40.600000 -0.720286 2.040044 8.285697 1577.360390
 40.800000 -0.542042 1.823525 0.585518 1591.005288
 41.000000 -0.874342 1.925675 14.300158 1585.009172
 41.200000 -0.616880 1.857989 3.910379 2089.083614
 41.400000 -0.484588 1.768013 -0.000003 0.000000
 41.600000 -0.609287 1.898018 3.563233 2090.192554
 41.800000 -0.693252 1.933839 7.270780 1724.917861
 42.000000 -0.515772 2.005048 -0.010197 5.788040
 42.200000 -0.990934 1.965906 18.780558 1078.117782
 42.400000 -0.882405 1.884107 14.799370 1550.315074
 42.600000 -0.457964 1.587463 -0.000000 0.000000
 42.800000 -0.874268 1.905364 14.478440 1559.912734
 43.000000 -0.767278 1.965945 10.296792 1486.943371
 43.200000 -0.468517 1.980312 -0.000000 0.000000
 43.400000 -1.020925 1.911862 19.773454 915.187905
 43.600000 -0.612862 1.586641 3.890636 2133.409043
 43.800000 -0.557591 1.648610 1.390235 1849.228562
 44.000000 -1.055852 2.054155 20.795111 804.888570
 44.200000 -0.495147 1.994277 -0.000104 0.000816
 44.400000 -0.776185 2.159175 10.842233 1493.860750
 44.600000 -0.914116 1.920692 16.208305 1415.469300
 44.800000 -0.399636 1.660104 -0.000000 0.000000
 45.000000 -0.774211 1.808206 10.765961 1493.881988
 45.200000 -0.540555 2.104885 0.806169 1730.857243
 45.400000 -0.742204 2.209418 9.631093 1529.795667
 45.600000 -0.703807 2.002787 8.098041 1678.975811
 45.800000 -0.874610 1.979522 14.789927 1516.788198
 46.000000 -0.538096 1.728799 0.704254 1706.132013
 46.200000 -0.608750 1.929242 3.991721 2218.102254
 46.400000 -0.664536 1.894202 6.549738 1935.431563
 46.600000 -0.802747 1.992196 12.093069 1504.426858
 46.800000 -0.947917 1.897061 17.598315 1184.341365
 47.000000 -0.684214 2.007436 7.399836 1799.088150
 47.200000 -1.192783 1.991232 24.390844 456.723763
 47.400000 -0.956295 1.667549 17.956025 1105.920871
 47.600000 -0.737330 1.569483 9.680986 1533.030911
 47.800000 -0.635978 1.579601 5.383688 2139.515924
 48.000000 -1.339218 2.075238 25.852849 2.286867
 48.200000 -1.845834 2.351715 20.833078 0.154986
 48.400000 3.103636 2.846651 8.441966 3250.160103
 48.600000 3.008089 -2.999018 2.943783 2795.346055
 48.800000 3.120226 2.746953 9.370905 3011.853947
 49.000000 -2.399154 2.556923 22.849038 21.001566
 49.200000 -1.784020 2.907183 21.032825 57.793380
 49.400000 -2.167990 2.372866 22.349954 29.370961
 49.600000 -2.572911 2.348814 23.795456 3.639402
 49.800000 -2.627868 3.055082 23.762743 9.968348
 50.000000 -2.924511 2.758116 18.464080 898.655872
 50.200000 -2.894006 2.713265 19.321554 834.091522
 50.400000 -2.453006 2.872878 23.088233 49.986864
 50.600000 -2.902257 2.249808 19.081727 854.989345
 50.800000 -2.813603 2.995038 21.419208 505.091035
 51.000000 2.941695 2.875968 -0.009048 182.523975
 51.200000 -3.043729 2.455238 14.599791 1250.859519
 51.400000 -1.642817 2.941662 23.113110 333.911030
 51.600000 -1.845390 2.268051 20.746638 0.227329
 51.800000 -2.507308 1.857501 23.442929 42.512370
 52.000000 -2.105963 2.254224 21.867340 50.724882
 52.200000 -1.368154 2.991962 25.807081 21.391436
 52.400000 -2.528747 2.367462 23.547836 29.067218
 52.600000 -3.011941 2.431452 15.648526 1065.107909
 52.800000 2.991677 -2.904347 2.011287 2348.376517
 53.000000 2.941224 -3.124573 -0.022076 44.658791
 53.200000 -2.472309 2.538136 23.143337 56.532421
 53.400000 -1.318838 2.444948 25.927757 0.272506
 53.600000 -0.462277 1.868112 -0.000000 0.000000
 53.800000 -0.698173 1.382597 8.739582 1696.093301
 54.000000 -1.458217 0.742810 25.266528 42.849763
 54.200000 -1.958898 0.132504 20.929475 14.207980
 54.400000 -1.581925 0.104545 24.117565 205.041140
 54.600000 -1.706340 0.986754 21.901071 297.333520
 54.800000 -0.695079 1.755018 8.696338 1716.046904
 55.000000 -0.618460 2.262747 5.232138 2379.558670
 55.200000 -1.013304 2.519132 20.001474 693.314165
 55.400000 -1.709437 1.726532 21.835703 292.918642
 55.600000 -1.862824 1.270361 20.654623 0.535724
 55.800000 -0.845301 0.292427 14.555613 1416.254716
 56.000000 -0.506806 -0.538174 -0.008585 267.358502
 56.200000 -0.759040 -0.715219 11.365076 1439.902792
 56.400000 -0.397316 0.143118 -0.000000 0.000000
 56.600000 -1.467006 1.116880 25.226697 41.220190
 56.800000 -1.940356 1.460464 20.812845 10.304207
 57.000000 -1.330138 1.517973 25.938657 1.544945
 57.200000 -1.136733 1.621806 23.191998 655.837984
 57.400000 -1.918643 1.395600 20.728944 7.087626
 57.600000 -1.585934 0.740145 24.083787 224.900256
 57.800000 0.023938 -0.406607 -0.000000 0.000000
 58.000000 0.291914 -1.103628 -0.000000 0.000000
