#! FIELDS time phi psi ves.bias ves.force2
#! SET min_phi -pi
#! SET max_phi pi
#! SET min_psi -pi
#! SET max_psi pi
 0.000000 -1.498385 0.273949 27.215882 148.921278
 0.200000 -0.744336 0.334526 9.555826 1848.770879
 0.400000 -1.013739 0.473457 20.783732 1275.575562
 0.600000 -0.931712 0.331853 17.676357 1605.023403
 0.800000 -0.766974 0.284714 10.542249 1941.605036
 1.000000 -0.642357 0.306668 5.628047 1077.484328
 1.200000 -1.056863 0.285816 22.720470 1087.631467
 1.400000 -0.730031 0.146953 9.307313 1902.353977
 1.600000 -0.919000 -0.188485 17.559468 1674.933078
 1.800000 -0.581415 -0.345114 3.874047 731.519607
 2.000000 -0.660504 -0.181922 6.451282 1425.903554
 2.200000 -0.711513 0.273300 8.749749 1697.420493
 2.400000 -1.276687 0.705491 27.434201 104.552886
 2.600000 -1.027526 1.061546 21.868441 1152.614653
 2.800000 -0.570976 1.045035 3.849231 739.020931
 3.000000 -1.045791 1.191801 22.474513 1050.023375
 3.200000 -1.497511 0.794319 27.159739 183.307265
 3.400000 -0.688721 0.279722 8.053733 1582.330399
 3.600000 -0.750988 0.222139 10.628540 1813.513799
 3.800000 -0.602567 -0.291634 4.917651 1045.458791
 4.000000 -0.488054 -0.537409 2.002477 337.929196
 4.200000 -0.564393 -0.408114 3.875253 858.838625
 4.400000 -0.720440 0.135422 9.575930 1703.699502
 4.600000 -1.394795 0.965204 28.104365 4.392919
 4.800000 -1.647836 1.356846 24.636725 264.900184
 5.000000 -1.288399 0.821752 27.636830 102.453108
 5.200000 -1.028180 0.444280 22.085170 1122.552408
 5.400000 -0.639132 0.121043 6.538152 1420.129324
 5.600000 -0.591384 -0.223732 4.833687 1117.954556
 5.800000 -0.902003 0.061848 17.322146 1651.420602
 6.000000 -0.840103 0.235367 14.770167 1734.101844
 6.200000 -1.206563 0.731049 26.566012 287.005317
 6.400000 -1.630657 1.400975 24.914271 328.706674
 6.600000 -1.356066 1.270137 28.201837 13.170090
 6.800000 -0.968717 0.520990 20.032278 1396.752965
 7.000000 -0.728876 0.137792 10.331610 1720.391544
 7.200000 -0.557902 -0.143133 3.941636 975.987250
 7.400000 -0.539714 -0.342633 3.394226 836.695261
 7.600000 -0.686896 -0.069785 8.738207 1681.542046
 7.800000 -0.718525 0.296812 10.045814 1729.221483
 8.000000 -1.058159 0.391505 23.158176 908.853047
 8.200000 -1.329277 1.127116 28.133189 50.605019
 8.400000 -0.996464 1.490164 21.205471 1209.188886
 8.600000 -0.658835 1.297599 7.798244 1610.535620
 8.800000 -1.184130 1.410858 26.223295 343.262956
 9.000000 -1.681522 0.990525 24.023730 260.676107
 9.200000 -1.114055 0.636047 24.774307 590.753937
 9.400000 -1.556489 0.964871 26.455969 394.490980
 9.600000 -1.443387 1.353395 28.156093 68.082897
 9.800000 -1.148890 1.007655 25.568555 455.155810
 10.000000 -1.157825 0.382730 25.755955 424.926771
 10.200000 -1.634642 0.487912 24.897852 396.000861
 10.400000 -1.548256 1.240602 26.673686 390.033627
 10.600000 -0.595347 1.719901 5.568137 1400.463898
 10.800000 -0.626321 2.131942 6.758639 1545.078532
 11.000000 -0.871799 2.415463 16.719411 1582.683706
 11.200000 -0.607632 2.031248 6.130064 1493.636464
 11.400000 -0.634899 1.574493 7.202462 1592.719429
 11.600000 -1.095458 1.552839 24.439114 650.585369
 11.800000 -1.627146 0.775187 25.097288 425.127790
 12.000000 -0.904239 0.333108 18.091947 1513.391150
 12.200000 -0.422610 0.041026 0.857563 240.426461
 12.400000 -0.942552 -0.299385 19.645143 1394.947350
 12.600000 -0.494137 -0.547104 2.374411 725.026138
 12.800000 -0.341866 -0.348545 0.021954 16.348909
 13.000000 -1.042666 0.464646 23.051820 902.660262
 13.200000 -1.627607 1.099842 25.159650 462.084260
 13.400000 -1.309411 1.420075 28.212938 90.721197
 13.600000 -0.969210 1.078271 20.704585 1278.880527
 13.800000 -1.719261 0.777582 23.440602 230.160052
 14.000000 -1.812876 0.719781 22.415593 47.171467
 14.200000 -1.435351 1.245816 28.544527 40.910555
 14.400000 -0.878539 1.337139 17.349156 1546.305982
 14.600000 -1.715669 1.334339 23.524950 258.530113
 14.800000 -1.747640 0.847152 23.056948 173.541485
 15.000000 -0.444784 0.102070 1.278749 401.786797
 15.200000 -0.583783 -0.398399 5.583722 1500.925344
 15.400000 -0.452452 -0.607978 1.446141 474.429261
 15.600000 -0.430245 -0.301768 1.004426 324.537946
 15.800000 -0.808548 0.302460 14.658257 1589.818862
 16.000000 -1.712749 1.181382 23.621103 282.334701
 16.200000 -1.776929 2.131407 22.741506 129.731651
 16.400000 -2.255595 2.697970 23.825488 84.174475
 16.600000 2.928212 2.906478 1.539488 455.061298
 16.800000 3.042676 2.777972 5.399257 2095.452443
 17.000000 -2.567874 2.873572 25.015023 11.907169
 17.200000 -2.525733 2.568109 25.091564 4.238274
 17.400000 -2.413889 2.902082 25.009303 16.881388
 17.600000 -2.814724 2.783715 22.475445 404.008421
 17.800000 -3.017686 3.014070 16.505917 1670.574395
 18.000000 -2.702228 -3.072292 24.157539 99.213235
 18.200000 -2.481106 2.445666 25.133862 0.007699
 18.400000 -1.858170 2.874981 22.103209 26.055271
 18.600000 -2.226252 2.567588 23.477009 75.160608
 18.800000 -2.234993 2.900159 23.553646 78.551722
 19.000000 -2.686346 2.747843 24.285980 75.745788
 19.200000 -3.007669 2.866387 16.837598 1553.545387
 19.400000 -3.063439 2.985929 14.424670 2215.711168
 19.600000 -3.127506 2.969968 11.182565 2838.683372
 19.800000 -2.187827 2.633545 23.140021 59.656761
 20.000000 -1.707033 2.303751 23.897380 324.964142
 20.200000 -1.945249 2.237026 21.895715 0.457982
 20.400000 -2.124087 2.726471 22.674968 41.163850
 20.600000 -2.723515 3.057648 23.891671 136.784075
 20.800000 -2.843307 2.971097 21.810268 526.161317
 21.000000 -1.914414 2.591224 21.907027 2.123208
 21.200000 -1.858388 1.884494 22.119707 37.631334
 21.400000 -1.911552 1.767784 21.906017 3.772097
 21.600000 -1.786265 2.139707 22.770520 141.537381
 21.800000 -2.337838 2.601434 24.481243 78.501286
 22.000000 -2.753467 3.116751 23.502122 211.615896
 22.200000 3.036045 2.844260 4.983374 2028.791175
 22.400000 -2.989262 2.951590 17.484341 1353.493349
 22.600000 3.035522 2.641018 4.959845 2020.219736
 22.800000 -2.760211 2.973235 23.399962 234.185153
 23.000000 -2.906649 2.689923 20.152903 807.022207
 23.200000 -3.096612 2.758562 12.773613 2563.058936
 23.400000 -2.791289 3.122969 22.893617 342.901550
 23.600000 2.952170 2.479273 1.913048 752.733411
 23.800000 -3.120237 2.746166 11.551467 2777.465395
 24.000000 -2.928403 -3.075974 19.506391 924.785278
 24.200000 -2.860427 2.749578 21.396929 630.729924
 24.400000 -1.996253 2.460622 21.963006 7.995469
 24.600000 -1.677515 2.295717 24.585841 363.857528
 24.800000 -2.103409 2.378668 22.501201 42.276531
 25.000000 -2.752133 2.797967 23.561122 205.382548
 25.200000 -3.137291 -3.116889 10.730169 2856.883316
 25.400000 -3.096574 2.585588 12.847029 2510.937755
 25.600000 3.117426 2.558442 9.196529 2917.770495
 25.800000 -2.474977 -3.045514 25.130074 0.061192
 26.000000 -2.028602 2.755965 22.078216 18.532601
 26.200000 -1.955214 1.904328 21.914897 0.021075
 26.400000 -1.370986 1.523127 28.728747 13.844693
 26.600000 -1.040697 0.655300 23.215162 821.915043
 26.800000 -1.334823 0.188139 28.522347 56.955412
 27.000000 -0.598264 -0.123721 6.661063 1544.784729
 27.200000 -0.555262 -0.009161 4.995171 1462.620561
 27.400000 -0.854663 -0.082026 16.782792 1517.818670
 27.600000 -0.643918 0.162498 8.466087 1548.265502
 27.800000 -1.236419 0.438161 27.391835 214.624863
 28.000000 -1.100446 0.866946 24.780479 582.864865
 28.200000 -1.372592 1.290057 28.711193 12.752617
 28.400000 -1.174921 1.200406 26.369131 348.954991
 28.600000 -1.542446 0.622987 27.366167 340.705993
 28.800000 -0.980091 0.516520 21.327241 1071.438057
 29.000000 -1.296719 0.754324 28.151430 112.575472
 29.200000 -1.305817 1.156395 28.257292 94.581527
 29.400000 -1.207225 0.994099 26.962463 270.858706
 29.600000 -1.405570 0.659363 28.759301 0.464527
 29.800000 -1.173270 0.801541 26.362401 357.783184
 30.000000 -1.622253 0.841978 25.750598 430.290726
 30.200000 -1.932465 1.369240 21.958147 5.238027
 30.400000 -1.536526 1.345858 27.474144 319.532148
 30.600000 -0.765567 0.807895 13.301799 1576.738069
 30.800000 -1.867547 0.711457 22.261822 48.317574
 31.000000 -1.847498 0.624088 22.414063 67.588350
 31.200000 -1.373141 0.784832 28.743382 8.017483
 31.400000 -0.973714 1.323021 21.104307 1089.348456
 31.600000 -1.833000 1.801468 22.563364 82.180766
 31.800000 -1.996102 2.473642 21.966120 4.283643
 32.000000 -2.740070 3.096344 23.807031 159.188747
 32.200000 3.119940 3.000071 9.579828 2986.490811
 32.400000 -2.755246 2.706796 23.598442 210.749824
 32.600000 -2.234344 2.860108 23.475441 86.278788
 32.800000 -1.947555 2.539446 21.963198 2.294337
 33.000000 -2.284672 2.369865 23.962635 97.646597
 33.200000 -2.123703 2.877587 22.590392 46.322627
 33.400000 -2.345315 2.865920 24.527097 68.499182
 33.600000 -2.964605 2.620408 18.334858 1056.350380
 33.800000 -3.000272 2.988431 17.122327 1273.257669
 34.000000 3.001582 3.071937 3.572382 1790.194819
 34.200000 -2.903780 2.714224 20.195051 840.494545
 34.400000 -2.696228 2.832143 24.234543 54.802384
 34.600000 -2.618784 2.787327 24.604822 10.480021
 34.800000 -2.682859 2.669914 24.325335 38.586321
 35.000000 -2.827499 2.874299 22.218679 547.825481
 35.200000 3.080325 2.828981 7.490450 2935.221777
 35.400000 -3.108600 2.892118 12.534833 2488.381367
 35.600000 -2.735381 2.846303 23.880646 140.402594
 35.800000 -2.778832 2.625649 23.239238 313.333436
 36.000000 -2.702037 2.759362 24.207466 62.335988
 36.200000 -2.756034 2.944102 23.639426 213.542994
 36.400000 -2.960285 2.599337 18.475554 1027.879075
 36.600000 -2.932867 2.951694 19.333321 934.864434
 36.800000 -3.009414 2.861491 16.808103 1310.691972
 37.000000 -3.074709 2.673095 14.173798 2017.667073
 37.200000 -2.713409 2.909359 24.177049 77.093882
 37.400000 -2.990033 2.652879 17.508914 1165.734233
 37.600000 -3.057398 2.878259 14.961891 1777.217738
 37.800000 -3.019399 2.987729 16.464728 1378.029594
 38.000000 -2.970893 2.786743 18.147827 1067.943623
 38.200000 -2.737747 2.797450 23.963541 140.803935
 38.400000 -2.905923 2.680257 20.193277 868.892041
 38.600000 -3.064379 2.917581 14.712175 1855.911844
 38.800000 2.928260 3.021131 1.001604 731.995182
 39.000000 -2.888149 2.585401 20.710121 821.246511
 39.200000 -2.127673 2.853948 22.641760 44.560017
 39.400000 -2.241543 2.610608 23.540894 82.898667
 39.600000 -2.022036 2.606036 22.092263 9.763891
 39.800000 -2.244495 2.573834 23.567847 83.768830
 40.000000 -2.261380 2.902280 23.724299 87.605885
 40.200000 -2.913010 2.787285 20.061050 890.820753
 40.400000 2.917061 2.922477 0.680913 639.726051
 40.600000 2.973329 2.849548 2.480734 1502.756536
 40.800000 -2.861479 2.714421 21.540037 743.466433
 41.000000 -2.685931 2.814433 24.469813 23.594269
 41.200000 -2.628190 2.879632 24.639090 0.914699
 41.400000 -2.587097 2.699796 24.672663 0.862054
 41.600000 -2.552720 2.856612 24.715378 2.489926
 41.800000 -2.571007 2.756563 24.689804 1.477241
 42.000000 -2.705879 2.787545 24.391846 46.644365
 42.200000 -2.535947 2.895190 24.750229 2.313453
 42.400000 -2.700014 2.712545 24.486937 35.728536
 42.600000 -2.539482 2.728466 24.744944 2.155204
 42.800000 -2.439685 2.992710 24.847866 0.676600
 43.000000 -2.923504 2.664929 19.827846 918.432893
 43.200000 -3.003926 2.963278 17.278901 1215.007901
 43.400000 2.917659 2.964666 0.649365 711.946533
 43.600000 -2.310983 2.792793 24.165925 74.469344
 43.800000 -1.836459 2.018391 22.598016 74.145429
 44.000000 -1.607832 1.527812 26.014384 410.829236
 44.200000 -1.024568 0.279049 22.585379 1004.489926
 44.400000 -0.366079 -0.742430 -0.001989 0.024795
 44.600000 -0.439363 -1.077310 0.776709 721.678069
 44.800000 -0.470344 -0.443796 1.701511 1064.691423
 45.000000 -0.958557 0.441859 20.431622 1128.543323
 45.200000 -1.120910 1.312100 25.418539 692.206272
 45.400000 -1.345014 1.945875 28.622639 12.434741
 45.600000 -2.018863 2.744375 22.119606 12.375639
 45.800000 2.935862 2.853719 1.159325 1009.839116
 46.000000 3.104775 2.977203 9.273975 3138.939314
 46.200000 -2.870047 2.731274 21.544894 811.333957
 46.400000 -3.033486 2.771367 16.306302 1451.514021
 46.600000 -2.963084 3.089438 18.734521 1014.488062
 46.800000 -3.066759 3.048204 14.961660 1836.800560
 47.000000 -2.205866 2.576121 23.251075 59.763979
 47.200000 -1.875371 2.063412 22.279151 37.755304
 47.400000 -2.035024 2.077298 22.189040 18.813348
 47.600000 -1.957754 2.843056 22.012777 0.041862
 47.800000 -2.801541 2.903120 23.348366 487.060924
 48.000000 3.026670 2.706695 5.053031 2671.243917
 48.200000 -3.126719 2.908191 12.202668 2673.375424
 48.400000 2.998542 2.696179 3.685773 2233.629601
 48.600000 -2.478595 2.673987 24.867981 0.150152
 48.800000 -1.676997 2.441298 24.622816 314.167325
 49.000000 -1.962791 2.104737 22.020059 0.042028
 49.200000 -1.915366 2.541739 22.101390 10.319390
 49.400000 -2.435558 2.957261 24.819526 4.224913
 49.600000 3.001326 2.543806 3.848796 2322.203081
 49.800000 -2.914642 2.937597 20.335887 908.316305
 50.000000 3.002450 3.017168 3.903081 2341.911937
 50.200000 -2.704597 2.909404 24.880565 44.722915
 50.400000 -1.638582 2.697783 25.317707 380.079166
 50.600000 -0.527495 1.887376 3.665239 1518.752010
 50.800000 -1.034048 1.300530 22.811157 1025.799211
 51.000000 -1.137132 0.943844 25.821790 622.900355
 51.200000 -1.732454 0.651503 23.712509 197.457068
 51.400000 -1.148704 0.926407 26.098345 559.780166
 51.600000 -1.275554 1.372074 28.122945 79.172020
 51.800000 -0.946800 1.872096 19.909111 1169.234792
 52.000000 -0.761668 1.869882 12.896505 1628.187947
 52.200000 -0.555232 2.004827 4.725395 1580.506485
 52.400000 -1.150679 1.754085 26.142354 552.130347
 52.600000 -1.921267 1.501932 22.113238 6.220144
 52.800000 -1.907105 1.023886 22.155683 12.236117
 53.000000 -0.824112 0.489750 15.385345 1559.884516
 53.200000 -0.547507 0.224645 4.405443 1574.615651
 53.400000 -0.921088 -0.228542 18.996375 1234.181203
 53.600000 -0.377480 -0.638407 -0.000668 0.004981
 53.800000 -0.214444 -0.696262 -0.001214 0.000720
 54.000000 -1.391283 0.382260 28.574336 1.016417
 54.200000 -1.595371 1.594823 26.138159 390.104578
 54.400000 -1.620188 2.431152 25.647348 387.594850
 54.600000 -2.949973 2.881727 19.385142 965.778271
 54.800000 -3.086270 -2.782660 14.410714 2028.234247
 55.000000 -3.058604 2.697450 15.597995 1667.730324
 55.200000 -2.600630 2.649620 25.104366 6.719119
 55.400000 -1.747567 2.746594 23.505393 172.407340
 55.600000 -1.956837 2.479708 22.094264 0.079319
 55.800000 -2.706851 2.320826 25.021416 47.756015
 56.000000 2.926243 -3.139987 0.789959 1147.718067
 56.200000 -2.994012 2.951770 18.018686 1112.503002
 56.400000 -2.764724 2.415949 24.365109 285.191610
 56.600000 -1.875075 2.888578 22.311524 30.139169
 56.800000 -1.957953 2.562898 22.101885 0.169365
 57.000000 -2.817189 2.193950 23.263765 605.590171
 57.200000 -2.790281 -3.044455 23.906770 442.482536
 57.400000 2.815474 2.919947 -0.000001 0.000000
 57.600000 -2.123956 2.302634 22.749555 29.357491
 57.800000 -1.031195 1.598943 22.639653 1050.796198
 58.000000 -0.979861 1.422965 20.949429 1114.077978
 58.200000 -1.637643 0.878305 25.304279 355.639250
 58.400000 -1.327886 0.520975 28.430104 17.163879
 58.600000 -0.717660 0.691532 11.035218 1578.720723
 58.800000 -1.593918 1.228307 26.146708 374.635712
 59.000000 -1.531617 1.003096 27.282040 267.079523
 59.200000 -0.546775 0.410621 4.327071 1595.131966
 59.400000 -0.491160 -0.387280 2.159725 1373.036672
 59.600000 -0.703367 -0.774020 10.458411 1550.244917
 59.800000 -0.716494 -0.214726 10.977275 1574.525289
 60.000000 -0.928888 0.560025 19.193569 1205.663322
 60.200000 -1.887594 1.327663 22.279357 21.705302
 60.400000 -1.803707 2.149418 22.905680 100.185730
 60.600000 -1.951105 3.076937 22.133479 0.000779
 60.800000 2.969402 2.825095 2.511666 2130.634356
 61.000000 -3.108299 2.737360 13.563307 2298.247743
 61.200000 -2.848777 -3.114389 22.563067 764.815501
 61.400000 -3.109218 2.696733 13.542128 2305.877406
 61.600000 -3.007258 2.928184 17.688769 1184.374824
 61.800000 -3.124036 2.961001 12.814468 2517.503795
 62.000000 3.046367 2.943598 6.572787 3227.576456
 62.200000 3.078965 2.827585 8.465794 3293.317980
 62.400000 -3.125144 2.958444 12.789114 2537.531902
 62.600000 3.058817 2.949551 7.308158 3292.876278
 62.800000 3.039101 2.995488 6.183778 3195.707245
 63.000000 -2.886110 2.761167 21.518585 868.865862
 63.200000 -3.109420 2.711691 13.602986 2310.919767
 63.400000 3.025954 3.026173 5.478088 3105.597928
 63.600000 -3.042071 2.962988 16.501635 1462.803884
 63.800000 -2.941394 2.658413 19.886039 946.619464
 64.000000 -3.062322 2.945484 15.699695 1681.464241
 64.200000 3.009490 3.029081 4.606192 2945.142221
 64.400000 -2.950277 2.675555 19.655000 962.152639
 64.600000 -2.318614 2.940048 24.059216 62.605666
 64.800000 -2.437147 2.764161 24.721123 8.704203
 65.000000 -2.441749 2.493256 24.734357 7.858594
 65.200000 -2.419559 3.016820 24.660547 13.571726
 65.400000 -2.569120 2.626698 25.087834 15.243198
 65.600000 -2.462557 2.780967 24.786300 5.642886
 65.800000 -2.237892 2.716427 23.406521 53.245581
 66.000000 -2.147857 2.648352 22.869273 23.817915
 66.200000 -2.346830 2.689901 24.262801 51.557055
 66.400000 -2.469019 2.816010 24.808184 5.663537
 66.600000 -2.437496 2.791746 24.724269 9.421423
 66.800000 -2.097168 2.662975 22.634886 19.895314
 67.000000 -2.338540 2.525553 24.202025 55.865789
 67.200000 -2.341734 2.779960 24.236593 54.946881
 67.400000 -2.776128 2.937311 24.426314 328.827016
 67.600000 2.978195 2.723834 3.033199 2562.948426
 67.800000 3.055586 3.092486 7.325217 3370.657384
 68.000000 3.132275 2.722719 11.664534 2857.978929
 68.200000 -3.021486 2.852998 17.459496 1288.989229
 68.400000 -2.648019 2.997355 25.398287 2.314300
 68.600000 -2.663850 2.546158 25.410325 0.004264
 68.800000 -1.769598 2.520954 23.347493 144.300020
 69.000000 -2.045053 2.379838 22.409280 16.402033
 69.200000 -2.426338 2.655105 24.733189 12.192505
 69.400000 3.119694 2.894486 11.074293 2989.742406
 69.600000 2.910858 2.955503 0.089282 1160.870635
 69.800000 -2.452011 2.793331 24.811239 7.094453
 70.000000 -1.875469 2.465872 22.385877 32.513303
 70.200000 -2.003119 2.139973 22.258339 8.395752
 70.400000 -2.041124 2.455986 22.391349 15.701422
 70.600000 -2.652637 3.001483 25.438400 1.162020
 70.800000 3.091249 2.880769 9.528277 3261.583464
 71.000000 -2.723959 2.825356 25.191815 79.688352
 71.200000 -2.310035 2.672411 24.038453 71.968835
 71.400000 -2.034071 2.506391 22.371101 14.380870
 71.600000 -2.155357 2.683817 22.908304 26.439760
 71.800000 -2.578990 3.012393 25.220884 16.094906
 72.000000 3.052157 2.890959 7.307166 3426.426525
 72.200000 3.124212 2.871391 11.450731 2898.335432
 72.400000 -3.096220 2.855636 14.573069 2060.112093
 72.600000 -3.131488 2.790128 12.883931 2536.005216
 72.800000 3.085696 2.765909 9.302366 3295.178427
 73.000000 2.959412 2.938263 2.190689 2421.631018
 73.200000 3.047740 2.870229 7.144888 3455.540324
 73.400000 -2.780309 2.866546 24.473037 332.113444
 73.600000 -2.272683 2.655500 23.741140 74.955205
 73.800000 -2.027376 2.601258 22.369294 13.605391
 74.000000 -2.103130 2.510068 22.682116 19.106746
 74.200000 -2.308240 2.769852 24.064997 76.101508
 74.400000 -2.596616 2.719439 25.342014 15.304100
 74.600000 -2.414745 2.798009 24.779927 16.411058
 74.800000 -2.266601 2.658143 23.699145 74.255853
 75.000000 -2.258282 2.553159 23.628156 71.248344
 75.200000 -2.073204 2.669026 22.588321 17.751814
 75.400000 -2.595090 2.630812 25.357798 15.038950
 75.600000 -2.527920 2.838673 25.114713 8.777853
 75.800000 -2.568119 2.930933 25.252437 14.606496
 76.000000 -2.482755 2.681817 24.999612 5.337737
 76.200000 -2.086568 2.760205 22.665077 18.243676
 76.400000 -2.276757 2.656763 23.826117 78.141327
 76.600000 -2.298681 2.690474 24.021371 79.322190
 76.800000 -2.589809 2.748978 25.364007 14.798900
 77.000000 -2.326471 2.847997 24.263446 70.679544
 77.200000 -2.432979 2.575374 24.931780 11.393566
 77.400000 -2.083522 2.726706 22.675187 18.678141
 77.600000 -2.354857 2.520817 24.516122 54.402733
 77.800000 -2.227529 2.886248 23.441086 56.392617
 78.000000 -2.618012 2.779818 25.492760 9.243163
 78.200000 -2.646829 2.859764 25.578633 1.134808
 78.400000 -2.032028 2.821828 22.473929 18.327433
 78.600000 -2.301202 2.434203 24.101593 81.353780
 78.800000 -1.977963 2.622159 22.277448 6.931776
 79.000000 -2.278060 2.745360 23.892704 80.240911
 79.200000 -2.489593 2.904464 25.164157 5.186070
 79.400000 -2.912224 2.742416 21.287761 854.205325
 79.600000 2.915785 3.026350 0.230741 2056.066238
 79.800000 -3.129574 2.974731 13.267988 2396.286416
 80.000000 -2.962138 2.891519 19.775706 988.830905
 80.200000 -3.026154 2.788423 17.654621 1301.410004
 80.400000 -2.866787 2.926953 22.586951 720.725288
 80.600000 3.011066 2.869519 5.272183 3539.482112
 80.800000 2.955478 2.943657 2.123544 2733.890050
 81.000000 -2.801825 2.973975 24.155979 431.964792
 81.200000 -2.204782 2.592674 23.410218 43.421215
 81.400000 -1.918440 2.505517 22.226286 1.150879
 81.600000 -2.033244 2.703841 22.541724 23.946342
 81.800000 -2.683937 2.699411 25.597366 11.607071
 82.000000 -2.723650 3.031664 25.352239 83.093915
 82.200000 -2.876098 2.755332 22.391679 736.950364
 82.400000 3.029356 2.714150 6.448590 3637.461623
 82.600000 3.083391 -3.007147 9.646254 3271.810956
 82.800000 3.080245 2.727374 9.465809 3306.881554
 83.000000 -2.463640 2.703713 25.227340 6.654517
 83.200000 -2.031983 2.950438 22.574318 27.697239
 83.400000 -2.192158 2.417578 23.396006 37.016123
 83.600000 -2.342027 2.454324 24.625684 68.064238
 83.800000 -2.253291 3.009765 23.839928 70.468758
 84.000000 -2.543425 2.737981 25.457765 7.242201
 84.200000 -2.972105 2.715985 19.617308 1037.835670
 84.400000 2.975139 2.970168 3.289866 3306.925368
 84.600000 -3.039856 2.906331 17.266759 1412.255291
 84.800000 -2.697719 2.730596 25.590338 30.863772
 85.000000 -2.428616 2.840392 25.189664 15.030492
 85.200000 -1.919951 2.601794 22.217921 0.182131
 85.400000 -2.136540 2.250768 23.172860 25.604012
 85.600000 -1.822167 2.657841 22.718912 88.384751
 85.800000 -2.506835 2.692940 25.442865 5.245825
 86.000000 -3.040698 2.913729 17.268157 1421.921394
 86.200000 3.062043 3.043598 8.578822 3496.194898
 86.400000 3.043450 2.739362 7.466238 3654.449126
 86.600000 -3.080826 2.767849 15.703023 1760.800183
 86.800000 -2.282955 3.042134 24.214143 78.818946
 87.000000 -1.986813 2.264497 22.386589 22.179525
 87.200000 -1.840420 2.201973 22.549777 62.248242
 87.400000 -2.028318 2.652248 22.632595 36.704398
 87.600000 -2.663620 2.824757 25.767679 3.552570
 87.800000 -3.063561 2.753688 16.445876 1602.102780
 88.000000 2.890146 2.790378 -0.000253 0.006227
 88.200000 -2.802490 2.925752 24.304246 389.001060
 88.400000 -2.793072 2.734532 24.484810 346.453287
 88.600000 -2.715821 2.803626 25.529190 67.639125
 88.800000 -2.583670 2.705761 25.729885 5.247066
 89.000000 -2.355437 2.632580 24.903869 57.334892
 89.200000 -2.196787 2.492314 23.666547 39.546306
 89.400000 -2.438422 2.669750 25.398910 12.879650
 89.600000 -2.522536 2.738075 25.618453 5.128114
 89.800000 -3.087667 2.800861 15.523878 1810.464162
 90.000000 2.921403 2.899441 0.483761 2396.389201
 90.200000 3.049798 2.987299 8.025817 3665.145277
 90.400000 2.980696 2.643990 3.767726 3663.952964
 90.600000 -3.020811 3.015680 18.174146 1296.337470
 90.800000 -3.102410 2.730484 14.922758 1952.645029
 91.000000 2.959396 2.898419 2.507844 3305.594200
 91.200000 -3.131791 2.985459 13.621060 2281.254009
 91.400000 3.077425 2.758731 9.715163 3335.829261
 91.600000 -3.025627 2.897139 18.039651 1321.875443
 91.800000 3.053855 2.864927 8.322038 3640.931262
 92.000000 2.924384 2.863142 0.634205 2484.837923
 92.200000 3.128132 2.978512 12.534854 2580.796973
 92.400000 -2.778561 2.844355 24.821475 271.281996
 92.600000 -2.821070 2.744972 24.016495 451.155828
 92.800000 3.056894 2.970690 8.565465 3625.840481
 93.000000 2.970966 3.032850 3.238884 3636.839127
 93.200000 -3.002342 2.775770 18.944706 1180.732505
 93.400000 -1.984829 2.740866 22.464517 33.622432
 93.600000 -1.916918 2.452961 22.237528 0.084156
 93.800000 -2.036222 2.478621 22.807153 50.527769
 94.000000 -2.340078 2.754509 24.957298 63.673688
 94.200000 -2.734697 3.070034 25.460682 113.644567
 94.400000 3.024268 2.759233 6.663683 4001.314722
 94.600000 2.952370 2.873137 2.188035 3385.361312
 94.800000 -2.969484 2.861125 20.073584 1026.318282
 95.000000 -2.889789 2.750887 22.420267 718.049235
 95.200000 -2.680738 2.822753 25.873177 17.377260
 95.400000 -2.473524 2.812583 25.694852 6.161800
 95.600000 -2.242112 2.472801 24.208354 59.640870
 95.800000 -1.977074 2.566270 22.442698 31.517108
 96.000000 -2.096528 2.731299 23.270947 43.193118
 96.200000 -2.348497 2.775815 25.120330 57.303491
 96.400000 -2.998868 2.830124 19.187642 1152.366203
 96.600000 2.934896 3.027354 1.236957 3030.234368
 96.800000 -3.013425 2.769640 18.685899 1224.639132
 97.000000 -2.577019 2.705482 25.934684 3.161392
 97.200000 -2.088940 2.872403 23.272691 47.573464
 97.400000 -2.072206 2.374243 23.154450 52.235488
 97.600000 -2.047307 2.441327 22.969831 57.064691
 97.800000 -1.997642 2.809960 22.602484 47.175748
 98.000000 -2.641858 2.748050 26.009911 0.709586
 98.200000 -3.084900 2.762582 16.073907 1686.568204
 98.400000 -2.980067 -3.125079 19.901553 1061.140493
 98.600000 3.047981 2.716742 8.378217 3863.071091
 98.800000 -2.772288 2.928357 25.058635 229.109852
 99.000000 -2.418800 2.785944 25.600403 18.195822
 99.200000 -2.475907 2.341808 25.811211 5.615642
 99.400000 -2.240308 2.787261 24.330912 59.259996
 99.600000 -2.420038 2.791706 25.634853 17.577576
 99.800000 -3.018185 2.574397 18.655099 1240.616254
 100.000000 2.946701 -3.095613 1.965016 3537.265462
 100.200000 -3.090614 2.997006 16.265710 1719.020868
 100.400000 -2.784438 2.535184 25.238119 267.488916
 100.600000 -2.195806 2.810246 24.374821 43.739061
 100.800000 -1.738028 2.807049 23.852305 154.196236
 101.000000 -2.281774 2.043949 25.029894 71.073743
 101.200000 -1.942728 2.490419 22.687808 15.340632
 101.400000 -1.931334 2.940803 22.649098 8.199668
 101.600000 -2.524613 2.527128 26.292582 3.572554
 101.800000 -2.871085 2.824370 23.470391 601.241728
 102.000000 -2.480397 -2.995234 26.203515 5.030729
 102.200000 -2.859104 2.658425 23.787317 547.180040
 102.400000 -2.523807 2.701662 26.317575 3.567307
 102.600000 -1.765764 3.065635 23.494782 126.247344
 102.800000 -2.191479 2.344732 24.412033 43.248488
 103.000000 -2.262329 2.439528 24.933442 66.099535
 103.200000 -2.316237 2.969067 25.411653 65.826381
 103.400000 -2.607886 2.701875 26.472077 0.352332
 103.600000 -2.909614 2.828425 22.536877 745.406093
 103.800000 3.117995 2.868383 12.976972 2641.393021
 104.000000 3.056869 2.946937 9.516624 3804.543695
 104.200000 3.092357 2.840594 11.651513 3111.219184
 104.400000 -2.872564 2.804686 23.527296 588.752803
 104.600000 -2.444837 2.793384 26.187839 10.204426
 104.800000 -2.130631 2.668856 24.089047 43.439216
 105.000000 -1.905938 2.597403 22.631134 0.439171
 105.200000 -2.090612 2.545428 23.836156 56.279653
 105.400000 -2.069920 2.769408 23.676061 63.379205
 105.600000 -2.525066 2.605060 26.405298 3.694638
 105.800000 -2.532211 2.830356 26.418881 3.534537
 106.000000 -2.758517 2.905099 25.711132 170.018307
 106.200000 -2.553359 2.740037 26.487728 2.905742
 106.400000 -2.157310 2.650377 24.327448 42.655541
 106.600000 -2.065263 2.630200 23.665921 66.099407
 106.800000 -1.951130 2.681438 22.791711 27.150931
 107.000000 -2.087045 2.496930 23.838087 58.686327
 107.200000 -2.069511 2.632375 23.732112 66.108990
 107.400000 -2.477064 2.696901 26.362163 6.353662
 107.600000 -2.637113 2.753002 26.568221 1.811687
 107.800000 -3.009695 2.832868 19.589693 1193.540814
 108.000000 -2.906854 3.017489 22.755214 717.006716
 108.200000 3.083530 2.741089 11.326622 3283.491520
 108.400000 2.906151 2.965300 0.070465 2150.378839
 108.600000 3.009994 2.947773 6.669418 4599.601378
 108.800000 3.138936 2.530706 14.224406 2267.295245
 109.000000 -2.654593 2.975176 26.559813 7.587609
 109.200000 -2.260252 2.665113 25.159473 58.854755
 109.400000 -2.259291 2.317801 25.152105 58.689797
 109.600000 -1.836506 2.691694 22.821927 30.757088
 109.800000 -2.155237 2.745276 24.426859 43.721014
 110.000000 -2.536078 2.415041 26.557536 3.913736
 110.200000 -2.638742 3.028422 26.649192 3.493352
 110.400000 -3.032534 2.667733 18.884771 1322.747872
 110.600000 2.988893 2.670430 5.300311 4726.374388
 110.800000 -3.082768 3.044095 16.966288 1613.643065
 111.000000 -2.464537 2.843100 26.413537 9.174389
 111.200000 -2.384075 2.380990 26.103340 30.839044
 111.400000 -1.938697 2.891310 22.807551 25.284198
 111.600000 -2.031959 2.659200 23.530011 81.774090
 111.800000 -2.159337 2.381506 24.532123 44.381395
 112.000000 -2.301397 2.815817 25.544336 57.285546
 112.200000 3.085815 2.658433 11.619816 3199.706737
 112.400000 -2.927635 3.073886 22.368957 796.760320
 112.600000 -2.837892 2.845322 24.530708 399.575522
 112.800000 -2.245957 2.818561 25.163609 52.605244
 113.000000 -1.815067 2.409937 22.938221 46.927073
 113.200000 -1.810140 2.265600 22.964469 49.789890
 113.400000 -2.175979 2.418744 24.724773 44.138732
 113.600000 -2.330967 2.889826 25.822593 48.066990
 113.800000 -2.863748 2.655291 24.011874 491.163070
 114.000000 2.920334 2.774525 0.905705 3325.068359
 114.200000 2.956755 -3.139917 3.215307 4509.595017
 114.400000 -2.957055 2.581315 21.573613 950.594986
 114.600000 -2.148516 2.466211 24.581847 47.705372
 114.800000 -1.703915 2.785229 24.017040 149.844108
 115.000000 -2.407134 2.294557 26.297539 22.507704
 115.200000 -2.395778 2.568810 26.264908 25.401743
 115.400000 -2.839391 2.894816 24.573510 386.270899
 115.600000 3.005600 2.692954 6.623123 4800.358967
 115.800000 -3.044107 2.765651 18.619414 1402.375744
 116.000000 -2.936709 2.958020 22.217505 836.664849
 116.200000 -2.363474 2.719449 26.114053 34.141209
 116.400000 -2.070464 2.512764 24.039956 81.555662
 116.600000 -1.814741 2.441451 22.916115 38.142737
 116.800000 -1.884520 2.685903 22.711045 0.338910
 117.000000 -2.541932 2.493804 26.807116 4.817945
 117.200000 -2.775677 3.047992 25.686042 200.884170
 117.400000 3.049798 2.996452 9.649747 4028.311098
 117.600000 -3.139122 2.630280 14.772400 2123.196541
 117.800000 -2.582865 2.960613 26.903453 0.504215
 118.000000 -2.346353 2.640795 26.039817 37.658915
 118.200000 -1.981176 2.439113 23.251629 77.805646
 118.400000 -1.613373 2.569112 25.133574 200.768152
 118.600000 -1.897407 2.519210 22.752466 5.120576
 118.800000 -2.858107 2.728457 24.267762 437.467640
 119.000000 2.974733 2.954014 4.552062 4927.561495
 119.200000 -3.107242 2.956609 16.244124 1780.307829
 119.400000 -2.692584 2.630173 26.629515 56.801299
 119.600000 -2.166400 2.643643 24.901781 48.269277
 119.800000 -1.791707 2.630644 23.058381 54.347271
 120.000000 -1.871165 2.275611 22.736952 0.070801
 120.200000 -1.892088 2.601401 22.768858 4.224956
 120.400000 -1.941057 2.724272 22.984440 43.005748
 120.600000 -1.790745 2.611265 23.060813 52.544674
 120.800000 -1.882957 2.177456 22.754326 1.267342
 121.000000 -1.705514 2.374851 23.885272 135.194020
 121.200000 -2.127625 2.728174 24.688242 60.497319
 121.400000 -2.885703 2.701966 23.735583 541.067365
 121.600000 3.062343 3.029642 10.581114 3738.934609
 121.800000 2.910480 2.879274 0.413023 3480.242931
 122.000000 3.038870 2.647463 9.090555 4322.561565
 122.200000 -2.364092 3.070322 26.273828 29.051616
 122.400000 -1.795275 2.586914 23.026923 41.545769
 122.600000 -1.645188 1.552551 24.602553 178.870537
 122.800000 -0.848604 0.487297 14.846350 1442.937313
 123.000000 -0.616500 -0.497442 5.774252 1486.492538
 123.200000 -0.609997 -0.732362 5.485445 1502.977974
 123.400000 -0.822765 -0.107597 13.813540 1535.911445
 123.600000 -1.124196 1.083761 23.941860 761.105927
 123.800000 -1.575907 1.731894 25.541193 194.343491
 124.000000 -1.801252 2.218126 22.991754 33.136293
 124.200000 -2.064846 2.804084 24.240103 89.514212
 124.400000 -2.656872 2.824183 26.970887 26.195984
 124.600000 3.078894 2.675217 11.671396 3307.052661
 124.800000 3.137076 3.059065 14.678975 2167.135795
 125.000000 2.952459 2.617013 3.139845 4784.403590
 125.200000 -2.286227 2.961098 25.895246 38.193815
 125.400000 -1.796605 2.469695 23.024925 31.946365
 125.600000 -1.799858 2.058403 23.006942 29.178136
 125.800000 -1.732602 2.191453 23.525081 94.363727
 126.000000 -1.850541 2.769415 22.841130 1.001814
 126.200000 -2.528551 2.762686 27.071446 10.085684
 126.400000 2.855005 2.605860 -0.000000 0.000000
 126.600000 2.921578 -3.115991 1.144236 3825.622112
 126.800000 3.068368 2.936265 11.126288 3562.134788
 127.000000 2.890203 2.519148 -0.001448 0.344735
 127.200000 -2.957921 2.958895 21.940718 946.708113
 127.400000 -3.032632 2.960351 19.388764 1365.160408
 127.600000 -2.877611 2.645189 24.051835 477.641924
 127.800000 -2.424595 2.956305 26.667482 20.588257
 128.000000 -2.452372 2.593547 26.791657 19.390572
 128.200000 -2.371262 2.498343 26.436669 24.206100
 128.400000 -2.015358 2.835597 23.871573 95.821722
 128.600000 -1.863925 2.674019 22.898907 0.591287
 128.800000 -1.978836 2.129927 23.524882 81.409616
 129.000000 -1.726997 2.317493 23.557545 89.053739
 129.200000 -1.936489 2.521584 23.216707 47.048982
 129.400000 -2.512112 2.732439 27.086853 14.337522
 129.600000 -3.111025 2.794296 16.359577 1752.709385
 129.800000 3.001834 3.105918 6.831781 5124.986588
 130.000000 3.079463 2.916060 11.883840 3239.705054
 130.200000 3.032198 2.790332 8.984340 4508.372952
 130.400000 2.929056 3.048292 1.707876 4269.017230
 130.600000 2.943706 2.734549 2.693547 4763.000280
 130.800000 -2.676566 2.895774 26.963357 55.407516
 131.000000 -2.475894 2.766146 26.959341 19.386924
 131.200000 -2.314983 2.573377 26.211148 29.624945
 131.400000 -1.932505 2.755156 23.251807 44.404743
 131.600000 -1.961488 2.664678 23.469274 68.054700
 131.800000 -2.083413 2.334510 24.599934 79.363488
 132.000000 -1.856273 2.801470 22.962734 0.409419
 132.200000 -2.148521 2.598370 25.160651 57.063636
 132.400000 -2.138206 2.468884 25.081775 59.934392
 132.600000 -2.003126 2.757109 23.874032 88.858087
 132.800000 -2.031910 2.739975 24.148544 91.479595
 133.000000 -2.378307 2.471621 26.552101 22.228195
 133.200000 -2.532215 2.804828 27.253248 10.997245
 133.400000 -2.709614 2.957952 26.714260 104.183554
 133.600000 3.036744 2.558055 9.413374 4377.464126
 133.800000 2.889746 2.979348 -0.002490 1.038734
 134.000000 -3.136115 2.951787 15.384417 1935.436253
 134.200000 -2.761397 2.609603 26.116800 172.096273
 134.400000 -2.562316 2.709557 27.356967 3.113303
 134.600000 -2.545726 2.572261 27.319497 7.394262
 134.800000 -2.753755 2.694428 26.215647 162.570340
 135.000000 -3.002902 2.964246 20.613361 1239.297236
 135.200000 -3.043854 2.903769 19.136314 1421.874212
 135.400000 -2.682123 2.828670 27.000524 70.937988
 135.600000 -2.511342 2.766450 27.227548 16.708596
 135.800000 -2.385569 2.701266 26.649040 21.232193
 136.000000 -2.452664 2.708290 26.961060 22.313983
 136.200000 -2.611605 2.809228 27.406883 5.193745
 136.400000 -2.923737 2.581819 23.136781 710.512017
 136.600000 -2.762865 2.933031 26.120361 174.188147
 136.800000 -2.895329 2.742627 23.843050 533.671746
 137.000000 -2.794756 2.719318 25.676884 214.476272
 137.200000 -2.361126 2.871187 26.582210 22.160893
 137.400000 -2.591048 2.741348 27.466099 0.296009
 137.600000 -2.493820 2.730007 27.212605 21.095802
 137.800000 -2.722563 2.924750 26.630778 128.159126
 138.000000 -2.920447 2.779711 23.250970 687.317856
 138.200000 -2.985537 2.966252 21.306825 1153.146105
 138.400000 -3.116886 2.841672 16.320438 1716.659796
 138.600000 -2.943100 2.960839 22.650822 850.022418
 138.800000 -2.803781 2.775473 25.579693 223.664188
 139.000000 -2.592525 2.778583 27.500033 0.562445
 139.200000 -2.381164 2.630064 26.724176 22.611659
 139.400000 -2.406053 2.708508 26.843444 23.473262
 139.600000 -2.520866 2.785193 27.399707 15.808755
 139.800000 -2.779113 2.637619 25.954683 190.183027
 140.000000 -2.652525 2.865382 27.316067 41.856542
 140.200000 -2.713185 2.720237 26.799840 121.645409
 140.400000 -2.844703 2.590776 24.968439 306.462997
 140.600000 -2.405637 2.673798 26.869927 24.132691
 140.800000 -2.383478 2.725364 26.762322 23.150731
 141.000000 -2.350539 2.569832 26.604047 23.422330
 141.200000 -2.532064 2.783463 27.516608 12.369602
 141.400000 -2.778368 2.743432 26.013416 187.396610
 141.600000 -2.898645 2.733578 23.908795 545.108718
 141.800000 -2.705614 2.790201 26.908484 113.509348
 142.000000 -2.401939 2.659369 26.881898 24.517579
 142.200000 -2.391956 2.567563 26.862927 24.515543
 142.400000 -2.171503 2.766636 25.588696 53.137261
 142.600000 -2.716890 2.547295 26.814288 127.963974
 142.800000 -2.594941 3.070963 27.642142 1.527265
 143.000000 -2.861230 2.788012 24.728997 359.494849
 143.200000 -2.891305 2.881689 24.140163 503.022373
 143.400000 -2.534792 3.012644 27.606126 11.602600
 143.600000 -2.736399 2.609118 26.614352 148.888757
 143.800000 -2.437955 2.828373 27.133994 28.374319
 144.000000 -2.379196 2.927560 26.832589 24.538758
 144.200000 -2.763846 2.580637 26.297315 172.994775
 144.400000 -2.650290 3.117419 27.497512 45.461943
 144.600000 2.933810 2.649927 2.356739 4888.557228
 144.800000 2.909806 2.897474 0.763984 3889.507978
 145.000000 2.895204 2.900565 -0.026778 18.507241
 145.200000 3.106061 2.831094 13.787596 2419.191436
 145.400000 -2.725692 2.724811 26.808879 140.092696
 145.600000 -2.359922 2.918265 26.800731 25.565057
 145.800000 -2.682327 2.509366 27.274590 88.879593
 146.000000 -2.399777 3.013897 27.004397 27.203560
 146.200000 -2.736923 2.786093 26.707411 151.884376
 146.400000 -2.995649 2.780185 21.160605 1269.334912
 146.600000 -2.962779 3.015601 22.278955 1037.908665
 146.800000 -2.904135 2.912006 23.939231 587.783536
 147.000000 -2.725960 2.593588 26.840292 141.821573
 147.200000 -2.208481 2.990570 25.964727 49.606019
 147.400000 -2.383688 2.686203 26.987934 27.738823
 147.600000 -2.955335 2.637016 22.546678 985.431791
 147.800000 -2.961934 3.112376 22.336760 1038.184443
 148.000000 2.866462 2.804234 -0.000001 0.000000
 148.200000 -2.876711 2.674198 24.628131 428.970174
 148.400000 -2.025697 3.116194 24.463983 86.212475
 148.600000 -2.054590 2.226862 24.730311 83.091378
 148.800000 -1.451324 1.784227 26.183589 38.158775
 149.000000 -0.690342 0.878141 7.643888 1518.133402
 149.200000 -0.530895 -0.095695 1.424507 1556.907309
 149.400000 -0.659838 -0.836056 6.429706 1466.055342
 149.600000 -0.595490 -0.392539 3.965866 1499.774603
 149.800000 -0.834521 0.474344 13.367452 1491.280913
 150.000000 -1.879556 1.224531 23.315703 25.674725
 150.200000 -1.480519 1.539445 25.909035 72.450571
 150.400000 -0.657469 1.387677 6.306994 1463.187887
 150.600000 -1.166530 1.748299 24.047967 540.971356
 150.800000 -0.810138 1.585453 12.376363 1576.959254
 151.000000 -1.010487 1.582607 19.414142 1065.092783
 151.200000 -1.239155 1.236794 25.365177 195.937824
 151.400000 -1.334207 0.636901 26.203941 17.685763
 151.600000 -0.826527 0.249163 12.987700 1518.393082
 151.800000 -1.472425 0.418202 25.946998 61.789272
 152.000000 -0.937353 0.641402 16.974467 1118.033896
 152.200000 -1.497897 1.162851 25.694781 94.533480
 152.400000 -0.892364 0.979143 15.401422 1244.756538
 152.600000 -1.345971 0.935915 26.217484 10.187778
 152.800000 -1.284888 0.676520 25.853495 78.879362
 153.000000 -0.840069 0.581555 13.479019 1463.789482
 153.200000 -1.553685 0.816783 25.045189 150.198164
 153.400000 -0.795432 0.839559 11.693562 1610.795638
 153.600000 -1.122147 1.230730 22.807991 788.628637
 153.800000 -1.614846 1.573411 24.290254 141.170530
 154.000000 -0.664719 0.715438 6.493692 1471.825541
 154.200000 -1.287894 0.503929 25.824295 74.476914
 154.400000 -0.830299 0.285537 13.042219 1504.316051
 154.600000 -0.985683 0.718029 18.481542 1073.503749
 154.800000 -1.599612 1.127994 24.454778 150.106059
 155.000000 -1.035143 0.928707 20.095912 1052.539145
 155.200000 -1.407915 1.088895 26.176651 4.704019
 155.400000 -1.407899 0.746126 26.176686 4.697739
 155.600000 -0.667571 0.284100 6.543701 1477.661570
 155.800000 -1.000541 0.241272 18.942522 1069.865483
 156.000000 -1.588989 0.963738 24.566543 153.839187
 156.200000 -1.625448 1.513656 24.110599 130.339619
 156.400000 -0.817904 1.248587 12.504477 1549.975959
 156.600000 -1.286857 1.029890 25.765318 76.914700
 156.800000 -1.671852 0.972132 23.635345 78.790684
 157.000000 -1.097960 0.817436 22.027407 900.021744
 157.200000 -1.503097 1.054413 25.541057 99.978456
 157.400000 -1.538732 1.057588 25.149819 138.971949
 157.600000 -1.073612 0.821440 21.256737 984.995533
 157.800000 -1.624343 0.866810 24.108484 130.800627
 158.000000 -1.023101 0.958121 19.632787 1063.490197
 158.200000 -1.431747 0.878076 26.041829 17.649905
 158.400000 -1.099721 0.876180 22.037796 893.785986
 158.600000 -1.027978 0.658364 19.770216 1061.597772
 158.800000 -1.581479 0.846570 24.613526 154.353811
 159.000000 -1.199132 0.946440 24.520627 363.377951
 159.200000 -1.260769 0.930428 25.437593 132.495001
 159.400000 -1.560453 1.072038 24.863727 151.537244
 159.600000 -0.872859 0.632308 14.520444 1326.517971
 159.800000 -1.084227 0.655141 21.549577 953.936635
 160.000000 -1.492919 0.725851 25.612314 85.192977
 160.200000 -1.216668 1.104459 24.799652 280.516594
 160.400000 -1.311977 1.163108 25.872421 40.692004
 160.600000 -1.461585 1.098758 25.851786 45.029819
 160.800000 -1.242680 0.721053 25.193264 183.665208
 161.000000 -1.294068 0.988420 25.743378 64.790500
 161.200000 -1.105857 0.962634 22.176284 867.992754
 161.400000 -1.689268 1.195363 23.434536 57.551710
 161.600000 -1.214110 0.863850 24.742122 290.607071
 161.800000 -1.607755 1.273310 24.260977 145.376741
 162.000000 -1.125649 1.094447 22.742721 768.134738
 162.200000 -1.256028 0.808395 25.337011 143.417855
 162.400000 -1.676509 0.803542 23.526961 72.661841
 162.600000 -1.149814 0.893427 23.372335 631.776354
 162.800000 -1.311936 1.073056 25.844766 40.974716
 163.000000 -1.555660 0.847320 24.898416 150.258848
 163.200000 -0.985802 0.650457 18.301734 1094.693705
 163.400000 -1.453762 0.937553 25.878743 35.277801
 163.600000 -1.300639 1.220916 25.758411 55.188268
 163.800000 -1.652178 1.224069 23.745256 102.933897
 164.000000 -1.221258 0.737407 24.842319 259.546863
 164.200000 -0.932581 0.489776 16.508344 1149.946426
 164.400000 -1.190628 0.269368 24.283460 402.492524
 164.600000 -1.044434 0.705328 20.220963 1064.432386
 164.800000 -1.238813 1.530345 25.101230 195.088204
 165.000000 -0.819751 1.740994 12.393861 1552.268931
 165.200000 -0.708069 1.819421 7.860132 1593.010689
 165.400000 -0.849300 2.207047 13.516643 1438.418372
 165.600000 -0.875928 2.480449 14.506538 1326.894415
 165.800000 -0.548569 2.138078 1.644136 1537.514552
 166.000000 -0.907479 1.620581 15.630096 1215.328619
 166.200000 -1.071320 0.732471 21.076153 1011.647351
 166.400000 -1.122992 0.274335 22.635277 789.358106
 166.600000 -0.625383 0.191843 4.609935 1487.863171
 166.800000 -0.516631 -0.018498 0.369645 1628.520805
 167.000000 -1.086325 0.299201 21.547665 961.368981
 167.200000 -1.059197 0.990489 20.685434 1044.925204
 167.400000 -1.404620 1.410870 26.045969 2.415530
 167.600000 -1.052052 0.805436 20.453627 1059.859850
 167.800000 -1.029348 0.147757 19.708408 1091.166798
 168.000000 -0.781558 -0.008430 10.800288 1657.231824
 168.200000 -0.781725 0.097411 10.788468 1658.981803
 168.400000 -1.170191 0.324760 23.837479 513.319932
 168.600000 -0.936521 0.956028 16.597715 1164.240259
 168.800000 -1.181514 1.796111 24.085806 449.611196
 169.000000 -0.493029 1.476041 -0.002321 0.454764
 169.200000 -0.593582 1.978827 3.308850 1521.277992
 169.400000 -1.031145 2.271902 19.770023 1097.125590
 169.600000 -0.433066 2.137335 -0.000000 0.000000
 169.800000 -0.791864 1.968987 11.183180 1644.628952
 170.000000 -0.976395 1.469516 17.941226 1129.329232
 170.200000 -0.919953 0.602853 16.013539 1214.644658
 170.400000 -1.632698 0.152737 23.884116 131.396582
 170.600000 -1.669930 0.523379 23.497393 84.031949
 170.800000 -1.023947 1.188328 19.535252 1107.980880
 171.000000 -0.758800 2.137468 9.818295 1671.457521
 171.200000 -1.166390 2.493193 23.754817 526.929594
 171.400000 -2.044861 2.174055 24.776332 81.160304
 171.600000 -2.275794 2.763117 26.765287 58.747407
 171.800000 -2.826788 3.028717 26.072881 245.899895
 172.000000 2.847348 2.518610 -0.000000 0.000000
 172.200000 2.955963 2.868040 4.357044 5681.829473
 172.400000 2.836482 3.100393 -0.000000 0.000000
 172.600000 -2.944482 2.699592 23.413923 995.374737
 172.800000 -1.760142 2.592444 22.981322 2.592515
 173.000000 -1.339729 2.357683 25.944678 16.039346
 173.200000 -0.734576 1.592633 8.789138 1648.542504
 173.400000 -0.992340 1.530645 18.484081 1144.655215
 173.600000 -1.130326 0.898754 22.853671 732.606617
 173.800000 -1.306800 0.525549 25.762971 46.589036
 174.000000 -0.848459 0.535722 13.371375 1480.019557
 174.200000 -1.660728 1.294521 23.546361 97.603349
 174.400000 -1.092939 1.151139 21.779672 926.143982
 174.600000 -0.839694 0.586657 13.021504 1516.794127
 174.800000 -1.124770 0.372113 22.705597 761.462345
 175.000000 -1.639470 0.754997 23.770921 125.433789
 175.200000 -0.951839 1.349705 17.104146 1193.006433
 175.400000 -0.901700 1.956373 15.338927 1300.483765
 175.600000 -0.559795 2.034991 1.863429 1569.304219
 175.800000 -1.685761 2.343936 23.313560 64.445009
 176.000000 -2.372990 2.500620 27.479078 44.549359
 176.200000 -2.782729 3.120913 26.762647 185.174401
 176.400000 3.002854 2.736605 7.898884 5247.498965
 176.600000 -2.730759 3.051268 27.441433 156.745173
 176.800000 -2.271020 2.628900 26.750956 64.677330
 177.000000 -1.706018 2.450969 23.159649 40.418510
 177.200000 -1.428900 2.306067 25.947318 14.756312
 177.400000 -0.586043 2.058134 2.866590 1566.281155
 177.600000 -1.087655 1.840963 21.634366 944.218597
 177.800000 -1.148306 1.518824 23.333686 616.521073
 178.000000 -1.158633 0.605763 23.583713 556.228902
 178.200000 -1.115815 0.473442 22.474076 800.915357
 178.400000 -0.973588 0.830502 17.862298 1184.716297
 178.600000 -1.012217 1.257819 19.181076 1145.058595
 178.800000 -1.697207 1.487140 23.202419 50.749802
 179.000000 -1.063002 1.088616 20.865168 1037.486334
 179.200000 -1.218016 0.588387 24.763586 256.289785
 179.400000 -1.167136 0.610899 23.787000 502.181504
 179.600000 -1.043034 0.921620 20.221683 1092.921192
 179.800000 -0.667981 1.308092 6.056012 1552.539314
 180.000000 -0.886066 1.354102 14.756245 1375.718431
 180.200000 -0.637929 1.045824 4.861473 1541.876962
 180.400000 -1.735801 1.117623 22.977282 14.109362
 180.600000 -0.968989 0.555463 17.716752 1200.521087
 180.800000 -1.264136 0.693890 25.380312 116.263122
 181.000000 -1.339730 0.862381 25.929018 15.807974
 181.200000 -1.141291 1.118377 23.183180 645.679354
 181.400000 -0.979552 1.587292 18.090979 1193.229087
 181.600000 -1.129449 1.520091 22.874344 714.803019
 181.800000 -1.104242 1.152040 22.167865 854.768114
 182.000000 -1.773448 0.895486 22.890691 0.189274
 182.200000 -0.974734 0.613927 17.933795 1204.252399
 182.400000 -1.498900 0.983539 25.439174 101.395683
 182.600000 -1.090514 1.180662 21.771248 921.499235
 182.800000 -1.266387 1.309520 25.411156 110.136391
 183.000000 -1.547309 0.903813 24.881353 159.849775
 183.200000 -1.195587 0.446243 24.399657 345.267869
 183.400000 -0.719184 0.510533 8.061688 1651.038225
 183.600000 -1.557008 1.041551 24.755093 167.137720
 183.800000 -0.953804 0.980384 17.211403 1238.766039
 184.000000 -1.338833 1.107199 25.931936 15.920940
 184.200000 -1.563755 1.127640 24.666480 171.263923
 184.400000 -1.217221 0.692365 24.780764 251.188344
 184.600000 -0.578667 0.171469 2.448872 1603.485094
 184.800000 -0.838582 0.154153 12.929767 1570.914080
 185.000000 -0.756303 -0.471543 9.575889 1699.257113
 185.200000 -0.617977 -0.782106 4.002295 1580.088977
 185.400000 -0.814176 0.067565 11.950018 1645.129507
 185.600000 -1.055075 0.871966 20.696230 1064.258799
 185.800000 -1.494115 1.596944 25.489205 95.470209
 186.000000 -1.435490 1.330938 25.916353 21.393671
 186.200000 -1.051211 0.461722 20.585511 1077.603917
 186.400000 -0.932791 0.422558 16.488954 1295.821644
 186.600000 -1.027767 0.330889 19.804124 1140.600459
 186.800000 -1.189927 0.453606 24.322323 364.689825
 187.000000 -1.373937 1.069391 26.029220 0.998073
 187.200000 -1.137126 1.406477 23.153997 653.692241
 187.400000 -0.595134 1.425814 3.062476 1611.807604
 187.600000 -0.574527 1.866598 2.233643 1621.507918
 187.800000 -0.817603 2.254057 12.089735 1644.579668
 188.000000 -0.643914 2.422287 5.010852 1586.287052
 188.200000 -0.540897 1.629771 0.867792 1585.499073
 188.400000 -1.345801 1.204715 25.976117 11.273277
 188.600000 -1.496931 0.552155 25.471798 101.088343
 188.800000 -1.315179 0.207499 25.834958 34.412896
 189.000000 -0.709347 0.488856 7.636041 1661.797588
 189.200000 -1.682635 1.081569 23.247438 75.478176
 189.400000 -1.556414 1.119551 24.769350 173.403566
 189.600000 -0.655334 0.878149 5.453842 1606.188278
 189.800000 -1.751107 0.967360 22.856146 6.862085
 190.000000 -1.439139 0.686967 25.916478 24.739621
 190.200000 -0.855846 0.965274 13.630019 1537.748867
 190.400000 -1.138890 1.611489 23.244738 633.564341
 190.600000 -0.651241 2.016297 5.284472 1613.126908
 190.800000 -0.558761 2.081468 1.553591 1631.275785
 191.000000 -0.622833 2.011896 4.143445 1617.462085
 191.200000 -0.801109 1.833349 11.433201 1688.069608
 191.400000 -0.728608 1.819706 8.431441 1703.179182
 191.600000 -1.053309 2.027632 20.741243 1076.965986
 191.800000 -0.746830 1.974209 9.185395 1719.325321
 192.000000 -0.726211 2.037425 8.332533 1700.427237
 192.200000 -0.712048 2.128317 7.756530 1686.379280
 192.400000 -0.726196 2.145466 8.339007 1703.128159
 192.600000 -0.719376 1.847713 8.057859 1695.342425
 192.800000 -0.883112 1.947686 14.699062 1454.999358
 193.000000 -0.656560 1.924487 5.498968 1633.320942
 193.200000 -0.625926 1.937893 4.262491 1650.045172
 193.400000 -0.728395 2.015958 8.442227 1708.508908
 193.600000 -0.685548 2.094060 6.683120 1662.524175
 193.800000 -0.604779 1.963982 3.401712 1664.211502
 194.000000 -1.039056 1.925966 20.301987 1127.514475
 194.200000 -0.635469 1.723527 4.656797 1659.000223
 194.400000 -0.714509 1.839232 7.884925 1697.587150
 194.600000 -0.954216 2.166446 17.349776 1297.470415
 194.800000 -0.661506 2.142629 5.716440 1656.606542
 195.000000 -0.833540 2.142972 12.782221 1603.220089
 195.200000 -1.080546 1.734113 21.678616 954.242881
 195.400000 -0.591527 0.885999 2.861557 1703.294792
 195.600000 -1.393142 0.492975 26.067975 0.400852
 195.800000 -0.900130 0.397330 15.376021 1409.161234
 196.000000 -1.040438 0.577206 20.382136 1124.702819
 196.200000 -1.538138 1.143274 25.021136 162.573606
 196.400000 -1.495611 1.226299 25.512155 101.891041
 196.600000 -0.668072 0.884100 6.013472 1677.848621
 196.800000 -1.363069 0.809421 26.049950 3.855392
 197.000000 -1.614655 0.853857 23.993642 171.616314
 197.200000 -0.618466 0.782974 3.984709 1714.767026
 197.400000 -1.367153 1.288245 26.061226 2.623527
 197.600000 -1.735680 0.901289 22.858292 19.831053
 197.800000 -0.572590 0.322320 2.075945 1735.672006
 198.000000 -0.732175 -0.242576 8.669267 1712.028843
 198.200000 -0.664139 -0.806437 5.882399 1696.453965
 198.400000 -0.722429 -0.102384 8.285058 1707.735859
 198.600000 -1.201720 0.829765 24.652328 277.831013
 198.800000 -1.614333 1.458192 24.000098 173.645102
 199.000000 -1.137596 0.970709 23.326540 610.076510
 199.200000 -1.416282 0.607567 26.043959 7.900569
 199.400000 -1.802761 0.504453 22.744107 2.156262
 199.600000 -1.137105 0.873841 23.328263 609.225239
 199.800000 -0.839286 1.459705 13.078708 1570.953945
 200.000000 -1.027737 1.706827 20.028918 1168.032078
 200.200000 -0.539502 1.391566 0.020736 770.266712
 200.400000 -0.753853 1.960391 8.965752 1701.938001
 200.600000 -0.637998 2.216461 4.174232 1737.088199
 200.800000 -0.586697 2.154271 2.018119 1789.311694
 201.000000 -1.066436 1.778534 20.673525 1013.112884
 201.200000 -0.759406 1.295124 9.218930 1694.259425
 201.400000 -1.453212 1.117615 25.229622 41.014915
 201.600000 -1.629529 0.681395 23.153797 160.844789
 201.800000 -0.532590 0.322637 -0.018929 16.575963
 202.000000 -1.197121 0.455858 23.951179 289.699701
 202.200000 -1.132647 0.704681 22.614036 623.718693
 202.400000 -1.051996 1.196590 20.253327 1076.773972
 202.600000 -0.697915 1.411863 6.706461 1713.069318
 202.800000 -0.578602 1.964993 1.689643 1825.658866
 203.000000 -0.937349 2.340735 16.210867 1356.295648
 203.200000 -0.612601 2.403878 3.153415 1818.257403
 203.400000 -1.062787 1.885460 20.628042 1025.480336
 203.600000 -0.971375 1.191107 17.474480 1305.968957
 203.800000 -1.843961 0.753577 22.179580 20.658065
 204.000000 -1.138382 0.481797 22.775566 585.095381
 204.200000 -0.579433 0.437180 1.739912 1861.240007
 204.400000 -1.260091 0.657922 24.832374 102.833886
 204.600000 -1.858846 1.038477 22.245909 30.737171
 204.800000 -0.765817 1.096209 9.560983 1678.381589
 205.000000 -1.347147 1.436867 25.405207 10.149566
 205.200000 -1.657193 1.051774 22.836315 128.603583
 205.400000 -0.812482 0.256073 11.479680 1604.090352
 205.600000 -0.777374 -0.049943 10.060361 1661.080766
 205.800000 -0.662106 -0.379282 5.289110 1769.127192
 206.000000 -0.627145 -0.229361 3.806947 1827.453947
 206.200000 -0.715144 0.308041 7.529444 1716.880217
 206.400000 -1.231502 0.737712 24.527474 163.676884
 206.600000 -1.368858 1.289113 25.471230 1.981532
 206.800000 -1.025194 0.968975 19.448674 1180.679604
 207.000000 -1.438471 0.778463 25.351486 25.139420
 207.200000 -1.362985 0.963026 25.471298 3.529456
 207.400000 -0.983997 0.981899 18.021494 1291.480453
 207.600000 -1.401237 1.002437 25.480443 2.155090
 207.800000 -1.192328 0.653170 23.958195 293.461390
 208.000000 -0.944453 0.184443 16.581706 1356.349087
 208.200000 -0.524637 -0.076940 -0.001727 0.348692
 208.400000 -0.893860 0.403107 14.714678 1435.190878
 208.600000 -1.571508 1.039838 23.980803 192.613543
 208.800000 -1.405025 1.158072 25.485143 3.351140
 209.000000 -0.510415 1.159044 -0.000011 0.000015
 209.200000 -1.540802 1.457217 24.405739 170.670751
 209.400000 -1.322023 0.897226 25.351117 25.505079
 209.600000 -0.556843 -0.128060 0.799660 1922.590935
 209.800000 -0.351096 -0.883717 -0.000000 0.000000
 210.000000 -0.532637 -0.427994 -0.019530 17.837846
 210.200000 -0.863988 0.563410 13.620509 1489.098656
 210.400000 -1.261452 1.550488 24.917133 96.089328
 210.600000 -1.228403 1.563655 24.542908 167.218080
 210.800000 -0.942266 1.215488 16.574386 1365.316448
 211.000000 -1.713500 0.966346 22.315001 54.350573
 211.200000 -0.863540 0.645472 13.627896 1489.984834
 211.400000 -0.579606 0.265442 1.828579 1981.945626
 211.600000 -1.137059 -0.098455 22.899368 565.146246
 211.800000 -0.626833 -0.227585 3.916911 1908.320747
 212.000000 -0.531111 -0.174270 -0.014214 14.048116
 212.200000 -1.125652 0.186267 22.640208 630.590497
 212.400000 -0.610121 0.317899 3.203541 1961.109234
 212.600000 -0.965220 0.679277 17.469199 1330.688428
 212.800000 -1.565924 0.898769 24.092595 193.925779
 213.000000 -1.225990 1.013108 24.541850 172.114681
 213.200000 -1.122495 1.209112 22.580064 645.943277
 213.400000 -1.406668 0.952292 25.540031 4.210878
 213.600000 -1.016287 0.501751 19.319488 1202.400298
 213.800000 -0.525135 0.019081 -0.002382 0.670053
 214.000000 -0.570873 -0.265099 1.468121 2010.790289
 214.200000 -0.956487 -0.174154 17.207250 1347.689415
 214.400000 -0.510346 -0.045077 -0.000011 0.000018
 214.600000 -1.053187 0.511137 20.585994 1043.051236
 214.800000 -1.667130 1.261011 22.756759 127.029045
 215.000000 -1.399030 1.407403 25.565788 1.853951
 215.200000 -1.198892 0.767221 24.193196 255.629247
 215.400000 -1.395000 0.729091 25.582855 1.016765
 215.600000 -1.239636 1.003493 24.754832 137.066484
 215.800000 -1.040585 1.359067 20.200311 1098.048819
 216.000000 -1.219228 1.158451 24.495333 189.233864
 216.200000 -1.483831 0.924131 25.129680 88.610727
 216.400000 -1.265443 0.732988 25.042168 87.931557
 216.600000 -1.076506 0.947210 21.367429 907.686545
 216.800000 -1.764549 1.299156 22.027843 10.218266
 217.000000 -1.096850 1.085579 21.959857 787.844011
 217.200000 -1.254099 0.698014 24.947147 107.048469
 217.400000 -1.610346 0.843940 23.505636 198.149157
 217.600000 -0.843068 1.054045 12.983032 1535.091926
 217.800000 -0.965058 1.559906 17.612092 1336.288695
 218.000000 -1.056935 1.659723 20.789074 1009.852435
 218.200000 -0.492733 1.469397 -0.000000 0.000000
 218.400000 -1.594277 1.537984 23.743392 206.486298
 218.600000 -1.669332 1.130291 22.745437 131.581047
 218.800000 -0.761647 0.182515 9.761801 1640.080622
 219.000000 -0.451892 -0.530933 -0.000000 0.000000
 219.200000 -0.735626 -0.599951 8.728346 1673.332254
 219.400000 -0.532292 -0.058762 -0.024687 14.158935
 219.600000 -0.621081 0.291330 3.847503 2011.882942
 219.800000 -1.585697 0.925176 23.877415 208.310729
 220.000000 -1.276332 1.291143 25.188836 71.475759
 220.200000 -0.754290 1.315375 9.515132 1645.729178
 220.400000 -1.492138 1.197231 25.101480 103.934910
 220.600000 -0.991548 0.399989 18.667531 1268.084860
 220.800000 -0.614567 0.054699 3.577067 2046.338724
 221.000000 -0.821560 0.002474 12.213237 1571.984862
 221.200000 -0.854033 0.035282 13.520141 1534.153708
 221.400000 -0.515415 0.092257 -0.000102 0.001507
 221.600000 -1.239715 0.606980 24.856653 134.390859
 221.800000 -1.312284 1.318933 25.475038 32.091199
 222.000000 -0.894057 1.574335 15.073438 1476.587604
 222.200000 -0.617759 1.586283 3.768310 2057.196537
 222.400000 -0.545889 1.948555 0.447247 2249.304737
 222.600000 -1.575872 2.425651 24.052469 210.199499
 222.800000 -2.444872 2.640495 27.217619 55.895809
 223.000000 -3.098196 2.916183 16.565214 1716.483607
 223.200000 2.975164 3.048306 5.049136 5425.586127
 223.400000 3.006824 2.806972 7.334904 4897.508338
 223.600000 2.978396 3.013932 5.286990 5402.809029
 223.800000 3.117477 3.019486 13.671368 2079.251577
 224.000000 -2.965075 2.673072 21.932074 1277.171574
 224.200000 -2.669263 2.889461 27.354104 93.601951
 224.400000 -2.753266 2.770211 26.371995 165.234024
 224.600000 -2.982922 2.743752 21.263955 1444.738328
 224.800000 -2.737524 -3.139980 26.572288 158.378114
 225.000000 3.038122 2.716814 9.413921 3967.370748
 225.200000 2.898975 2.900976 -0.021757 32.915530
 225.400000 2.903734 2.833622 0.039479 2261.337984
 225.600000 3.026505 2.871776 8.658111 4322.912883
 225.800000 -2.907390 2.866009 23.711003 689.261025
 226.000000 -2.848642 2.696859 24.983227 312.487495
 226.200000 -2.481590 2.901180 27.436978 46.679535
 226.400000 -2.124259 2.678189 24.330329 93.993567
 226.600000 -1.933554 2.565588 22.524995 74.522158
 226.800000 -1.761206 2.436131 21.986679 19.612853
 227.000000 -2.003998 2.511086 23.179926 92.197765
 227.200000 -1.961473 2.686403 22.762059 86.084427
 227.400000 -1.918748 2.640620 22.387338 65.388829
 227.600000 -1.867343 2.338033 22.039880 26.614485
 227.800000 -1.737907 2.484927 22.112923 45.659603
 228.000000 -1.943902 2.600104 22.601979 79.484375
 228.200000 -2.251348 2.819293 25.559778 92.033866
 228.400000 -2.598641 2.767700 27.766739 6.437941
 228.600000 -2.629668 2.811228 27.634041 35.696239
 228.800000 -2.896070 2.883853 23.977731 593.447813
 229.000000 -2.692125 2.741734 27.085255 121.598014
 229.200000 -2.766655 2.728742 26.167350 169.920351
 229.400000 -2.991573 2.807366 20.892006 1521.696005
 229.600000 3.109331 2.980357 13.240333 2182.932228
 229.800000 -3.117606 2.999540 15.691269 1739.549431
 230.000000 -2.961413 2.640626 22.016119 1245.576706
 230.200000 -2.539433 2.857573 27.705469 12.862594
 230.400000 -2.040905 2.666826 23.480827 89.880572
 230.600000 -1.780619 2.466007 21.900867 7.669185
 230.800000 -1.803903 2.413623 21.863208 0.224778
 231.000000 -2.074636 2.670231 23.799969 89.493809
 231.200000 -2.170089 2.821782 24.711918 100.129575
 231.400000 -2.336234 2.559050 26.272297 65.210729
 231.600000 -2.161532 2.649434 24.626501 99.150999
 231.800000 -1.882085 2.700348 22.092131 36.246919
 232.000000 -1.868859 2.436967 22.018362 26.187988
 232.200000 -1.718390 2.378612 22.263109 77.421647
 232.400000 -1.948610 2.454900 22.596958 78.551406
 232.600000 -1.848180 2.861157 21.925165 12.139580
 232.800000 -1.920620 2.542803 22.359958 63.885940
 233.000000 -1.837148 2.197850 21.891861 6.476401
 233.200000 -1.604111 2.192418 23.710525 224.908804
 233.400000 -2.026758 2.414766 23.317382 88.127041
 233.600000 -2.519870 2.887844 27.584971 26.144634
 233.800000 -3.033230 2.837984 19.174902 1728.368927
 234.000000 2.934365 2.864364 2.069880 4856.048396
 234.200000 3.054232 2.992762 10.327818 3426.094153
 234.400000 -2.652906 2.674120 27.426292 64.105943
 234.600000 -2.056474 2.546748 23.587182 86.868075
 234.800000 -1.646724 2.519580 23.095327 190.739532
 235.000000 -1.762033 2.323509 21.968959 22.069082
 235.200000 -2.124387 2.598545 24.217907 93.184648
 235.400000 -2.145040 2.837210 24.419272 96.939214
 235.600000 -2.307185 2.694862 25.989138 72.607460
 235.800000 -2.270625 2.593717 25.663557 86.249559
 236.000000 -2.035949 2.681137 23.388417 85.868532
 236.200000 -1.636306 2.557479 23.249513 203.501195
 236.400000 -2.021883 2.182261 23.253190 85.081538
 236.600000 -1.743779 2.656414 22.076999 42.250660
 236.800000 -2.127769 2.669515 24.242446 93.589660
 237.000000 -2.232301 2.655093 25.286727 98.236806
 237.200000 -2.665624 2.643591 27.300356 80.536019
 237.400000 -2.450148 3.022002 27.073867 55.369339
 237.600000 -2.583235 2.490499 27.705605 0.191012
 237.800000 -2.315973 2.810812 26.046444 68.949670
 238.000000 -2.013708 2.668967 23.174756 83.955421
 238.200000 -1.922331 2.328286 22.374356 60.910689
 238.400000 -1.884982 2.185867 22.113625 36.101976
 238.600000 -1.866937 2.474505 22.015573 23.290221
 238.800000 -2.215135 2.690659 25.100453 101.539911
 239.000000 -2.889239 2.902170 24.085428 549.036555
 239.200000 2.897908 2.915262 -0.016680 30.161663
 239.400000 -2.997711 2.917048 20.577329 1575.250569
 239.600000 -2.009185 2.782294 23.128647 81.685671
 239.800000 -1.808226 2.129560 21.878268 0.025883
 240.000000 -1.691973 1.692653 22.549117 121.054068
 240.200000 -1.262505 0.724566 25.329919 87.659813
 240.400000 -0.503767 -0.623559 -0.000003 0.000001
 240.600000 -0.514347 -0.825621 -0.000184 0.005309
 240.800000 -0.703815 0.115698 7.885280 1722.366286
 241.000000 -0.940251 0.990173 17.282143 1432.255004
 241.200000 -1.513445 1.371561 25.030869 149.188887
 241.400000 -1.341722 0.738201 25.830784 9.711233
 241.600000 -0.877378 0.359396 14.859928 1558.793670
 241.800000 -1.162999 0.655249 23.956681 356.651572
 242.000000 -1.469572 1.340959 25.492780 75.264721
 242.200000 -1.606228 1.259354 23.717051 223.300332
 242.400000 -1.096145 0.826103 22.459459 689.071687
 242.600000 -1.588941 0.857068 23.976444 225.672549
 242.800000 -1.231184 1.127422 25.011729 144.079328
 243.000000 -1.112477 1.251567 22.873731 598.843141
 243.200000 -1.230387 1.264069 25.012592 145.094221
 243.400000 -1.729000 1.045580 22.226941 61.158613
 243.600000 -1.149864 0.764704 23.723947 410.474542
 243.800000 -1.373516 1.078298 25.901592 0.142819
 244.000000 -1.215016 1.017782 24.816628 181.301373
 244.200000 -0.884170 0.571977 15.172864 1557.161027
 244.400000 -0.784325 -0.166365 11.196547 1594.191175
 244.600000 -0.425660 -0.508092 -0.000000 0.000000
 244.800000 -0.476355 -0.549639 -0.000000 0.000000
 245.000000 -0.612480 -0.040945 3.898111 2249.083651
 245.200000 -0.930427 0.568798 16.991090 1467.462639
 245.400000 -1.391201 1.131465 25.909821 1.573674
 245.600000 -1.581969 1.346192 24.102476 224.012495
 245.800000 -1.137009 0.973167 23.483479 467.695975
 246.000000 -1.219466 0.720937 24.899233 168.565044
 246.200000 -1.244281 1.068152 25.204830 115.282880
 246.400000 -1.424493 1.167801 25.823946 19.518631
 246.600000 -1.210738 0.888403 24.794726 189.767197
 246.800000 -1.290141 0.677461 25.611232 49.712605
 247.000000 -1.102501 0.792168 22.686921 646.717478
 247.200000 -1.556481 1.196155 24.495852 208.372717
 247.400000 -1.137761 0.978440 23.530810 461.496109
 247.600000 -1.368360 0.741212 25.934466 0.596778
 247.800000 -1.165364 1.036705 24.081349 339.428776
 248.000000 -1.695676 1.155336 22.563779 114.307501
 248.200000 -1.065533 0.771028 21.710009 856.307082
 248.400000 -0.488338 0.298295 -0.000000 0.000000
 248.600000 -0.783848 -0.181133 11.232763 1594.484741
 248.800000 -0.532446 -0.690926 0.029106 1205.349198
 249.000000 -0.562894 -0.121204 1.530295 2428.553567
 249.200000 -1.156078 0.461215 23.938477 376.174835
 249.400000 -1.755661 1.404773 22.087921 29.309230
 249.600000 -1.346397 2.144661 25.922007 6.779068
 249.800000 -0.537806 2.429019 0.298881 2735.417470
 250.000000 -0.539219 1.893122 0.372065 2623.858131
 250.200000 -1.214915 1.594959 24.910401 176.501139
 250.400000 -1.386182 0.604371 25.970375 0.707906
 250.600000 -0.935660 0.106904 17.275016 1462.612724
 250.800000 -0.529236 -0.031969 -0.026029 24.269288
 251.000000 -0.929583 -0.060981 17.041914 1479.735157
 251.200000 -0.711413 0.170905 8.358228 1692.126802
 251.400000 -1.067233 0.475586 21.812246 844.862497
 251.600000 -1.379735 0.852347 25.986029 0.069650
 251.800000 -1.479593 1.540488 25.491353 92.658727
 252.000000 -0.936761 1.329947 17.333679 1460.969065
 252.200000 -1.616851 0.787690 23.641725 222.377618
 252.400000 -1.215931 0.684999 24.953013 172.501406
 252.600000 -1.162676 1.080142 24.112006 345.619553
 252.800000 -1.013103 1.469722 20.122252 1147.022219
 253.000000 -1.344927 1.185153 25.955257 7.311840
 253.200000 -1.184164 0.573404 24.503962 264.366955
 253.400000 -1.623315 0.645599 23.554700 218.671401
 253.600000 -1.125782 1.245728 23.369423 514.926731
 253.800000 -1.378779 1.376058 26.012585 0.032513
 254.000000 -1.365983 1.016189 26.007690 0.881224
 254.200000 -1.271508 0.609175 25.579779 69.649832
 254.400000 -0.759316 0.388556 10.337739 1599.877322
 254.600000 -1.545234 0.291045 24.732144 200.625801
 254.800000 -1.719559 0.800990 22.376269 78.838885
 255.000000 -1.131408 0.957833 23.515075 486.009113
 255.200000 -0.620469 1.120601 4.423473 2236.881730
 255.400000 -1.694499 1.753790 22.633149 120.610490
 255.600000 -2.271396 2.128131 25.496206 83.015399
 255.800000 -1.858060 -3.123213 22.031634 11.707800
 256.000000 -2.196718 2.650072 24.767277 102.432754
 256.200000 -2.297960 2.147307 25.718828 71.499613
 256.400000 -1.824476 2.710579 21.963417 0.557844
 256.600000 -1.788370 2.924668 21.994244 6.297328
 256.800000 -2.594728 2.241196 27.518406 1.855497
 257.000000 -2.487441 2.907619 27.136839 47.195562
 257.200000 -3.048124 3.080874 18.313572 1757.084143
 257.400000 2.941502 2.553661 2.498414 4859.432968
 257.600000 -2.994167 -3.123736 20.529748 1554.715545
 257.800000 2.910583 2.794839 0.448310 4079.677306
 258.000000 2.949243 2.625154 3.042490 5011.351615
 258.200000 2.987698 3.027343 5.786848 5017.379591
 258.400000 2.907212 3.061165 0.226344 4396.882833
 258.600000 -3.000083 2.748225 20.283967 1595.500265
 258.800000 -2.425347 2.948447 26.660068 54.459398
 259.000000 -1.843001 2.717252 21.996996 4.573539
 259.200000 -1.894362 2.096297 22.196704 28.779489
 259.400000 -1.726355 2.029688 22.354587 70.709207
 259.600000 -1.841353 2.340151 21.996195 3.822248
 259.800000 -1.952530 2.646556 22.575510 54.367684
 260.000000 -2.499188 2.742273 27.179377 42.004949
 260.200000 -2.939375 2.775063 22.473568 1027.241924
 260.400000 -3.097449 2.975869 16.218661 1730.384868
 260.600000 3.035580 2.768863 8.982565 3850.706078
 260.800000 2.928181 2.913565 1.582703 4463.134270
 261.000000 2.970637 2.728607 4.561878 5137.374198
 261.200000 -3.002830 2.717719 20.141410 1612.870800
 261.400000 -2.499987 2.857223 27.160411 41.670727
 261.600000 -2.204782 2.578637 24.792592 101.838791
 261.800000 -1.710023 2.266542 22.522570 96.253675
 262.000000 -1.478956 2.311759 25.619904 96.346072
 262.200000 -2.021040 2.235184 23.092848 65.009698
 262.400000 -2.203320 2.822155 24.768865 102.005111
 262.600000 -2.516458 2.903751 27.249338 32.371421
 262.800000 -2.670897 2.471307 27.040838 83.571662
 263.000000 -2.020986 2.901065 23.092413 65.001875
 263.200000 -1.996026 2.535557 22.889998 60.529644
 263.400000 -1.867783 2.386568 22.086425 12.662086
 263.600000 -1.952154 2.362714 22.561660 50.479090
 263.800000 -1.683409 2.819024 22.829262 140.333971
 264.000000 -2.893786 2.472397 23.725080 592.841664
 264.200000 2.859561 2.746926 -0.000000 0.000000
 264.400000 -2.624023 -3.045783 27.348088 20.674344
 264.600000 -2.201202 2.399540 24.729631 102.212597
 264.800000 -1.769931 1.996879 22.118694 20.227040
 265.000000 -0.404935 1.466376 -0.000000 0.000000
 265.200000 -0.596894 1.861312 3.392216 2415.343821
 265.400000 -0.566347 2.087768 1.870889 2517.438695
 265.600000 -1.392884 2.577728 26.162158 2.971690
 265.800000 -1.819670 2.619862 22.015487 0.013204
 266.000000 -2.841962 2.733477 24.771130 304.289407
 266.200000 2.983241 -3.118260 5.456370 5003.834852
 266.400000 -3.089890 2.960438 16.471440 1732.399501
 266.600000 -2.266445 2.463756 25.352380 84.741065
 266.800000 -1.666488 2.274852 23.065645 166.127167
 267.000000 -0.991799 2.314048 19.610846 1271.474036
 267.200000 -0.671176 1.894433 6.852056 1877.237079
 267.400000 -0.598167 1.687642 3.473083 2412.038317
 267.600000 -1.481453 1.553035 25.650413 103.201221
 267.800000 -1.189825 0.327128 24.814673 241.694666
 268.000000 -0.583371 -0.389860 2.740491 2486.376703
 268.200000 -0.495881 -0.563392 -0.000001 0.000000
 268.400000 -0.625732 0.087601 4.810435 2215.101888
 268.600000 -1.359705 0.898424 26.202013 1.426871
 268.800000 -1.027054 1.409241 20.845439 1083.615260
 269.000000 -0.457117 1.232472 -0.000000 0.000000
 269.200000 -1.287297 1.367205 25.915337 48.244121
 269.400000 -1.342993 0.728330 26.181686 6.625472
 269.600000 -0.476822 -0.052985 -0.000000 0.000000
 269.800000 -0.584371 -0.638476 2.810859 2487.776679
 270.000000 -0.543948 -0.477767 0.783290 2489.838781
 270.200000 -0.805621 0.042422 12.355077 1609.232921
 270.400000 -0.919022 0.688422 16.908915 1551.945837
 270.600000 -1.286698 1.134221 25.924540 48.602816
 270.800000 -1.083970 1.098710 22.591330 746.371249
 271.000000 -0.543691 0.706234 0.780144 2494.140400
 271.200000 -1.602260 0.856261 24.021974 232.113850
 271.400000 -1.709497 0.901481 22.615607 95.231858
 271.600000 -0.526944 0.669785 -0.014078 262.340911
 271.800000 -1.731775 1.101065 22.418597 62.516896
 272.000000 -1.214412 1.020257 25.221171 171.957211
 272.200000 -0.575549 0.794598 2.404932 2529.877557
 272.400000 -1.198393 0.789132 25.012751 216.165326
 272.600000 -1.868730 0.721325 22.137523 9.397380
 272.800000 -1.477325 0.650192 25.731393 98.076868
 273.000000 -1.037372 1.243200 21.230744 1025.264739
 273.200000 -1.485992 1.931842 25.649695 113.346448
 273.400000 -1.326345 2.020014 26.179173 14.327734
 273.600000 -1.030241 2.025897 21.012545 1066.686431
 273.800000 -0.643080 1.934530 5.678549 2075.072971
 274.000000 -0.538623 1.913553 0.557602 2552.032106
 274.200000 -0.864345 1.965661 14.763772 1634.888213
 274.400000 -0.535012 1.919560 0.384342 2726.419498
 274.600000 -0.723265 2.124691 9.104207 1629.788801
 274.800000 -0.724702 2.091721 9.162174 1626.395881
 275.000000 -0.722741 1.942729 9.083056 1631.063963
 275.200000 -0.746496 1.925305 10.048923 1588.911446
 275.400000 -0.837428 2.236153 13.686746 1632.243261
 275.600000 -0.783028 2.115940 11.503106 1589.076929
 275.800000 -0.514216 1.787183 -0.001444 0.320634
 276.000000 -1.114327 1.710426 23.433711 575.836507
 276.200000 -1.207505 1.133512 25.200244 192.069787
 276.400000 -1.411566 0.602872 26.218705 15.016653
 276.600000 -1.240400 0.713807 25.604276 115.758446
 276.800000 -1.498322 1.317795 25.532695 135.478551
 277.000000 -1.432080 1.337251 26.119149 34.012121
 277.200000 -1.236551 0.875056 25.577410 123.261680
 277.400000 -1.104812 0.512333 23.226989 628.492471
 277.600000 -1.228517 0.980401 25.485258 140.235195
 277.800000 -0.979381 1.377150 19.300789 1335.727011
 278.000000 -1.258869 1.313362 25.803034 83.478014
 278.200000 -1.062377 0.549603 22.080168 875.848758
 278.400000 -1.471049 0.648230 25.837675 89.536984
 278.600000 -1.109265 1.149287 23.352695 605.132544
 278.800000 -1.423445 1.225979 26.185458 25.839984
 279.000000 -1.210773 0.804558 25.278191 183.839650
 279.200000 -1.455771 0.896230 25.983467 66.526322
 279.400000 -0.516537 1.088373 -0.005053 3.426289
 279.600000 -1.346272 1.704409 26.320283 3.458100
 279.800000 -1.725375 1.622440 22.538872 73.043330
 280.000000 -1.688434 1.542357 22.908171 129.338455
 280.200000 -1.193113 0.850884 25.059853 238.233998
 280.400000 -1.299400 0.613913 26.161983 32.656664
 280.600000 -1.245036 0.859999 25.726741 107.581614
 280.800000 -1.541039 1.453262 25.010438 201.651400
 281.000000 -1.652506 1.617501 23.366763 183.558081
 281.200000 -1.482408 1.289724 25.757309 110.924152
 281.400000 -1.269457 0.630642 25.974817 67.585749
 281.600000 -1.001541 0.408240 20.149123 1224.941569
 281.800000 -0.533426 0.017895 0.396776 2760.104347
 282.000000 -0.555949 -0.549923 1.544086 2603.551100
 282.200000 -0.466671 -0.624186 -0.000000 0.000000
 282.400000 -0.497461 -0.195646 -0.000003 0.000001
 282.600000 -1.173558 0.684036 24.775166 310.362570
 282.800000 -1.343618 1.195835 26.371828 3.711107
 283.000000 -1.166703 1.034542 24.651835 337.304303
 283.200000 -1.466498 0.593820 25.939344 86.083375
 283.400000 -1.488639 0.812829 25.713590 122.762004
 283.600000 -1.103322 1.167743 23.280364 646.761042
 283.800000 -0.774695 1.459988 11.263904 1569.821908
 284.000000 -0.975728 1.797571 19.248055 1355.688296
 284.200000 -0.454819 1.715046 -0.000000 0.000000
 284.400000 -0.626957 2.212444 5.118741 2202.213077
 284.600000 -0.628306 2.138754 5.181989 2189.693496
 284.800000 -0.724086 1.943829 9.272016 1589.663591
 285.000000 -1.136463 1.661019 24.080656 476.338701
 285.200000 -1.509112 0.816616 25.495000 157.954032
 285.400000 -0.975435 0.302176 19.266749 1357.110873
 285.600000 -0.685585 0.005098 7.723147 1734.390630
 285.800000 -0.505000 -0.316048 -0.000088 0.001336
 286.000000 -0.594363 -0.455874 3.557001 2485.835167
 286.200000 -0.498544 -0.381549 -0.000007 0.000008
 286.400000 -0.789488 0.326055 11.888556 1583.618241
 286.600000 -1.445103 1.104842 26.159102 56.406569
 286.800000 -1.413081 1.505631 26.352693 20.855901
 287.000000 -0.789303 0.915989 11.881183 1583.371167
 287.200000 -1.729408 0.648743 22.566407 71.421357
 287.400000 -1.403011 0.686888 26.410848 13.589174
 287.600000 -1.302471 1.227725 26.326709 27.597810
 287.800000 -0.649471 1.519682 6.205435 1990.819955
 288.000000 -0.602623 1.970336 4.004830 2424.777540
 288.200000 -0.858650 2.217512 14.707079 1658.250249
 288.400000 -0.576398 2.462188 2.705818 2608.549577
 288.600000 -0.761082 1.874536 10.792716 1552.035058
 288.800000 -0.645934 1.637315 6.066047 2020.315052
 289.000000 -1.778734 1.672273 22.253848 19.456304
 289.200000 -1.617958 0.928067 23.948711 225.576367
 289.400000 -0.736589 0.337873 9.845175 1553.909965
 289.600000 -0.522457 -0.113728 -0.013497 288.154368
 289.800000 -0.614680 -0.720158 4.631843 2318.383990
 290.000000 -0.555449 -0.424612 1.647237 2660.729640
 290.200000 -0.896462 0.103612 16.274153 1627.324650
 290.400000 -1.265196 1.082149 26.132482 73.659470
 290.600000 -1.630748 1.566050 23.768045 215.615119
 290.800000 -1.324912 1.564368 26.482550 10.249395
 291.000000 -0.859314 0.736866 14.765636 1659.305506
 291.200000 -0.461547 -0.515970 -0.000000 0.000000
 291.400000 -0.386979 -0.905486 -0.000000 0.000000
 291.600000 -0.552460 0.157592 1.530729 2675.873378
 291.800000 -1.601662 1.462559 24.217432 236.155710
 292.000000 -1.983747 2.139815 22.639781 34.385657
 292.200000 -1.752408 3.128292 22.418260 45.599149
 292.400000 -2.788253 2.537000 25.263150 201.690713
 292.600000 2.742229 2.669836 -0.000000 0.000000
 292.800000 -3.052531 -3.049260 17.735345 1740.464773
 293.000000 -2.904489 2.584393 23.080134 675.792690
 293.200000 -2.756000 2.430372 25.690569 174.412445
 293.400000 -2.049407 -2.874065 23.049125 52.870590
 293.600000 -2.070643 2.822029 23.209365 61.235896
 293.800000 -2.178660 1.809807 24.200583 103.495195
 294.000000 -1.440522 1.991816 26.298099 53.972405
 294.200000 -0.553737 2.061972 1.654610 2703.494946
 294.400000 -0.575025 1.826623 2.758206 2651.031358
 294.600000 -0.917127 1.798587 17.163780 1578.063740
 294.800000 -0.976124 2.102329 19.425288 1343.674128
 295.000000 -0.427370 1.944474 -0.000000 0.000000
 295.200000 -0.502778 1.828114 -0.000113 0.002239
 295.400000 -1.170093 1.897745 24.946248 347.078075
 295.600000 -1.817764 1.705237 22.157486 2.814818
 295.800000 -1.605623 2.021059 24.196936 238.617505
 296.000000 -1.754052 2.741519 22.421556 45.185167
 296.200000 -2.416372 2.803927 26.158458 47.283541
 296.400000 2.957211 2.726897 3.464049 4797.974548
 296.600000 2.972353 -3.049204 4.516450 4834.114541
 296.800000 -2.918228 2.725333 22.649898 795.937638
 297.000000 -2.449472 2.656655 26.388201 48.658828
 297.200000 -1.960462 2.922668 22.473053 24.330090
 297.400000 -2.081945 2.495360 23.256220 64.889969
 297.600000 -2.010163 2.405696 22.748771 37.765685
 297.800000 -2.061918 2.612861 23.100622 56.042354
 298.000000 -2.276825 2.687268 25.115865 77.833126
 298.200000 -2.761140 2.474427 25.554685 178.353066
 298.400000 -2.991013 3.032820 20.163192 1488.486576
 298.600000 2.857980 2.832800 -0.000000 0.000000
 298.800000 3.072257 2.811624 10.729332 2726.079290
 299.000000 -2.856322 2.984783 24.072997 368.560673
 299.200000 -2.590663 2.678545 26.984806 0.443080
 299.400000 -2.196358 2.697696 24.311888 103.837046
 299.600000 -1.796165 2.522038 22.227439 11.739646
 299.800000 -1.814890 2.325905 22.176580 4.085809
 300.000000 -1.997063 2.510500 22.662164 32.809357
 300.200000 -2.200193 2.705072 25.371843 103.411422
 300.400000 -2.544069 2.724758 27.924931 13.690230
 300.600000 -2.573899 2.646965 27.997868 1.156403
 300.800000 -2.826818 2.705880 25.601885 269.596135
 301.000000 -2.967505 2.960571 22.044597 1281.170255
 301.200000 3.001500 2.779145 7.499445 4438.565932
 301.400000 3.009092 2.890532 8.000750 4279.399851
 301.600000 3.037232 2.963753 9.765899 3576.890443
 301.800000 2.979985 2.705357 6.038124 4748.011134
 302.000000 3.115589 2.808563 13.813238 2014.332472
 302.200000 -3.015536 3.027736 20.166316 1636.848529
 302.400000 -3.000672 2.813977 20.760292 1552.523896
 302.600000 -2.883296 2.829994 24.482105 518.482762
 302.800000 -2.760510 2.712957 26.543954 178.281545
 303.000000 -2.704884 2.693743 27.232775 125.035634
 303.200000 -2.884314 2.699443 24.444072 526.157323
 303.400000 -2.970756 2.865598 21.879313 1309.231085
 303.600000 2.900112 3.014638 0.797993 3126.552688
 303.800000 2.992272 2.722904 6.862899 4588.269606
 304.000000 -2.604368 2.992613 27.933044 4.238145
 304.200000 -2.140688 2.662558 24.728427 88.569067
 304.400000 -1.769726 2.265133 23.384685 31.837164
 304.600000 -1.841464 2.200554 23.176949 0.137134
 304.800000 -1.920587 2.613418 23.313395 11.823276
 305.000000 -2.515186 2.866093 27.721106 29.806262
 305.200000 3.135711 2.820613 14.646407 1836.889516
 305.400000 2.951939 3.011527 4.079558 4680.068960
 305.600000 -3.084674 2.980246 17.267241 1719.236447
 305.800000 -3.063499 2.750585 18.146697 1729.021746
 306.000000 -2.593252 2.723416 27.917370 0.619650
 306.200000 -2.315604 2.772701 26.348882 59.765373
 306.400000 -2.124443 2.601146 24.555093 80.324802
 306.600000 -1.876132 2.514542 23.196417 2.206084
 306.800000 -2.039667 2.477966 23.899712 42.340085
 307.000000 -2.032751 2.858714 23.855352 39.972295
 307.200000 -2.560305 2.735019 27.855408 6.077913
 307.400000 -2.468659 2.878432 27.382486 44.031538
 307.600000 -2.740986 2.720177 26.742538 162.055531
 307.800000 -2.969369 2.745860 21.872939 1291.251251
 308.000000 -2.871886 3.071551 24.662205 453.920514
 308.200000 -3.048744 2.691385 18.724633 1718.653787
 308.400000 -2.788907 2.978141 26.081900 209.332058
 308.600000 -2.814425 2.773682 25.696879 249.523530
 308.800000 -2.458615 2.737000 27.300760 44.657546
 309.000000 -2.051408 2.756105 23.963656 45.604806
 309.200000 -1.881637 2.428419 23.201597 2.717148
 309.400000 -1.828768 2.322168 23.189060 1.796699
 309.600000 -2.033877 2.457662 23.842906 39.013288
 309.800000 -2.252537 2.875917 25.766243 88.654775
 310.000000 -2.685082 2.714579 27.360889 93.907704
 310.200000 -2.742545 2.847552 26.696593 163.196162
 310.400000 -3.033403 2.846956 19.335065 1688.295991
 310.600000 3.024661 2.899130 8.923852 3852.380111
 310.800000 -2.849618 2.949752 25.072422 353.369294
 311.000000 -2.663786 2.808358 27.538482 62.159963
 311.200000 -2.224652 2.628732 25.472621 97.200051
 311.400000 -1.758365 2.527660 23.465324 43.225899
 311.600000 -1.907301 2.225055 23.256791 7.111433
 311.800000 -1.961951 2.566140 23.452153 19.123681
 312.000000 -2.191593 2.857103 25.143668 99.152987
 312.200000 -2.619858 2.729627 27.765154 11.016798
 312.400000 -3.026869 2.727519 19.581845 1665.247664
 312.600000 3.127725 -3.128754 14.229851 1890.390722
 312.800000 2.990201 2.742122 6.665788 4558.587764
 313.000000 3.041236 2.855737 9.905822 3421.747644
 313.200000 -2.993065 3.064054 20.917465 1481.583309
 313.400000 3.137426 2.488969 14.638712 1824.417052
 313.600000 -2.766782 2.929100 26.355630 187.632255
 313.800000 -2.828269 2.798854 25.425506 288.336748
 314.000000 -2.523533 2.750356 27.621769 25.190510
 314.200000 -2.009881 2.660305 23.680450 29.515312
 314.400000 -1.758772 2.277075 23.466261 42.482293
 314.600000 -1.897735 1.905728 23.233745 4.941093
 314.800000 -1.809595 2.072239 23.234460 7.192013
 315.000000 -1.775226 2.718163 23.369664 27.335433
 315.200000 -2.663331 2.622234 27.494462 56.815137
 315.400000 2.931010 2.640540 2.640689 4210.527261
 315.600000 -2.799999 -3.081512 25.865070 230.991847
 315.800000 2.934398 2.509889 2.861687 4298.918440
 316.000000 -2.647764 2.832311 27.600297 36.468973
 316.200000 -2.596846 2.765790 27.759684 0.455268
 316.400000 -2.431196 2.460783 27.010518 41.646431
 316.600000 -1.769658 2.656342 23.403534 31.914951
 316.800000 -1.904044 2.406374 23.250699 5.933277
 317.000000 -1.967614 2.515803 23.471026 18.920128
 317.200000 -2.257952 2.548815 25.722452 86.388839
 317.400000 -2.081198 3.014359 24.116668 51.611032
 317.600000 -2.640903 2.573955 27.618981 27.126665
 317.800000 -2.349607 2.779043 26.465222 48.332936
 318.000000 -2.109268 2.817630 24.330229 64.533946
 318.200000 -1.932580 2.566230 23.338444 11.263266
 318.400000 -2.104587 2.386202 24.286133 61.506294
 318.600000 -1.913363 2.693444 23.279677 7.527850
 318.800000 -2.054240 2.713824 23.929647 40.274722
 319.000000 -2.337839 2.514451 26.373802 51.694733
 319.200000 -2.220865 2.867325 25.349308 96.687054
 319.400000 -2.639916 2.678546 27.604832 24.822068
 319.600000 -2.256876 2.765255 25.696105 87.148295
 319.800000 -2.287794 2.585623 25.973244 73.186447
 320.000000 -1.797532 2.844342 23.282824 12.234597
 320.200000 -2.291023 2.507542 25.994637 71.534953
 320.400000 -1.917995 2.893099 23.298882 8.244529
 320.600000 -2.412692 2.441238 26.849405 39.248322
 320.800000 -2.180551 2.692338 24.947692 93.383687
 321.000000 -2.323597 2.605807 26.254716 56.530710
 321.200000 -2.144045 2.818429 24.603046 79.179799
 321.400000 -2.125035 2.604578 24.438926 69.843246
 321.600000 -2.077776 2.502576 24.078669 47.432667
 321.800000 -1.927695 2.548909 23.331790 9.961994
 322.000000 -1.892990 2.787904 23.241892 3.857078
 322.200000 -2.321497 2.543218 26.230499 56.646601
 322.400000 -2.268469 2.875144 25.790029 82.025988
 322.600000 -2.141612 2.725520 24.579609 77.923109
 322.800000 -2.407255 2.285455 26.799923 38.004944
 323.000000 -1.715742 2.673800 23.826220 94.969883
 323.200000 -2.109703 2.610213 24.312928 61.951157
 323.400000 -2.382053 2.519583 26.637684 38.849779
 323.600000 -2.793097 2.747647 25.916367 226.249023
 323.800000 -2.887198 2.922634 24.155388 567.143984
 324.000000 -2.947450 2.879911 22.453108 1072.962873
 324.200000 -2.516513 2.951457 27.435233 27.368040
 324.400000 -2.205085 2.525487 25.182686 97.321885
 324.600000 -1.642343 2.297770 24.723770 207.096997
 324.800000 -1.694971 2.494618 24.043350 126.142949
 325.000000 -2.471653 2.415734 27.176668 36.836322
 325.200000 -2.755343 -3.058969 26.436406 176.552506
 325.400000 2.980321 2.846039 5.918514 4600.262028
 325.600000 -2.797878 2.716200 25.828984 235.367517
 325.800000 -1.571424 2.733174 25.810793 244.336011
 326.000000 -1.872096 1.912838 23.227715 1.147809
 326.200000 -1.607875 1.588759 25.238505 239.827674
 326.400000 -0.335588 0.744306 -0.000000 0.000000
 326.600000 -0.504267 -0.282959 0.425779 2671.009783
 326.800000 -0.720097 -0.761017 10.574913 1470.219981
 327.000000 -0.461986 -0.289528 -0.000001 0.000000
 327.200000 0.168334 0.660248 -0.000000 0.000000
 327.400000 -0.407527 1.891328 -0.000000 0.000000
 327.600000 -1.013427 2.272093 21.929839 1128.675010
 327.800000 -0.711156 2.253493 10.232784 1487.695598
 328.000000 -0.528023 1.701887 1.653285 2765.303056
 328.200000 -1.216115 1.242989 26.935431 199.810600
 328.400000 -1.582921 0.804347 25.625463 246.067971
 328.600000 -0.723276 0.457292 10.699829 1462.118502
 328.800000 -0.636697 0.629059 7.167947 2029.304966
 329.000000 -1.551167 1.084718 26.118018 230.869607
 329.200000 -2.139888 1.326363 24.567715 77.341137
 329.400000 -1.329368 1.805248 27.826235 3.829477
 329.600000 -0.380021 1.512983 -0.000000 0.000000
 329.800000 -0.576186 2.148858 4.217476 2722.472603
 330.000000 -0.967121 2.161417 20.298672 1351.014082
 330.200000 -0.569914 2.141272 3.895120 2770.312372
 330.400000 -0.691311 2.012502 9.468109 1557.337837
 330.600000 -0.825974 1.949854 14.703118 1627.794705
 330.800000 -1.054995 1.932015 23.257682 924.234771
 331.000000 -0.637074 1.983574 7.195167 2020.204639
 331.200000 -0.722194 2.208851 10.668372 1457.447954
 331.400000 -0.718079 2.144948 10.511132 1463.937653
 331.600000 -0.508670 1.785363 0.674739 2577.340322
 331.800000 -0.686436 1.672492 9.280702 1581.059019
 332.000000 -1.010062 1.801284 21.814127 1140.722603
 332.200000 -0.806211 1.794363 13.918553 1580.220720
 332.400000 -0.602921 1.645100 5.599914 2438.508491
 332.600000 -0.656732 2.022187 8.069668 1808.082841
 332.800000 -0.660824 2.069592 8.242758 1769.831458
 333.000000 -0.519616 1.912858 1.242428 2697.286974
 333.200000 -0.777787 1.816331 12.808561 1504.795915
 333.400000 -1.147077 1.384778 25.684941 482.129715
 333.600000 -1.487381 0.824100 26.984541 141.209840
 333.800000 -1.080846 0.330757 24.013845 799.052436
 334.000000 -0.426819 -0.153232 -0.000000 0.000000
 334.200000 -0.687449 -0.454540 9.346493 1569.952449
 334.400000 -0.585135 -0.395517 4.722958 2643.527045
 334.600000 -0.386972 -0.160902 -0.000000 0.000000
 334.800000 -0.997775 0.433706 21.395037 1194.809487
 335.000000 -1.750595 1.242774 23.547438 44.442479
 335.200000 -1.363609 1.809478 27.826733 1.934559
 335.400000 -0.624118 1.901465 6.648417 2171.441519
 335.600000 -0.140333 1.620434 -0.001173 0.002750
 335.800000 -0.995481 1.470559 21.316481 1203.513250
 336.000000 -1.739369 1.164535 23.627160 56.844115
 336.200000 -0.858647 0.216826 16.057679 1651.426575
 336.400000 -0.493737 -0.336637 -0.010458 335.014532
 336.600000 0.285911 -0.895729 -0.000000 0.000000
