#! FIELDS time phi psi ves.bias ves.force2
#! SET min_phi -pi
#! SET max_phi pi
#! SET min_psi -pi
#! SET max_psi pi
 0.000000 -1.498385 0.273949 27.215882 148.921278
 0.200000 -1.679560 0.881458 24.402915 214.438703
 0.400000 -1.181509 1.178963 25.820877 511.400173
 0.600000 -0.753342 1.393058 9.945294 1890.762467
 0.800000 -1.284481 1.820361 27.532189 109.620764
 1.000000 -0.848856 1.406068 14.184134 1931.535772
 1.200000 -0.760471 1.112504 10.425352 1988.598241
 1.400000 -1.269352 1.419707 27.464190 129.645941
 1.600000 -0.859638 0.638342 14.850522 1859.117174
 1.800000 -0.922490 -0.201174 17.447103 1558.801101
 2.000000 -0.474016 -0.603172 1.843423 224.807206
 2.200000 -0.629275 -0.613235 5.428931 1013.497279
 2.400000 -0.654475 0.126965 6.271128 1224.906879
 2.600000 -1.507733 0.970210 27.241638 124.297770
 2.800000 -1.139244 1.440561 24.993441 755.219879
 3.000000 -0.722403 1.211243 8.913645 1792.733543
 3.200000 -0.798424 1.157119 12.421895 2028.162551
 3.400000 -1.603641 1.018158 25.846099 289.396869
 3.600000 -1.513186 0.835846 27.225226 158.137138
 3.800000 -1.032461 0.476587 21.733340 1164.545134
 4.000000 -0.890301 0.549242 16.421682 1698.039475
 4.200000 -1.370554 0.642024 28.198331 0.648418
 4.400000 -1.402260 1.371793 28.173678 5.600436
 4.600000 -1.199316 1.250281 26.507583 389.887625
 4.800000 -0.888819 0.800023 16.478198 1670.767443
 5.000000 -1.273717 0.487784 27.643160 118.507768
 5.200000 -1.062013 0.610941 22.890676 1042.770505
 5.400000 -0.873465 0.942604 15.950154 1768.643582
 5.600000 -1.527454 1.258865 27.116993 225.007683
 5.800000 -0.990822 0.690902 20.474364 1259.337342
 6.000000 -1.148302 0.186121 25.430932 672.339304
 6.200000 -0.583526 -0.093907 4.271912 764.102082
 6.400000 -0.596024 -0.407165 4.626798 849.999017
 6.600000 -0.563928 -0.443545 3.752554 644.488246
 6.800000 -0.387682 -0.630474 0.656149 123.405064
 7.000000 -0.800178 -0.464081 12.778469 2069.911366
 7.200000 -0.591986 -0.291286 4.604958 827.972661
 7.400000 -0.642932 -0.538996 6.232989 1237.400990
 7.600000 -0.644226 -0.347640 6.278627 1248.834670
 7.800000 -0.707277 -0.235510 8.736727 1781.009430
 8.000000 -0.558891 -0.399955 3.716574 624.632686
 8.200000 -1.447589 -0.001042 28.259206 92.434375
 8.400000 -1.436553 0.651404 28.357991 68.552146
 8.600000 -0.615253 1.466452 5.506213 1026.649601
 8.800000 -1.185186 2.542607 26.578017 451.625988
 9.000000 -1.150407 2.871580 25.774942 620.090113
 9.200000 -0.554861 1.897078 3.910726 686.666267
 9.400000 -1.251726 1.235572 27.798878 201.053947
 9.600000 -1.662063 0.594386 24.739415 272.731854
 9.800000 -1.727881 0.189778 23.748458 184.216030
 10.000000 -1.826534 0.473854 22.657050 66.068823
 10.200000 -1.570553 1.352813 26.397152 364.841259
 10.400000 -0.859165 1.850713 15.668784 1741.411035
 10.600000 -0.454685 2.069037 1.754732 362.004235
 10.800000 -0.767208 2.191808 11.733997 1860.142402
 11.000000 -0.440716 1.740454 1.496476 321.934040
 11.200000 -0.358475 1.613075 0.284207 148.535571
 11.400000 -1.511685 1.747658 27.507552 301.658040
 11.600000 -2.180374 1.407867 23.437187 45.302236
 11.800000 -1.282118 1.217792 28.245490 127.099693
 12.000000 -1.010795 0.645948 21.648171 1289.812192
 12.200000 -1.438259 0.277557 28.557449 88.700440
 12.400000 -2.017078 0.651806 22.415583 30.658953
 12.600000 -0.993842 1.134890 21.085399 1341.234654
 12.800000 -0.855074 1.238764 15.657598 1711.659350
 13.000000 -0.574864 1.551927 4.820284 839.859174
 13.200000 -2.034836 2.347032 22.501930 35.431727
 13.400000 -3.125236 3.020117 11.522406 2914.101112
 13.600000 -3.062689 -3.089817 14.725669 2254.960591
 13.800000 -2.881707 2.529826 21.091670 665.874796
 14.000000 -2.567919 2.375017 25.130630 12.703376
 14.200000 -2.153838 3.108639 23.178210 31.309898
 14.400000 -2.468338 2.511575 25.311923 0.004901
 14.600000 -2.453619 2.714049 25.305451 0.941186
 14.800000 -2.827900 2.903300 22.348731 475.441608
 15.000000 2.918022 2.896768 1.469595 385.569001
 15.200000 -2.668734 2.739923 24.596580 49.668970
 15.400000 -2.389209 2.746848 25.059691 42.041680
 15.600000 -2.278036 2.491110 24.058733 89.977877
 15.800000 -1.895029 2.842289 22.184430 17.996623
 16.000000 -2.255956 2.542977 23.856897 76.570754
 16.200000 -2.126130 2.806968 23.011968 29.389151
 16.400000 -2.603106 2.686159 24.943935 18.957891
 16.600000 3.028469 2.651308 4.820933 1792.612918
 16.800000 -2.980039 3.130006 18.101785 1257.188955
 17.000000 -2.971597 2.711260 18.396296 1177.787888
 17.200000 -3.031256 2.861916 16.092651 1875.162347
 17.400000 3.134172 2.780212 10.122168 2994.065208
 17.600000 -3.107493 2.883100 12.375376 2830.694091
 17.800000 -3.087558 2.788358 13.417916 2629.814087
 18.000000 -2.761588 2.898339 23.549506 243.459040
 18.200000 -2.611221 2.661653 24.905503 22.077474
 18.400000 -2.936028 2.598402 19.565587 900.062967
 18.600000 2.931978 2.997969 1.659282 531.172060
 18.800000 3.077806 2.765639 7.150103 2587.363611
 19.000000 -2.380333 2.794825 25.030577 51.232162
 19.200000 -2.073420 2.513340 22.678539 43.187116
 19.400000 -2.112110 2.463438 22.922783 36.336287
 19.600000 -2.295543 2.728492 24.257428 98.071776
 19.800000 3.044576 2.705792 5.573903 2120.714915
 20.000000 3.029404 3.088789 4.895781 1874.967275
 20.200000 -3.032847 2.873334 16.105592 1874.811261
 20.400000 -2.757726 2.741951 23.623285 225.612505
 20.600000 -2.566485 2.936277 25.134412 15.349525
 20.800000 -2.901369 2.814807 20.590359 713.585174
 21.000000 3.010356 2.897573 4.134848 1600.795677
 21.200000 -3.133706 2.821144 11.117341 2921.896885
 21.400000 3.107817 2.695083 8.863233 2869.245073
 21.600000 -3.007115 -3.043738 17.199484 1555.918884
 21.800000 3.030612 2.742510 5.028798 1952.320402
 22.000000 3.129162 2.824100 10.015636 2943.826678
 22.200000 -2.940922 2.825286 19.554198 938.183321
 22.400000 3.017720 2.565746 4.537271 1798.329863
 22.600000 -2.679787 -3.016855 24.538998 68.515085
 22.800000 -2.950779 2.619634 19.246663 1010.175950
 23.000000 3.110498 2.596204 9.086749 2865.801379
 23.200000 -2.789768 3.133322 23.174228 294.645354
 23.400000 2.960417 2.352265 2.449757 1027.904231
 23.600000 -2.672873 2.840325 24.612442 62.170648
 23.800000 -2.396411 2.890901 25.145223 40.670485
 24.000000 -2.745088 2.347832 23.856330 178.366565
 24.200000 -2.401889 2.950736 25.181980 37.374352
 24.400000 3.101140 2.862467 8.750458 2793.059741
 24.600000 2.950551 2.597498 2.159579 953.195101
 24.800000 -2.844786 2.953888 22.175186 460.692847
 25.000000 -2.836666 2.695201 22.346728 432.347242
 25.200000 -2.743887 2.773547 23.967677 161.518653
 25.400000 -2.573669 2.833983 25.229208 15.992048
 25.600000 -2.746130 2.553390 23.938961 166.293235
 25.800000 -3.088771 2.757755 13.742781 2505.380676
 26.000000 -2.415195 -3.096192 25.261821 28.107637
 26.200000 -2.654994 2.333262 24.853112 43.222325
 26.400000 -2.407547 2.444176 25.227378 37.567360
 26.600000 -2.005571 3.048218 22.177425 38.140027
 26.800000 -2.519007 2.468562 25.432554 3.535243
 27.000000 -2.685936 2.560037 24.625270 67.758180
 27.200000 -2.696425 3.016990 24.599321 78.932362
 27.400000 3.115200 2.772645 9.750538 2808.219318
 27.600000 -3.021183 2.904939 16.967651 1742.496134
 27.800000 3.041047 2.838875 5.949027 2326.570313
 28.000000 -2.781819 2.989429 23.566055 244.620915
 28.200000 -2.280565 2.751677 24.066669 90.004039
 28.400000 -2.084328 2.399333 22.713220 49.067376
 28.600000 -1.740030 2.486909 23.472429 150.955748
 28.800000 -2.443631 2.498504 25.450914 15.822180
 29.000000 -3.021450 2.946160 17.009400 1747.473484
 29.200000 2.975260 3.126664 3.135784 1562.247285
 29.400000 -2.459611 2.544211 25.541476 8.948178
 29.600000 -1.641231 2.200309 24.784760 250.707077
 29.800000 -1.722648 1.952287 23.659721 155.343644
 30.000000 -1.945373 2.454900 21.899233 2.342114
 30.200000 -2.337022 2.958393 24.640889 111.191371
 30.400000 3.075379 2.672240 7.881876 2682.043817
 30.600000 -2.872321 2.815521 21.999741 590.022918
 30.800000 -2.599265 2.858373 25.404933 19.622634
 31.000000 -2.540252 2.368853 25.603276 4.588393
 31.200000 -2.277743 2.936855 24.027994 95.106013
 31.400000 -2.312799 2.887514 24.389520 115.013159
 31.600000 -2.487184 2.448321 25.689348 1.781433
 31.800000 -2.722099 2.734583 24.605504 108.144940
 32.000000 -2.815864 3.064363 23.269437 343.015393
 32.200000 -3.102020 2.603715 13.470709 2449.383070
 32.400000 -2.985656 2.724964 18.602788 1428.956430
 32.600000 -2.904892 2.969534 21.268282 797.895974
 32.800000 -2.787543 2.877670 23.830095 250.501578
 33.000000 -2.515106 2.634608 25.757068 0.143605
 33.200000 -2.152889 2.680303 23.127486 32.764515
 33.400000 -1.905883 2.563506 21.909292 5.781316
 33.600000 -2.241262 2.474900 23.709932 67.367788
 33.800000 -2.502910 2.893102 25.808277 0.489948
 34.000000 3.002988 2.826498 4.463365 2151.430677
 34.200000 -3.080309 2.938024 14.611606 2251.503415
 34.400000 -2.602499 2.907382 25.655151 19.895746
 34.600000 -1.996246 2.447839 22.107463 34.588754
 34.800000 -1.715787 2.246311 23.642514 155.058611
 35.000000 -2.133224 2.179206 23.019699 34.430663
 35.200000 -2.250949 2.901463 23.814457 78.696786
 35.400000 -3.079295 2.879616 14.704483 2226.864449
 35.600000 3.099782 2.883185 9.472157 2728.255731
 35.800000 -3.004236 2.936447 18.003643 1629.568026
 36.000000 -2.294362 2.725538 24.243294 115.857769
 36.200000 -2.080869 2.147426 22.711748 46.417395
 36.400000 -1.895682 2.409089 21.932556 9.376274
 36.600000 -2.081579 2.868833 22.716576 46.237493
 36.800000 -2.805026 2.694092 23.817576 302.381984
 37.000000 -3.101349 3.026009 13.702342 2356.062299
 37.200000 3.089801 2.969113 9.080070 2758.767909
 37.400000 -2.442240 2.664744 25.795306 39.828284
 37.600000 -1.636581 1.883028 24.670779 247.981234
 37.800000 -1.329203 1.240328 28.347023 61.701678
 38.000000 -1.174430 0.273177 25.914496 451.418496
 38.200000 -0.381510 -0.275870 -0.025995 1.003064
 38.400000 -0.364600 -0.381700 -0.008051 0.399313
 38.600000 -0.898122 -0.206656 17.131036 1583.911751
 38.800000 -0.586473 0.169829 5.341501 1106.288072
 39.000000 -0.507278 -0.108688 2.798442 928.386901
 39.200000 -0.838644 0.048644 14.713033 1636.369119
 39.400000 -0.621358 0.306366 6.497682 1159.593867
 39.600000 -1.545731 1.133629 26.288733 402.379108
 39.800000 -2.059940 1.524163 22.615905 54.154723
 40.000000 -1.481184 1.804899 27.521513 286.912083
 40.200000 -0.812064 1.955627 13.622425 1626.371007
 40.400000 -0.553076 1.951462 4.213538 1056.699410
 40.600000 -0.800673 2.250239 13.163827 1614.265606
 40.800000 -1.766453 2.026450 22.955663 118.723792
 41.000000 -2.191545 2.065910 23.458732 38.282735
 41.200000 -2.313875 2.863852 24.561030 138.052801
 41.400000 -2.534138 3.132184 26.181277 1.046563
 41.600000 -3.129060 2.422007 12.593356 2455.529767
 41.800000 3.073593 2.782177 8.424861 2837.942727
 42.000000 -2.875649 -2.963858 22.520104 678.383212
 42.200000 -3.099869 2.593339 14.055290 2246.304550
 42.400000 -2.040159 2.567732 22.507172 58.745621
 42.600000 -1.788063 2.457702 22.715715 103.395293
 42.800000 -2.197047 2.264173 23.523427 39.029767
 43.000000 -2.916916 2.744241 21.369254 969.152158
 43.200000 2.886569 3.032685 0.059016 492.827292
 43.400000 -3.004653 2.691577 18.256186 1597.598652
 43.600000 -2.867547 2.710327 22.792648 633.653165
 43.800000 -2.739005 3.078721 25.048033 120.128762
 44.000000 -3.013823 3.011444 17.886150 1659.155004
 44.200000 -3.133450 2.739043 12.513091 2462.496641
 44.400000 2.854722 2.904261 -0.001492 0.039562
 44.600000 -2.584211 2.876808 26.141487 13.961825
 44.800000 -2.176830 2.440395 23.442664 34.336118
 45.000000 -1.814127 2.113441 22.463324 81.630736
 45.200000 -1.780745 1.980877 22.784917 100.916549
 45.400000 -1.915610 2.221621 21.932686 0.219601
 45.600000 -2.215039 2.592671 23.701261 48.244344
 45.800000 -2.986825 2.895410 19.031625 1473.243408
 46.000000 2.996419 2.779068 4.467560 2609.783347
 46.200000 -2.328424 3.017021 24.824298 145.575229
 46.400000 -2.053752 2.364113 22.657343 62.097026
 46.600000 -1.632155 2.197255 24.570335 242.064516
 46.800000 -1.870991 2.265975 22.072061 24.752329
 47.000000 -2.468062 2.919789 26.187736 22.513470
 47.200000 3.023965 2.942224 5.972543 2918.336336
 47.400000 3.128203 2.614963 11.563675 2615.073716
 47.600000 -2.655091 3.018482 25.876975 35.827857
 47.800000 -2.688088 2.941240 25.657484 54.656555
 48.000000 -2.533229 2.845696 26.327910 0.494471
 48.200000 -2.846598 2.714355 23.488917 512.896545
 48.400000 -2.773995 3.073936 24.810580 197.204375
 48.600000 2.933797 2.708425 1.583932 1640.123991
 48.800000 2.940829 2.973039 1.874961 1784.952647
 49.000000 -2.188966 2.998392 23.582202 37.846902
 49.200000 -1.968694 2.216762 22.116875 21.450093
 49.400000 -1.532074 1.505497 26.344237 381.171392
 49.600000 -1.118943 0.388687 24.259798 648.849527
 49.800000 -0.460863 -0.547797 1.174006 773.434939
 50.000000 0.117496 -1.196797 -0.000000 0.000000
