#! FIELDS time phi psi ves.bias ves.force2
#! SET min_phi -pi
#! SET max_phi pi
#! SET min_psi -pi
#! SET max_psi pi
 0.000000 -1.498385 0.273949 25.037724 141.910265
 0.200000 -1.682915 0.840581 22.338480 209.130317
 0.400000 -1.421053 1.387524 25.783949 46.396117
 0.600000 -0.793102 1.279329 10.980297 1552.010990
 0.800000 -1.799669 1.199495 21.236914 10.736227
 1.000000 -1.335818 0.801070 25.954616 12.845574
 1.200000 -0.617903 0.476768 3.261903 2144.799761
 1.400000 -0.685786 -0.039242 6.447380 2132.997225
 1.600000 -0.606708 -0.856274 2.748077 2064.095331
 1.800000 -0.584561 -0.055453 1.768684 1833.509827
 2.000000 -1.675945 0.775957 22.895339 260.879824
 2.200000 -1.471525 1.568373 25.626663 72.689034
 2.400000 -0.666372 1.526411 5.890726 2158.623847
 2.600000 -1.655105 1.926737 23.226567 274.610133
 2.800000 -2.233013 2.679719 22.906188 64.123857
 3.000000 3.089489 -3.110054 7.703023 3156.258298
 3.200000 -3.033950 2.837709 14.955795 1356.932004
 3.400000 -2.628175 2.423110 24.111100 29.254416
 3.600000 -1.790941 3.042445 21.393553 58.672941
 3.800000 -2.087318 2.313018 21.790454 26.354800
 4.000000 -2.085764 2.350953 21.782528 25.642511
 4.200000 -2.072364 2.654269 21.796434 18.920046
 4.400000 -1.941890 3.003759 21.334209 11.865501
 4.600000 -2.894621 2.123521 19.672594 884.584097
 4.800000 3.076949 2.813849 6.942668 3266.264603
 5.000000 -2.685121 -3.066323 23.658020 86.855475
 5.200000 3.087110 2.192950 7.542893 3184.791478
 5.400000 -2.540944 2.650286 24.272103 0.001308
 5.600000 -2.248423 3.139842 23.094952 60.841575
 5.800000 -2.453654 2.269505 24.111605 9.550465
 6.000000 -2.149736 2.297754 22.290811 55.524994
 6.200000 -1.889350 2.957567 21.258026 3.543802
 6.400000 -2.382976 2.302149 23.907661 13.726645
 6.600000 -2.647511 2.422639 23.951347 50.623099
 6.800000 -2.584700 -3.116195 24.265022 7.965205
 7.000000 2.973041 2.627124 1.324396 2132.733346
 7.200000 -2.803670 2.728213 21.977183 371.936683
 7.400000 -3.002788 3.140261 16.172598 1293.737275
 7.600000 -2.973264 2.768518 17.216826 1207.724233
 7.800000 -2.165037 2.690142 22.504106 81.514055
 8.000000 -1.834634 2.443666 21.282373 3.232562
 8.200000 -2.138861 2.371769 22.289301 74.613513
 8.400000 -2.133073 2.762384 22.240020 70.330151
 8.600000 -2.557114 2.785299 24.524456 0.702838
 8.800000 3.050901 2.735481 5.565376 3298.168510
 9.000000 -2.695581 3.012220 23.580063 136.537861
 9.200000 -2.781219 2.443512 22.377440 269.540937
 9.400000 -2.697086 2.718812 23.571719 153.221909
 9.600000 -2.864589 3.079227 20.685782 621.741869
 9.800000 -2.914105 2.789209 19.303037 947.026364
 10.000000 -2.300659 2.581828 23.625264 23.167157
 10.200000 -1.874161 2.491608 21.392037 2.356934
 10.400000 -1.782910 2.361671 21.544809 37.659694
 10.600000 -2.209513 2.503442 22.998538 82.929906
 10.800000 -2.650183 3.039699 24.181683 97.760336
 11.000000 2.888125 2.760768 -0.000001 0.000000
 11.200000 -2.365026 2.812753 23.889830 15.158252
 11.400000 -1.871589 2.350897 21.442137 2.609520
 11.600000 -1.730019 1.975169 22.010393 127.466625
 11.800000 -1.772575 1.694769 21.623916 45.199258
 12.000000 -1.466842 1.223116 25.371803 76.222796
 12.200000 -0.764483 0.177676 9.661117 1336.740806
 12.400000 -0.619737 -0.582173 3.556336 2180.327063
 12.600000 -0.748718 -0.518982 9.079054 1394.466795
 12.800000 -1.119503 0.224839 21.995877 571.881738
 13.000000 -1.535101 1.436367 24.659718 127.208285
 13.200000 -0.634545 1.715097 4.229750 2161.100962
 13.400000 -0.870853 2.502758 13.576207 1527.900592
 13.600000 -0.949907 2.390323 16.708712 1504.002501
 13.800000 -0.380843 1.682187 -0.000000 0.000000
 14.000000 -1.014906 1.194888 19.052288 1072.725303
 14.200000 -1.531732 0.570482 24.673489 116.117888
 14.400000 -0.855349 0.312297 12.976311 1484.679238
 14.600000 -1.284109 0.634241 25.205307 165.830462
 14.800000 -1.356696 1.191697 25.742311 3.627908
 15.000000 -0.791624 1.011408 10.607877 1312.938926
 15.200000 -1.303908 0.969232 25.426804 101.276595
 15.400000 -1.105801 0.747649 21.566966 588.985679
 15.600000 -0.958436 0.588003 17.055007 1445.551230
 15.800000 -1.657466 0.650628 23.005250 216.018877
 16.000000 -1.622965 0.845606 23.512184 209.594873
 16.200000 -1.406929 1.090249 25.680297 17.794457
 16.400000 -1.197696 0.943640 23.677714 450.662505
 16.600000 -1.584264 1.306653 24.047815 170.105395
 16.800000 -1.191056 1.041820 23.535741 463.345688
 17.000000 -1.702166 0.784091 22.393032 160.400640
 17.200000 -0.920434 0.705415 15.594033 1615.245916
 17.400000 -1.260987 0.669971 24.921529 250.510383
 17.600000 -1.353678 0.833313 25.769683 4.502153
 17.800000 -0.849566 1.179903 12.762959 1507.465565
 18.000000 -0.681782 1.982528 6.322555 1849.715039
 18.200000 -1.112802 2.481807 21.837386 594.118459
 18.400000 -1.257853 2.651800 24.922461 256.285825
 18.600000 -0.820559 1.845960 11.676037 1422.271845
 18.800000 -0.727765 1.549749 8.196863 1531.071464
 19.000000 -1.259454 1.251284 24.947935 250.051616
 19.200000 -1.232521 0.587301 24.544995 346.748601
 19.400000 -1.135019 0.352916 22.423099 566.323929
 19.600000 -0.735656 0.525300 8.502676 1513.026141
 19.800000 -1.545118 0.983623 24.574046 132.298152
 20.000000 -1.649626 1.117435 23.144015 223.250003
 20.200000 -1.211138 0.729800 24.199676 420.401376
 20.400000 -0.966658 0.612734 17.514254 1379.364443
 20.600000 -1.354217 0.995558 25.867605 1.396953
 20.800000 -1.349769 0.910410 25.860969 3.255478
 21.000000 -0.957131 0.212899 17.156587 1438.732086
 21.200000 -0.671041 0.089460 5.797642 1957.595297
 21.400000 -0.438750 -0.296964 -0.000000 0.000000
 21.600000 -0.800738 -0.554541 11.014004 1470.625704
 21.800000 -0.617435 -0.331867 3.366214 2080.624532
 22.000000 -0.444794 -0.428881 -0.000000 0.000000
 22.200000 -1.204753 0.477144 24.224509 448.272215
 22.400000 -1.177421 1.331521 23.620020 526.078503
 22.600000 -0.941784 1.563046 16.662875 1513.731951
 22.800000 -0.831342 1.732709 12.235276 1550.651037
 23.000000 -0.821143 1.926230 11.835227 1526.845321
 23.200000 -0.853127 2.232876 13.156156 1611.769289
 23.400000 -0.684324 2.052974 6.409763 1884.345987
 23.600000 -0.511405 1.631748 -0.000338 0.007287
 23.800000 -1.530276 1.414485 24.800418 125.526943
 24.000000 -1.492424 0.540060 25.194038 93.068346
 24.200000 -0.576312 0.051360 1.608637 1788.966416
 24.400000 -0.515633 -0.352735 -0.001161 0.087195
 24.600000 -0.978948 -0.032179 18.157577 1282.522297
 24.800000 -0.611953 0.505393 3.180878 2059.881195
 25.000000 -1.552902 1.234277 24.546840 153.351635
 25.200000 -1.697950 1.192798 22.432601 177.951282
 25.400000 -0.813984 0.594354 11.706784 1541.300174
 25.600000 -1.510735 0.567616 25.040005 110.105368
 25.800000 -1.392638 0.980731 25.983148 20.846849
 26.000000 -1.020671 1.256922 19.624945 1021.938669
 26.200000 -0.528799 1.647471 -0.027248 2.376302
 26.400000 -0.846382 2.392451 13.042142 1609.583236
 26.600000 -0.701888 2.409245 7.290033 1785.374233
 26.800000 -0.599801 1.615107 2.717483 2018.475853
 27.000000 -1.017861 0.826358 19.589235 1042.489026
 27.200000 -1.721994 0.163015 22.125364 132.003152
 27.400000 -2.006199 -0.162687 21.352613 0.714767
 27.600000 -1.350135 0.393052 26.138409 0.022705
 27.800000 -0.661791 1.035537 5.606410 2019.827203
 28.000000 -0.919004 1.759402 16.033400 1590.535637
 28.200000 -0.480431 2.047417 -0.000001 0.000000
 28.400000 -0.852600 2.255267 13.409354 1614.772170
 28.600000 -0.740752 2.012847 9.008899 1589.483316
 28.800000 -0.536420 1.758442 0.157381 1540.974910
 29.000000 -1.102840 1.788709 22.183328 713.460897
 29.200000 -0.651669 1.332309 5.283438 2084.892145
 29.400000 -0.754328 0.714886 9.622451 1541.508725
 29.600000 -1.251897 0.431472 25.515078 206.279445
 29.800000 -1.492195 0.606901 25.325765 88.793774
 30.000000 -1.116087 1.290222 22.587934 682.790760
 30.200000 -0.942367 1.430527 17.121527 1487.483820
 30.400000 -0.831467 1.674779 12.696645 1556.745122
 30.600000 -1.687912 2.280321 22.580575 230.927363
 30.800000 -2.487003 2.932768 24.204780 75.792088
 31.000000 2.924434 3.004260 -0.000814 0.044656
 31.200000 -2.866773 2.851166 20.457167 693.504083
 31.400000 -2.252332 2.415498 22.908363 26.980335
 31.600000 -1.942695 2.738514 21.348205 4.132714
 31.800000 -1.880110 2.595917 21.422854 0.157591
 32.000000 -2.332155 2.384571 23.150426 5.401429
 32.200000 -2.479320 2.964338 24.064806 82.234218
 32.400000 -2.601096 2.921247 24.423904 29.951386
 32.600000 3.060397 2.423349 5.648403 2954.228232
 32.800000 -3.064550 2.946068 13.161216 1710.137804
 33.000000 2.958044 -3.137902 0.491112 1747.278948
 33.200000 -3.047700 2.625957 13.825814 1669.965148
 33.400000 -2.257462 2.876184 22.869503 22.637548
 33.600000 -2.022072 2.533915 21.169527 0.000715
 33.800000 -1.879650 2.236824 21.391401 0.217456
 34.000000 -1.873679 2.461053 21.393940 0.152034
 34.200000 -2.059100 2.924346 21.224055 11.834728
 34.400000 -3.081387 2.434601 12.406986 1753.340212
 34.600000 -3.007178 3.105635 15.436867 1611.634968
 34.800000 -3.050031 2.829910 13.701524 1668.234259
 35.000000 -3.128875 2.457623 10.342966 2069.229636
 35.200000 -2.718236 3.130540 23.048551 191.424674
 35.400000 -3.068142 2.777330 12.948080 1700.328118
 35.600000 -2.902663 2.862957 19.293515 1014.476837
 35.800000 -2.963262 2.920475 17.145877 1463.437899
 36.000000 3.019868 2.791586 3.400037 2806.842129
 36.200000 -2.792118 2.856703 21.914290 290.894236
 36.400000 -2.902368 2.551185 19.289042 1005.781799
 36.600000 -2.977359 2.938440 16.595148 1515.774867
 36.800000 -2.851941 -3.132000 20.700136 585.161317
 37.000000 -2.961205 2.316973 17.216968 1444.039957
 37.200000 -3.003527 2.607241 15.571758 1578.976052
 37.400000 -2.855682 -2.981739 20.605400 610.030712
 37.600000 -3.135365 2.656366 10.052012 2142.324525
 37.800000 -2.228470 2.712223 22.572243 49.158209
 38.000000 -1.801730 2.636533 21.406358 9.264649
 38.200000 -2.099405 2.361367 21.397080 48.483657
 38.400000 -2.403996 2.672943 23.289566 49.746133
 38.600000 -2.982670 3.078772 16.410899 1522.650060
 38.800000 3.140318 2.964247 9.716652 2228.345742
 39.000000 -3.092818 2.767762 11.950589 1804.632272
 39.200000 -2.412551 3.000863 23.332421 58.512335
 39.400000 -2.003595 2.476050 21.159704 1.802568
 39.600000 -1.746507 2.400060 21.707960 96.033310
 39.800000 -2.018798 2.541419 21.145326 0.248432
 40.000000 -2.453551 2.913760 23.685963 85.087629
 40.200000 -2.612128 3.012278 24.146918 48.659543
 40.400000 3.062457 2.718413 5.732888 3009.854684
 40.600000 -3.028434 2.803322 14.636318 1601.665222
 40.800000 -2.498083 3.131443 24.062357 58.179253
 41.000000 -2.037012 2.591384 21.155093 0.790802
 41.200000 -1.869646 2.253447 21.292673 0.275002
 41.400000 -1.892374 2.220181 21.302037 0.044089
 41.600000 -2.119290 2.782076 21.538415 64.295483
 41.800000 -3.033518 2.838816 14.460913 1601.278413
 42.000000 3.129696 3.071094 9.273329 2383.110564
 42.200000 -3.079447 3.013971 12.620633 1734.073551
 42.400000 -3.113611 2.737698 11.155690 1966.711935
 42.600000 -2.824748 2.963199 21.300902 396.053476
 42.800000 3.106123 2.830262 8.112004 2679.007155
 43.000000 2.992704 2.762464 2.017491 2445.857628
 43.200000 -2.869039 2.966296 20.289338 681.531925
 43.400000 3.036150 2.805570 4.332787 3052.068002
 43.600000 2.944284 2.717288 -0.025096 22.930377
 43.800000 -3.074381 3.065974 12.872873 1699.322483
 44.000000 -3.092221 2.697932 12.127447 1798.325690
 44.200000 -2.984609 2.801053 16.463555 1449.297169
 44.400000 -3.125318 2.898031 10.732519 2075.577329
 44.600000 -2.623544 2.796845 23.984402 64.589240
 44.800000 -2.064425 2.739527 21.248552 7.839377
 45.000000 -2.193733 2.496222 22.159098 67.764998
 45.200000 -2.274135 2.480021 22.626140 14.438661
 45.400000 -2.744551 3.044690 22.583347 179.647763
 45.600000 -2.662079 3.005617 23.599281 119.650738
 45.800000 -2.458715 2.537622 23.645685 82.089519
 46.000000 -2.007022 2.425883 21.228566 1.184337
 46.200000 -1.993939 2.543213 21.257085 1.798678
 46.400000 -2.237837 2.827529 22.442363 31.884207
 46.600000 -2.992564 2.802606 16.230120 1440.709309
 46.800000 3.112981 3.053421 8.658971 2653.284769
 47.000000 -2.594037 2.932881 24.146137 19.818942
 47.200000 -2.681176 2.481826 23.381981 133.409151
 47.400000 -2.273410 2.732428 22.593917 13.862508
 47.600000 -2.348915 2.885196 22.842180 15.954020
 47.800000 -2.496469 2.592104 23.936761 56.727462
 48.000000 -2.911823 2.802523 19.113423 993.416992
 48.200000 2.892662 2.842676 -0.000000 0.000000
 48.400000 -2.939244 2.878874 18.228251 1176.711995
 48.600000 -2.771116 2.654370 22.240252 210.365238
 48.800000 -2.798099 2.942125 21.822971 274.630424
 49.000000 -2.954532 2.729124 17.693938 1263.758034
 49.200000 -2.908659 2.946812 19.255271 955.587257
 49.400000 -3.133562 2.772477 10.595960 2198.840980
 49.600000 -2.940638 2.799200 18.209427 1176.966972
 49.800000 -2.864245 2.822056 20.496740 616.999970
 50.000000 3.017268 2.821127 3.452839 3048.237222
 50.200000 -2.824140 2.906353 21.411115 372.695557
 50.400000 -2.820060 2.745871 21.488887 354.042147
 50.600000 -3.137908 2.853240 10.440770 2272.479630
 50.800000 3.000435 2.827895 2.559773 2797.100327
 51.000000 -2.862718 2.847950 20.568680 600.426404
 51.200000 -2.074645 2.662110 21.360323 9.981893
 51.400000 -2.032835 2.314164 21.291387 0.094715
 51.600000 -1.926400 2.336352 21.331820 0.626873
 51.800000 -2.011307 2.782950 21.295267 0.337795
 52.000000 -2.697089 2.706473 23.250178 131.353600
 52.200000 2.999272 2.858030 2.531785 2819.528964
 52.400000 3.056900 2.955152 5.787312 3345.491879
 52.600000 2.964404 2.714727 0.819239 1986.722427
 52.800000 -2.317828 2.799290 22.688973 9.221020
 53.000000 -1.988605 2.556519 21.330937 0.751975
 53.200000 -1.997092 2.117160 21.340737 0.676108
 53.400000 -1.979179 2.914540 21.355264 0.541789
 53.600000 -2.879529 2.708768 20.252042 696.111456
 53.800000 3.075163 2.735503 6.884514 3264.698596
 54.000000 -3.095341 3.023523 12.533398 1823.758004
 54.200000 -2.918509 2.636233 19.163630 974.470288
 54.400000 -2.905664 2.763523 19.554979 881.536836
 54.600000 -3.117975 3.027579 11.594985 2064.965219
 54.800000 2.948577 2.729117 0.164284 1882.269410
 55.000000 -2.301176 2.632207 22.622318 9.230142
 55.200000 -2.024994 2.528588 21.376280 0.076167
 55.400000 -2.188609 2.642040 22.064572 47.897884
 55.600000 -2.729519 2.577593 22.926125 140.971998
 55.800000 2.889291 2.941172 -0.000000 0.000000
 56.000000 -3.019408 2.757132 15.675112 1425.820110
 56.200000 -2.078019 2.499666 21.454894 6.316819
 56.400000 -1.738025 2.343463 21.393559 99.531554
 56.600000 -1.733551 2.427707 21.439678 113.224998
 56.800000 -2.543187 2.474335 24.107368 10.493813
 57.000000 -2.722552 -2.990569 23.021403 133.428835
 57.200000 3.059171 2.767219 6.141168 3437.114577
 57.400000 3.050264 2.632033 5.617992 3457.921714
 57.600000 -2.263202 -3.073124 22.461520 16.167809
 57.800000 -2.358107 2.517479 22.799880 20.761813
 58.000000 -2.279707 2.001687 22.523481 12.366277
 58.200000 -1.782477 2.719139 21.056632 9.159238
 58.400000 -2.153699 2.866187 21.836229 37.434360
 58.600000 3.079509 2.152128 7.367389 3300.207380
 58.800000 -2.657427 -3.079656 23.720392 77.949531
 59.000000 -3.032720 2.860121 15.336375 1463.098092
 59.200000 -2.934662 2.572950 18.882908 1028.767773
 59.400000 -2.109411 2.829224 21.623343 14.737318
 59.600000 -1.700607 2.604959 21.783466 220.114748
 59.800000 -2.351331 2.099406 22.773720 18.588879
 60.000000 -2.150568 2.834526 21.825791 33.573625
 60.200000 -2.459815 3.007121 23.527975 75.458572
 60.400000 -2.635097 2.497005 23.912268 48.190129
 60.600000 -1.983802 2.801001 21.544406 0.057416
 60.800000 -2.084523 2.591886 21.574686 4.400315
 61.000000 -2.152197 2.532192 21.847784 31.653145
 61.200000 -2.767411 2.780878 22.562094 166.025300
 61.400000 -2.988787 3.070677 17.118242 1295.863386
 61.600000 -2.803433 2.774715 22.054258 241.491760
 61.800000 -1.722865 2.626737 21.438976 142.672112
 62.000000 -1.814248 2.197377 20.985496 2.550752
 62.200000 -1.725347 2.237990 21.392889 132.419556
 62.400000 -2.072523 2.517777 21.615227 1.429606
 62.600000 -2.244910 2.882711 22.387973 21.474422
 62.800000 -3.016401 2.743014 16.150871 1398.867422
 63.000000 2.921831 2.905798 -0.000981 0.072931
 63.200000 -2.573523 2.838571 24.159781 0.043080
 63.400000 -2.249585 2.342334 22.413685 19.956858
 63.600000 -1.840191 2.399353 21.058579 18.679904
 63.800000 -1.986681 2.786819 21.633585 0.335434
 64.000000 -2.801699 2.754120 22.118709 228.356103
 64.200000 3.131518 -3.094865 10.441384 2606.959475
 64.400000 3.008870 2.886189 3.434220 3248.157295
 64.600000 -2.587389 2.955150 24.150681 3.563090
 64.800000 -2.248281 2.628935 22.411863 20.140712
 65.000000 -2.257259 2.566944 22.451100 18.101152
 65.200000 -2.503163 2.956384 23.915677 48.064307
 65.400000 2.981919 2.887731 1.982968 2705.990119
 65.600000 -3.077933 2.624736 13.867939 1727.114648
 65.800000 -2.233086 2.906835 22.350764 23.283629
 66.000000 -1.860044 2.662598 21.174291 32.881900
 66.200000 -2.033975 2.262870 21.731421 0.062179
 66.400000 -2.193000 2.551928 22.155227 27.840864
 66.600000 -2.944654 3.066892 18.842749 1034.886255
 66.800000 -2.875150 2.925097 20.791961 550.330994
 67.000000 -2.132567 2.538364 21.868189 14.032848
 67.200000 -1.644952 2.336501 22.534059 299.994626
 67.400000 -1.818434 2.052850 20.988746 9.472225
 67.600000 -1.824828 2.652487 21.010638 14.126595
 67.800000 -2.720921 2.793631 23.176197 115.369125
 68.000000 3.024713 2.852751 4.439747 3492.242019
 68.200000 3.103237 2.826263 9.078577 3071.138758
 68.400000 3.008745 2.645683 3.535560 3305.786856
 68.600000 -2.667700 3.053205 23.716370 80.099565
 68.800000 -2.410269 2.749711 23.206757 53.453550
 69.000000 -2.112767 2.172600 21.851595 6.087916
 69.200000 -1.684948 2.431405 21.840016 228.934179
 69.400000 -1.855111 2.960842 21.190794 39.230147
 69.600000 -2.949383 2.537182 18.798366 1046.238542
 69.800000 -2.871630 3.127781 20.952037 507.346826
 70.000000 -2.944674 3.040863 18.949551 1015.482223
 70.200000 -2.597501 2.561669 24.182553 9.612135
 70.400000 -1.813838 2.579300 20.999975 8.991910
 70.600000 -1.768055 2.378998 21.007210 13.267442
 70.800000 -2.111924 2.582538 21.892488 4.750778
 71.000000 -2.735236 2.783119 23.054314 120.017798
 71.200000 2.949414 2.934719 0.545042 1996.111125
 71.400000 3.100937 2.955141 9.066106 3117.523869
 71.600000 2.975943 2.767027 1.817724 2661.578223
 71.800000 -2.906525 2.939144 20.142191 735.594089
 72.000000 -2.797948 2.831211 22.309533 192.358567
 72.200000 -2.933056 2.759725 19.414678 924.116997
 72.400000 -2.502271 2.952497 23.991196 46.062410
 72.600000 -2.217639 2.539261 22.355446 22.782232
 72.800000 -2.110506 2.528687 21.934238 3.638008
 73.000000 -2.377896 2.735652 23.050509 34.105851
 73.200000 -2.845087 2.866128 21.609251 341.781046
 73.400000 3.052312 2.716629 6.299747 3636.427222
 73.600000 -3.039830 2.875238 15.705225 1500.417605
 73.800000 -2.801686 2.701171 22.304055 192.066220
 74.000000 -2.351030 2.537690 22.925846 22.561331
 74.200000 -1.897917 2.631667 21.565253 47.683468
 74.400000 -1.953794 2.542111 21.866966 12.298511
 74.600000 -2.365116 2.571688 23.012554 28.827013
 74.800000 -2.714599 2.890468 23.323791 101.871395
 75.000000 3.070503 2.995790 7.428548 3516.503864
 75.200000 3.059312 2.672999 6.798368 3613.956032
 75.400000 -2.802230 2.881188 22.351684 183.565499
 75.600000 -2.600892 2.917458 24.219221 13.314738
 75.800000 -2.804747 2.671110 22.317311 189.453283
 76.000000 -1.976388 3.088977 21.951732 3.791156
 76.200000 -2.222332 2.565754 22.433948 21.356872
 76.400000 -2.117104 2.264493 22.029987 3.830194
 76.600000 -1.850009 2.677000 21.246265 46.031203
 76.800000 -2.309976 2.574332 22.799357 15.682268
 77.000000 -2.992677 2.588739 17.579930 1293.635969
 77.200000 2.836078 3.073323 -0.000000 0.000000
 77.400000 -3.039816 2.993387 15.852473 1508.705522
 77.600000 -2.711922 2.516041 23.397836 94.671121
 77.800000 -2.064037 2.774658 22.014774 0.084019
 78.000000 -1.645453 2.885662 22.330510 241.380601
 78.200000 -2.239852 2.017268 22.539965 19.902923
 78.400000 -2.248780 2.567522 22.579363 19.025782
 78.600000 -2.477444 3.001500 23.911232 60.014373
 78.800000 -2.752995 2.555420 23.004106 108.774384
 79.000000 -2.244597 2.697846 22.561017 19.446733
 79.200000 -1.832895 3.123680 21.177273 36.345754
 79.400000 -2.430593 2.271802 23.554093 62.926144
 79.600000 -2.307990 2.180412 22.842472 16.663373
 79.800000 -1.703777 3.069307 21.486569 131.045917
 80.000000 -2.051290 2.399885 22.067387 0.348282
 80.200000 -2.579259 2.316830 24.336223 1.930440
 80.400000 -2.141169 3.084229 22.163813 8.035288
 80.600000 -2.272645 2.489812 22.719682 17.724899
 80.800000 -2.504340 2.415066 24.137885 37.865032
 81.000000 -1.681500 3.039789 21.758190 178.378284
 81.200000 -2.089863 2.515682 22.104825 0.111632
 81.400000 -2.083089 1.870356 22.103475 0.004817
 81.600000 -1.675234 2.536114 21.833335 185.198406
 81.800000 -1.782437 2.832603 21.028124 0.029356
 82.000000 -2.724057 2.285940 23.352775 91.659958
 82.200000 -2.560457 3.111820 24.376835 0.336617
 82.400000 -2.691663 -3.113744 23.671693 81.465900
 82.600000 -2.749400 2.344604 23.124373 100.070657
 82.800000 -1.949036 2.592202 22.033617 19.180814
 83.000000 -1.660901 2.835432 22.025939 200.205435
 83.200000 -2.341757 2.260808 23.104525 24.774313
 83.400000 -2.650831 2.560012 24.036572 57.335864
 83.600000 -2.446758 3.089264 23.796502 60.867424
 83.800000 -2.929544 2.430244 19.902583 890.605977
 84.000000 -2.677212 3.003708 23.821640 74.290550
 84.200000 -2.792703 2.914314 22.705575 146.575191
 84.400000 3.017669 2.537011 4.531302 3675.334029
 84.600000 -3.103748 2.951467 13.434806 1956.671161
 84.800000 3.046981 3.012984 6.326288 3760.099293
 85.000000 -2.805290 2.675455 22.546835 172.933099
 85.200000 -2.023026 2.663637 22.232819 0.131141
 85.400000 -2.080385 2.280869 22.195436 0.091878
 85.600000 -2.295251 2.337082 22.941433 22.347164
 85.800000 -2.230825 3.076966 22.629014 24.584564
 86.000000 2.899840 2.984784 -0.000025 0.000041
 86.200000 3.078657 2.781715 8.295711 3480.244647
 86.400000 -1.592079 2.849262 22.930642 169.071891
 86.600000 -0.708698 1.855082 7.245150 1778.835831
 86.800000 -0.425625 0.795571 -0.000000 0.000000
 87.000000 -1.262885 0.443639 24.457903 88.809313
 87.200000 -2.238667 0.158777 22.708538 26.181157
 87.400000 -1.554491 0.329730 23.362343 125.773832
 87.600000 -0.890509 0.923390 14.217607 1494.457271
 87.800000 -0.535080 1.946839 -0.026984 4.923399
 88.000000 -1.155008 2.854679 22.749934 438.240131
 88.200000 -2.033806 2.636588 22.296929 0.403114
 88.400000 -2.784047 2.114376 22.911148 133.969480
 88.600000 -2.623590 3.135905 24.325925 31.620965
 88.800000 -2.368396 3.054955 23.410550 36.020002
 89.000000 -2.679397 2.089653 23.921258 71.081639
 89.200000 -1.878263 2.579778 21.662499 73.075545
 89.400000 -1.642728 2.799715 22.207150 175.075422
 89.600000 -2.124322 2.281703 22.299599 2.110417
 89.800000 -2.285934 2.384751 22.995217 27.009934
 90.000000 -2.041401 -3.129500 22.312551 0.622472
 90.200000 -2.589746 2.552800 24.503718 7.146861
 90.400000 -2.964218 2.492200 18.945230 1134.559304
 90.600000 -2.953851 -3.006583 19.289418 1069.258131
 90.800000 -3.069936 2.630992 15.006649 1651.030009
 91.000000 -2.200697 2.740287 22.571415 23.178447
 91.200000 -1.334405 2.458829 24.649195 0.608550
 91.400000 -1.190453 2.093298 23.296971 308.543030
 91.600000 -1.054671 1.055823 20.044836 927.644286
 91.800000 -1.017698 0.172862 18.852830 1153.297530
 92.000000 -0.891543 -0.114906 14.126186 1490.082641
 92.200000 -0.552894 -0.368168 0.396459 1372.714377
 92.400000 -1.124360 0.098481 21.901338 563.477859
 92.600000 -1.454675 0.733363 24.120525 54.412596
 92.800000 -0.804598 1.344524 10.807578 1401.945030
 93.000000 -0.656591 2.224395 4.754984 2009.589137
 93.200000 -1.213253 2.565701 23.614894 231.135786
 93.400000 -2.830673 2.351054 22.398506 263.290383
 93.600000 3.050076 3.090346 6.725468 3800.430594
 93.800000 3.071741 -3.131353 8.045043 3594.112465
 94.000000 2.950388 2.373721 0.964049 2270.524783
 94.200000 -2.083173 2.631255 22.374822 0.262601
 94.400000 -1.679807 2.470603 21.716731 118.944798
 94.600000 -2.295961 2.361630 23.162056 32.949227
 94.800000 -2.920557 2.737101 20.389702 838.263949
 95.000000 3.086263 3.085295 8.927470 3382.739026
 95.200000 -2.985724 2.617064 18.286703 1248.614021
 95.400000 -2.292041 2.709504 23.159666 34.118955
 95.600000 -2.110432 2.648061 22.391051 0.265790
 95.800000 -2.195200 2.585701 22.620655 22.058155
 96.000000 -2.564050 2.575843 24.617935 0.208190
 96.200000 -2.356826 -3.087299 23.573748 39.072540
 96.400000 -3.084546 2.522545 14.524591 1736.127883
 96.600000 -2.881833 2.717079 21.441542 555.275714
 96.800000 -2.679796 3.139020 24.067055 61.915312
 97.000000 -2.880920 2.481213 21.462980 548.926584
 97.200000 -2.561276 2.784793 24.653754 0.103035
 97.400000 -2.450688 3.054339 24.229937 43.350154
 97.600000 -2.778964 2.558529 23.177513 125.983243
 97.800000 -2.314499 2.910828 23.340945 37.006956
 98.000000 -2.281611 2.814055 23.141447 36.685211
 98.200000 -2.841678 2.530257 22.311533 317.722835
 98.400000 -2.465870 -2.898936 24.360814 37.475529
 98.600000 2.901206 2.655890 -0.000110 0.000884
 98.800000 -2.937444 2.749367 19.949520 967.014837
 99.000000 -2.810990 3.006234 22.798627 197.909643
 99.200000 -2.774817 2.585596 23.275194 120.391221
 99.400000 -2.261788 2.744203 23.057990 39.033138
 99.600000 -2.210327 2.733183 22.754492 28.428352
 99.800000 -2.405609 2.492057 23.992909 47.177948
 100.000000 -2.461329 2.807786 24.365759 38.470690
 100.200000 -2.653834 2.840216 25.622143 47.197584
 100.400000 -2.690229 2.756755 25.349920 63.801042
 100.600000 -2.601491 2.856019 25.910192 14.634225
 100.800000 -2.392756 2.680303 25.208556 46.823284
 101.000000 -2.386804 2.601915 25.167907 46.461926
 101.200000 -1.841265 2.724311 22.703616 56.793238
 101.400000 -2.021970 2.552241 23.762847 0.060135
 101.600000 -2.324387 2.512649 24.770062 44.291425
 101.800000 -2.606546 2.937106 25.911826 17.838135
 102.000000 3.042150 2.884259 7.655279 3857.564236
 102.200000 2.965277 2.806876 3.091163 2786.275098
 102.400000 -2.608684 3.072429 25.923963 19.230618
 102.600000 -2.609853 2.000034 25.918788 19.956480
 102.800000 -1.752979 2.543568 22.425532 5.843192
 103.000000 -1.672340 2.693018 22.973330 100.866304
 103.200000 -2.191774 2.343572 23.955653 23.869660
 103.400000 -2.665856 2.762053 25.600757 54.034954
 103.600000 -2.914015 3.014951 21.973470 810.961864
 103.800000 -2.771518 2.904815 24.660472 121.146621
 104.000000 -2.069423 2.534514 23.742404 0.415185
 104.200000 -1.583655 2.496282 23.860892 103.128399
 104.400000 -1.966931 2.286448 23.636552 18.814423
 104.600000 -1.879399 2.713945 22.997727 80.188970
 104.800000 -2.298521 2.736433 24.642199 48.779611
 105.000000 -2.623049 2.528659 25.902449 28.376390
 105.200000 -3.076278 2.977815 16.224286 1666.997280
 105.400000 2.953667 2.971997 2.494546 2462.129553
 105.600000 -2.922515 2.696778 21.737467 879.295884
 105.800000 -2.278165 2.773013 24.513155 49.594218
 106.000000 -1.733170 2.728734 22.459067 21.230253
 106.200000 -1.858554 2.248709 22.806169 73.744701
 106.400000 -1.841954 2.114285 22.670251 59.499715
 106.600000 -1.738311 2.374217 22.426058 15.295549
 106.800000 -1.820635 2.585478 22.523184 35.719257
 107.000000 -2.622438 2.701047 25.955342 27.759702
 107.200000 3.123177 2.640439 12.388699 2736.598686
 107.400000 -2.771201 2.954819 24.734602 129.742717
 107.600000 -2.359930 2.582608 25.132464 52.126417
 107.800000 -2.045848 2.481929 23.759695 0.171581
 108.000000 -2.054478 2.614042 23.755437 0.310366
 108.200000 -2.188413 2.923075 23.964684 25.303885
 108.400000 -2.783585 2.558999 24.604559 153.331990
 108.600000 -2.818647 2.843343 24.114213 249.560544
 108.800000 -2.734289 2.935566 25.138091 92.344998
 109.000000 -2.716452 2.672512 25.303960 81.169146
 109.200000 -2.492042 2.624547 26.044003 21.885328
 109.400000 -2.100065 2.805943 23.745670 0.049363
 109.600000 -2.326389 2.487556 24.924123 54.646103
 109.800000 -2.116497 2.906227 23.755116 0.921784
 110.000000 -2.740832 2.766673 25.100034 97.957489
 110.200000 -3.060664 3.015346 16.883026 1572.393100
 110.400000 3.073213 3.102889 9.577035 3606.923354
 110.600000 2.879454 2.743112 -0.019032 5.254283
 110.800000 -2.829678 2.663540 23.969167 300.536560
 111.000000 -2.298358 2.924126 24.735109 56.330878
 111.200000 -2.362433 2.356625 25.232517 54.126162
 111.400000 -2.124371 2.667617 23.781064 2.235617
 111.600000 -2.688978 2.687310 25.617061 66.345388
 111.800000 -3.092052 2.908338 15.603705 1803.530383
 112.000000 -2.975696 2.985515 20.052936 1213.186924
 112.200000 -2.540604 2.779811 26.254973 1.725035
 112.400000 -2.242485 2.540059 24.356927 51.886442
 112.600000 -1.836551 2.624878 22.616987 52.267160
 112.800000 -1.945896 2.516169 23.508983 39.289882
 113.000000 -1.886787 2.408638 23.039632 79.809331
 113.200000 -1.985593 2.627502 23.695434 10.216229
 113.400000 -1.898823 2.676721 23.144069 76.360452
 113.600000 -2.312468 2.529142 24.905440 57.199195
 113.800000 -2.689177 2.916178 25.667313 66.568236
 114.000000 2.899891 2.811488 0.270898 1131.886603
 114.200000 -2.862340 2.903575 23.392230 486.488859
 114.400000 -2.217272 2.598372 24.220020 44.433374
 114.600000 -1.679175 2.532974 22.731396 61.297555
 114.800000 -1.674249 2.301045 22.770518 64.820680
 115.000000 -1.899336 2.267189 23.151265 76.197282
 115.200000 -2.171763 2.808748 23.974904 21.525149
 115.400000 -2.879210 2.786218 23.013530 600.330761
 115.600000 2.997406 2.961474 4.907012 3610.027143
 115.800000 3.086911 2.948135 10.406263 3408.231012
 116.000000 3.045126 2.732053 7.866270 3901.857061
 116.200000 2.950623 2.893236 2.321663 2422.511615
 116.400000 2.973284 2.843537 3.511458 3081.241428
 116.600000 -2.695284 2.893323 25.694500 70.846592
 116.800000 -2.204286 2.501230 24.171774 40.082882
 117.000000 -1.846128 2.483813 22.698086 61.787572
 117.200000 -1.756447 2.510906 22.349326 0.769927
 117.400000 -1.741678 2.442527 22.374230 6.137495
 117.600000 -1.934655 2.459227 23.441273 49.506826
 117.800000 -1.807604 2.613705 22.451729 22.872361
 118.000000 -1.910694 2.617186 23.256308 68.964194
 118.200000 -1.828674 2.491525 22.584551 45.006113
 118.400000 -1.756682 2.518964 22.354347 0.508232
 118.600000 -1.824544 2.565606 22.557516 40.698666
 118.800000 -1.988074 2.606131 23.719136 9.271012
 119.000000 -1.811879 2.698492 22.483659 27.631257
 119.200000 -1.866971 2.534369 22.906775 74.597029
 119.400000 -1.655951 2.458885 22.853939 58.720044
 119.600000 -1.782687 2.283430 22.389943 5.529646
 119.800000 -1.697211 2.538681 22.569121 34.389473
 120.000000 -1.910461 2.657388 23.281811 66.524760
 120.200000 -2.391329 2.593598 25.605557 47.296859
 120.400000 -2.733548 2.990475 25.428046 101.125981
 120.600000 3.044848 2.845153 7.895082 3912.931368
 120.800000 3.083914 2.958786 10.275632 3442.287459
 121.000000 -3.129344 3.002036 13.979355 2225.177990
 121.200000 -3.105943 2.796204 15.047313 1921.329595
 121.400000 -2.166123 2.849355 24.029112 24.132365
 121.600000 -1.602982 2.369453 23.229848 57.000908
 121.800000 -1.579177 1.749000 23.408479 55.458082
 122.000000 -1.221150 0.939357 23.912868 199.706999
 122.200000 -0.690886 -0.321593 6.289373 1907.479225
 122.400000 -0.576602 -0.816075 1.529965 1241.665953
 122.600000 -0.643870 -0.034862 4.226918 1884.082071
 122.800000 -1.001723 1.174652 18.340907 1275.012852
 123.000000 -0.816146 1.891596 11.348269 1415.042183
 123.200000 -0.506486 2.162192 -0.004826 0.555586
 123.400000 -0.661457 2.119886 4.955692 1931.711766
 123.600000 -1.040818 1.808313 19.637023 1051.114232
 123.800000 -0.608816 1.308537 2.714030 1618.364305
 124.000000 -1.202178 1.209160 23.542652 259.075503
 124.200000 -1.534267 0.615889 23.646217 48.186590
 124.400000 -0.548724 0.014555 0.562757 890.654141
 124.600000 -0.940040 0.043819 15.965059 1463.864254
 124.800000 -1.048943 0.378171 19.860524 999.768801
 125.000000 -1.637542 1.230228 22.933632 44.679455
 125.200000 -0.940703 1.376253 15.955602 1464.498177
 125.400000 -0.512382 1.387944 -0.008319 1.589331
 125.600000 -1.683778 1.763120 22.651180 25.078332
 125.800000 -1.953569 1.945463 23.657990 21.142011
 126.000000 -1.624131 2.737149 23.010480 43.938900
 126.200000 -2.151805 2.748962 23.997073 20.520921
 126.400000 -2.719201 2.419433 25.663874 91.625090
 126.600000 -2.998055 3.054021 19.302564 1347.622276
 126.800000 2.940685 3.081187 1.876437 2213.104039
 127.000000 -2.794546 2.675265 24.781215 211.690851
 127.200000 -1.645385 2.500602 22.856474 34.645430
 127.400000 -0.542237 2.317575 0.287750 910.030110
 127.600000 -0.741032 1.430457 8.246221 1675.170846
 127.800000 -1.544513 0.565576 23.496100 43.085190
 128.000000 -1.596560 0.262052 23.159510 40.785820
 128.200000 -0.537111 0.195644 0.110846 734.916496
 128.400000 -0.618728 0.359787 2.970478 1699.460433
 128.600000 -1.440795 0.476691 24.158696 39.604434
 128.800000 -1.517266 0.751883 23.649863 43.678809
 129.000000 -0.709127 1.286963 6.880329 1832.354718
 129.200000 -0.455920 1.968638 -0.000002 0.000000
 129.400000 -1.285552 2.532921 24.279017 48.321537
 129.600000 -1.949134 2.588097 23.680225 19.942244
 129.800000 -2.700039 2.558710 25.875843 77.998057
 130.000000 3.082422 2.955832 10.259629 3431.450284
 130.200000 2.940614 3.031879 1.873527 2236.227130
 130.400000 -3.077662 2.807458 16.249683 1643.713877
 130.600000 -2.557812 2.744420 26.534381 0.823947
 130.800000 -1.957128 2.724302 23.721818 14.323582
 131.000000 -1.896011 2.317996 23.365915 55.785624
 131.200000 -1.667827 2.294725 22.729724 19.932076
 131.400000 -1.662481 1.986530 22.754062 21.515538
 131.600000 -1.463723 2.280141 23.920810 42.842304
 131.800000 -1.874078 2.321765 23.210001 62.141616
 132.000000 -2.158200 2.853443 24.040059 27.411866
 132.200000 -2.901677 2.667093 22.529485 819.299407
 132.400000 3.075589 -3.134373 9.870431 3541.027447
 132.600000 3.123795 2.814575 12.551766 2646.491311
 132.800000 -2.868953 2.672493 23.393897 583.068143
 133.000000 -2.343135 2.728125 25.400316 44.047290
 133.200000 -2.102387 2.808900 23.851252 2.567662
 133.400000 -2.254246 2.428154 24.748546 66.283536
 133.600000 -2.148654 2.809261 23.995857 22.122388
 133.800000 -2.434503 2.811868 25.990282 39.936355
 134.000000 -2.689622 2.710034 26.009423 70.978317
 134.200000 -2.725596 2.960850 25.686611 103.180611
 134.400000 -2.658371 2.764285 26.258383 45.235326
 134.600000 -2.717478 2.828093 25.767442 95.237139
 134.800000 -2.707316 2.821043 25.864134 85.999583
 135.000000 -2.795621 2.888690 24.822982 227.627118
 135.200000 -2.926414 2.848278 21.783891 1005.200118
 135.400000 -3.128038 2.940729 14.088686 2124.653270
 135.600000 -3.093013 2.815442 15.621078 1739.739269
 135.800000 -3.012091 2.899470 18.781108 1390.309473
 136.000000 -3.071141 2.896245 16.512249 1591.477299
 136.200000 -2.866149 2.858613 23.478571 576.539890
 136.400000 -2.726915 2.779608 25.708979 106.829083
 136.600000 -2.381079 2.785520 25.679094 38.054704
 136.800000 -2.182902 2.424574 24.208369 48.443674
 137.000000 -2.147129 2.597979 23.996199 22.860392
 137.200000 -2.279612 2.817017 24.995898 62.724169
 137.400000 -2.904689 2.733041 22.459536 853.628607
 137.600000 2.938523 2.857508 1.785602 2210.680910
 137.800000 -2.974271 3.058899 20.174369 1271.000528
 138.000000 -2.973554 2.643852 20.199941 1268.060872
 138.200000 -2.867980 2.732297 23.452955 591.788800
 138.400000 -3.109552 2.986320 14.932644 1900.369134
 138.600000 2.920385 2.900866 0.992159 1644.706455
 138.800000 -3.052098 2.782282 17.279603 1508.893336
 139.000000 -2.239413 2.944020 24.675159 72.092117
 139.200000 -2.032452 2.395496 23.839402 0.178369
 139.400000 -1.576334 2.211116 23.095279 19.639897
 139.600000 -0.592859 1.997640 1.657204 1412.064088
 139.800000 -0.947125 1.989548 15.771461 1453.313677
 140.000000 -0.546221 1.899178 0.090422 746.653353
 140.200000 -1.033397 1.872221 18.854766 1076.368393
 140.400000 -0.814743 1.963726 10.769500 1376.750431
 140.600000 -0.598856 1.769275 1.858431 1486.096562
 140.800000 -0.951167 2.013563 15.896604 1446.456850
 141.000000 -1.289855 2.084179 23.928371 47.253168
 141.200000 -1.772238 2.331045 22.696942 9.049474
 141.400000 -2.037544 2.738900 23.835447 0.231317
 141.600000 -3.028103 2.821992 18.227238 1444.181501
 141.800000 -3.075722 2.965012 16.368049 1630.813977
 142.000000 -2.911553 2.812047 22.300648 903.019970
 142.200000 -2.777822 2.637001 25.185322 194.988827
 142.400000 -2.928304 2.816203 21.791615 1020.423876
 142.600000 -2.878268 2.849487 23.240824 662.027115
 142.800000 2.917744 2.722713 0.895727 1588.266752
 143.000000 -2.783373 -3.057204 25.106519 208.290168
 143.200000 3.000878 2.495595 5.288380 3824.427899
 143.400000 -2.857908 2.751005 23.751062 527.121490
 143.600000 -2.612774 3.057697 26.619603 7.593118
 143.800000 -2.934456 2.318608 21.607408 1062.387223
 144.000000 -2.605927 2.900935 26.636417 4.642542
 144.200000 -2.626260 2.833062 26.590073 14.657645
 144.400000 -2.917732 2.530077 22.154428 947.796724
 144.600000 -2.507550 3.103444 26.459957 25.447463
 144.800000 -2.781690 2.719516 25.162561 205.124664
 145.000000 -2.826738 2.664662 24.419216 359.003090
 145.200000 -2.600223 2.962660 26.676255 1.996520
 145.400000 -2.555439 2.698626 26.651774 5.747571
 145.600000 -2.071217 2.351564 23.816362 0.045567
 145.800000 -1.538440 2.796027 23.146828 18.966039
 146.000000 -1.893693 2.285578 23.452858 44.883768
 146.200000 -1.809350 2.315051 22.883264 30.662899
 146.400000 -1.786282 2.376380 22.771804 16.661588
 146.600000 -1.208131 2.806443 22.799569 236.638966
 146.800000 -0.585923 2.024564 1.229834 1308.623726
 147.000000 -1.000079 1.485393 17.544769 1268.050671
 147.200000 -1.457476 0.681373 23.519747 32.536758
 147.400000 -0.903417 0.254024 13.886865 1437.904660
 147.600000 -1.086751 0.276772 20.241838 717.302414
 147.800000 -0.703577 0.129232 6.176338 1874.426425
 148.000000 -1.002314 0.814785 17.596296 1254.983709
 148.200000 -1.392760 1.313877 23.815274 12.299082
 148.400000 -1.045799 0.794046 19.026160 978.272155
 148.600000 -1.381013 0.543594 23.851485 6.943743
 148.800000 -1.122862 0.855401 21.110164 526.089355
 149.000000 -1.329979 1.217410 23.863407 6.035686
 149.200000 -1.156629 0.751322 21.803400 390.683653
 149.400000 -1.606062 0.619588 22.858043 6.828682
 149.600000 -1.340233 1.077173 23.857728 1.756082
 149.800000 -1.136655 1.200924 21.390735 465.533506
 150.000000 -1.016918 0.932190 18.056446 1167.159754
 150.200000 -1.527444 0.900338 23.099436 17.035645
 150.400000 -1.088741 0.585916 20.218522 700.524967
 150.600000 -1.220855 0.339324 22.872135 203.662677
 150.800000 -1.288875 0.687865 23.615023 52.887425
 151.000000 -1.186630 1.626851 22.332773 296.257120
 151.200000 -0.885523 1.657006 13.120966 1408.692996
 151.400000 -1.025196 1.907975 18.292112 1112.605972
 151.600000 -0.667515 1.953085 4.500341 1963.476888
 151.800000 -0.822394 2.072923 10.786742 1353.744007
 152.000000 -0.738756 2.001496 7.572916 1680.324244
 152.200000 -0.795335 1.649978 9.765573 1405.472534
 152.400000 -0.987946 1.443974 16.970806 1325.124756
 152.600000 -1.349543 1.141367 23.804018 0.125586
 152.800000 -0.955639 0.311535 15.767761 1434.191186
 153.000000 -0.525204 -0.288023 -0.000675 0.016472
 153.200000 -1.223896 -0.206455 22.851410 197.470226
 153.400000 -0.745421 0.136689 7.809941 1642.652944
 153.600000 -0.325842 0.131744 -0.000000 0.000000
 153.800000 -1.115290 0.231799 20.819965 556.496926
 154.000000 -1.355343 0.731455 23.787484 0.055769
 154.200000 -0.948580 1.422578 15.467300 1445.625976
 154.400000 -0.811221 1.768211 10.326198 1366.888268
 154.600000 -0.527794 1.824047 -0.000798 0.023985
 154.800000 -1.411534 2.287059 23.621704 20.805609
 155.000000 -2.324178 2.554618 25.439434 38.730336
 155.200000 -2.909004 3.021202 22.565129 897.035303
 155.400000 -2.637126 -3.140819 26.718894 17.307971
 155.600000 -2.075580 2.528638 23.754041 0.289062
 155.800000 -1.875434 2.189201 23.337175 46.066704
 156.000000 -0.915103 2.178734 14.175645 1450.918546
 156.200000 -0.856836 2.063567 11.974977 1360.615274
 156.400000 -0.849751 1.894282 11.714006 1352.985119
 156.600000 -0.821418 1.695783 10.673818 1351.506112
 156.800000 -0.638214 1.764163 3.123719 1878.645446
 157.000000 -0.953096 2.376254 15.608949 1438.349299
 157.200000 -0.505425 2.367039 -0.000009 0.000002
 157.400000 -1.591830 1.968733 22.813067 4.519191
 157.600000 -2.288773 1.828716 25.197834 58.783264
 157.800000 -1.961610 2.919354 23.740700 3.904719
 158.000000 -2.302862 3.114327 25.301294 49.296114
 158.200000 3.003991 2.316010 5.515101 3881.094155
 158.400000 2.993488 -3.141324 4.866371 3739.412466
 158.600000 -2.915384 3.082660 22.391652 950.089017
 158.800000 -2.950601 2.329545 21.235309 1200.848001
 159.000000 -2.055448 2.717700 23.730452 0.114515
 159.200000 -1.612403 2.768005 22.751669 3.050807
 159.400000 -1.641460 1.975957 22.704789 2.205589
 159.600000 -1.328092 1.334441 23.663172 7.690730
 159.800000 -1.290398 0.540333 23.474368 52.441000
 160.000000 -1.011549 0.295977 17.709690 1190.743801
 160.200000 -0.809696 0.414674 10.195424 1365.693814
 160.400000 -1.554906 0.879046 22.865954 7.734263
 160.600000 -0.921467 1.257329 14.356484 1456.951970
 160.800000 -1.026466 1.681407 18.202201 1093.752909
 161.000000 -0.881704 1.934248 12.851258 1400.743640
 161.200000 -0.851830 2.273612 11.734207 1355.547600
 161.400000 -0.674108 2.158352 4.645119 1992.935507
 161.600000 -0.683660 1.892335 5.070820 1976.476802
 161.800000 -0.701094 1.819824 5.840167 1911.854452
 162.000000 -0.633119 1.980722 2.832254 1861.895301
 162.200000 -1.490147 2.073153 23.088123 24.179399
 162.400000 -1.612131 2.353954 22.726103 2.387095
 162.600000 -2.337352 2.574579 25.513146 29.420789
 162.800000 -2.936809 2.933142 21.727045 1112.764881
 163.000000 2.995603 -3.055763 4.991459 3771.370481
 163.200000 -3.122214 2.786562 14.425773 2100.512814
 163.400000 -3.052810 2.653663 17.378270 1619.859958
 163.600000 -2.636955 -3.096910 26.779026 15.307279
 163.800000 -2.665228 2.685553 26.630270 42.857654
 164.000000 -2.255407 2.686913 24.926601 80.799328
 164.200000 -1.977012 2.810138 23.717073 0.701635
 164.400000 -2.289190 2.348400 25.204878 55.389180
 164.600000 -2.581822 2.544432 26.843110 3.216521
 164.800000 -2.420609 -2.987863 25.929446 31.369437
 165.000000 -2.801802 2.513431 25.075593 271.991077
 165.200000 -2.603579 2.429400 26.866563 0.140641
 165.400000 -2.480175 2.944660 26.308072 48.438453
 165.600000 -2.686161 2.627135 26.491484 68.337893
 165.800000 -2.585663 2.662608 26.856566 2.174944
 166.000000 -2.599169 2.807435 26.867193 0.007828
 166.200000 -2.646750 2.611103 26.763833 23.387971
 166.400000 -2.657350 2.563844 26.707161 34.194891
 166.600000 -2.325373 2.984836 25.440239 32.640896
 166.800000 -2.658792 2.594267 26.698629 35.770458
 167.000000 -2.713392 2.643605 26.249809 104.246307
 167.200000 -2.625558 2.960364 26.858230 6.963968
 167.400000 -2.755801 2.587893 25.770111 168.655281
 167.600000 -2.449061 2.720906 26.100438 42.487836
 167.800000 -2.197011 2.853901 24.368605 90.689130
 168.000000 -1.988826 2.479397 23.701452 0.068036
 168.200000 -2.185783 2.149228 24.264882 84.282236
 168.400000 -1.834717 2.904087 23.019182 38.960652
 168.600000 -1.856983 2.704901 23.162670 43.005134
 168.800000 -2.161255 2.246083 24.054705 61.564274
 169.000000 -2.105400 2.817588 23.740013 10.598934
 169.200000 -2.099957 2.940852 23.725968 8.264158
 169.400000 -2.797051 2.392175 25.187766 265.771301
 169.600000 -2.225044 2.834327 24.649438 95.073760
 169.800000 -2.122294 2.952525 23.811290 22.875097
 170.000000 -2.170283 2.260682 24.134239 71.185591
 170.200000 -2.100868 2.388317 23.735591 9.307139
 170.400000 -1.686611 2.944695 22.594912 0.054337
 170.600000 -2.008242 2.545837 23.684321 0.061495
 170.800000 -2.289320 2.252039 25.217984 52.679585
 171.000000 -2.195207 2.774071 24.370352 89.885464
 171.200000 -2.458425 2.835871 26.178619 49.646949
 171.400000 3.112188 2.210781 11.990118 2861.317267
 171.600000 3.058639 3.105867 8.900476 3763.473099
 171.800000 3.099218 2.999436 11.282364 3096.081922
 172.000000 -2.950705 2.477084 21.280557 1216.813875
 172.200000 -1.463557 2.796354 23.078772 30.069724
 172.400000 -0.624434 2.183053 2.304633 1845.781902
 172.600000 -0.443164 1.210841 -0.000000 0.000000
 172.800000 -1.535488 0.805731 22.759276 9.360030
 173.000000 -1.084899 0.552309 19.809191 681.127241
 173.200000 -0.843009 0.547850 11.302096 1337.927188
 173.400000 -1.617416 0.980615 22.605850 0.619162
 173.600000 -0.575131 0.972033 0.346850 1355.183854
 173.800000 -0.759283 1.394000 8.165590 1571.115427
 174.000000 -0.861872 1.836228 11.994502 1359.968968
 174.200000 -0.797834 2.012533 9.634595 1387.152148
 174.400000 -0.962790 2.120113 15.797774 1415.141822
 174.600000 -0.878630 1.970030 12.606016 1389.403271
 174.800000 -0.857782 2.077083 11.834383 1352.375176
 175.000000 -0.858141 1.896403 11.847599 1352.896468
 175.200000 -0.679689 1.669190 4.741888 2051.434560
 175.400000 -0.887985 1.943816 12.950610 1407.419802
 175.600000 -1.387031 2.395292 23.406618 9.010051
 175.800000 -2.273821 2.641410 25.139075 56.436985
 176.000000 2.998825 2.944064 5.138504 3810.787325
 176.200000 -2.843816 3.103358 24.339561 469.597040
 176.400000 -2.333178 2.602661 25.502481 23.823233
 176.600000 -2.068644 2.174649 23.702366 2.646879
 176.800000 -1.060460 2.446508 19.087393 826.979281
 177.000000 -0.987810 2.157519 16.708205 1307.528476
 177.200000 -0.602056 1.929901 1.308567 1603.118065
 177.400000 -0.616405 1.706726 1.899459 1783.487237
 177.600000 -0.538969 1.967832 -0.000287 0.004109
 177.800000 -0.764324 2.043216 8.340009 1545.601956
 178.000000 -0.607374 2.303183 1.523863 1673.854477
 178.200000 -0.979066 2.098807 16.376354 1342.388299
 178.400000 -0.541550 1.829793 -0.000461 0.010992
 178.600000 -0.992543 1.816275 16.864066 1274.781004
 178.800000 -0.580266 1.781259 0.467109 1370.477554
 179.000000 -0.680952 2.162493 4.781378 2060.456081
 179.200000 -0.985516 2.254903 16.606586 1306.822413
 179.400000 -0.618776 2.157539 1.989515 1824.997782
 179.600000 -1.168101 1.627724 21.510991 327.433229
 179.800000 -0.962748 0.848721 15.767906 1399.582164
 180.000000 -1.599649 0.196888 22.551949 0.529447
 180.200000 -1.172524 0.154445 21.572463 315.252413
 180.400000 -0.739620 0.830005 7.348480 1712.136946
 180.600000 -1.460270 1.314517 22.980788 30.943556
 180.800000 -1.372350 1.159516 23.370738 2.882183
 181.000000 -0.884155 0.529408 12.796692 1393.851488
 181.200000 -1.605368 0.588386 22.526773 0.261066
 181.400000 -1.121422 1.109024 20.551284 472.717683
 181.600000 -1.405092 1.489963 23.257435 18.303894
 181.800000 -1.418160 1.137889 23.196949 24.424623
 182.000000 -1.434422 0.714575 23.111953 29.732864
 182.200000 -1.257025 0.772817 22.786238 128.831122
 182.400000 -1.201722 1.412622 22.029010 248.773973
 182.600000 -0.834298 1.790852 10.969494 1328.913014
 182.800000 -0.831335 2.153346 10.861476 1329.285152
 183.000000 -0.975254 2.408602 16.229456 1338.732067
 183.200000 -1.147791 1.851610 21.067348 378.330580
 183.400000 -0.671337 1.204913 4.346786 2109.566199
 183.600000 -1.154504 0.680801 21.196248 359.400644
 183.800000 -1.748541 0.640436 22.580979 4.567546
 184.000000 -0.726400 0.816377 6.803658 1816.897870
 184.200000 -0.969616 1.318337 16.026859 1352.461191
 184.400000 -1.262788 1.311792 22.828761 118.039606
 184.600000 -1.404377 0.706037 23.232729 18.363215
 184.800000 -1.191540 0.570073 21.839624 271.305614
 185.000000 -1.221030 0.749072 22.296296 208.968867
 185.200000 -1.534187 0.928935 22.594556 8.404096
 185.400000 -0.893440 1.071958 13.165590 1406.594088
 185.600000 -1.330739 1.456223 23.304214 8.980789
 185.800000 -1.136411 1.047536 20.821487 409.988275
 186.000000 -1.460006 0.721219 22.929618 32.194951
 186.200000 -0.934763 0.638165 14.733119 1430.900214
 186.400000 -1.463297 1.096477 22.904197 32.292756
 186.600000 -1.226349 1.078280 22.357326 200.078114
 186.800000 -1.325642 0.857481 23.285052 13.260879
 187.000000 -0.965612 0.717660 15.888706 1360.986401
 187.200000 -0.829527 0.701791 10.819967 1335.724296
 187.400000 -1.467318 0.912643 22.876986 32.255435
 187.600000 -0.966109 0.823115 15.912846 1356.248292
 187.800000 -1.480452 1.133358 22.804420 28.555778
 188.000000 -1.310387 0.989877 23.215516 31.096946
 188.200000 -1.358057 0.702350 23.342980 0.063476
 188.400000 -1.001728 0.844992 17.187743 1166.548353
 188.600000 -1.355100 1.178037 23.343225 0.007591
 188.800000 -1.288817 1.080900 23.067073 68.135000
 189.000000 -1.267362 0.636584 22.864005 112.923667
 189.200000 -1.170828 0.684535 21.452638 318.340352
 189.400000 -1.294172 1.132116 23.113249 58.846189
 189.600000 -1.293609 1.109146 23.108912 59.890063
 189.800000 -1.478410 0.912923 22.811602 30.824596
 190.000000 -1.253055 0.870780 22.702897 146.352795
 190.200000 -1.400858 1.170648 23.251867 18.877479
 190.400000 -1.287588 1.071185 23.067475 72.634745
 190.600000 -1.460766 0.902450 22.916403 36.317005
 190.800000 -1.068243 0.807001 19.222845 708.310850
 191.000000 -1.469703 0.971486 22.863150 34.534762
 191.200000 -1.319291 0.981389 23.286623 21.286293
 191.400000 -1.444591 0.761146 23.021634 37.809899
 191.600000 -1.283600 0.973171 23.041226 81.976393
 191.800000 -1.470187 1.206629 22.864826 35.657740
 192.000000 -1.319212 0.897213 23.286258 21.380982
 192.200000 -1.282100 0.669645 23.040236 86.678353
 192.400000 -1.289138 0.838203 23.102863 71.932666
 192.600000 -1.432373 1.218435 23.107145 36.514754
 192.800000 -0.984754 0.902174 16.619942 1258.215917
 193.000000 -1.667485 0.933056 22.431421 0.069181
 193.200000 -1.130816 1.064131 20.693987 422.396150
 193.400000 -1.175037 1.053839 21.538376 315.883810
 193.600000 -1.652453 1.221642 22.418564 0.013616
 193.800000 -1.028613 0.881938 18.092494 968.756873
 194.000000 -1.196182 0.988449 21.901684 275.040948
 194.200000 -1.352724 0.961330 23.422758 0.128026
 194.400000 -1.172249 0.986549 21.496596 323.251723
 194.600000 -1.416650 0.854156 23.229132 31.652000
 194.800000 -1.193131 0.920128 21.860008 283.043542
 195.000000 -1.340428 0.914550 23.408723 3.751589
 195.200000 -1.156898 0.863445 21.222334 357.408545
 195.400000 -1.437664 1.037519 23.117878 42.499910
 195.600000 -1.125934 0.838542 20.606531 439.354465
 195.800000 -1.186311 0.984390 21.754154 298.486581
 196.000000 -1.523875 1.111021 22.603282 18.507555
 196.200000 -1.143865 0.751187 20.981643 390.171616
 196.400000 -1.384547 1.040285 23.417721 11.015469
 196.600000 -1.090500 1.142690 19.819846 582.114179
 196.800000 -1.472799 0.975596 22.897994 43.666794
 197.000000 -1.143109 0.716967 20.966693 392.091742
 197.200000 -1.272923 0.742732 23.041282 115.286907
 197.400000 -1.125244 1.063843 20.613752 445.410414
 197.600000 -1.333292 1.077768 23.461879 8.610175
 197.800000 -1.153158 0.531889 21.175873 370.455886
 198.000000 -1.153779 0.695987 21.187810 369.049914
 198.200000 -1.349556 1.008391 23.520261 0.539164
 198.400000 -1.063390 1.000741 19.146222 737.341620
 198.600000 -1.370012 0.951591 23.508422 3.386736
 198.800000 -0.994620 0.809335 17.008383 1207.154806
 199.000000 -0.950357 0.732409 15.398239 1414.232562
 199.200000 -1.513084 0.762759 22.687762 30.671460
 199.400000 -1.087814 0.971155 19.788305 602.563653
 199.600000 -1.671366 1.499936 22.365198 0.001111
 199.800000 -1.570595 1.608597 22.458606 6.187396
 200.000000 -0.559263 1.322154 -0.004278 1.145362
 200.200000 -1.244934 1.681294 21.742198 190.199040
 200.400000 -0.928492 1.559211 13.547732 1458.815587
 200.600000 -1.556262 0.906860 21.469887 11.177925
 200.800000 -0.850851 0.285312 10.610394 1380.553554
 201.000000 -0.496927 -0.107683 -0.000000 0.000000
 201.200000 -0.853773 -0.479510 10.727817 1386.696835
 201.400000 -1.010597 0.106133 16.551526 1108.366510
 201.600000 -0.938486 0.248474 13.941296 1450.061475
 201.800000 -1.254636 0.641772 21.903019 168.390936
 202.000000 -1.239063 1.173963 21.689661 206.940966
 202.200000 -1.074359 1.268311 18.463624 681.428343
 202.400000 -1.302368 0.708514 22.429608 53.906279
 202.600000 -1.341107 0.593299 22.607752 3.323823
 202.800000 -1.213392 0.845648 21.324018 267.221089
 203.000000 -1.092824 1.182293 18.927712 585.611369
 203.200000 -0.945282 0.984092 14.226541 1442.607862
 203.400000 -1.466862 0.782468 22.043379 61.597822
 203.600000 -1.240806 0.707803 21.780354 207.327281
 203.800000 -0.856953 0.659245 10.866162 1396.592636
 204.000000 -1.475484 0.965746 21.976290 59.271369
 204.200000 -1.052495 0.989828 17.903709 824.662978
 204.400000 -1.596082 0.844167 21.387310 4.321012
 204.600000 -1.091381 0.889198 18.936293 600.727056
 204.800000 -1.369126 1.097679 22.675718 4.365015
 205.000000 -1.417050 1.101296 22.451299 45.767148
 205.200000 -0.994645 0.817323 16.069188 1228.072229
 205.400000 -1.585645 1.008349 21.416876 7.039825
 205.600000 -1.027089 0.749371 17.154095 1005.756548
 205.800000 -1.777550 0.998366 21.413893 8.530220
 206.000000 -1.185200 0.888795 20.933851 332.567666
 206.200000 -1.424503 1.227172 22.465125 55.477920
 206.400000 -1.606387 1.272315 21.374606 3.984420
 206.600000 -0.750211 0.498908 6.794277 1723.641055
 206.800000 -0.640875 -0.202303 1.802428 2199.753142
 207.000000 -0.503323 -0.722531 -0.000000 0.000000
 207.200000 -0.594277 -0.273080 -0.017155 15.554886
 207.400000 -1.664431 0.741792 21.301590 0.466258
 207.600000 -0.773005 1.708025 7.725691 1571.208781
 207.800000 -0.736894 2.319140 6.238817 1835.675186
 208.000000 -0.764623 2.386564 7.390691 1624.174202
 208.200000 -0.750895 1.824893 6.839123 1727.064748
 208.400000 -0.878127 1.214421 11.717750 1438.564766
 208.600000 -1.236109 0.897728 21.896119 228.458485
 208.800000 -1.125110 0.491356 19.819161 487.160637
 209.000000 -1.443640 0.715705 22.376115 70.912113
 209.200000 -1.395651 0.984486 22.757912 30.205610
 209.400000 -1.302425 1.369639 22.702720 54.467803
 209.600000 -1.381254 0.913647 22.825986 15.332658
 209.800000 -1.425336 0.619684 22.557060 61.007252
 210.000000 -0.931720 0.983526 13.786656 1478.387805
 210.200000 -1.257772 1.533401 22.278396 172.536871
 210.400000 -1.398215 1.287512 22.782227 33.897723
 210.600000 -0.997253 0.399122 16.239317 1231.118072
 210.800000 -0.624911 -0.135649 1.062379 2102.660082
 211.000000 -0.758176 -0.136860 7.161169 1681.202511
 211.200000 -0.911877 0.109225 13.051128 1484.212141
 211.400000 -0.583488 0.340911 -0.000598 0.039493
 211.600000 -1.525994 0.539585 21.778716 48.293009
 211.800000 -1.341207 0.966468 22.958615 2.462404
 212.000000 -0.979538 1.435258 15.621919 1336.731943
 212.200000 -1.049719 1.561830 17.984649 882.468845
 212.400000 -0.879958 1.354487 11.843434 1444.276725
 212.600000 -1.639177 1.089838 21.321172 3.569079
 212.800000 -1.356117 0.427688 23.005793 0.430924
 213.000000 -1.011442 0.041648 16.766473 1146.976191
 213.200000 -1.009675 0.026627 16.727748 1162.533499
 213.400000 -1.664392 0.507521 21.277702 1.760478
 213.600000 -0.856977 1.195476 10.992104 1411.328248
 213.800000 -0.777309 2.289416 7.969186 1565.259814
 214.000000 -1.188076 2.636720 21.252336 351.521259
 214.200000 -2.141878 2.179248 22.927987 72.365416
 214.400000 -2.285316 2.666212 24.038938 21.657646
 214.600000 -2.955451 3.073317 19.770339 1303.921328
 214.800000 2.914845 2.814466 -0.001949 0.346410
 215.000000 -2.765743 3.023566 24.565465 226.860025
 215.200000 2.955720 2.518710 1.237870 2630.936024
 215.400000 2.965418 2.858608 1.749104 2924.685840
 215.600000 -2.908362 -3.100637 21.354104 979.539864
 215.800000 3.047801 2.370675 6.746528 3920.864066
 216.000000 -2.105192 2.856065 22.636131 45.955550
 216.200000 -1.905728 2.705063 21.866515 20.672295
 216.400000 -1.734394 2.209553 21.228899 0.574871
 216.600000 -1.684555 2.162600 21.238239 1.094257
 216.800000 -1.586126 1.686858 21.501455 21.481214
 217.000000 -0.820479 0.994101 9.672933 1415.594067
 217.200000 -1.125520 0.237756 20.074663 516.182339
 217.400000 -0.809638 -0.178325 9.278045 1439.746434
 217.600000 -0.558829 -0.217601 -0.000000 0.000000
 217.800000 -0.905056 0.211734 12.889278 1486.791238
 218.000000 -1.575504 0.970357 21.565480 28.822672
 218.200000 -1.085483 1.456229 19.123461 687.273388
 218.400000 -0.925914 1.777679 13.713013 1497.817392
 218.600000 -0.655313 1.815198 2.534365 2357.568569
 218.800000 -0.722606 2.257524 5.727925 2024.544331
 219.000000 -0.636383 2.229906 1.622293 2268.592708
 219.200000 -0.864666 2.161330 11.382437 1427.116202
 219.400000 -0.713307 1.565080 5.318593 2113.514572
 219.600000 -1.310383 1.224411 23.128436 42.275515
 219.800000 -1.508689 0.796851 22.093212 85.647495
 220.000000 -0.865688 0.626775 11.421063 1428.568394
 220.200000 -1.593775 0.712895 21.500608 24.736527
 220.400000 -1.374066 0.978503 23.258925 10.658966
 220.600000 -0.901198 1.041096 12.794976 1482.491406
 220.800000 -1.572631 1.236991 21.617162 36.839539
 221.000000 -1.342763 0.797078 23.289348 2.021635
 221.200000 -0.822639 0.288809 9.843351 1416.721338
 221.400000 -0.659905 -0.127042 2.786927 2395.219171
 221.600000 -0.856101 0.056006 11.099103 1413.972921
 221.800000 -0.867357 0.160820 11.523382 1428.240915
 222.000000 -1.072512 0.138689 18.844592 767.993722
 222.200000 -1.201496 1.075571 21.770359 337.403809
 222.400000 -1.749907 1.495493 21.190556 1.373234
 222.600000 -1.274855 1.314145 22.899896 134.760310
 222.800000 -0.781374 0.539649 8.279135 1567.922014
 223.000000 -1.547510 0.574921 21.821732 60.944273
 223.200000 -0.802051 0.882554 9.105205 1470.487971
 223.400000 -1.081262 1.538028 19.131027 724.710236
 223.600000 -0.923310 1.920413 13.708821 1495.325420
 223.800000 -0.877165 2.058596 11.937054 1441.006088
 224.000000 -0.875352 2.494117 11.868280 1438.070911
 224.200000 -0.794001 2.206794 8.817533 1505.886734
 224.400000 -0.736668 1.661112 6.458168 1933.332434
 224.600000 -1.647256 1.283361 21.300159 11.166500
 224.800000 -0.670395 -0.005722 3.339476 2419.844083
 225.000000 -0.925586 -0.466013 13.818748 1493.912121
 225.200000 -0.716787 -0.055745 5.582658 2128.450670
 225.400000 -1.161378 0.758267 21.071176 433.719732
 225.600000 -1.603675 1.439914 21.493385 28.841944
 225.800000 -1.219944 0.861208 22.189796 295.855447
 226.000000 -0.886988 0.224405 12.356563 1454.360144
 226.200000 -0.473782 -0.370047 -0.000000 0.000000
 226.400000 -0.985635 -0.056058 16.140825 1333.619953
 226.600000 -0.898512 0.545322 12.821023 1469.581626
 226.800000 -1.600678 1.090438 21.519016 32.427657
 227.000000 -0.560082 0.969047 -0.000000 0.000000
 227.200000 -1.045519 1.189704 18.192061 953.352048
 227.400000 -1.438581 0.974508 23.026934 97.849582
 227.600000 -0.930529 0.311848 14.077422 1486.959376
 227.800000 -0.620655 -0.039954 0.954674 2214.621435
 228.000000 -0.918010 -0.049263 13.594559 1486.190365
 228.200000 -0.783529 0.190325 8.508425 1568.701253
 228.400000 -0.808872 0.527456 9.491040 1450.475308
 228.600000 -1.645032 0.884778 21.314714 16.579009
 228.800000 -1.497789 1.220034 22.421245 115.227896
 229.000000 -0.982920 0.994064 16.085981 1346.133921
 229.200000 -1.676741 1.015154 21.204205 8.259132
 229.400000 -1.257837 0.656584 22.899829 189.246937
 229.600000 -0.610955 0.176993 0.522762 2200.450872
 229.800000 -0.946835 0.073796 14.752521 1464.864706
 230.000000 -0.764152 0.275051 7.752745 1710.872502
 230.200000 -0.930638 0.185236 14.157097 1478.398097
 230.400000 -0.758210 -0.018516 7.532869 1766.553868
 230.600000 -0.537210 -0.065109 -0.000000 0.000000
 230.800000 -0.662567 -0.195619 3.052040 2503.811403
 231.000000 -0.907023 0.199242 13.249779 1468.164484
 231.200000 -1.151169 0.616298 21.016667 468.848247
 231.400000 -1.665397 0.980570 21.238014 13.396074
 231.600000 -0.725951 0.947457 6.146900 2088.891770
 231.800000 -1.153776 1.118063 21.072915 461.986440
 232.000000 -1.593398 1.013404 21.616460 47.803065
 232.200000 -0.571997 0.603501 -0.000020 0.000046
 232.400000 -1.386076 0.482972 23.584568 25.055023
 232.600000 -1.317913 0.836888 23.579620 29.840390
 232.800000 -0.796957 1.302689 9.154534 1503.982571
 233.000000 -0.554285 1.698673 -0.000000 0.000000
 233.200000 -0.629724 2.231464 1.469725 2393.244597
 233.400000 -0.663327 2.177200 3.149211 2544.471549
 233.600000 -0.596756 2.028938 -0.023057 62.520611
 233.800000 -0.906660 1.455420 13.325306 1457.172565
 234.000000 -1.641068 0.783927 21.347613 25.367720
 234.200000 -1.181269 0.219956 21.720366 398.805826
 234.400000 -0.815955 0.195044 9.946265 1433.014600
 234.600000 -0.556538 0.059871 -0.000000 0.000000
 234.800000 -0.664713 -0.541886 3.241447 2556.851473
 235.000000 -0.551563 -0.502284 -0.000000 0.000000
 235.200000 -0.654543 -0.041262 2.749505 2568.112244
 235.400000 -1.550820 1.061491 22.026278 91.790417
 235.600000 -1.534857 1.784796 22.184915 105.715667
 235.800000 -1.152197 1.633926 21.140299 470.093900
 236.000000 -0.628154 1.180684 1.428333 2408.379650
 236.200000 -1.729002 1.043122 21.064157 1.017252
 236.400000 -1.644816 0.374487 21.339214 28.362017
 236.600000 -0.605244 0.056943 0.343204 2414.909259
 236.800000 -0.620908 0.041958 1.093232 2342.461589
 237.000000 -1.478509 0.596666 22.836494 134.071066
 237.200000 -0.982709 1.400451 16.312418 1324.671833
 237.400000 -1.075215 1.590642 19.307010 771.996117
 237.600000 -0.526175 1.458488 -0.000000 0.000000
 237.800000 -1.450537 2.022613 23.179811 119.490857
 238.000000 -1.769604 2.031147 21.062446 1.780948
 238.200000 -1.624289 2.806883 21.472323 43.097452
 238.400000 -2.194087 2.695443 23.117063 79.729278
 238.600000 -2.647534 2.679624 25.550662 24.477615
 238.800000 -2.351827 2.887478 23.960252 12.042678
 239.000000 -2.234436 2.625646 23.444724 50.639394
 239.200000 -2.160496 2.301117 22.794140 85.976132
 239.400000 -1.689756 2.810975 21.141592 12.464962
 239.600000 -1.987327 2.537336 21.805019 6.789916
 239.800000 -2.376949 2.273487 24.042674 20.270977
 240.000000 -2.457608 2.975761 24.604784 85.593860
 240.200000 -2.603682 2.744308 25.624422 0.175242
 240.400000 -2.959979 2.619562 19.243092 1321.639575
 240.600000 3.071661 2.833394 7.885925 3683.259565
 240.800000 3.130733 3.003662 11.217602 2657.586272
 241.000000 -2.678552 2.662600 25.317067 66.953750
 241.200000 -2.007083 2.858944 21.827179 7.736734
 241.400000 -1.684213 2.462808 21.160991 16.348903
 241.600000 -1.802942 1.740517 21.098147 8.452247
 241.800000 -1.134099 1.023263 20.888813 523.459207
 242.000000 -0.768760 0.165037 8.318204 1709.007510
 242.200000 -0.623037 -0.287804 1.300465 2457.358788
 242.400000 -0.539630 -0.263632 -0.000000 0.000000
 242.600000 -0.535838 0.050822 -0.000000 0.000000
 242.800000 -1.436690 0.810646 23.448651 105.898146
 243.000000 -1.122374 1.312621 20.638830 562.216810
 243.200000 -0.724627 1.203556 6.436274 2186.728672
 243.400000 -0.756411 1.730114 7.858997 1830.638996
 243.600000 -0.914360 2.258063 13.902575 1430.976965
 243.800000 -1.015843 2.532938 17.623843 1135.324864
 244.000000 -0.812731 2.179332 10.110062 1431.773919
 244.200000 -0.741180 1.373911 7.224857 1998.440278
 244.400000 -1.131591 0.815332 20.899490 531.847378
 244.600000 -1.832848 0.630068 21.174705 14.977877
 244.800000 -1.322991 0.734608 23.917277 22.110843
 245.000000 -0.789790 1.121426 9.258240 1546.548987
 245.200000 -0.987748 1.898026 16.692143 1286.666133
 245.400000 -0.860352 2.411102 11.941061 1362.537791
 245.600000 -0.719040 2.216823 6.235963 2262.940123
 245.800000 -0.831359 1.808116 10.870425 1375.721480
 246.000000 -1.357861 1.141411 24.005185 0.838954
 246.200000 -1.326398 0.439753 23.976690 17.254076
 246.400000 -0.586245 0.180116 -0.009619 8.469904
 246.600000 -1.056767 -0.068635 18.989444 876.903958
 246.800000 -0.577684 -0.048582 -0.000524 0.034806
 247.000000 -0.617972 -0.013791 1.126506 2458.588135
 247.200000 -1.232502 0.109308 22.974776 270.261499
 247.400000 -0.664484 0.059504 3.550071 2736.970911
 247.600000 -0.654764 0.050737 3.041007 2744.215429
 247.800000 -1.597192 0.364210 21.762438 78.794304
 248.000000 -1.458519 0.799698 23.315163 135.103928
 248.200000 -0.940710 1.437571 15.029149 1411.502514
 248.400000 -0.942078 1.540501 15.080543 1410.254905
 248.600000 -0.832288 1.210501 11.003659 1359.464437
 248.800000 -1.568858 1.079181 22.044807 104.390960
 249.000000 -1.112861 0.408864 20.543557 596.347574
 249.200000 -0.561505 -0.105776 -0.000002 0.000001
 249.400000 -0.716550 -0.407200 6.254992 2317.393563
 249.600000 -0.595189 -0.502560 0.064851 1720.033184
 249.800000 -0.520095 0.373099 -0.000000 0.000000
 250.000000 -1.586347 1.139032 21.884435 91.547736
 250.200000 -1.047180 1.131995 18.793646 932.223510
 250.400000 -0.958629 0.622718 15.751386 1376.604821
 250.600000 -1.467987 0.561029 23.264561 145.388065
 250.800000 -1.083832 1.090477 19.845526 724.196164
 251.000000 -0.830393 1.629561 11.001571 1353.414725
 251.200000 -0.811961 2.358377 10.353573 1404.491374
 251.400000 -0.858138 2.556732 12.049943 1329.968513
 251.600000 -0.672103 1.894815 4.071988 2765.675416
 251.800000 -0.601930 1.479241 0.441266 2473.371667
 252.000000 -1.799669 1.308375 21.007290 4.705616
 252.200000 -1.304984 0.436784 23.983146 56.921574
 252.400000 -0.611619 0.126958 0.941350 2479.827889
 252.600000 -0.492433 -0.313609 -0.000000 0.000000
 252.800000 -0.825810 -0.339740 10.904920 1353.590155
 253.000000 -0.426182 -0.316355 -0.000000 0.000000
 253.200000 -0.934192 0.430139 14.920496 1391.587426
 253.400000 -1.390716 1.402865 24.068545 32.852850
 253.600000 -0.924086 1.076807 14.543504 1390.203941
 253.800000 -1.757198 1.046883 20.954303 0.287860
 254.000000 -1.321328 0.778723 24.106392 24.726827
 254.200000 -1.527569 1.119387 22.606549 148.222130
 254.400000 -1.538013 1.266551 22.480797 141.519877
 254.600000 -0.847461 0.867965 11.764730 1309.942522
 254.800000 -1.496977 0.803853 22.987017 158.290301
 255.000000 -1.229425 0.792230 23.076705 278.057208
 255.200000 -1.183164 1.117996 22.248035 395.509483
 255.400000 -1.442567 1.101308 23.666192 119.645672
 255.600000 -1.470039 0.896836 23.345447 149.944151
 255.800000 -1.222412 0.770682 22.979365 297.440205
 256.000000 -1.394178 1.036988 24.092385 38.029227
 256.200000 -1.108807 1.171731 20.624954 609.459408
 256.400000 -0.603511 0.756950 0.631094 2465.803262
 256.600000 -0.981559 0.328664 16.741687 1285.153926
 256.800000 -1.591986 0.795023 21.916387 103.036656
 257.000000 -1.145849 1.122386 21.488872 487.174561
 257.200000 -0.861437 1.427555 12.367814 1295.289101
 257.400000 -0.968832 1.449125 16.308004 1326.387598
 257.600000 -1.409185 1.482091 24.035424 63.085035
 257.800000 -1.416360 0.605192 23.975625 75.923406
 258.000000 -0.644658 0.181343 2.798993 2896.900213
 258.200000 -0.599727 -0.314734 0.485524 2524.754372
 258.400000 -0.702564 -0.254625 5.899354 2557.398021
 258.600000 -0.584305 -0.321392 -0.020121 20.523003
 258.800000 -1.133184 0.272320 21.252999 522.352322
 259.000000 -1.603338 1.199810 21.828062 99.412451
 259.200000 -0.730873 1.638585 7.314611 2168.958166
 259.400000 -0.926522 2.396401 14.803613 1367.579649
 259.600000 -0.701422 2.443447 5.879219 2578.800756
 259.800000 -0.551431 1.853996 -0.000000 0.000000
 260.000000 -0.890917 1.328032 13.496211 1322.520041
 260.200000 -1.592276 0.593372 21.967420 114.586210
 260.400000 -0.981711 0.073238 16.854403 1278.309190
 260.600000 -0.646453 -0.033387 2.989104 2953.829890
 260.800000 -1.088311 0.150225 20.202059 695.720888
 261.000000 -1.547109 0.693493 22.487762 150.032174
 261.200000 -0.792698 1.305590 9.997209 1465.089642
 261.400000 -0.734810 1.904491 7.576433 2113.088425
 261.600000 -0.659656 2.586181 3.742198 2964.235437
 261.800000 -0.843094 2.160023 11.843536 1275.030928
 262.000000 -0.892837 1.513010 13.627303 1317.491534
 262.200000 -1.736704 0.849928 20.931688 7.698115
 262.400000 -1.516008 0.361378 22.923844 168.668784
 262.600000 -0.824416 0.486991 11.208895 1302.169384
 262.800000 -1.726347 1.049309 20.964417 12.562215
 263.000000 -1.265706 1.178943 23.792979 168.016166
 263.200000 -1.172206 1.115407 22.209997 414.732216
 263.400000 -1.690181 0.990477 21.140383 38.708513
 263.600000 -0.655196 0.614579 3.570754 3003.677597
 263.800000 -1.570903 0.707166 22.257447 140.536968
 264.000000 -1.985550 0.799520 21.411724 4.923248
 264.200000 -1.672782 0.812128 21.262629 55.723910
 264.400000 -0.798748 0.972294 10.338405 1407.725820
 264.600000 -1.538408 1.438262 22.679873 163.818754
 264.800000 -1.296338 0.883081 24.173414 80.003930
 265.000000 -1.093680 0.288811 20.437879 664.944202
 265.200000 -0.599852 -0.144077 0.668459 2565.726651
 265.400000 -0.557633 -0.753613 -0.000005 0.000003
 265.600000 -0.625365 -0.369902 2.004956 2913.920600
 265.800000 -0.637707 0.170645 2.677106 3007.351440
 266.000000 -1.111180 0.811554 20.899880 590.571765
 266.200000 -1.710298 1.284626 21.025490 27.613871
 266.400000 -0.922306 1.040503 14.849143 1343.407048
 266.600000 -1.362906 0.932358 24.471357 2.048204
 266.800000 -1.470976 0.943537 23.601268 155.658008
 267.000000 -0.780876 0.810896 9.726352 1535.366959
 267.200000 -1.463435 1.067830 23.717922 147.884886
 267.400000 -1.367867 0.765598 24.485271 4.734279
 267.600000 -0.807343 0.594570 10.762012 1341.805738
 267.800000 -1.680599 0.871042 21.217199 55.335874
 268.000000 -0.778694 0.685292 9.676866 1550.140986
 268.200000 -0.997774 0.788766 17.631855 1194.146821
 268.400000 -1.141757 1.091154 21.676682 487.401341
 268.600000 -1.140353 0.844864 21.645622 491.318053
 268.800000 -1.528133 0.624797 22.901503 173.852909
 269.000000 -1.375783 0.384352 24.486753 11.190026
 269.200000 -0.949865 0.715710 15.943913 1338.958790
 269.400000 -1.654782 1.018255 21.448862 85.195767
 269.600000 -1.322741 1.112726 24.470404 24.730352
 269.800000 -1.393508 1.267777 24.429608 33.746275
 270.000000 -1.526104 1.085354 22.951446 175.516762
 270.200000 -1.704360 1.205366 21.067246 39.164151
 270.400000 -1.307128 0.787403 24.399063 54.536754
 270.600000 -1.758055 0.818210 20.843139 4.117450
 270.800000 -1.223234 1.049677 23.327132 292.104863
 271.000000 -1.372627 1.339590 24.545815 8.287532
 271.200000 -1.034225 0.799130 18.914985 983.365821
 271.400000 -0.810399 0.076242 11.005030 1311.733343
 271.600000 -0.598042 -0.346147 0.729960 2630.430196
 271.800000 -0.626400 -0.490431 2.242228 3025.858032
 272.000000 -0.865787 -0.167127 12.962706 1240.851207
 272.200000 -1.764324 0.980310 20.820978 3.113426
 272.400000 -0.591421 1.792861 0.414047 2722.587406
 272.600000 -0.573540 2.288604 -0.005629 3.730229
 272.800000 -0.957784 2.233968 16.317577 1323.394445
 273.000000 -1.162908 2.054809 22.226529 434.239213
 273.200000 -0.619916 1.642872 1.944126 2990.834674
 273.400000 -1.017056 2.001673 18.417682 1082.135113
 273.600000 -0.663433 2.302265 4.368118 3080.739992
 273.800000 -0.586138 2.159630 0.157591 2780.528331
 274.000000 -1.233243 1.767172 23.570147 265.535123
 274.200000 -1.407740 0.716970 24.458935 57.284716
 274.400000 -0.941887 -0.231128 15.794520 1339.970472
 274.600000 -0.593062 -0.443185 0.550059 2650.989080
 274.800000 0.316986 -0.931119 -0.000000 0.000000
