#! FIELDS time phi psi ves.bias ves.force2
#! SET min_phi -pi
#! SET max_phi pi
#! SET min_psi -pi
#! SET max_psi pi
 0.000000 -1.498385 0.273949 25.037724 141.910265
 0.200000 -1.581807 0.485074 23.901790 227.275070
 0.400000 -1.300599 1.046340 25.738613 75.160568
 0.600000 -0.639787 1.405356 4.375224 2182.721877
 0.800000 -1.511212 1.903277 24.881145 156.121847
 1.000000 -1.822458 2.159386 21.188967 0.972244
 1.200000 -2.411895 2.867430 24.034736 21.570488
 1.400000 3.070974 -2.999403 6.696337 3305.712413
 1.600000 -3.005381 2.625385 16.073703 1246.860861
 1.800000 -2.015044 2.604489 21.573573 14.416051
 2.000000 -2.273230 2.255326 23.242197 48.906930
 2.200000 -2.461424 2.865933 24.222598 14.937507
 2.400000 2.950238 2.780758 0.434992 1755.732966
 2.600000 -2.729927 3.080732 23.319005 163.800033
 2.800000 -2.510697 2.520362 24.370592 3.908278
 3.000000 -2.278476 2.843510 23.288247 35.814742
 3.200000 -2.403113 2.757061 24.107090 23.441688
 3.400000 -2.915351 2.619691 19.136539 1041.987292
 3.600000 -2.949497 3.037161 18.005986 1141.203351
 3.800000 -2.997985 3.007050 16.338488 1220.926847
 4.000000 -2.311373 2.501605 23.579983 42.263616
 4.200000 -1.543060 1.965722 24.492315 124.002564
 4.400000 -0.573095 0.852799 1.178395 1600.037943
 4.600000 -0.921272 0.022688 15.981753 1479.151882
 4.800000 -0.747210 -0.871617 9.006676 1814.443201
 5.000000 -0.548144 -0.184187 0.219228 1491.058109
 5.200000 -0.848151 1.093446 13.069994 1559.470458
 5.400000 -1.754298 1.948048 21.776442 115.151041
 5.600000 -2.030854 2.899237 21.789962 25.337507
 5.800000 -2.785988 -3.089202 22.628801 298.950814
 6.000000 3.069476 2.778848 6.759105 3222.692645
 6.200000 3.021362 2.926619 4.045075 3109.472467
 6.400000 -1.748042 2.928563 21.817335 124.803168
 6.600000 -1.809014 1.646919 21.310238 26.645851
 6.800000 -1.141629 0.651106 22.714265 585.336269
 7.000000 -0.578921 -0.235901 1.549000 1724.226234
 7.200000 1.231641 -1.534718 -0.000000 0.000000
