#! FIELDS time phi psi ves.bias ves.force2
#! SET min_phi -pi
#! SET max_phi pi
#! SET min_psi -pi
#! SET max_psi pi
 0.000000 -1.498385 0.273949 27.215882 148.921278
 0.200000 -1.715294 0.044441 23.915832 157.206424
 0.400000 -2.184536 0.369000 24.041942 58.801718
 0.600000 -1.048044 0.629532 21.976610 1142.328634
 0.800000 -1.217314 1.559062 26.558156 342.992952
 1.000000 -0.790717 2.117956 11.596324 1992.256205
 1.200000 -0.649619 2.469379 6.018640 1208.888601
 1.400000 -0.888985 1.892924 16.002711 1779.885731
 1.600000 -0.304718 1.204440 0.083085 46.655652
 1.800000 -1.620657 0.961851 25.460424 252.364431
 2.000000 -1.616187 0.269130 25.531540 253.842199
 2.200000 -1.686275 0.313748 24.598154 196.179746
 2.400000 -1.158542 0.951856 25.227961 558.185847
 2.600000 -0.542616 1.904835 3.026782 513.579912
 2.800000 -0.912421 2.431482 17.078456 1636.225655
 3.000000 -1.882959 2.468597 22.812189 3.409348
 3.200000 -2.883791 2.514356 21.527725 693.188345
 3.400000 -2.683217 -2.629586 24.984974 67.019420
 3.600000 -2.646702 2.757773 25.244660 38.214278
 3.800000 -2.615593 1.924550 25.418638 25.788863
 4.000000 -1.623085 2.334610 25.607479 213.118589
 4.200000 -1.364877 2.729192 28.010230 5.087491
 4.400000 -2.450540 2.460894 25.806811 8.042064
 4.600000 -2.925757 2.935725 20.398237 917.941476
 4.800000 3.067864 3.055135 7.171420 2499.871551
 5.000000 3.036597 2.509695 5.687144 1994.401929
 5.200000 -2.773154 2.956039 23.977755 256.744519
 5.400000 -2.862633 2.942305 22.150575 608.900097
 5.600000 -2.924005 2.800510 20.468552 909.244495
 5.800000 -2.819333 2.843120 23.131995 424.394260
 6.000000 3.040971 2.648531 5.944057 2141.109239
 6.200000 3.027803 2.757036 5.442841 1980.357966
 6.400000 3.131377 2.951056 10.744771 2924.518362
 6.600000 -2.873611 2.668676 21.987528 663.813292
 6.800000 -2.781089 3.091412 23.937801 264.679348
 7.000000 3.069566 2.700223 7.450396 2611.189703
 7.200000 3.092265 2.941140 8.808592 2842.063213
 7.400000 3.069312 2.905394 7.603232 2655.129726
 7.600000 3.044974 2.610532 6.384613 2343.501150
 7.800000 -2.497080 2.937269 25.883654 0.281585
 8.000000 -2.813381 2.829350 23.448570 366.658995
 8.200000 -3.048575 2.901189 16.187594 1902.456744
 8.400000 -3.069037 2.771953 15.270741 2115.521880
 8.600000 -3.109140 2.899174 13.336902 2531.765868
 8.800000 -2.985181 2.887725 18.727118 1344.256645
 9.000000 -2.507636 2.580796 25.891736 0.012517
 9.200000 -1.829674 2.573795 23.078695 63.362515
 9.400000 -1.964229 2.434211 22.676571 5.229311
 9.600000 -2.206514 2.556007 24.008778 30.623687
 9.800000 -2.614445 2.838517 25.597394 23.705244
 10.000000 2.933459 2.971605 2.267906 752.600749
 10.200000 -3.074378 2.964372 15.311578 2028.155693
 10.400000 -2.111261 2.617964 23.475636 36.666948
 10.600000 -1.720510 2.011951 24.224036 165.658182
 10.800000 -1.616447 2.081910 25.690968 220.306581
 11.000000 -2.035528 2.251475 22.997893 36.612726
 11.200000 -2.524504 3.006642 25.896020 0.852961
 11.400000 3.032381 2.799718 6.369317 2559.764276
 11.600000 -3.050254 2.619945 16.447987 1757.788786
 11.800000 -2.786140 2.973752 24.254570 211.564384
 12.000000 -2.946743 2.603351 20.313962 1097.778899
 12.200000 -2.963046 2.726154 19.833331 1187.936867
 12.400000 -2.966791 2.883942 19.703723 1207.476169
 12.600000 3.104125 2.861651 10.342364 2884.122401
 12.800000 -2.249174 2.580464 24.213102 35.601864
 13.000000 -1.626194 2.496367 25.570796 225.219235
 13.200000 -2.242232 2.289654 24.164055 32.947980
 13.400000 -2.638354 2.845984 25.503900 22.991452
 13.600000 2.969394 2.920394 3.660726 1661.986874
 13.800000 2.993312 2.753429 4.699318 2109.081695
 14.000000 -2.301045 3.009626 24.566475 63.394825
 14.200000 -2.384764 2.383132 25.302449 73.022385
 14.400000 -2.230239 2.634264 24.102982 28.704689
 14.600000 -2.247348 3.071280 24.199304 35.044871
 14.800000 -2.688739 2.696293 25.263494 31.816584
 15.000000 3.111367 2.911351 10.999504 2824.790656
 15.200000 3.118177 -2.965035 11.472479 2760.642169
 15.400000 -2.650646 2.675834 25.476947 22.416894
 15.600000 -2.140795 2.394298 23.704969 23.131789
 15.800000 -1.829478 2.796683 22.960817 59.060408
 16.000000 -2.388197 2.530577 25.364814 71.726342
 16.200000 3.079776 2.743892 9.513276 2981.788262
 16.400000 2.983096 -3.046481 4.464206 2132.426624
 16.600000 -2.701449 2.638610 25.244541 34.569308
 16.800000 -2.078962 2.204950 23.393485 37.149774
 17.000000 -1.375286 2.363928 27.630202 5.876895
 17.200000 -0.571438 2.270375 3.365398 809.456031
 17.400000 -0.716404 1.777666 8.433645 1630.104181
 17.600000 -0.990817 1.493932 19.643589 1237.654520
 17.800000 -1.690200 0.870602 24.620321 209.680192
 18.000000 -1.135793 0.371202 24.036599 642.859815
 18.200000 -0.606997 0.215395 4.417979 1029.770332
 18.400000 -0.777468 -0.124938 10.964257 1820.763298
 18.600000 -0.623329 -0.434591 4.954210 1126.753645
 18.800000 -0.631443 -0.261251 5.229455 1174.676785
 19.000000 -0.919163 0.311505 16.922629 1569.782656
 19.200000 -1.423789 1.211196 27.542858 5.820253
 19.400000 -0.965961 1.386893 18.681153 1349.582932
 19.600000 -0.954068 1.500281 18.239849 1404.349244
 19.800000 -1.308453 1.583163 27.107766 101.360870
 20.000000 -1.372197 1.102889 27.527876 9.457526
 20.200000 -0.893829 0.149570 15.883612 1650.250149
 20.400000 -0.326857 -0.455644 -0.008075 0.020965
 20.600000 -0.570386 -0.577682 3.330471 854.523271
 20.800000 -1.014713 -0.087952 20.381728 1112.669455
 21.000000 -0.595694 0.552173 4.100292 996.560980
 21.200000 -1.299053 1.119186 26.990740 128.461621
 21.400000 -1.077893 1.052133 22.332934 839.275848
 21.600000 -0.702930 0.660774 7.978222 1541.748984
 21.800000 -1.726334 0.930653 24.084899 196.690132
 22.000000 -1.531705 1.096048 26.740307 120.353388
 22.200000 -0.753469 1.076554 10.062653 1706.639164
 22.400000 -0.973416 1.315761 18.950131 1278.167530
 22.600000 -0.903038 1.245400 16.283539 1586.837217
 22.800000 -1.160204 0.819975 24.496096 558.590365
 23.000000 -1.393521 0.461176 27.552580 0.225975
 23.200000 -0.810811 0.628834 12.503881 1777.227449
 23.400000 -1.698001 1.386234 24.472195 206.551059
 23.600000 -1.322538 1.036019 27.243728 74.168829
 23.800000 -1.026548 0.447277 20.774091 1034.535971
 24.000000 -0.428426 -0.350082 0.193857 209.703339
 24.200000 -0.415429 -0.517454 0.011822 49.194590
 24.400000 -0.726436 -0.287444 9.038475 1630.003279
 24.600000 -0.839626 0.174634 13.754894 1751.427568
 24.800000 -1.038218 0.505450 21.172929 982.404374
 25.000000 -1.323758 1.067463 27.270801 71.557345
 25.200000 -0.700366 1.030101 8.061350 1541.326772
 25.400000 -1.151635 1.402080 24.340186 580.357424
 25.600000 -1.168939 0.735523 24.747017 525.498638
 25.800000 -0.778853 0.039288 11.255760 1742.149173
 26.000000 -0.719364 -0.421987 8.815083 1605.562201
 26.200000 -0.595189 -0.601540 4.273470 1117.412437
 26.400000 -0.683126 -0.100452 7.455039 1486.739116
 26.600000 -0.673135 0.269848 7.072159 1450.130877
 26.800000 -1.663850 0.933995 24.932828 206.434217
 27.000000 -1.758628 1.477538 23.600567 168.921974
 27.200000 -1.035595 1.211632 21.173173 981.607529
 27.400000 -0.970614 0.846769 19.000985 1260.434249
 27.600000 -1.399312 0.733518 27.619505 0.538387
 27.800000 -0.868099 0.679560 15.073757 1646.636120
 28.000000 -1.099705 0.927671 23.051102 744.318230
 28.200000 -1.905571 1.064998 22.454196 0.228151
 28.400000 -1.796617 0.847788 23.118650 122.266604
 28.600000 -0.554370 0.597873 3.040433 963.977877
 28.800000 -1.608757 1.107381 25.700134 189.371534
 29.000000 -1.797758 1.385134 23.106078 120.503602
 29.200000 -1.699526 1.108457 24.411096 208.924715
 29.400000 -0.730929 0.824824 9.565147 1623.687223
 29.600000 -1.984512 1.132285 22.677729 32.346987
 29.800000 -1.611038 1.241303 25.673163 189.989172
 30.000000 -0.397278 0.507805 -0.011953 0.580369
 30.200000 -0.669300 0.063298 7.206034 1477.193403
 30.400000 -0.967648 -0.392540 18.989104 1246.470712
 30.600000 -0.606229 -0.253953 4.862139 1273.035553
 30.800000 -0.630202 0.109175 5.732351 1360.147446
 31.000000 -1.386651 0.700431 27.678147 0.136947
 31.200000 -1.496586 1.521537 27.092564 100.049134
 31.400000 -0.656027 1.890870 6.767618 1445.168635
 31.600000 -0.356934 2.075852 -0.000898 0.000903
 31.800000 -0.670749 2.237978 7.330926 1482.382470
 32.000000 -0.789724 1.686153 12.083607 1669.136351
 32.200000 -0.630225 1.226775 5.868365 1387.128447
 32.400000 -1.508261 1.299178 26.979642 114.461864
 32.600000 -1.680903 0.545646 24.704051 208.560121
 32.800000 -0.869061 0.181504 15.353467 1567.754891
 33.000000 -0.976449 0.236231 19.358988 1190.618201
 33.200000 -0.763406 0.048124 11.153772 1626.427653
 33.400000 -1.893564 0.303858 22.463537 4.733002
 33.600000 -1.945404 0.496620 22.481927 7.088742
 33.800000 -1.239925 0.999393 26.384978 303.965008
 34.000000 -0.961142 1.390567 18.857443 1240.259566
 34.200000 -1.934565 1.906597 22.458023 2.835029
 34.400000 -2.559255 2.864062 25.647075 5.767876
 34.600000 2.979726 3.050403 4.518824 2702.673357
 34.800000 3.053795 2.695425 8.589810 3085.416038
 35.000000 -2.193965 2.778864 23.759657 26.542246
 35.200000 -1.862553 2.501347 22.592202 30.431105
 35.400000 -1.978161 2.190293 22.597807 20.582424
 35.600000 -1.976522 2.684429 22.590437 19.846698
 35.800000 -2.489504 2.874049 25.672386 1.658335
 36.000000 -3.031096 2.576485 17.787915 1443.657798
 36.200000 -3.110217 2.915110 14.548256 1929.016729
 36.400000 3.105920 3.017077 11.365685 2617.080427
 36.600000 -3.115695 2.599605 14.306181 1976.352548
 36.800000 -2.587402 2.971409 25.521597 9.688751
 37.000000 -2.190830 2.794406 23.702576 25.553229
 37.200000 -2.116666 1.990117 23.342443 21.570058
 37.400000 -1.549183 2.161137 26.569113 151.366629
 37.600000 -1.708845 2.554755 24.346415 211.882359
 37.800000 -2.746621 2.720671 24.733962 66.639541
 38.000000 3.015625 -2.946391 6.443355 3113.777316
 38.200000 3.064253 2.702006 9.165497 3021.381348
 38.400000 3.108892 2.460543 11.530855 2569.664142
 38.600000 -2.420632 3.079776 25.363325 33.613463
 38.800000 -2.127384 2.808528 23.388358 19.154960
 39.000000 -2.234753 2.183886 23.917515 39.779449
 39.200000 -1.864007 2.613941 22.635052 25.348170
 39.400000 -2.097465 2.867760 23.259560 20.946110
 39.600000 -2.690160 2.673550 25.051129 24.988154
 39.800000 -3.007203 3.014589 18.635366 1319.677036
 40.000000 -3.069860 3.052526 16.244161 1610.598011
 40.200000 -2.950121 2.573373 20.597582 1034.976529
 40.400000 -2.087251 2.742103 23.227374 21.305805
 40.600000 -1.940616 2.611553 22.553551 4.882454
 40.800000 -2.186578 2.450658 23.649354 21.109988
 41.000000 -2.866506 2.636225 22.911955 505.643470
 41.200000 2.961947 -3.043622 3.539439 2574.867578
 41.400000 -3.053372 2.808368 16.909491 1507.998390
 41.600000 -2.414432 2.641863 25.292793 36.501320
 41.800000 -1.633438 2.679218 25.473560 203.085694
 42.000000 -1.979401 2.147098 22.710506 19.380094
 42.200000 -2.240632 2.561940 23.943068 38.878030
 42.400000 -2.446005 3.030505 25.440102 15.699666
 42.600000 -2.923281 2.703156 21.425169 863.536228
 42.800000 -2.950524 2.889621 20.587100 1027.244766
 43.000000 -2.661705 3.087229 25.130953 17.974431
 43.200000 -2.597441 2.332927 25.359522 10.758010
 43.400000 -2.058962 2.674492 23.147731 22.800075
 43.600000 -2.039750 2.770160 23.053400 25.238149
 43.800000 -2.500557 2.300517 25.541082 0.066948
 44.000000 -2.431473 2.820115 25.369856 22.723779
 44.200000 -2.600168 2.891853 25.346475 11.148261
 44.400000 -3.055521 2.384625 16.865247 1507.912021
 44.600000 -2.573179 2.985123 25.430097 7.936938
 44.800000 -2.284591 2.896155 24.273432 62.055601
 45.000000 -2.350067 2.237348 24.820770 69.401378
 45.200000 -1.962243 2.591505 22.732425 13.892209
 45.400000 -2.078029 2.933920 23.267046 17.756149
 45.600000 -3.120119 2.311850 14.208432 1966.622256
 45.800000 3.092436 3.062937 10.782805 2785.754236
 46.000000 -2.957055 3.106131 20.396732 1040.533834
 46.200000 -2.984215 2.249935 19.504991 1170.652743
 46.400000 -2.072832 2.765023 23.262569 17.437410
 46.600000 -2.153291 2.722770 23.563495 14.024246
 46.800000 -2.201014 2.436953 23.767501 24.824010
 47.000000 -2.475805 2.578914 25.525920 2.234663
 47.200000 -2.358179 3.064931 24.953300 61.396589
 47.400000 -3.011375 2.466792 18.570993 1294.173469
 47.600000 -2.622193 2.956724 25.279697 12.845320
 47.800000 -2.541842 3.010997 25.506981 3.259526
 48.000000 -2.583314 2.492958 25.406796 8.549340
 48.200000 -2.031041 2.769423 23.127981 21.588310
 48.400000 -1.934148 2.819817 22.722584 5.967546
 48.600000 -2.325283 2.322249 24.713762 70.544701
 48.800000 -2.422209 2.620308 25.384162 20.765353
 49.000000 -2.260834 2.958154 24.187594 55.937788
 49.200000 -2.916634 2.638831 21.655674 760.998967
 49.400000 2.948925 2.750256 2.804775 2517.790580
 49.600000 -2.780314 -2.930420 24.292815 131.069223
 49.800000 -2.742733 2.367837 24.659625 67.734209
 50.000000 -1.966897 2.518186 22.863854 17.399591
 50.200000 -1.678264 2.690497 24.796693 213.254740
 50.400000 -2.346152 2.529216 24.957531 61.839505
 50.600000 3.089758 2.737881 10.696057 2855.890344
 50.800000 2.833038 -2.895183 -0.000048 0.000031
 51.000000 -2.845896 2.521428 23.308586 357.699006
 51.200000 -1.906032 2.428557 22.744259 0.822309
 51.400000 -1.510751 2.322986 26.934618 100.407171
 51.600000 -2.003492 2.437554 23.090929 22.545679
 51.800000 -3.118861 2.781182 14.361176 1988.798778
 52.000000 3.101412 -2.677690 11.325759 2712.921102
 52.200000 -3.109209 2.659865 14.804885 1904.425189
 52.400000 -2.171932 2.532503 23.763392 19.458721
 52.600000 -1.102586 2.578612 23.191891 718.351994
 52.800000 -0.903756 1.845266 16.944077 1300.803111
 53.000000 -1.538066 0.703542 26.634156 123.550097
 53.200000 -0.929044 -0.199475 17.830819 1218.926886
 53.400000 -0.293024 -0.437702 -0.000012 0.000000
 53.600000 -0.927701 -0.027393 17.783898 1223.228319
 53.800000 -1.419078 1.300809 27.558008 11.302902
 54.000000 -0.649106 1.776618 7.227231 1521.286593
 54.200000 -0.712273 2.295027 9.666249 1474.281027
 54.400000 -0.798078 2.537530 12.962856 1475.521013
 54.600000 -1.111364 1.931553 23.391412 695.368248
 54.800000 -0.805020 1.586298 13.229388 1472.524325
 55.000000 -1.321623 1.567269 27.341055 65.376514
 55.200000 -1.364905 1.327985 27.563961 7.320131
 55.400000 -1.566538 0.658401 26.283570 144.639877
 55.600000 -1.363697 0.531924 27.560606 8.138905
 55.800000 -0.789065 0.641409 12.623124 1474.024704
 56.000000 -1.213132 0.886741 25.766153 397.981491
 56.200000 -1.010172 0.846310 20.478727 952.209405
 56.400000 -1.325062 0.909123 27.353644 59.607127
 56.600000 -1.305869 0.724791 27.182357 102.399271
 56.800000 -1.118523 1.095495 23.559086 675.143591
 57.000000 -1.779114 1.329363 23.421588 119.137917
 57.200000 -1.346985 1.086991 27.491867 24.868145
 57.400000 -1.289065 0.706850 26.992638 148.296727
 57.600000 -1.278306 0.783278 26.854845 180.382029
 57.800000 -1.577082 1.287827 26.147487 152.317732
 58.000000 -0.897008 1.207167 16.683717 1298.431955
 58.200000 -1.378409 1.230149 27.592683 1.311998
 58.400000 -1.143552 0.583712 24.195867 607.690807
 58.600000 -1.326516 0.652835 27.367049 57.909759
 58.800000 -1.061614 0.950249 22.009382 816.528490
 59.000000 -1.405244 1.350069 27.581718 3.649742
 59.200000 -1.092734 1.256233 22.888071 741.392914
 59.400000 -1.515634 0.894171 26.851902 104.236593
 59.600000 -0.918278 0.484660 17.445345 1236.485645
 59.800000 -1.125512 0.206491 23.755039 657.585752
 60.000000 -1.017294 0.399849 20.705422 938.434715
 60.200000 -0.876780 0.543454 15.959804 1348.275122
 60.400000 -1.527611 1.043764 26.731947 115.651196
 60.600000 -1.057408 1.298636 21.912007 833.540849
 60.800000 -1.460593 1.160201 27.343811 50.519331
 61.000000 -1.673339 0.752671 24.855686 207.756892
 61.200000 -0.922874 0.407782 17.627408 1227.405965
 61.400000 -0.824494 0.349681 14.014307 1439.633441
 61.600000 -1.405804 0.311299 27.620107 4.482713
 61.800000 -0.858115 0.573078 15.279902 1389.898076
 62.000000 -1.607693 1.148471 25.776364 174.414045
 62.200000 -1.569887 1.090079 26.266501 149.221853
 62.400000 -0.666774 0.706603 7.962560 1531.890525
 62.600000 -1.622580 0.678615 25.584868 185.436787
 62.800000 -1.426882 0.949191 27.569080 18.706894
 63.000000 -1.512109 1.563150 26.918134 103.917372
 63.200000 -2.138965 1.906426 23.717653 10.939624
 63.400000 -2.020856 2.882511 23.348010 18.339791
 63.600000 2.956091 2.941433 3.081399 3013.995003
 63.800000 -2.795937 2.742571 24.059671 192.273255
 64.000000 -1.968094 2.830003 23.095881 24.410633
 64.200000 -2.035841 2.434561 23.414858 14.485993
 64.400000 -1.994914 2.578982 23.235330 23.664783
 64.600000 -2.615894 2.554263 25.395808 6.754708
 64.800000 -2.978805 3.042212 19.859226 1057.285565
 65.000000 3.013601 2.889495 6.423425 3567.019972
 65.200000 -3.055409 2.740057 17.098400 1543.237726
 65.400000 -2.998964 2.847646 19.183041 1187.481158
 65.600000 -2.733118 2.929382 24.757954 82.421543
 65.800000 -2.714646 2.498513 24.913566 60.535896
 66.000000 -2.345572 2.807147 25.202556 48.723339
 66.200000 -2.763224 2.573769 24.446797 129.512075
 66.400000 -2.689520 2.947507 25.088869 38.298538
 66.600000 -2.635759 2.764104 25.338482 10.782515
 66.800000 -2.452361 2.604169 25.579885 0.206230
 67.000000 -2.235447 2.672194 24.264171 67.645124
 67.200000 -2.634130 2.648394 25.352924 10.360049
 67.400000 -2.811506 2.798425 23.806187 233.038672
 67.600000 -3.011340 2.843300 18.755138 1269.009981
 67.800000 3.099090 2.774595 11.283073 2730.109705
 68.000000 -3.015709 2.826139 18.598657 1297.038149
 68.200000 -3.031407 2.903929 18.025867 1398.213252
 68.400000 -2.625557 2.872694 25.389828 7.976188
 68.600000 -2.289845 2.615424 24.754387 84.727800
 68.800000 -2.315361 2.620550 24.981951 72.603270
 69.000000 -2.227063 2.906624 24.194617 63.487680
 69.200000 -2.650610 2.526518 25.317496 15.428239
 69.400000 -2.600979 2.928634 25.458152 3.812181
 69.600000 -2.803035 2.761820 23.949775 214.573176
 69.800000 -2.553217 2.663110 25.529307 1.389091
 70.000000 -2.435898 2.610466 25.584183 1.245258
 70.200000 -2.204057 2.797980 24.028504 46.630905
 70.400000 -2.625566 2.698768 25.419969 7.298608
 70.600000 -3.115467 2.725726 14.601410 1974.892204
 70.800000 -2.855315 -3.098838 23.075782 375.505082
 71.000000 -2.927423 2.570341 21.410078 729.370342
 71.200000 -2.255982 2.660960 24.462708 86.417301
 71.400000 -1.749318 2.531775 23.768432 185.582123
 71.600000 -2.088770 2.429424 23.600772 4.059574
 71.800000 -2.515255 2.578803 25.594438 0.730657
 72.000000 -2.985961 3.036417 19.648979 1108.969726
 72.200000 -3.126290 2.763457 14.123036 2069.607286
 72.400000 -2.586333 2.805312 25.539080 1.915034
 72.600000 -1.790020 2.700898 23.276880 101.172794
 72.800000 -1.949317 2.219970 23.079774 24.926516
 73.000000 -1.680779 2.415900 24.792947 242.960411
 73.200000 -2.175656 2.623375 23.874890 27.072623
 73.400000 -2.934254 2.702025 21.249747 780.405182
 73.600000 -2.938818 -3.089542 21.121105 808.774265
 73.800000 -2.817925 2.796610 23.785401 262.766191
 74.000000 -2.554160 2.315218 25.593320 0.806783
 74.200000 -1.914292 2.737120 22.950182 13.032339
 74.400000 -2.047776 2.674733 23.523863 7.213400
 74.600000 -2.852139 2.446734 23.195317 374.802467
 74.800000 3.076236 3.084887 10.080772 3065.956292
 75.000000 2.927106 2.933223 1.379795 2548.172945
 75.200000 -2.716238 2.618342 25.070366 68.622967
 75.400000 -1.856357 2.676491 22.894661 3.184202
 75.600000 -1.914606 2.265137 22.965121 13.262152
 75.800000 -2.282151 2.350917 24.762916 94.631754
 76.000000 -2.408672 2.930044 25.616210 6.604222
 76.200000 -3.079715 2.811011 16.164448 1701.582238
 76.400000 -2.694122 3.042116 25.258985 43.912959
 76.600000 -2.204098 2.696595 24.076360 53.046662
 76.800000 -2.048968 2.334255 23.541615 6.357894
 77.000000 -1.916345 2.525525 22.987351 14.015184
 77.200000 -2.141320 2.888070 23.759935 11.111798
 77.400000 -2.843158 2.549766 23.412692 352.595202
 77.600000 3.030258 2.974588 7.423612 3679.241031
 77.800000 3.111875 2.893377 12.000471 2574.906541
 78.000000 -2.833655 2.761416 23.587024 320.970742
 78.200000 -2.083130 2.794100 23.634677 3.397827
 78.400000 -2.020466 2.438938 23.481789 11.630657
 78.600000 -1.997785 2.355330 23.395088 17.763200
 78.800000 -2.068337 2.870415 23.606640 3.921467
 79.000000 -2.485223 2.752277 25.718916 0.106965
 79.200000 -3.019457 2.744835 18.530709 1331.315663
 79.400000 2.971054 2.986585 3.788335 3654.578318
 79.600000 -2.903471 2.984806 22.125872 623.104981
 79.800000 -2.665277 2.486932 25.489525 20.727006
 80.000000 -2.030277 2.720027 23.535705 8.897143
 80.200000 -1.912851 2.615284 23.050556 14.328319
 80.400000 -2.253769 2.266753 24.573976 93.472170
 80.600000 -2.537138 3.091387 25.726872 0.157918
 80.800000 2.905264 2.779993 0.207894 2404.718175
 81.000000 -2.169355 2.765911 23.922099 25.896848
 81.200000 -1.706352 2.240005 24.350940 228.011860
 81.400000 -1.717683 2.014101 24.182124 215.343125
 81.600000 -1.941861 1.780706 23.203140 23.572686
 81.800000 -1.848666 2.137268 22.986815 3.383911
 82.000000 -1.926128 2.578842 23.129469 19.860709
 82.200000 -2.276432 3.043435 24.831558 96.593112
 82.400000 2.946923 2.471915 2.344376 3276.913568
 82.600000 3.035384 2.964266 7.775836 3714.233946
 82.800000 -2.560510 2.886384 25.757042 0.156754
 83.000000 -2.787103 2.150774 24.422525 202.399015
 83.200000 -2.014160 2.809388 23.574000 10.539262
 83.400000 -1.713638 2.908922 24.239334 211.813645
 83.600000 -2.320585 1.927858 25.257492 69.982829
 83.800000 -2.155507 2.436194 23.904355 17.771632
 84.000000 -2.275148 3.080415 24.835890 96.564777
 84.200000 -2.800866 2.482596 24.252735 236.955646
 84.400000 -2.778810 2.611999 24.572322 184.768939
 84.600000 -2.349599 3.123572 25.490887 42.127736
 84.800000 -2.506110 2.504698 25.809566 0.038938
 85.000000 -2.374176 2.308602 25.628713 22.257887
 85.200000 -1.891289 -3.127962 23.125077 6.932983
 85.400000 -2.378931 2.425288 25.671781 19.035485
 85.600000 -2.610747 2.341585 25.779472 2.391624
 85.800000 -2.501430 3.103914 25.832687 0.030024
 86.000000 -2.757559 2.910174 24.862269 141.148082
 86.200000 3.111654 2.705787 12.100968 2575.793327
 86.400000 -3.082970 3.038906 16.129472 1703.029914
 86.600000 3.003676 2.633031 5.822837 4014.240991
 86.800000 -2.431388 2.911480 25.838585 1.663410
 87.000000 -2.019506 2.837354 23.658296 7.631887
 87.200000 -2.094326 2.325329 23.815051 2.552470
 87.400000 -2.035676 2.394867 23.719677 4.566159
 87.600000 -2.226491 2.935718 24.458942 78.413277
 87.800000 -2.874106 2.609153 22.942582 489.272902
 88.000000 3.072495 2.957105 10.013794 3205.757979
 88.200000 -3.113208 -2.951284 14.870893 1914.305037
 88.400000 -2.879212 2.293954 22.844532 513.259132
 88.600000 -1.805503 2.292801 23.295042 30.629821
 88.800000 -1.222876 2.493777 26.073297 351.955461
 89.000000 -0.802463 2.171798 13.081096 1552.512244
 89.200000 -1.210213 1.122534 25.816029 400.512207
 89.400000 -1.247784 0.136679 26.496073 259.541581
 89.600000 0.025135 -0.686736 -0.000000 0.000000
 89.800000 -0.288200 -0.496728 -0.000000 0.000000
 90.000000 -1.367790 0.386163 27.607373 5.969913
 90.200000 -1.368547 1.156122 27.596605 5.669155
 90.400000 -0.729310 1.843387 10.146936 1571.786153
 90.600000 -0.808456 2.445324 13.285324 1552.150306
 90.800000 -1.118422 2.377762 23.619674 730.205593
 91.000000 -0.650788 1.789149 7.015967 1642.651264
 91.200000 -0.690729 1.234450 8.602009 1582.402033
 91.400000 -1.022442 1.187666 20.818540 948.703621
 91.600000 -1.575723 0.782977 26.216969 180.044249
 91.800000 -0.441352 0.214644 -0.000004 0.000001
 92.000000 -1.191765 0.327277 25.416380 470.845599
 92.200000 -1.088411 0.675312 22.770927 813.943029
 92.400000 -1.666092 1.343769 24.882897 225.050872
 92.600000 -0.958529 1.171379 18.769938 1099.402054
 92.800000 -0.479637 0.584223 -0.026073 13.275575
 93.000000 -1.240742 0.291567 26.354425 280.070561
 93.200000 -0.996870 0.260415 20.005571 1000.824037
 93.400000 -0.476025 0.222508 -0.019738 12.241691
 93.600000 -1.513443 0.602060 26.952043 102.325930
 93.800000 -1.248672 0.922257 26.475825 250.228920
 94.000000 -0.632761 1.245681 6.241059 1693.867625
 94.200000 -0.754149 1.943987 11.098887 1591.263199
 94.400000 -0.751468 2.565651 10.991987 1590.581671
 94.600000 -0.507013 2.172560 0.908365 1621.452647
 94.800000 -0.952817 1.596185 18.573282 1112.731716
 95.000000 -1.237512 0.708563 26.286367 288.263843
 95.200000 -0.821082 -0.086096 13.761541 1543.102984
 95.400000 -0.478798 -0.592266 -0.024565 9.569892
 95.600000 -0.718750 -0.274464 9.690746 1582.025625
 95.800000 -1.073780 0.487758 22.340191 849.960651
 96.000000 -0.888952 1.496222 16.344021 1333.991908
 96.200000 -0.856564 2.237438 15.142710 1447.293927
 96.400000 -0.749167 2.369428 10.907424 1593.332556
 96.600000 -0.879545 1.666005 16.004878 1366.117613
 96.800000 -1.290821 0.509814 27.019012 120.986422
 97.000000 -0.498168 -0.429924 0.517087 1627.013442
 97.200000 -0.435111 -0.747051 -0.000000 0.000000
 97.400000 -0.592076 -0.257925 4.517544 1850.091235
 97.600000 -1.487183 1.142909 27.193473 67.036713
 97.800000 -1.151404 1.563401 24.459044 618.653459
 98.000000 -0.554340 1.251906 2.877460 1904.192949
 98.200000 -0.660372 1.284644 7.370472 1638.446703
 98.400000 -1.407048 1.055132 27.567550 0.979474
 98.600000 -0.823168 0.362713 13.871205 1546.613829
 98.800000 -0.801248 0.059353 13.003418 1584.276102
 99.000000 -0.561640 -0.385673 3.194966 1920.230960
 99.200000 -0.737617 -0.134238 10.469170 1595.744226
 99.400000 -0.986073 0.475674 19.683639 1008.820464
 99.600000 -1.035966 0.784291 21.228839 914.309553
 99.800000 -1.699690 1.177460 24.324731 184.860023
 100.000000 -0.904093 1.301551 16.933170 1269.561902
 100.200000 -1.279887 1.221752 27.307411 144.664496
 100.400000 -1.410840 0.678927 27.993232 1.569540
 100.600000 -0.696794 0.391329 9.288916 1590.490024
 100.800000 -0.902547 -0.015261 17.328273 1273.279119
 101.000000 -0.868991 -0.309259 16.099699 1407.341097
 101.200000 -0.368580 -0.411652 -0.000000 0.000000
 101.400000 -0.432849 -0.208335 -0.000003 0.000000
 101.600000 -1.076723 0.053257 22.876696 831.511042
 101.800000 -0.916663 0.579750 17.839483 1216.040653
 102.000000 -1.213236 1.057296 26.261729 366.159095
 102.200000 -0.973370 0.969655 19.745886 1024.569418
 102.400000 -1.577152 1.111504 26.574941 208.200978
 102.600000 -1.466838 0.855942 27.770558 41.211968
 102.800000 -0.465859 0.756141 -0.010111 5.778401
 103.000000 -0.640617 1.518710 7.039577 1697.999218
 103.200000 -1.235407 2.440801 26.653533 280.976901
 103.400000 -1.513975 2.855593 27.369270 109.607675
 103.600000 -2.988478 2.260144 20.242093 1194.228721
 103.800000 -3.031028 3.111484 18.697089 1436.170036
 104.000000 3.071774 3.113469 10.484850 3275.368525
 104.200000 -2.699219 2.440767 26.006983 63.637817
 104.400000 -1.912007 2.327386 23.949958 19.652790
 104.600000 -1.341430 2.640767 27.829096 31.360791
 104.800000 -1.685502 2.219709 24.896723 204.590969
 105.000000 -2.552769 1.798756 26.546403 0.495859
 105.200000 -2.552786 2.713281 26.547109 0.505352
 105.400000 -2.646409 -3.093487 26.333009 20.506700
 105.600000 2.792551 2.335333 -0.000000 0.000000
 105.800000 -1.895502 2.679766 23.881995 16.253937
 106.000000 -1.643293 2.576827 25.527176 250.159183
 106.200000 -2.140102 2.055666 24.576150 11.557977
 106.400000 -2.445704 2.396529 26.534046 1.816857
 106.600000 -2.764490 3.069098 25.329899 156.809385
 106.800000 2.888155 2.573435 -0.001687 0.340442
 107.000000 -2.749340 2.729663 25.511665 131.709177
 107.200000 -1.946975 2.771446 24.116917 19.801154
 107.400000 -1.877438 2.213212 23.818235 10.989594
 107.600000 -1.695620 2.275543 24.721490 187.616211
 107.800000 -2.466434 2.532363 26.560807 0.583592
 108.000000 2.777469 2.981464 -0.000000 0.000000
 108.200000 2.962920 2.761801 3.518121 4177.035652
 108.400000 -2.773121 2.694435 25.211480 172.967629
 108.600000 -2.124043 2.763895 24.529519 6.415282
 108.800000 -1.798063 2.466909 23.796972 12.159419
 109.000000 -2.006094 2.046552 24.334923 6.572420
 109.200000 -1.716582 2.733793 24.434017 143.700088
 109.400000 -2.489271 2.728942 26.584054 0.104150
 109.600000 2.876174 2.632296 -0.000016 0.000029
 109.800000 3.121460 2.990485 13.093495 2413.524767
 110.000000 -3.100991 2.969986 15.853153 1802.286501
 110.200000 -2.915219 2.548696 22.464971 714.417337
 110.400000 -2.484296 3.068474 26.587642 0.187749
 110.600000 -3.052745 2.430417 17.816869 1542.781515
 110.800000 -2.892195 2.828637 23.049188 577.573664
 111.000000 -2.913704 3.103667 22.505324 704.886601
 111.200000 -2.967919 2.733597 20.896380 1069.672906
 111.400000 -2.180509 2.736650 24.770382 34.395354
 111.600000 -2.155406 2.460656 24.643861 17.832463
 111.800000 -2.196891 2.418616 24.875085 47.691814
 112.000000 -2.173431 2.866961 24.730514 29.149887
 112.200000 -2.851877 2.775182 23.930241 384.279890
 112.400000 2.945209 2.868536 2.355935 3854.084828
 112.600000 3.021588 -3.138850 7.367820 4226.473392
 112.800000 -2.833163 2.579917 24.280000 317.078407
 113.000000 -2.206032 2.436707 24.949377 54.475775
 113.200000 -1.774193 2.499774 23.887035 31.965225
 113.400000 -1.953165 2.634538 24.179539 18.860988
 113.600000 -2.764094 2.614528 25.313860 154.621560
 113.800000 2.918875 3.006553 0.799191 3026.980935
 114.000000 -3.022927 2.797179 18.957986 1406.344526
 114.200000 -2.534698 2.430729 26.618111 0.278048
 114.400000 -1.790856 2.702039 23.807216 13.594707
 114.600000 -1.760681 2.410872 23.969515 50.078527
 114.800000 -1.901861 2.384853 23.947301 20.194493
 115.000000 -2.350682 2.724053 26.181099 44.573679
 115.200000 3.031732 2.688364 8.022319 4087.600446
 115.400000 2.983966 2.956516 4.865430 4484.592315
 115.600000 -2.761597 2.921375 25.340028 148.122246
 115.800000 -2.093405 2.509663 24.524621 2.373491
 116.000000 -1.680861 2.247873 24.845483 207.790203
 116.200000 -1.719244 2.227056 24.340517 125.878238
 116.400000 -2.020159 2.144241 24.421363 4.832858
 116.600000 -2.310253 2.713393 25.871943 70.594235
 116.800000 -3.112868 2.710452 15.335118 1875.060441
 117.000000 -3.102510 3.120688 15.779244 1803.847460
 117.200000 -2.192233 2.699949 24.905412 38.924443
 117.400000 -1.748502 1.923489 24.051495 65.362407
 117.600000 -1.052555 0.759053 22.149862 814.702219
 117.800000 -0.826999 -0.320479 14.589983 1604.140149
 118.000000 -0.599260 -0.717293 5.293875 1950.967704
 118.200000 -0.532535 -0.135765 2.225558 2153.444374
 118.400000 -1.449494 0.695746 27.803027 20.933928
 118.600000 -1.236012 1.354127 26.552238 274.720540
 118.800000 -0.535404 1.709796 2.358846 2161.190297
 119.000000 -0.650497 2.261294 7.463647 1679.101389
 119.200000 -0.838553 2.444456 15.048980 1570.683173
 119.400000 -0.751461 1.921829 11.517504 1641.863073
 119.600000 -0.591031 1.383213 4.916213 2007.924070
 119.800000 -0.998699 1.263382 20.569703 890.219119
 120.000000 -1.439509 0.780838 27.836482 12.576898
 120.200000 -0.454809 -0.085371 -0.000027 0.000069
 120.400000 -0.364668 -0.718301 -0.000000 0.000000
 120.600000 -0.818137 -0.264141 14.234961 1631.723908
 120.800000 -0.841710 0.165029 15.177337 1558.743059
 121.000000 -1.109763 0.745254 23.713192 713.363240
 121.200000 -1.654760 1.212956 25.174874 241.494086
 121.400000 -1.220668 1.134767 26.253051 328.060244
 121.600000 -1.359541 1.028009 27.787155 18.437351
 121.800000 -1.498737 0.790879 27.435303 91.638344
 122.000000 -1.069584 0.724623 22.604925 783.165239
 122.200000 -1.355644 0.871608 27.763600 22.161901
 122.400000 -1.250581 0.983407 26.739391 225.158473
 122.600000 -1.290144 1.181061 27.252569 120.256810
 122.800000 -1.289758 0.922773 27.248325 121.102286
 123.000000 -1.241661 0.875878 26.601410 253.825537
 123.200000 -1.498146 1.039320 27.432509 92.506543
 123.400000 -1.049731 0.950449 22.040488 804.438777
 123.600000 -1.396689 1.030669 27.876735 0.639798
 123.800000 -1.016669 0.725343 21.091079 846.757822
 124.000000 -1.285607 0.674204 27.200711 130.604002
 124.200000 -1.284818 1.038529 27.195907 132.860535
 124.400000 -1.392429 1.046426 27.876591 1.394431
 124.600000 -1.001446 0.646532 20.646581 872.459252
 124.800000 -0.941761 0.378431 18.806168 1054.871558
 125.000000 -1.160961 0.627784 24.993102 556.110874
 125.200000 -1.179866 1.090322 25.430606 484.468764
 125.400000 -1.001717 1.152218 20.659915 873.171965
 125.600000 -1.078166 0.950195 22.846319 768.614688
 125.800000 -1.249159 0.623290 26.725177 230.159919
 126.000000 -0.474690 0.188712 -0.008325 5.568344
 126.200000 -0.471133 -0.458816 -0.002624 0.676643
 126.400000 -0.520372 -0.451062 1.607305 2161.144638
 126.600000 -0.594130 -0.179242 5.043542 2020.675367
 126.800000 -0.718969 0.041058 10.221896 1610.582231
 127.000000 -0.534847 0.018263 2.285668 2221.828781
 127.200000 -0.445869 -0.339482 -0.000001 0.000000
 127.400000 -0.473376 -0.395190 -0.004976 2.272308
 127.600000 -0.753330 0.099951 11.611278 1652.586321
 127.800000 -1.336725 0.956561 27.685603 41.478177
 128.000000 -1.299702 1.456682 27.381043 100.656068
 128.200000 -0.798159 0.971894 13.445197 1670.537178
 128.400000 -1.517716 0.538345 27.205570 143.542454
 128.600000 -1.311500 0.957334 27.502686 78.649931
 128.800000 -1.095409 1.502117 23.341221 742.098141
 129.000000 -1.106444 1.639106 23.639618 719.755331
 129.200000 -0.690465 1.204962 9.096155 1592.223456
 129.400000 -1.509338 1.212189 27.302395 127.940685
 129.600000 -1.355013 0.559717 27.806138 21.534132
 129.800000 -0.487298 -0.029747 0.089563 1738.519994
 130.000000 -0.489581 -0.656208 0.192948 2240.717319
 130.200000 -0.492911 -0.526647 0.350127 2189.330206
 130.400000 -0.432352 -0.040865 -0.000000 0.000000
 130.600000 -1.261286 0.594174 26.952631 193.908882
 130.800000 -1.346410 1.183206 27.772717 29.802122
 131.000000 -0.747599 1.338467 11.390347 1637.137698
 131.200000 -1.134174 1.301301 24.398628 650.199205
 131.400000 -1.068106 0.778571 22.614754 789.223005
 131.600000 -1.169414 0.467343 25.255151 527.878444
 131.800000 -1.059058 0.594909 22.359648 800.695931
 132.000000 -1.472461 1.098830 27.660725 59.522641
 132.200000 -1.073219 1.202600 22.769613 785.245078
 132.400000 -1.091343 1.031057 23.273027 756.513094
 132.600000 -1.731789 0.857380 24.097232 76.923239
 132.800000 -1.159786 0.629542 25.045999 565.550873
 133.000000 -1.052680 0.645889 22.189211 811.174409
 133.200000 -1.805099 0.980084 23.737962 1.042465
 133.400000 -1.177040 0.946039 25.460894 501.149257
 133.600000 -1.008076 0.946517 20.907321 871.859192
 133.800000 -1.405650 1.032550 27.954390 0.371550
 134.000000 -0.849888 0.635311 15.550523 1537.235518
 134.200000 -1.181368 0.605326 25.574831 485.323620
 134.400000 -1.537915 0.853818 26.937686 204.249279
 134.600000 -0.954142 1.148790 19.268036 1017.439780
 134.800000 -1.059399 1.459420 22.403739 808.120468
 135.000000 -1.138075 1.163643 24.543838 645.104913
 135.200000 -1.427109 0.561873 27.940073 9.271178
 135.400000 -0.883019 0.570709 16.831974 1375.099205
 135.600000 -1.362637 0.959916 27.916101 13.451677
 135.800000 -1.280862 1.042259 27.286522 139.175284
 136.000000 -0.903147 1.089811 17.563025 1263.645673
 136.200000 -1.539153 1.366225 26.923261 213.299425
 136.400000 -1.594500 0.905767 26.031286 290.810417
 136.600000 -1.171158 0.703520 25.386266 527.497723
 136.800000 -1.333300 0.703279 27.786591 42.318062
 137.000000 -1.221627 0.960851 26.425478 325.933591
 137.200000 -1.029238 1.125968 21.586403 849.825401
 137.400000 -1.255698 1.036925 27.001636 208.153548
 137.600000 -1.443817 0.771710 27.901668 25.976708
 137.800000 -1.085767 0.697765 23.200950 777.770073
 138.000000 -1.052012 1.005958 22.245033 823.307415
 138.200000 -1.282917 1.126387 27.379311 133.403265
 138.400000 -0.816410 0.718665 14.245132 1664.240611
 138.600000 -1.422919 0.683898 28.003881 8.030770
 138.800000 -1.301277 0.774249 27.574020 93.455578
 139.000000 -1.164262 1.067698 25.272755 555.442424
 139.200000 -1.731353 1.230117 24.051837 75.776581
 139.400000 -0.998521 0.745060 20.718172 906.059504
 139.600000 -0.512229 0.036136 1.252537 2226.365391
 139.800000 -0.490030 -0.743030 0.212488 2377.583147
 140.000000 -0.541295 -0.566283 2.646011 2327.762323
 140.200000 -0.567577 0.051622 3.909673 2235.285712
 140.400000 -0.856699 0.365135 15.876443 1538.243236
 140.600000 -1.891802 0.672057 23.872347 17.726513
 140.800000 -1.479666 1.306370 27.691474 89.951876
 141.000000 -0.575940 1.312979 4.302667 2180.576265
 141.200000 -0.767488 1.677553 12.248921 1678.189093
 141.400000 -0.988909 2.083967 20.465384 935.061952
 141.600000 -0.492796 2.218267 0.350762 2304.252922
 141.800000 -1.088117 2.113631 23.363747 782.654830
 142.000000 -0.989323 1.219593 20.478039 934.067695
 142.200000 -0.901882 -0.092743 17.605353 1305.964485
 142.400000 -0.256569 -0.986451 -0.000002 0.000000
 142.600000 -0.472872 -0.521011 -0.003386 1.220438
 142.800000 -0.725775 0.207184 10.567717 1596.128313
 143.000000 -1.607370 1.147551 25.799215 312.487420
 143.200000 -1.350957 1.578798 28.050863 20.473205
 143.400000 -0.466139 1.001166 -0.000352 0.014664
 143.600000 -1.452505 0.991645 27.957239 44.601496
 143.800000 -1.603404 0.970073 25.867990 316.919857
 144.000000 -1.307617 0.819765 27.759932 79.260189
 144.200000 -1.110299 1.040852 24.047936 740.448036
 144.400000 -1.809475 1.488282 23.663924 0.510216
 144.600000 -1.581860 1.778664 26.255343 314.753101
 144.800000 -0.745858 1.345590 11.390833 1636.383411
 145.000000 -1.164166 1.334597 25.427581 560.169350
 145.200000 -1.833301 0.968860 23.663278 1.258414
 145.400000 -1.650543 0.228037 25.053853 265.516559
 145.600000 -0.535056 -0.129598 2.392447 2372.899490
 145.800000 -0.652565 0.120582 7.686437 1638.669263
 146.000000 -0.972819 0.038523 20.043037 990.592035
 146.200000 -0.802539 0.352562 13.737636 1716.000011
 146.400000 -1.623789 0.864365 25.512104 312.507094
 146.600000 -1.513077 1.272516 27.383616 186.484282
 146.800000 -0.609149 0.995708 5.876543 1917.546320
 147.000000 -1.265976 1.009509 27.374043 174.700424
 147.200000 -1.628574 0.841913 25.431951 308.815834
 147.400000 -0.819593 0.621038 14.454340 1700.468034
 147.600000 -1.473657 0.900422 27.857207 89.596565
 147.800000 -1.559391 1.129398 26.671910 296.651817
 148.000000 -0.780204 0.850010 12.823238 1707.826007
 148.200000 -1.742367 1.061276 23.922122 58.958862
 148.400000 -1.649480 0.866686 25.081182 274.304878
 148.600000 -0.584443 0.586075 4.790847 2131.831312
 148.800000 -1.138113 0.658397 24.880027 659.837428
 149.000000 -1.565197 0.910158 26.583946 308.726033
 149.200000 -1.361138 1.202528 28.225708 11.205367
 149.400000 -0.952892 1.186935 19.484439 1074.900278
 149.600000 -1.684521 1.194812 24.552026 191.434382
 149.800000 -1.190058 0.826693 26.131157 453.134681
 150.000000 -0.983097 0.445144 20.448400 969.606450
 150.200000 -1.229636 0.532137 26.916151 292.669343
 150.400000 -1.226400 1.080651 26.860227 304.813419
 150.600000 -1.164196 1.242402 25.573753 560.020268
 150.800000 -1.292336 1.051924 27.775964 107.652059
 151.000000 -1.408254 0.960570 28.286746 3.200443
 151.200000 -1.101149 0.684898 23.968751 765.717749
 151.400000 -1.035256 0.842860 22.077075 872.558586
 151.600000 -1.552141 1.235960 26.858766 293.126966
 151.800000 -1.411828 1.276807 28.303834 4.943428
 152.000000 -1.084613 0.583112 23.505911 799.934643
 152.200000 -0.430715 -0.307307 -0.000000 0.000000
 152.400000 -0.347896 -0.684706 -0.000000 0.000000
 152.600000 -0.544441 -0.573380 2.915874 2412.018312
 152.800000 -0.796512 -0.008048 13.550061 1739.926595
 153.000000 -0.655561 0.013749 7.884639 1609.967861
 153.200000 -1.101885 -0.003302 24.048250 763.658125
 153.400000 -0.333574 -0.220236 -0.000000 0.000000
 153.600000 -1.071689 0.087663 23.196806 822.889024
 153.800000 -1.791406 0.800376 23.652260 8.930485
 154.000000 -1.652563 1.377967 25.070476 282.911060
 154.200000 -0.808509 1.192745 14.073972 1748.889082
 154.400000 -1.242220 1.040558 27.231038 245.894310
 154.600000 -1.873951 0.665805 23.667112 7.951061
 154.800000 -1.294905 0.795920 27.908005 101.347425
 155.000000 -1.067741 1.294019 23.113045 828.859576
 155.200000 -1.531091 1.928985 27.278818 252.837724
 155.400000 -1.782736 2.320294 23.674552 16.111381
 155.600000 -2.390186 2.720578 25.976438 35.535911
 155.800000 3.086884 2.779728 10.855569 2952.907403
 156.000000 2.986541 2.948951 4.602720 4514.287682
 156.200000 -2.704206 2.933321 25.384366 84.451003
 156.400000 -2.397413 2.631051 25.999877 32.883262
 156.600000 -2.408609 2.472330 26.061744 28.200831
 156.800000 -2.348705 2.904170 25.685336 49.172636
 157.000000 -2.817180 2.641164 24.091969 216.771148
 157.200000 -2.674296 2.932052 25.625010 67.478398
 157.400000 -2.693210 2.709821 25.463602 78.210323
 157.600000 -2.568759 2.683145 26.251057 10.488733
 157.800000 -2.559920 2.795204 26.277446 7.462606
 158.000000 -2.956946 2.630956 20.863512 1039.406207
 158.200000 -2.629553 3.007239 25.941761 41.510759
 158.400000 -2.738774 2.609985 25.012544 106.598587
 158.600000 -2.202850 2.659507 24.718645 19.998665
 158.800000 -1.954109 2.651990 23.920900 17.683746
 159.000000 -2.215314 2.579989 24.777099 24.097128
 159.200000 -2.631353 2.590434 25.919342 42.677682
 159.400000 3.098372 3.007705 11.388891 2737.529900
 159.600000 2.910209 2.736561 -0.024278 20.982234
 159.800000 -3.126131 2.731354 14.209280 1986.665723
 160.000000 -2.683644 2.996080 25.521253 73.636447
 160.200000 -2.675127 2.623864 25.584680 69.303780
 160.400000 -2.502505 2.718305 26.302787 0.498147
 160.600000 -2.407246 2.964755 25.994982 29.739690
 160.800000 -2.929412 2.625673 21.649373 821.241267
 161.000000 -2.558797 3.035851 26.249404 6.841195
 161.200000 -3.015675 2.699480 18.711775 1445.524885
 161.400000 -2.719195 2.738188 25.178952 96.221090
 161.600000 -2.634481 2.766521 25.887122 44.732120
 161.800000 -2.742837 2.711210 24.937801 112.539927
 162.000000 -2.617181 2.973566 25.995655 34.176947
 162.200000 -2.858802 2.696070 23.300226 368.262887
 162.400000 -2.586768 2.778536 26.147963 17.138657
 162.600000 -2.566844 2.813527 26.218889 8.837649
 162.800000 -2.668327 2.720881 25.636988 66.016771
 163.000000 -2.284439 2.945285 25.135473 47.090975
 163.200000 -2.621133 2.532666 25.978282 35.523057
 163.400000 -2.662778 2.908350 25.687743 62.691726
 163.600000 -2.815885 2.916307 24.017077 222.744060
 163.800000 -2.872577 2.724952 23.011855 439.753189
 164.000000 -2.448977 2.957740 26.150748 14.331502
 164.200000 -2.600118 2.660126 26.097914 22.355990
 164.400000 -2.587134 2.805184 26.154402 15.756833
 164.600000 -2.624723 2.965376 25.964593 37.075953
 164.800000 3.070978 2.651929 9.796769 3251.408690
 165.000000 2.979013 3.073777 3.955211 4432.364444
 165.200000 3.121107 3.082154 12.419395 2373.039412
 165.400000 -3.005999 2.644844 19.007040 1400.126855
 165.600000 -2.349020 2.808164 25.552689 50.046976
 165.800000 -2.274825 2.650807 25.026918 44.543505
 166.000000 -2.178699 2.586404 24.521362 13.804306
 166.200000 -2.369011 2.763537 25.679787 45.894570
 166.400000 -2.860149 2.771165 23.240832 389.193280
 166.600000 -3.004545 2.917420 19.045281 1394.415694
 166.800000 3.004000 2.984295 5.592243 4387.306922
 167.000000 3.073854 2.732795 9.924871 3184.491148
 167.200000 -3.117770 2.968953 14.425704 1926.127299
 167.400000 2.925811 2.753473 0.566656 3363.132962
 167.600000 2.918851 2.755934 0.153405 3480.646433
 167.800000 -2.741515 2.897064 24.972858 123.721285
 168.000000 -2.207749 2.622965 24.616377 21.972137
 168.200000 -2.098012 2.329797 24.242425 6.397827
 168.400000 -2.107525 2.700471 24.266531 6.475214
 168.600000 -2.782116 2.882740 24.485939 172.693937
 168.800000 2.971801 2.819572 3.434773 4355.782321
 169.000000 -3.013467 2.941784 18.678943 1449.711590
 169.200000 -2.595047 2.756509 26.159606 16.754192
 169.400000 -2.188585 2.638944 24.509567 16.920465
 169.600000 -1.940177 2.683833 23.698056 15.480588
 169.800000 -1.996824 2.577576 23.921016 13.964189
 170.000000 -2.495092 2.497905 26.255853 4.021632
 170.200000 -2.712870 3.074787 25.296345 104.334317
 170.400000 3.014564 2.935997 6.258886 4259.741094
 170.600000 2.958402 2.779768 2.550709 4164.476003
 170.800000 -2.040456 2.987552 24.056805 9.578270
 171.000000 -1.770309 2.114333 23.641405 40.268593
 171.200000 -1.796468 1.232337 23.503431 13.750899
 171.400000 -0.690538 0.178523 9.379241 1524.819282
 171.600000 -0.453371 -0.485299 -0.000005 0.000003
 171.800000 -0.763215 -0.572810 12.289027 1724.606954
 172.000000 -0.989106 0.018075 21.095340 1014.801123
 172.200000 -0.493711 0.881913 0.494618 2386.718150
 172.400000 -1.252477 1.681429 27.694482 206.264139
 172.600000 -0.670847 1.465155 8.609801 1544.798933
 172.800000 -0.455337 1.294994 -0.000009 0.000010
 173.000000 -0.890538 1.953268 17.619531 1543.876386
 173.200000 -0.999456 2.239154 21.443092 984.462709
 173.400000 -0.548925 2.346256 3.237491 2470.447302
 173.600000 -0.761583 2.007449 12.225799 1722.429520
 173.800000 -0.372532 1.363372 -0.000000 0.000000
 174.000000 -0.833072 1.838591 15.260103 1808.220019
 174.200000 -0.649277 1.737133 7.757830 1622.613335
 174.400000 -0.427964 1.612246 -0.000000 0.000000
 174.600000 -1.134247 1.834397 25.320092 647.951470
 174.800000 -1.937592 1.913057 23.623915 14.052243
 175.000000 -2.055332 2.578161 24.045406 8.777952
 175.200000 -2.988075 3.055869 19.518185 1316.330356
 175.400000 3.007255 2.891626 5.758108 4312.993092
 175.600000 -2.605458 2.973851 26.155336 20.470032
 175.800000 -2.515933 2.726472 26.290418 1.855007
 176.000000 -2.171853 2.659065 24.382760 14.321296
 176.200000 -2.035330 2.566946 23.955859 10.637794
 176.400000 -2.266577 2.850883 24.866141 42.637891
 176.600000 -2.994117 2.635608 19.282494 1358.029261
 176.800000 2.941689 -3.114085 1.476208 3782.730968
 177.000000 -3.088366 2.909723 15.543822 1747.056931
 177.200000 -2.002754 2.359130 23.829809 13.397590
 177.400000 -1.783177 2.096222 23.525868 27.552245
 177.600000 -1.883472 2.016534 23.419552 4.608175
 177.800000 -1.930724 2.573354 23.559037 12.566967
 178.000000 -2.364325 3.023696 25.552930 50.077504
 178.200000 3.095507 2.610243 10.980930 2681.113523
 178.400000 -2.887268 -2.848181 22.555130 576.916613
 178.600000 3.122621 2.751158 12.327200 2273.706832
 178.800000 -2.726909 2.816692 25.174698 127.708781
 179.000000 -2.052141 2.828155 23.987160 9.947183
 179.200000 -2.005990 2.638234 23.818774 13.361730
 179.400000 -2.061387 2.485592 24.006209 9.686986
 179.600000 -2.436834 2.836525 26.000918 28.917906
 179.800000 -2.923976 2.754329 21.573219 841.458182
 180.000000 -2.760379 2.967803 24.772652 165.611092
 180.200000 -2.131928 2.707794 24.214600 10.126434
 180.400000 -2.246872 2.226962 24.719994 35.227447
 180.600000 -1.997406 2.636237 23.777757 13.985732
 180.800000 -2.007863 2.866900 23.816491 13.432682
 181.000000 -2.852931 2.497445 23.296885 399.700039
 181.200000 2.951645 2.852166 2.084725 4039.170470
 181.400000 3.012334 3.034730 6.070487 4232.276394
 181.600000 -2.769189 2.598009 24.660476 180.162108
 181.800000 -2.237060 2.840067 24.661418 31.899451
 182.000000 -2.314797 2.358743 25.169203 51.168295
 182.200000 -2.394340 2.179316 25.726325 43.887407
 182.400000 -1.775597 2.936882 23.547682 37.021140
 182.600000 -2.196637 2.786123 24.455974 20.394433
 182.800000 -2.865244 2.457538 23.033109 464.970085
 183.000000 -2.835655 3.074230 23.621915 336.419009
 183.200000 -3.080341 2.955939 15.782301 1699.889793
 183.400000 -2.685776 2.723116 25.623137 89.575358
 183.600000 -2.043226 2.715268 23.922019 11.880632
 183.800000 -1.819298 2.246887 23.368452 4.230214
 184.000000 -1.761498 1.987974 23.638887 57.115954
 184.200000 -1.923979 2.141499 23.479688 10.355444
 184.400000 -2.429304 2.808955 25.935029 33.162701
 184.600000 3.137136 3.138156 12.948815 2073.722866
 184.800000 2.949547 2.808157 1.943776 3997.958071
 185.000000 -2.575875 2.911168 26.283243 4.439991
 185.200000 -1.786601 2.733228 23.477940 24.686731
 185.400000 -1.779337 1.981441 23.516609 32.281148
 185.600000 -1.317209 1.906678 28.473363 58.446731
 185.800000 -0.882325 1.123063 17.374457 1620.649543
 186.000000 -0.665476 0.298544 8.402972 1559.259729
 186.200000 -1.096599 0.012421 24.410435 759.442385
 186.400000 -0.558402 -0.096266 3.717916 2398.689391
 186.600000 -0.517635 -0.169847 1.685211 2492.541854
 186.800000 -1.796072 0.414329 23.434899 16.493233
 187.000000 -1.780061 1.098712 23.511974 31.207386
 187.200000 -0.846364 1.021460 15.889444 1805.902549
 187.400000 -0.764973 1.335210 12.394413 1774.835586
 187.600000 -1.139847 1.984692 25.552068 619.434483
 187.800000 -0.668924 1.932999 8.535058 1553.592302
 188.000000 -0.633899 2.034692 7.126550 1709.233505
 188.200000 -0.979742 2.033893 20.919412 1061.219765
 188.400000 -0.425502 1.868529 -0.000000 0.000000
 188.600000 -0.800637 1.793335 13.923482 1870.169085
 188.800000 -0.834045 1.854064 15.367475 1846.198293
 189.000000 -0.512423 1.804865 1.425575 2463.687479
 189.200000 -0.518491 2.010569 1.729884 2495.145241
 189.400000 -0.820701 2.097489 14.799303 1873.933099
 189.600000 -0.472936 2.047840 -0.005352 3.176470
 189.800000 -1.672651 1.635329 24.714108 283.603297
 190.000000 -1.887142 0.891684 23.372274 3.457423
 190.200000 -1.284287 0.120097 28.171230 116.990132
 190.400000 -0.271001 -0.413804 -0.000000 0.000000
 190.600000 0.078801 -0.466490 -0.000000 0.000000
