#! FIELDS time phi psi ves.bias ves.force2
#! SET min_phi -pi
#! SET max_phi pi
#! SET min_psi -pi
#! SET max_psi pi
 0.000000 -1.498385 0.273949 25.037724 141.910265
 0.200000 -0.493502 0.121428 -0.000004 0.000001
 0.400000 -1.334231 0.322847 25.948749 14.536229
 0.600000 -0.743327 0.591104 8.982329 1701.933141
 0.800000 -0.552305 1.487243 0.546776 1479.198171
 1.000000 -0.786380 2.105562 10.715118 1561.443643
 1.200000 -0.708204 2.462729 7.842677 1973.651222
 1.400000 -0.934636 1.996157 16.843198 1418.046311
 1.600000 -1.053920 1.331629 20.850606 829.858349
 1.800000 -1.215053 0.587977 24.678727 345.844182
 2.000000 -1.780275 0.588145 21.218820 28.373352
 2.200000 -1.103778 1.124587 22.241082 639.157736
 2.400000 -1.246539 1.667377 25.267161 231.565851
 2.600000 -0.527349 1.764033 -0.023667 9.883061
 2.800000 -0.694106 2.024117 7.324781 2128.595192
 3.000000 -0.570619 2.036708 1.488020 1870.568401
 3.200000 -1.058643 1.936204 21.088200 774.888932
 3.400000 -0.709300 1.190261 8.171148 1963.065895
 3.600000 -1.180682 0.969463 24.106489 463.346766
 3.800000 -1.893245 0.840511 21.094484 8.001656
 4.000000 -1.648444 0.462847 22.780475 258.108364
 4.200000 -0.668850 0.300439 6.475688 2246.848326
 4.400000 -1.061234 0.475693 21.190918 754.977491
 4.600000 -1.220204 0.576990 24.901920 318.849317
 4.800000 -1.405704 1.187562 25.834514 46.734384
 5.000000 -1.445132 1.422535 25.508807 89.832229
 5.200000 -1.091855 0.571751 22.051160 657.963554
 5.400000 -0.815217 0.150957 12.730390 1491.412506
 5.600000 -0.419279 -0.182582 -0.000000 0.000000
 5.800000 -0.776442 -0.118863 11.217003 1569.499856
 6.000000 -0.550506 -0.115598 0.952369 1769.595775
 6.200000 -0.939833 0.003579 17.498666 1236.649668
 6.400000 -1.117289 0.683966 22.740815 611.626626
 6.600000 -1.712641 1.487889 21.863036 164.173990
 6.800000 -1.493910 2.296952 25.108323 141.453675
 7.000000 -1.952457 2.791286 21.174082 4.154679
 7.200000 3.133427 2.752421 9.778720 2618.338642
 7.400000 -3.120580 2.921071 11.205446 2170.469318
 7.600000 3.088221 3.027812 7.331027 3196.580523
 7.800000 -3.101953 2.761732 12.046321 1912.033254
 8.000000 -2.070439 2.876993 21.485064 22.150167
 8.200000 -1.901965 2.221993 21.073830 0.997933
 8.400000 -1.928465 2.177084 21.104728 1.682893
 8.600000 -1.856534 2.510680 21.054100 0.133729
 8.800000 -2.528338 2.828954 24.051057 0.217301
 9.000000 3.040167 2.835105 4.614652 3238.253286
 9.200000 -3.134377 3.000328 10.591638 2313.270324
 9.400000 -3.099703 2.725381 12.159611 1801.964978
 9.600000 -2.821341 2.790519 21.340919 530.516131
 9.800000 3.124942 2.866891 9.396551 2703.465964
 10.000000 -2.909755 3.127101 18.865004 1012.689747
 10.200000 -3.003109 2.687687 15.769154 1161.063280
 10.400000 -2.624668 2.851636 23.737394 27.919546
 10.600000 -2.314125 2.869207 23.058192 32.478935
 10.800000 -2.505605 2.590964 23.966797 3.072227
 11.000000 -2.462038 2.918648 23.838587 15.912579
 11.200000 -2.521564 2.858178 24.012156 0.436990
 11.400000 -2.724912 2.667466 22.920242 122.255908
 11.600000 -3.056735 2.967401 13.924377 1342.763556
 11.800000 2.900075 2.942613 -0.000004 0.000001
 12.000000 -2.278645 2.608501 22.822766 38.619060
 12.200000 -1.903057 2.389305 21.209981 0.379306
 12.400000 -1.855033 2.326402 21.245335 1.095928
 12.600000 -2.081790 2.565184 21.386269 25.226102
 12.800000 -2.926039 3.114298 18.441151 1043.785164
 13.000000 -3.031986 3.092417 14.869366 1236.635750
 13.200000 -3.029363 2.768431 15.011692 1231.639386
 13.400000 -2.366415 2.864333 23.344215 36.569671
 13.600000 -1.965398 2.768702 21.187302 0.723121
 13.800000 -2.147084 2.306703 21.794958 64.182438
 14.000000 -2.110256 2.566064 21.523272 43.198083
 14.200000 -2.164419 2.971797 21.935183 69.297501
 14.400000 -2.781429 2.529880 22.116890 280.565765
 14.600000 -2.941159 2.825930 18.023655 1039.750085
 14.800000 -3.112637 2.954590 11.825987 1973.720545
 15.000000 2.954400 2.498228 0.408852 1779.752393
 15.200000 -2.439710 2.857700 23.811947 32.496271
 15.400000 -2.273358 2.750596 22.801017 43.463202
 15.600000 -2.220427 2.560945 22.416483 63.102638
 15.800000 -2.343978 2.667538 23.232258 35.307253
 16.000000 -2.346163 2.850821 23.245250 35.400766
 16.200000 -2.866211 2.559174 20.294868 676.237560
 16.400000 -2.904870 2.797944 19.219658 866.013934
 16.600000 -3.139862 2.989186 10.638976 2453.920571
 16.800000 3.024923 2.695541 3.968056 3264.508537
 17.000000 -2.991288 2.949592 16.484226 1107.502829
 17.200000 -2.433924 2.849368 23.859971 30.692068
 17.400000 -2.220130 2.516548 22.485032 73.281822
 17.600000 -2.075303 2.365805 21.347660 19.390241
 17.800000 -2.101444 2.596629 21.487691 39.364128
 18.000000 -2.548147 2.645797 24.187374 1.246856
 18.200000 -3.033727 2.766372 15.141765 1251.395191
 18.400000 3.099670 2.959806 8.411903 3180.793437
 18.600000 -2.908402 2.833319 19.186609 843.560604
 18.800000 -2.883054 2.461608 19.897269 726.226985
 19.000000 -2.426232 3.071651 23.862320 30.049568
 19.200000 -2.639466 2.721549 23.789663 66.915799
 19.400000 -2.810305 2.384529 21.615243 360.776008
 19.600000 -2.478759 -3.128724 24.149647 14.034413
 19.800000 -2.613324 3.087612 23.983165 43.136858
 20.000000 -2.636908 2.568226 23.810409 64.592852
 20.200000 -1.846114 2.750997 21.379787 0.273886
 20.400000 -1.833275 2.452897 21.387769 0.556303
 20.600000 -2.343326 2.105571 23.496665 32.455993
 20.800000 -2.398626 2.950469 23.806837 30.997231
 21.000000 -2.906270 2.938690 19.366861 826.500919
 21.200000 2.985946 2.536548 1.991056 2595.810270
 21.400000 -2.558363 3.062553 24.303331 7.803471
 21.600000 -2.608738 2.593205 24.062541 43.539840
 21.800000 -2.480815 2.446964 24.276508 9.888541
 22.000000 -2.404087 -3.133002 23.918048 30.897342
 22.200000 -2.987238 2.615870 16.924132 1116.731787
 22.400000 -3.106369 2.824412 12.453120 1949.752951
 22.600000 -3.006127 2.819810 16.285106 1173.847516
 22.800000 3.040211 2.618846 5.053991 3518.898264
 23.000000 -2.970234 3.015837 17.486231 1068.598843
 23.200000 -2.931707 2.900918 18.777503 926.739604
 23.400000 -2.990082 2.639614 16.902240 1128.032212
 23.600000 -2.870667 2.694488 20.479819 620.944998
 23.800000 2.903610 2.908469 -0.000013 0.000008
 24.000000 -3.016669 2.933764 15.991762 1221.600269
 24.200000 3.080762 2.713083 7.546712 3449.941660
 24.400000 -2.952062 3.073484 18.227814 994.822803
 24.600000 -3.085737 2.861854 13.456724 1733.826536
 24.800000 -2.961496 2.654918 17.927634 1029.764074
 25.000000 -3.012191 2.971896 16.232601 1211.420956
 25.200000 -2.741486 2.744450 22.876450 158.498453
 25.400000 -2.952852 2.646629 18.292031 980.507246
 25.600000 -2.728629 2.860205 23.034574 144.569845
 25.800000 -2.973650 2.683924 17.627775 1058.787164
 26.000000 3.103568 2.770783 8.937504 3198.859967
 26.200000 2.931836 3.130162 -0.019845 12.544323
 26.400000 -2.753539 2.453627 22.769888 170.132208
 26.600000 -1.828550 2.609070 21.335938 0.021827
 26.800000 -1.687792 2.410893 21.976149 104.882479
 27.000000 -2.062773 2.326893 21.259260 10.589172
 27.200000 -2.659153 2.668491 23.857811 92.102025
 27.400000 2.977682 2.995330 1.768600 2539.688131
 27.600000 -2.996831 3.066427 17.049819 1128.358477
 27.800000 -2.371162 2.465589 24.044260 46.699925
 28.000000 -2.160614 2.651120 21.968159 117.487531
 28.200000 -2.116240 2.670947 21.531816 63.263919
 28.400000 -2.443330 2.690630 24.505177 20.413103
 28.600000 -3.083204 2.915847 13.947211 1737.900507
 28.800000 -2.777766 -2.929154 22.529915 206.189323
 29.000000 -2.984708 2.355039 17.541773 1068.495925
 29.200000 -2.328014 2.565812 23.786800 72.547247
 29.400000 -1.969480 2.910551 21.217772 2.291792
 29.600000 -2.375445 2.462834 24.152295 48.129685
 29.800000 -2.633342 2.682678 24.161653 70.186225
 30.000000 -3.030904 3.128018 16.057932 1282.568879
 30.200000 3.109462 2.934345 9.640798 3272.053979
 30.400000 -2.467695 2.508642 24.684125 9.259386
 30.600000 -1.592340 2.472805 23.033809 176.253536
 30.800000 -1.809121 1.835080 21.292743 0.580437
 31.000000 -1.691097 1.635877 21.857614 88.341012
 31.200000 -1.062848 0.729007 20.523713 723.945117
 31.400000 -0.757632 -0.591155 10.044970 1832.154208
 31.600000 -0.570281 -0.715837 1.345880 1716.469643
 31.800000 -0.701292 0.542121 7.507434 2220.828103
 32.000000 -1.642404 1.430547 22.371812 144.116883
 32.200000 -1.715669 1.842452 21.631165 54.323045
 32.400000 -1.728455 2.305627 21.543505 40.167564
 32.600000 -2.287481 2.718616 23.464956 120.573948
 32.800000 -2.587234 -3.126301 24.597757 33.612525
 33.000000 -3.121818 2.637659 12.522096 2376.332719
 33.200000 -2.838215 2.810122 21.725532 372.234100
 33.400000 -2.140653 2.852066 21.717783 96.759717
 33.600000 -2.166334 2.409113 21.992634 131.620105
 33.800000 -1.524502 2.515526 23.841004 147.726822
 34.000000 -2.027508 2.499893 21.156831 0.150810
 34.200000 -2.274593 2.641120 23.352806 140.251797
 34.400000 -2.834774 2.728506 21.827449 357.472225
 34.600000 2.934946 2.780566 -0.002984 321.314168
 34.800000 3.101649 3.017089 9.382910 3523.399391
 35.000000 3.109737 2.658131 9.858408 3388.067145
 35.200000 -2.809662 2.961776 22.310490 273.537157
 35.400000 -2.674414 2.554953 23.977862 91.435180
 35.600000 -2.791935 2.844134 22.590405 227.045552
 35.800000 3.078945 2.665238 8.050282 3844.194648
 36.000000 3.058320 2.928714 6.758993 3967.955701
 36.200000 -2.805804 2.877117 22.422716 262.142484
 36.400000 -2.462911 2.561895 24.869061 8.699722
 36.600000 -3.012846 2.583604 17.156213 1132.798643
 36.800000 -3.115158 2.987591 13.076144 2299.144558
 37.000000 3.026126 2.580427 4.780038 3822.709265
 37.200000 -2.766338 2.864120 23.052268 172.377530
 37.400000 -2.669515 2.952819 24.098139 82.326606
 37.600000 -3.038091 2.520247 16.332365 1300.309052
 37.800000 3.002066 2.884285 3.365448 3417.134654
 38.000000 2.951212 2.984260 0.716455 1997.771502
 38.200000 -2.662266 2.644710 24.202102 75.035640
 38.400000 -1.803220 2.591076 21.252131 2.562021
 38.600000 -1.757559 2.419764 21.385524 19.499162
 38.800000 -1.952097 2.327228 21.176824 0.925453
 39.000000 -2.780790 2.627008 22.912384 198.129896
 39.200000 2.847353 2.981532 -0.000000 0.000000
 39.400000 -3.066334 2.886164 15.379303 1555.473100
 39.600000 -3.075754 2.543527 15.001223 1669.086350
 39.800000 -2.609514 3.057638 24.640669 42.406804
 40.000000 -2.764393 2.631056 23.188286 165.111361
 40.200000 -2.685932 2.647690 24.084911 80.315471
 40.400000 -2.176723 3.129281 22.129033 149.074775
 40.600000 -2.160605 2.392223 21.938914 128.666629
 40.800000 -1.980389 2.047447 21.136399 0.629320
 41.000000 -1.685807 2.577254 21.879048 84.057203
 41.200000 -2.180775 2.855400 22.185370 153.219429
 41.400000 2.912281 2.714832 -0.000768 0.042943
 41.600000 2.944744 3.056627 0.541573 1966.080029
 41.800000 -2.502726 2.708927 25.035136 0.095939
 42.000000 -2.193555 2.518377 22.346778 165.297774
 42.200000 -1.935135 2.741103 21.165858 0.518705
 42.400000 -2.167641 2.546541 22.031375 137.447623
 42.600000 -2.512798 2.520795 25.052672 0.113482
 42.800000 -2.524711 2.856319 25.043899 1.285510
 43.000000 -2.915602 2.841368 20.369072 722.298527
 43.200000 -2.771774 3.036689 23.323200 175.249995
 43.400000 -2.971077 2.742072 18.813209 929.268769
 43.600000 -2.506463 2.793885 25.079297 0.013329
 43.800000 -2.274688 2.741647 23.430124 162.638661
 44.000000 -1.983373 2.555382 21.132616 0.195687
 44.200000 -1.935654 2.521106 21.164406 0.331468
 44.400000 -2.110706 2.652434 21.500162 55.858490
 44.600000 -2.807231 2.874463 22.853954 273.713850
 44.800000 -3.050235 3.069925 16.223280 1352.889437
 45.000000 -2.483884 2.722869 25.087268 2.805965
 45.200000 -2.132719 2.103507 21.702720 83.534326
 45.400000 -1.354282 2.362012 24.661604 0.138202
 45.600000 -0.658837 2.364885 4.878015 2238.622813
 45.800000 -0.547152 1.909785 0.119653 1219.630602
 46.000000 -0.857131 1.627791 13.343045 1322.253111
 46.200000 -1.658529 1.037503 22.105719 91.635626
 46.400000 -1.314891 0.373950 24.508277 29.096706
 46.600000 -0.584627 0.411297 1.521300 1641.426923
 46.800000 -0.610066 0.623167 2.598902 1936.693572
 47.000000 -1.575313 0.750253 22.974782 117.228776
 47.200000 -1.800479 1.297976 21.243728 4.666100
 47.400000 -0.648212 1.285793 4.315490 2190.610711
 47.600000 -0.921438 1.555767 15.505954 1121.196045
 47.800000 -0.736655 1.882454 8.424521 1979.452357
 48.000000 -0.761807 1.924084 9.520603 1818.089488
 48.200000 -0.902545 2.173552 14.838332 1173.364694
 48.400000 -0.916149 2.098749 15.300415 1134.544747
 48.600000 -0.952756 2.134707 16.505342 1032.902134
 48.800000 -0.775101 1.715438 10.054427 1732.167848
 49.000000 -0.775110 1.621286 10.054802 1732.111231
 49.200000 -0.714618 1.365750 7.387712 2101.344951
 49.400000 -1.411330 1.087009 24.369498 26.607292
 49.600000 -1.233931 0.657857 23.524788 242.951689
 49.800000 -0.762457 0.246601 9.506617 1813.028858
 50.000000 -0.681705 -0.046376 5.855428 2214.708316
 50.200000 -0.786950 -0.024396 10.522529 1664.205405
 50.400000 -1.006107 0.176648 18.110724 866.246325
 50.600000 -1.396956 0.894726 24.401333 14.959955
 50.800000 -1.567428 1.556973 22.991258 104.638022
 51.000000 -0.997166 1.511118 17.845692 891.162802
 51.200000 -1.128726 1.054219 21.336183 554.871358
 51.400000 -1.478327 0.501627 23.834683 75.299050
 51.600000 -1.200618 0.581802 22.874634 354.345213
 51.800000 -1.150057 0.868698 21.826589 501.749734
 52.000000 -1.558811 1.202389 23.064813 101.941425
 52.200000 -1.174068 0.863020 22.315579 435.953261
 52.400000 -1.523580 0.768951 23.403627 93.095829
 52.600000 -1.409102 1.069933 24.301675 22.908813
 52.800000 -1.119827 1.440183 21.095466 572.012163
 53.000000 -1.293329 1.273079 24.146467 72.182856
 53.200000 -1.458084 0.853826 23.975916 59.471021
 53.400000 -1.035259 0.409953 18.907005 756.792229
 53.600000 -1.144394 0.506885 21.646856 510.778290
 53.800000 -1.314845 1.075137 24.276207 32.768484
 54.000000 -1.323154 1.234672 24.319284 21.591040
 54.200000 -1.209001 0.812613 22.964060 329.587169
 54.400000 -1.468429 0.823199 23.884712 65.954182
 54.600000 -1.151322 0.806655 21.789757 494.117291
 54.800000 -1.521091 1.273505 23.415649 90.379325
 55.000000 -1.165667 0.858777 22.102774 457.826745
 55.200000 -1.445967 0.790463 24.056349 51.218312
 55.400000 -0.992018 0.911033 17.683282 860.234685
 55.600000 -1.395276 1.048067 24.336431 12.721021
 55.800000 -1.104650 0.762462 20.694154 593.961504
 56.000000 -1.221512 0.797130 23.182454 291.017007
 56.200000 -1.253147 1.089354 23.683514 187.314599
 56.400000 -1.118716 1.247661 21.035742 568.767613
 56.600000 -1.056710 0.992300 19.481428 690.859990
 56.800000 -1.543205 0.925918 23.197823 98.170043
 57.000000 -1.037288 0.753713 18.963039 734.813412
 57.200000 -1.429137 0.968401 24.184771 40.444806
 57.400000 -0.938182 0.894573 16.042756 1032.910270
 57.600000 -1.503421 1.065584 23.583840 86.640537
 57.800000 -1.148584 0.890157 21.742701 512.113433
 58.000000 -1.251681 0.741591 23.689042 192.912027
 58.200000 -1.320339 1.167953 24.367451 23.408984
 58.400000 -1.434603 1.150148 24.169715 46.095756
 58.600000 -1.173904 0.713840 22.318791 453.184527
 58.800000 -1.224549 0.747102 23.296575 289.174451
 59.000000 -1.134830 0.949582 21.442677 548.331053
 59.200000 -1.228399 1.024185 23.397825 279.600846
 59.400000 -1.235714 0.901423 23.517216 253.248063
 59.600000 -1.337907 0.882551 24.471607 6.038367
 59.800000 -1.161461 0.922112 22.075258 494.266924
 60.000000 -1.332604 1.170895 24.456735 9.941989
 60.200000 -1.041639 0.928144 19.112221 738.950717
 60.400000 -1.323039 0.926128 24.471754 18.926166
 60.600000 -1.062172 0.815797 19.662603 698.960682
 60.800000 -1.482113 0.967870 23.834926 85.744978
 61.000000 -1.111334 1.195973 20.921538 613.377199
 61.200000 -1.252978 1.299945 23.884013 195.885068
 61.400000 -1.068220 0.618923 19.841276 700.739813
 61.600000 -0.921127 0.348211 15.495914 1110.588858
 61.800000 -1.085352 0.459102 20.290021 671.694790
 62.000000 -1.118455 1.045359 21.129604 613.884194
 62.200000 -1.387534 1.312395 24.583910 14.882744
 62.400000 -0.959604 1.135800 16.740880 974.876699
 62.600000 -1.683231 0.888755 21.733395 88.339105
 62.800000 -0.876099 0.607871 13.932408 1309.891547
 63.000000 -1.452861 0.890907 24.157943 74.045156
 63.200000 -1.355831 1.252642 24.712270 0.246957
 63.400000 -1.055731 0.760091 19.552268 749.596861
 63.600000 -1.153685 0.851370 22.077161 563.900120
 63.800000 -1.198823 0.916406 23.078910 414.627938
 64.000000 -1.051874 1.093194 19.446446 756.167180
 64.200000 -1.628648 0.932163 22.285550 130.218651
 64.400000 -0.761991 0.505320 9.324509 1966.128232
 64.600000 -1.103542 0.280779 20.870652 688.423894
 64.800000 -1.167603 0.718378 22.463998 534.293847
 65.000000 -1.438501 1.236281 24.361892 69.846620
 65.200000 -1.055745 1.020255 19.614736 780.358851
 65.400000 -1.330705 0.799834 24.815218 6.702480
 65.600000 -1.416521 0.714017 24.581625 49.885668
 65.800000 -1.058217 1.059789 19.683701 776.408603
 66.000000 -1.234911 1.167292 23.888570 273.011210
 66.200000 -1.164258 0.617668 22.515088 566.295103
 66.400000 -1.317492 0.548389 24.843390 19.117862
 66.600000 -0.737466 0.814872 8.176926 2122.968828
 66.800000 -1.641845 1.236915 22.124922 134.858923
 67.000000 -2.022834 1.419294 21.021553 3.628914
 67.200000 -1.083916 1.237047 20.481661 770.788676
 67.400000 -0.802402 1.061600 11.032181 1771.642295
 67.600000 -1.206778 1.163445 23.531042 403.854727
 67.800000 -1.893572 0.973041 20.873522 0.500447
 68.000000 -0.697001 0.686677 6.256120 2251.194678
 68.200000 -1.719919 0.968894 21.307800 65.368299
 68.400000 -1.642902 1.188465 22.102012 144.381043
 68.600000 -0.564771 0.693254 0.468733 1312.770860
 68.800000 -0.920954 0.578948 15.536300 1165.373934
 69.000000 -1.478081 0.682625 24.142892 123.873200
 69.200000 -1.330476 1.189762 25.095254 3.530899
 69.400000 -1.077197 1.191846 20.382839 816.190259
 69.600000 -1.559963 0.882866 23.168007 168.683205
 69.800000 -1.559707 0.658101 23.171343 168.632917
 70.000000 -1.304788 1.015499 24.996883 33.921689
 70.200000 -0.669001 1.435824 4.872124 2227.039569
 70.400000 -0.995392 2.343982 17.985152 962.182720
 70.600000 -0.669118 2.405543 4.877611 2227.425294
 70.800000 -0.597212 1.866045 1.674344 1639.845365
 71.000000 -0.689035 1.487497 5.822633 2265.988243
 71.200000 -0.629849 1.346031 3.058282 1987.235305
 71.400000 -1.311411 1.559215 25.168401 20.777127
 71.600000 -1.633060 0.989258 22.234504 167.286911
 71.800000 -0.706708 -0.011033 6.655667 2261.331638
 72.000000 -0.495999 -0.369087 -0.000001 0.000000
 72.200000 -0.790627 -0.250710 10.507507 1894.770184
 72.400000 -0.867381 0.383580 13.641768 1455.286348
 72.600000 -1.550291 1.163602 23.367023 183.848220
 72.800000 -1.548019 1.287700 23.397808 183.137755
 73.000000 -0.557899 0.208680 0.177690 1345.199450
 73.200000 -0.625942 -0.830604 2.887421 1955.859122
 73.400000 -0.600810 -0.401992 1.813207 1688.526051
 73.600000 -0.790037 0.413190 10.485605 1902.228225
 73.800000 -1.836997 0.890520 20.732332 0.499741
 74.000000 -1.327232 1.311370 25.347020 3.583066
 74.200000 -1.014301 1.301499 18.699474 970.224726
 74.400000 -1.322899 1.138050 25.397518 6.090025
 74.600000 -1.526073 0.939591 23.752471 183.726586
 74.800000 -1.092621 0.391653 21.060364 847.567972
 75.000000 -1.081753 0.359781 20.742170 866.424299
 75.200000 -1.196880 0.713160 23.860883 486.157066
 75.400000 -1.406016 1.066408 25.173822 66.294688
 75.600000 -0.958469 1.018753 16.938852 1111.898369
 75.800000 -0.695015 0.945886 6.120414 2255.880443
 76.000000 -1.521582 1.064770 23.843289 185.055373
 76.200000 -1.479959 0.659270 24.425571 158.856880
 76.400000 -0.849291 0.651739 12.981925 1591.960081
 76.600000 -1.575833 1.133099 23.104726 210.538189
 76.800000 -0.913286 0.900849 15.405229 1289.157973
 77.000000 -1.390645 0.999051 25.338672 46.569465
 77.200000 -1.363221 0.809981 25.536979 14.056514
 77.400000 -1.038265 0.718317 19.564815 949.369185
 77.600000 -1.047699 0.591708 19.854380 934.927585
 77.800000 -1.405137 0.872888 25.277790 69.363258
 78.000000 -1.414121 1.172951 25.199507 82.565557
 78.200000 -1.428835 0.960057 25.109649 104.812679
 78.400000 -1.625208 0.628755 22.429087 217.060502
 78.600000 -1.132447 0.935916 22.398595 773.450991
 78.800000 -1.282175 1.156729 25.403378 82.413677
 79.000000 -1.683007 1.033704 21.629606 156.850000
 79.200000 -0.899935 0.500102 14.983582 1392.734227
 79.400000 -1.625055 0.864835 22.452523 225.158811
 79.600000 -1.614909 1.195226 22.605522 229.320976
 79.800000 -0.670645 0.714777 5.002131 2209.441815
 80.000000 -1.162301 0.801188 23.255973 667.616021
 80.200000 -1.573594 0.871366 23.267125 234.777842
 80.400000 -1.262175 0.927512 25.313299 159.375911
 80.600000 -1.532968 1.076455 23.877347 214.382320
 80.800000 -1.444004 0.924160 25.059525 130.491642
 81.000000 -1.341420 0.760649 25.771317 0.630201
 81.200000 -1.575498 1.275573 23.276830 243.757455
 81.400000 -1.052678 0.933566 20.197598 953.894952
 81.600000 -0.876330 0.560424 14.114351 1531.671549
 81.800000 -1.206152 0.331485 24.412228 453.502095
 82.000000 -0.587355 0.417987 1.333952 1566.328252
 82.200000 -1.395164 0.745072 25.665093 58.764443
 82.400000 -1.844465 1.031192 20.512610 1.035938
 82.600000 -0.966494 0.998146 17.449157 1178.548056
 82.800000 -1.095772 1.033018 21.556839 879.163763
 83.000000 -1.615980 0.909967 22.669421 253.710341
 83.200000 -1.474026 0.753578 24.869501 175.793325
 83.400000 -1.049529 1.110068 20.202835 969.983419
 83.600000 -1.616130 1.428247 22.697432 261.829932
 83.800000 -1.536200 1.141634 23.974621 235.038628
 84.000000 -1.070349 0.601944 20.844584 930.613401
 84.200000 -0.786331 0.258262 10.375231 1965.507672
 84.400000 -0.675148 -0.578595 5.235863 2206.601001
 84.600000 -0.584215 -0.387843 1.219464 1537.945637
 84.800000 -0.778304 -0.045198 10.017902 1997.521589
 85.000000 -1.072481 0.806882 20.961408 929.885106
 85.200000 -1.354481 1.636510 26.063629 6.857678
 85.400000 -0.668385 1.439216 4.931495 2188.737044
 85.600000 -0.587644 1.667926 1.365274 1587.212355
 85.800000 -0.604466 2.036700 2.055503 1776.435216
 86.000000 -1.170309 2.321195 23.792779 642.737573
 86.200000 -0.696007 2.356373 6.247405 2205.166835
 86.400000 -0.648207 1.872645 4.014846 2115.979961
 86.600000 -0.711029 1.717146 6.951669 2188.367830
 86.800000 -0.501414 1.754780 -0.000001 0.000000
 87.000000 -0.919683 2.093128 15.894783 1431.466405
 87.200000 -0.717950 2.067937 7.299983 2162.505152
 87.400000 -0.620670 2.155838 2.800072 1947.516885
 87.600000 -0.807851 1.867051 11.349264 1879.842310
 87.800000 -0.658933 1.788261 4.540544 2158.942893
 88.000000 -0.550510 1.956877 0.013934 440.692844
 88.200000 -0.937334 1.991024 16.613287 1388.601653
 88.400000 -0.532506 2.154511 -0.002484 0.370312
 88.600000 -0.577145 1.832050 1.014090 1509.115734
 88.800000 -0.550408 1.764725 0.022872 546.109171
 89.000000 -0.838999 1.761554 12.697297 1769.439857
 89.200000 -0.838281 1.837567 12.686998 1769.350422
 89.400000 -0.743563 2.073765 8.546695 2057.446125
 89.600000 -1.004644 2.234359 19.035455 1131.784300
 89.800000 -0.685623 2.177761 5.871182 2183.551559
 90.000000 -0.593212 1.967492 1.693360 1722.776452
 90.200000 -0.661139 1.667020 4.782809 2167.769498
 90.400000 -0.932485 1.990154 16.491766 1439.250908
 90.600000 -0.743949 1.907248 8.604915 2030.880705
 90.800000 -1.000826 2.077269 18.949033 1154.744422
 91.000000 -0.785385 2.166524 10.442644 1905.628978
 91.200000 -0.695927 2.095143 6.462187 2140.099455
 91.400000 -0.830562 1.956603 12.405913 1775.257528
 91.600000 -1.072111 1.775512 21.291844 938.782404
 91.800000 -0.664598 1.161761 5.005704 2168.694485
 92.000000 -1.234778 0.902892 25.487257 311.729253
 92.200000 -1.814705 0.768367 20.378919 17.159172
 92.400000 -1.007103 0.746241 19.250112 1145.495424
 92.600000 -1.243310 1.409475 25.674625 267.896350
 92.800000 -1.844511 1.831709 20.289874 3.814113
 93.000000 -2.088794 2.630856 20.539118 25.897209
 93.200000 -2.514502 -2.973680 24.426773 0.022418
 93.400000 -2.975589 2.765356 18.369639 1024.089291
 93.600000 -2.143640 2.740805 20.892769 79.239097
 93.800000 -1.822499 2.567526 20.329934 13.199699
 94.000000 -2.049361 2.269098 20.357825 7.331312
 94.200000 -1.976745 2.864608 20.231158 0.381412
 94.400000 -2.709332 2.694605 23.710889 38.635216
 94.600000 -2.899872 2.658115 20.617841 759.966948
 94.800000 -2.745618 -3.116233 23.441446 78.672163
 95.000000 -3.126181 2.632102 12.508162 2506.081592
 95.200000 -2.425920 3.063421 24.056141 48.330765
 95.400000 -2.611651 2.728416 24.142899 14.786032
 95.600000 -2.579889 2.555081 24.254967 9.822215
 95.800000 -2.128079 3.118358 20.711715 60.317885
 96.000000 -2.154272 2.480869 20.938449 90.558309
 96.200000 -2.096786 2.452643 20.482389 30.793509
 96.400000 -2.190052 2.755896 21.291058 130.441329
 96.600000 -2.281721 2.860036 22.455495 173.412293
 96.800000 -2.961262 2.587033 18.741164 988.154946
 97.000000 -2.520282 -3.063191 24.341723 0.060551
 97.200000 -2.654588 2.609997 23.915763 19.290508
 97.400000 -2.498436 2.531184 24.308033 1.740176
 97.600000 -1.841580 3.056182 20.196718 6.348247
 97.800000 -2.328718 2.507664 23.027522 150.555863
 98.000000 -2.340026 2.554541 23.164241 141.635515
 98.200000 -2.020851 2.914911 20.203549 2.515417
 98.400000 -2.242032 2.561902 21.883955 164.933119
 98.600000 -2.247835 2.331043 21.958732 167.160056
 98.800000 -1.703294 2.926464 21.454859 258.542844
 99.000000 -2.193595 2.486814 21.291869 129.659912
 99.200000 -2.591274 2.557518 24.127662 12.118628
 99.400000 -2.522567 3.030824 24.278529 0.161702
 99.600000 2.990089 2.667526 2.514274 2889.107748
 99.800000 -2.974052 2.746256 18.254164 1027.052910
 100.000000 -2.811149 3.034800 22.517331 283.920567
 100.200000 3.016785 2.764508 3.273752 3529.564531
 100.400000 -3.088249 2.846803 13.369536 1850.834332
 100.600000 -2.985464 3.089903 17.131829 1059.295802
 100.800000 -2.667253 2.797704 23.072841 20.934151
 101.000000 -2.314073 2.413118 22.042986 158.544766
 101.200000 -1.712488 2.512012 20.579457 247.241586
 101.400000 -1.992826 2.539701 19.407798 1.194261
 101.600000 -2.861465 2.626288 20.727844 567.104831
 101.800000 3.004883 2.938499 2.565563 3252.788188
 102.000000 -2.982760 2.896486 17.205632 1051.017663
 102.200000 -2.500335 2.547880 23.502886 1.715131
 102.400000 -1.978405 2.684412 19.388864 0.865814
 102.600000 -1.810558 2.559844 19.529138 29.801425
 102.800000 -2.127698 2.461093 19.898817 55.531475
 103.000000 -2.256390 2.791174 21.277955 162.828797
 103.200000 -2.215861 2.840736 20.770103 140.555077
 103.400000 -2.178721 2.425067 20.355436 107.402972
 103.600000 -2.001238 2.411115 19.411925 1.676919
 103.800000 -1.998224 2.611381 19.408108 1.536153
 104.000000 -2.514806 2.729480 23.506736 0.066986
 104.200000 -2.957320 2.933899 17.983611 982.900873
 104.400000 2.975507 2.960636 0.966946 2401.105640
 104.600000 -2.997772 2.833127 16.680381 1099.098671
 104.800000 -2.214408 2.625335 20.752902 138.051211
 105.000000 -1.703112 2.500148 20.742409 282.542302
 105.200000 -1.958223 2.251385 19.371535 0.842293
 105.400000 -2.300638 2.587108 21.825348 158.084061
 105.600000 -2.354732 -2.923301 22.477333 127.431616
 105.800000 -2.601744 2.699266 23.309719 13.703110
 106.000000 -2.093278 2.461904 19.689741 27.159564
 106.200000 -1.682958 2.507429 21.103951 337.396418
 106.400000 -2.233919 2.546629 20.989891 148.640380
 106.600000 -2.524313 2.659048 23.485693 0.121193
 106.800000 -2.854143 2.940657 20.843662 522.867410
 107.000000 3.137667 2.666202 10.500309 2946.172731
 107.200000 3.058210 2.903871 5.724355 3941.682818
 107.400000 -2.656100 2.979893 23.074206 20.604761
 107.600000 -2.558097 2.382247 23.434655 5.155001
 107.800000 -1.809665 2.698562 19.517442 31.589076
 108.000000 -2.057417 2.690071 19.550313 10.439661
 108.200000 -2.481467 2.732619 23.423469 8.477428
 108.400000 -2.944594 2.850396 18.342542 944.243281
 108.600000 -3.013968 3.119552 16.097447 1172.721525
 108.800000 3.076248 2.657617 6.843526 3894.744467
 109.000000 2.964296 3.004751 0.413199 2214.478819
 109.200000 -2.448091 2.835676 23.276645 31.202697
 109.400000 -2.118335 2.447869 19.863889 45.556249
 109.600000 -1.753138 2.307548 20.014273 147.379788
 109.800000 -1.869388 2.460327 19.339121 0.614422
 110.000000 -2.536244 2.821448 23.466139 1.087556
 110.200000 3.028570 2.960611 3.866928 3648.056735
 110.400000 -3.109435 2.920955 12.284837 2236.402202
 110.600000 -2.457547 2.602828 23.323099 23.711676
 110.800000 -2.113924 2.406569 19.842562 41.809550
 111.000000 -1.660756 2.631688 21.544230 384.799590
 111.200000 -2.412584 2.498720 23.024992 66.240817
 111.400000 -3.029199 2.909555 15.542468 1262.461194
 111.600000 3.027382 3.014119 3.790520 3621.613288
 111.800000 -2.988917 2.691962 16.913215 1075.468198
 112.000000 -2.921247 2.765648 19.022995 862.713661
 112.200000 -2.853913 2.949178 20.794971 518.782616
 112.400000 2.955814 2.695499 0.031550 968.466024
 112.600000 -2.971657 2.790625 17.465698 1022.336252
 112.800000 -2.632544 2.669660 23.170082 19.235906
 113.000000 -2.474569 2.778329 23.391012 12.938636
 113.200000 -2.294794 2.763537 21.756674 147.477492
 113.400000 -2.221594 2.697204 20.875218 133.344021
 113.600000 -2.077212 2.515960 19.670927 18.754459
 113.800000 -1.888469 2.680383 19.343621 0.024940
 114.000000 -2.374941 2.606785 22.669758 103.271798
 114.200000 -2.385433 2.895868 22.773827 93.682958
 114.400000 -2.419582 2.734074 23.073018 60.050960
 114.600000 -2.252199 2.620679 21.242306 144.843758
 114.800000 -2.171469 2.534111 20.345245 93.704350
 115.000000 -1.994545 2.499773 19.461791 2.352711
 115.200000 -2.205708 2.711945 20.713371 121.624635
 115.400000 -2.317679 2.722832 22.039449 138.488942
 115.600000 -2.162640 2.714885 20.273957 85.380308
 115.800000 -2.000086 2.476291 19.480578 2.686643
 116.000000 -1.885991 2.624351 19.352658 0.026049
 116.200000 -2.283861 2.663277 21.647341 144.704801
 116.400000 -2.283655 2.891959 21.644863 144.720496
 116.600000 -2.308602 2.734976 21.943005 139.985545
 116.800000 -2.049641 2.590664 19.606293 9.463072
 117.000000 -2.237628 2.510369 21.094374 137.905028
 117.200000 -2.123057 2.849028 19.993239 50.173286
 117.400000 -2.360311 2.795104 22.537063 110.442139
 117.600000 -2.730583 2.685960 22.588970 65.370698
 117.800000 -2.797203 2.942744 21.839088 227.389067
 118.000000 3.057017 2.826505 5.607474 3873.694654
 118.200000 2.909147 2.902406 -0.000000 0.000000
 118.400000 -2.463857 2.718845 23.356261 19.734615
 118.600000 -2.004344 2.740574 19.529906 3.869672
 118.800000 -2.160259 2.600379 20.320804 83.369591
 119.000000 -2.162584 2.724979 20.342166 85.430290
 119.200000 -2.585383 2.646490 23.361583 12.379258
 119.400000 -2.782780 2.857954 22.030391 175.641291
 119.600000 -2.976016 3.080765 17.300284 1040.307923
 119.800000 3.097332 2.820815 8.086840 3625.643105
 120.000000 -2.678089 2.683053 22.929011 31.867707
 120.200000 -1.971157 2.571923 19.492585 3.529740
 120.400000 -1.904591 2.426720 19.384802 1.308260
 120.600000 -2.110085 2.609513 19.983729 42.416065
 120.800000 -2.394466 2.904087 22.892011 77.745595
 121.000000 -2.576132 2.909837 23.395099 9.996518
 121.200000 -3.011788 2.669383 16.106773 1179.450685
 121.400000 -3.031130 3.101817 15.427992 1290.041247
 121.600000 3.102874 2.813040 8.413737 3536.716743
 121.800000 -3.012733 2.754673 16.074290 1184.082983
 122.000000 -2.498172 3.049606 23.471495 3.086983
 122.200000 -2.606938 2.652728 23.286644 18.245413
 122.400000 -2.310321 2.768810 22.060543 121.328386
 122.600000 -2.126452 2.739989 20.152004 57.137274
 122.800000 -1.958701 2.535432 19.488777 3.986522
 123.000000 -2.183588 2.415503 20.661216 101.599531
 123.200000 -2.123437 2.715778 20.157892 55.888557
 123.400000 -2.533863 2.737345 23.497563 0.629881
 123.600000 2.930201 2.569438 -0.000143 0.001731
 123.800000 -2.867394 -3.015397 20.431032 576.664305
 124.000000 -2.892226 2.690800 19.800657 711.570249
 124.200000 -3.035353 2.409682 15.280047 1332.268036
 124.400000 -2.429231 -2.991846 23.185505 45.075463
 124.600000 -2.404506 2.809547 23.002525 64.629873
 124.800000 -2.311213 2.190070 22.103647 114.428238
 125.000000 -1.990628 2.658415 19.584679 6.190402
 125.200000 -1.932812 2.985700 19.463931 4.360611
 125.400000 -2.735408 2.471569 22.512226 76.958322
 125.600000 -2.891709 3.098845 19.822414 700.787914
 125.800000 -3.128529 3.106491 11.273715 2595.333917
 126.000000 -2.923098 2.476285 18.946980 851.011726
 126.200000 -1.805939 2.402101 19.530262 29.380951
 126.400000 -1.632925 2.537709 22.062848 416.178085
 126.600000 -2.129617 2.608501 20.293625 63.344501
 126.800000 3.060335 2.658761 5.805517 3818.747690
 127.000000 3.057892 -3.101481 5.654594 3814.002384
 127.200000 -2.748778 2.727261 22.381600 96.834762
 127.400000 -2.021537 2.385188 19.726534 11.603225
 127.600000 -1.420896 2.255097 25.811344 142.995006
 127.800000 -2.081200 2.441932 19.990475 32.105320
 128.000000 -3.070200 2.808086 13.944165 1683.592755
 128.200000 2.977005 -3.012852 1.058517 2328.465021
 128.400000 3.086959 2.420079 7.442472 3698.834279
 128.600000 -2.640168 2.526803 23.155119 30.571081
 128.800000 -1.953095 2.984535 19.544550 6.742475
 129.000000 -1.896558 2.384012 19.418473 2.601856
 129.200000 -2.242671 2.167084 21.480609 111.076684
 129.400000 -1.991193 2.695186 19.665842 9.206209
 129.600000 -2.160330 2.836258 20.644947 86.204113
 129.800000 -2.873285 2.445882 20.313147 581.375005
 130.000000 -2.895385 3.125804 19.753354 701.806902
 130.200000 3.064543 2.708500 6.072816 3797.502599
 130.400000 3.013300 2.623729 2.992285 3248.736705
 130.600000 -3.128255 3.082806 11.286169 2604.008908
 130.800000 -3.119032 2.552800 11.749142 2436.935332
 131.000000 -2.345121 2.854412 22.532469 87.655100
 131.200000 -2.446517 2.668427 23.334629 31.768365
 131.400000 -2.502143 2.626507 23.543742 2.959139
 131.600000 -2.303193 2.986094 22.142398 96.189280
 131.800000 -2.258260 2.604332 21.691686 104.380501
 132.000000 -2.228857 2.677617 21.389506 106.127455
 132.200000 -2.247281 2.774739 21.607833 103.049388
 132.400000 -2.347428 2.807578 22.577388 82.123729
 132.600000 -2.722127 2.413050 22.608241 66.430202
 132.800000 -2.328439 -3.116450 22.402581 87.228849
 133.000000 -2.863997 2.636758 20.556853 517.523033
 133.200000 -2.866911 2.613363 20.498746 531.329677
 133.400000 -2.742925 2.996038 22.428372 87.280863
 133.600000 2.968115 2.520094 0.682878 2119.066593
 133.800000 -2.948253 2.699530 18.274010 954.399185
 134.000000 -2.636008 2.917761 23.197592 33.924405
 134.200000 -3.065592 2.389174 14.154376 1660.404769
 134.400000 3.135182 2.892026 10.263064 2938.968678
 134.600000 3.108700 3.030264 8.772828 3383.564561
 134.800000 -2.049029 2.243284 19.990026 25.353465
 135.000000 -0.856421 1.887135 13.061489 1699.972485
 135.200000 -0.553336 1.408317 0.193613 2082.346082
 135.400000 -0.637275 1.364463 4.065143 2195.816608
 135.600000 -1.189824 1.919489 24.397593 527.467278
 135.800000 -0.581445 1.649334 1.446656 2077.799006
 136.000000 -0.903736 1.899711 15.036295 1785.901668
 136.200000 -0.474679 2.141695 -0.000000 0.000000
 136.400000 -1.042321 2.095187 20.345438 1046.175644
 136.600000 -0.715944 2.072618 7.521219 1650.025701
 136.800000 -0.553493 1.712198 0.204488 2090.260854
 137.000000 -0.826054 2.061877 11.813949 1584.357187
 137.200000 -0.970544 2.236389 17.772890 1532.958333
 137.400000 -0.778732 2.139842 9.970458 1465.553088
 137.600000 -0.834628 1.930125 12.152089 1613.861337
 137.800000 -1.357855 1.752864 26.268157 11.513042
 138.000000 -2.032059 0.907582 19.963150 23.077959
 138.200000 -1.737802 0.100690 20.100953 174.484826
 138.400000 -1.532205 0.119778 23.983380 346.231288
 138.600000 -1.614445 1.250011 22.353883 424.125628
 138.800000 -0.432530 2.174147 -0.000000 0.000000
 139.000000 -1.344406 2.386372 26.290075 1.119128
 139.200000 -2.223024 2.245516 21.553029 94.433798
 139.400000 -2.701908 2.973955 22.784172 55.538772
 139.600000 2.989710 3.050040 1.798935 2713.039377
 139.800000 3.135674 2.487247 10.316918 2900.976251
 140.000000 -2.668433 2.969373 23.021219 45.711506
 140.200000 -2.195538 2.768600 21.306762 96.325997
 140.400000 -2.035649 2.264613 20.029010 26.949436
 140.600000 -1.773631 2.357144 19.694230 73.225602
 140.800000 -2.063677 2.671211 20.187828 38.212049
 141.000000 -2.621195 2.638048 23.322874 32.553190
 141.200000 -3.032430 2.967915 15.476694 1402.705465
 141.400000 2.912896 3.135296 -0.000003 0.000001
 141.600000 -3.129084 2.609377 11.287943 2564.303679
 141.800000 -2.260884 2.964168 21.951059 81.659361
 142.000000 -1.908538 2.583560 19.516379 10.809931
 142.200000 -1.941550 2.030074 19.645262 15.549438
 142.400000 -1.781360 1.952819 19.620146 55.162598
 142.600000 -1.973527 2.315179 19.775457 17.589071
 142.800000 -2.574142 2.959023 23.556933 11.772340
 143.000000 3.054704 2.868168 5.593208 3716.955305
 143.200000 -2.497431 2.827803 23.606276 5.909229
 143.400000 -2.233635 2.378262 21.740771 87.523707
 143.600000 -1.827409 2.570080 19.413992 2.969678
 143.800000 -2.003923 2.578407 19.923190 21.366407
 144.000000 -2.571233 2.452011 23.572977 10.408831
 144.200000 -2.850279 3.092261 20.969850 410.309597
 144.400000 3.027385 2.905038 3.972274 3489.726477
 144.600000 -2.888806 2.611864 20.090330 641.428917
 144.800000 -2.398757 2.791300 23.090902 50.597319
 145.000000 -2.062523 2.688313 20.255851 40.118263
 145.200000 -2.150434 2.511815 20.980322 88.913406
 145.400000 -2.116278 2.542042 20.673062 71.783697
 145.600000 -2.131436 2.747194 20.805321 80.332416
 145.800000 -2.753312 2.703068 22.367948 94.143425
 146.000000 -3.110422 2.924723 12.214532 2240.564970
 146.200000 3.086722 2.951348 7.572745 3551.134672
 146.400000 -2.714676 2.777708 22.710270 63.581466
 146.600000 -1.701326 2.767100 20.606790 290.802255
 146.800000 -1.940239 2.079214 19.690675 17.983813
 147.000000 -1.701349 2.363627 20.606385 290.727048
 147.200000 -2.038985 2.564525 20.175097 31.502676
 147.400000 -2.569638 2.933922 23.611836 9.545881
 147.600000 -3.022867 2.816635 15.857457 1367.171976
 147.800000 2.993750 2.788699 2.107484 2841.103749
 148.000000 -2.760642 2.945155 22.305212 103.979069
 148.200000 -2.391970 2.861232 23.075111 49.158291
 148.400000 -2.340860 2.474404 22.705982 54.561081
 148.600000 -2.174191 2.975276 21.271712 93.392402
 148.800000 -2.134430 2.784029 20.897368 81.372058
 149.000000 -2.198537 2.628152 21.507154 92.631114
 149.200000 -2.116758 2.758839 20.767681 71.792701
 149.400000 -2.380171 2.585438 23.001691 50.402798
 149.600000 -2.463010 2.695842 23.521435 22.938543
 149.800000 -2.733312 2.870296 22.570966 75.772636
 150.000000 -3.131631 2.864054 11.198755 2565.827597
 150.200000 3.112230 2.899523 9.093554 3205.667228
 150.400000 -2.665349 2.730443 23.106668 50.961750
 150.600000 -2.141133 2.545014 21.009154 83.440487
 150.800000 -1.867918 2.465367 19.465298 5.760436
 151.000000 -1.802989 2.537117 19.496172 16.414934
 151.200000 -2.293105 2.494575 22.390011 59.080647
 151.400000 -2.518357 2.993354 23.707531 0.913550
 151.600000 2.979862 2.799998 1.431295 2502.332750
 151.800000 -2.912199 3.080858 19.525125 780.854667
 152.000000 -2.425154 2.660499 23.327640 40.001438
 152.200000 -1.901418 2.378490 19.593743 17.401738
 152.400000 -1.834312 2.355490 19.435673 0.073867
 152.600000 -2.075145 2.652756 20.523106 50.136045
 152.800000 -2.840398 2.831078 21.213177 347.208850
 153.000000 2.896123 2.752321 -0.000000 0.000000
 153.200000 -2.841010 2.910482 21.206824 349.077428
 153.400000 -2.769762 2.528880 22.236200 119.016124
 153.600000 -2.376900 2.725072 23.023571 48.764857
 153.800000 -2.188071 2.668423 21.527009 88.137060
 154.000000 -2.019168 2.504643 20.196545 31.209962
 154.200000 -1.809552 2.634355 19.484295 8.755598
 154.400000 -1.787699 2.546749 19.579722 33.828865
 154.600000 -2.022522 2.669432 20.236194 32.872961
 154.800000 -2.757444 2.737464 22.371023 101.631455
 155.000000 3.099804 2.823165 8.421631 3364.025647
 155.200000 -2.645897 2.958072 23.292219 48.491001
 155.400000 -2.702668 2.543191 22.864483 64.763285
 155.600000 -2.229943 2.667603 21.955015 74.877399
 155.800000 -2.411609 2.740132 23.283040 43.356999
 156.000000 -2.637082 2.639111 23.352520 45.049951
 156.200000 -2.932003 2.757266 18.988086 896.334416
 156.400000 3.041573 3.070605 4.956378 3614.391979
 156.600000 3.023701 2.681846 3.893724 3434.813559
 156.800000 -2.624091 3.104738 23.451342 39.470043
 157.000000 -2.223602 2.630562 21.925187 76.199639
 157.200000 -1.746837 2.431630 19.927127 125.258735
 157.400000 -1.896821 2.380036 19.630236 20.023746
 157.600000 -1.793699 2.703760 19.553122 22.662111
 157.800000 -2.473751 2.628884 23.656535 18.504299
 158.000000 -2.776480 2.997908 22.185777 133.426938
 158.200000 -2.677855 3.141242 23.094991 60.366494
 158.400000 -2.222391 2.324501 21.966315 74.733913
 158.600000 -1.452300 1.711716 25.124357 206.595802
 158.800000 -1.061005 1.045493 20.761372 947.772894
 159.000000 -1.763083 0.769602 19.763686 78.910578
 159.200000 -1.626785 0.796990 21.950158 402.865474
 159.400000 -1.275243 1.076183 25.677213 133.296165
 159.600000 -0.936469 1.341383 16.201508 1711.172673
 159.800000 -0.776679 1.368773 9.772532 1416.545334
 160.000000 -0.929904 1.235680 15.929092 1731.350891
 160.200000 -1.751696 0.838592 19.874310 105.392667
 160.400000 -1.504815 0.191113 24.265192 293.869262
 160.600000 -1.816681 0.144364 19.496507 2.380070
 160.800000 -1.503780 0.996278 24.282918 292.393476
 161.000000 -0.704294 1.286853 6.957937 1679.074373
 161.200000 -0.578751 1.980301 1.324352 1964.483692
 161.400000 -0.881603 2.545829 13.887417 1732.600048
 161.600000 -0.725907 2.267458 7.815362 1545.365955
 161.800000 -0.619277 1.850702 3.179934 2161.307459
 162.000000 -0.869872 1.767633 13.401304 1699.630296
 162.200000 -0.750241 1.744697 8.749574 1448.200565
 162.400000 -0.578030 1.704394 1.291157 1953.699642
 162.600000 -0.653580 2.081978 4.755290 2042.040174
 162.800000 -0.727690 2.261681 7.879908 1535.415745
 163.000000 -0.802459 2.106978 10.722752 1453.269141
 163.200000 -0.597040 1.808089 2.149514 2099.254129
 163.400000 -0.968255 1.857193 17.450087 1547.487126
 163.600000 -0.662965 1.981241 5.176666 1980.810756
 163.800000 -0.704050 2.096202 6.933574 1678.350836
 164.000000 -0.649805 2.140757 4.584700 2063.286621
 164.200000 -0.489434 1.756866 -0.000000 0.000000
 164.400000 -1.025456 1.785663 19.541533 1153.633532
 164.600000 -0.788253 2.159647 10.186455 1418.702632
 164.800000 -0.689669 2.064824 6.342596 1782.514998
 165.000000 -0.780643 1.925028 9.900214 1411.700166
 165.200000 -1.759408 1.663465 19.817813 79.113936
 165.400000 -1.575508 0.736729 22.921017 369.782767
 165.600000 -0.629366 0.310487 3.662156 2150.225251
 165.800000 -0.510276 -0.067380 -0.000003 0.000001
 166.000000 -0.730087 -0.639744 7.988616 1516.364263
 166.200000 -0.560012 -0.261895 0.533512 1821.656441
 166.400000 -0.417285 0.330104 -0.000000 0.000000
 166.600000 -1.787195 0.961983 19.628138 25.072601
 166.800000 -2.401138 1.319007 23.313617 38.693530
 167.000000 -0.886590 2.258286 14.075161 1721.020254
 167.200000 -1.002071 2.359075 18.696628 1305.006856
 167.400000 -0.712299 2.146635 7.305206 1610.603192
 167.600000 -0.995733 1.608634 18.465741 1349.565505
 167.800000 -1.114919 1.246094 22.197201 721.522153
 168.000000 -1.971438 0.654010 20.167751 35.653953
 168.200000 -0.937099 0.222605 16.168693 1678.550534
 168.400000 -0.823463 0.303719 11.542972 1489.234585
 168.600000 -0.803935 -0.601112 10.797742 1427.248118
 168.800000 -0.584249 -0.767969 1.611225 2033.030523
 169.000000 -1.057514 0.307832 20.540648 947.136812
 169.200000 -1.381581 1.404131 25.752655 46.522228
 169.400000 -0.825799 1.836807 11.640444 1492.965010
 169.600000 -1.046098 2.218299 20.174787 1006.103735
 169.800000 -2.308912 2.499240 22.786851 34.382666
 170.000000 3.079791 3.141335 7.363843 3491.023493
 170.200000 -2.877361 -3.113918 20.511416 552.659930
 170.400000 -3.021314 1.949452 16.014742 1380.954827
 170.600000 -2.048905 2.392940 20.698671 51.262687
 170.800000 -1.660291 2.876897 21.254999 343.039199
 171.000000 -2.445423 2.403384 23.592241 31.145202
 171.200000 -2.999276 2.476075 16.816897 1268.882889
 171.400000 -3.024959 -2.813705 15.878863 1402.312999
 171.600000 3.077687 2.749391 7.245781 3497.229455
 171.800000 -2.830564 2.535702 21.466442 300.545898
 172.000000 -1.937895 3.040146 20.005451 35.261129
 172.200000 -1.808201 2.489482 19.579506 4.039029
 172.400000 -1.689084 1.816833 20.744222 276.003983
 172.600000 -1.664025 1.915843 21.182595 332.943304
 172.800000 -1.666256 1.980611 21.142015 328.779794
 173.000000 -2.283206 2.688875 22.665229 36.900990
 173.200000 -2.791900 -3.093299 22.053690 172.167224
 173.400000 -3.141163 2.810459 10.830172 2624.240765
 173.600000 -1.777473 2.660321 19.709415 36.450806
 173.800000 -1.184271 2.118643 23.844256 515.263415
 174.000000 -0.640085 1.286409 4.252399 2126.614422
 174.200000 -1.086647 0.857979 21.339791 797.968827
 174.400000 -1.603473 0.428395 22.330203 367.699331
 174.600000 -1.523672 0.654138 23.794736 296.578323
 174.800000 -0.994004 1.251762 18.366888 1327.155796
 175.000000 -0.639020 2.152105 4.213174 2132.322863
 175.200000 -0.888067 2.373008 14.149528 1679.053148
 175.400000 -0.601439 1.986139 2.469756 2164.644539
 175.600000 -1.091718 1.688016 21.474720 777.473557
 175.800000 -1.601653 0.806539 22.361425 364.137704
 176.000000 -1.427237 0.231069 25.233658 143.349589
 176.200000 -1.305059 0.678252 25.697582 38.814308
 176.400000 -1.144768 1.698604 22.865969 625.040188
 176.600000 -0.579201 2.369252 1.459537 2021.006248
 176.800000 -0.993860 2.345780 18.354859 1321.570859
 177.000000 -0.673579 1.897892 5.787954 1895.270177
 177.200000 -1.029507 1.111290 19.585810 1078.844870
 177.400000 -1.255233 0.392449 25.158376 216.361130
 177.600000 -0.610041 -0.062090 2.892788 2192.443601
 177.800000 -0.836151 0.046064 12.081567 1499.413549
 178.000000 -0.816672 -0.123221 11.336608 1428.187488
 178.200000 -0.684775 0.162869 6.295070 1800.431320
 178.400000 -1.003268 0.126414 18.690260 1249.550290
 178.600000 -0.525597 0.184586 -0.000576 0.030794
 178.800000 -0.507539 -0.015286 -0.000003 0.000001
 179.000000 -1.061899 -0.047388 20.597861 893.493405
 179.200000 -0.566377 -0.016887 0.924059 1900.766038
 179.400000 -0.527534 -0.120236 -0.001117 0.114458
 179.600000 -1.110600 0.353480 21.963310 708.082586
 179.800000 -1.342572 1.164439 25.769056 0.319865
 180.000000 -1.994536 1.545938 20.417503 40.809231
 180.200000 -1.694120 2.226706 20.677084 248.503520
 180.400000 -2.099853 2.777472 21.213944 79.635943
 180.600000 -2.811662 2.877666 21.773486 226.354683
 180.800000 -3.056627 3.048351 14.656313 1624.750434
 181.000000 3.128583 2.843651 10.124514 2820.180350
 181.200000 2.946922 2.646807 0.133953 1878.472816
 181.400000 -2.192152 2.941295 22.083700 78.471637
 181.600000 -1.832170 2.625068 19.625170 0.725640
 181.800000 -1.856826 1.848789 19.674379 9.196727
 182.000000 -1.663150 1.365390 21.200301 314.725243
 182.200000 -0.851754 0.443542 12.738668 1542.106129
 182.400000 -0.579197 -0.573907 1.532864 2055.274749
 182.600000 -0.631733 -0.694348 3.983421 2179.183674
 182.800000 -0.848060 -0.084948 12.593929 1527.881471
 183.000000 -1.182209 0.759605 23.710009 511.828205
 183.200000 -1.389267 1.488802 25.518890 60.318716
 183.400000 -1.898453 1.926159 19.867246 26.752715
 183.600000 -1.746013 2.714003 20.017055 98.317205
 183.800000 -2.419174 2.899777 23.441692 31.976011
 184.000000 3.084473 2.666570 7.658956 3390.629695
 184.200000 3.048691 3.002737 5.544850 3528.860322
 184.400000 3.083862 2.742882 7.623969 3393.780837
 184.600000 -3.081351 2.723874 13.627097 1843.171419
 184.800000 -2.710874 3.100200 22.905147 82.885234
 185.000000 -2.823827 2.494773 21.572490 268.609927
 185.200000 -2.197312 2.959130 22.157746 74.460803
 185.400000 -2.131213 2.633616 21.540169 91.793069
 185.600000 -2.028520 2.286680 20.672629 49.425998
 185.800000 -1.914718 2.569465 19.968272 30.177290
 186.000000 -1.915347 2.761486 19.971729 30.322956
 186.200000 -2.420680 2.425898 23.442362 31.162816
 186.400000 -2.600126 2.882748 23.736410 24.348447
 186.600000 -3.031246 2.852689 15.649298 1448.843518
 186.800000 -3.063113 3.043075 14.393014 1672.621955
 187.000000 -2.784889 2.729413 22.128874 158.282466
 187.200000 -2.679613 2.818830 23.178632 71.029395
 187.400000 -2.370388 2.832777 23.173813 24.427492
 187.600000 -2.604354 2.691831 23.713815 27.141562
 187.800000 -2.322083 2.885024 22.948335 20.741962
 188.000000 -2.760459 2.791648 22.413896 119.697784
 188.200000 -2.781807 2.741612 22.165335 153.257175
 188.400000 -2.764094 3.029198 22.373495 124.906467
 188.600000 -2.955018 2.641595 18.331808 1032.585708
 188.800000 -2.478337 3.025907 23.741186 18.666314
 189.000000 -2.666251 2.583656 23.290149 65.421275
 189.200000 -2.610173 2.635856 23.685084 30.913216
 189.400000 -2.653016 2.909248 23.397551 58.599519
 189.600000 -2.692419 2.778203 23.073468 75.845362
 189.800000 -2.635612 2.750622 23.524959 48.357568
 190.000000 -2.246909 2.897188 22.566157 41.984701
 190.200000 -2.224267 2.398589 22.414874 55.782290
 190.400000 -2.066127 2.502832 20.985696 68.216395
 190.600000 -1.663333 2.993905 21.201357 283.702608
 190.800000 -2.305552 2.444442 22.889991 21.572673
 191.000000 -2.333371 2.733405 23.015874 20.119909
 191.200000 -2.698253 2.865156 23.034045 78.525896
 191.400000 2.960618 2.739270 0.791809 2037.302465
 191.600000 -2.855772 3.061938 20.981178 419.668135
 191.800000 -2.824429 2.876923 21.561334 275.918806
 192.000000 -2.607526 2.377608 23.710453 28.685604
 192.200000 -2.378517 2.860375 23.240344 24.387960
 192.400000 -2.230512 2.798597 22.480443 51.724731
 192.600000 -2.705902 2.394625 22.973984 82.179916
 192.800000 -2.358187 2.945049 23.143226 21.405932
 193.000000 -2.734188 2.934671 22.706599 97.929459
 193.200000 -2.956059 2.561552 18.302440 1035.359825
 193.400000 -2.355400 -3.094902 23.140466 20.863052
 193.600000 -2.314993 2.619347 22.961017 19.894367
 193.800000 -2.135909 2.274482 21.647443 96.638471
 194.000000 -1.699003 2.889125 20.640419 201.551917
 194.200000 -2.047307 2.734786 20.851793 60.936107
 194.400000 -2.704598 2.372615 23.002892 82.345870
 194.600000 -2.791999 -3.109540 22.059083 181.240765
 194.800000 3.062082 2.756867 6.359702 3506.469258
 195.000000 -2.905546 2.593393 19.802954 724.649692
 195.200000 -2.240828 3.006091 22.586710 45.683103
 195.400000 -2.017237 2.388249 20.633952 48.235766
 195.600000 -1.744297 2.234430 20.104270 87.654766
 195.800000 -1.873770 2.467341 19.834791 13.341734
 196.000000 -2.290467 2.836788 22.870988 23.699006
 196.200000 -3.019045 2.838585 16.121557 1372.555625
 196.400000 3.006957 3.116370 3.154830 3075.071321
 196.600000 -2.553431 3.081120 23.928425 1.057091
 196.800000 -2.098102 2.247386 21.303126 89.444239
 197.000000 -1.658744 2.217527 21.258672 272.497290
 197.200000 -1.887838 2.143623 19.903282 17.998154
 197.400000 -2.178754 2.625521 22.103964 88.267702
 197.600000 -2.662827 3.088456 23.388180 63.384980
 197.800000 2.970369 2.726006 1.260678 2264.089871
 198.000000 -3.086964 2.884634 13.402209 1902.285639
 198.200000 -2.765100 2.739610 22.421223 135.084612
 198.400000 -2.715616 2.750877 22.935931 89.386110
 198.600000 -2.551218 2.779161 23.948031 0.696839
 198.800000 -3.043408 2.228582 15.197488 1523.464870
 199.000000 -2.627731 2.962888 23.652363 41.908945
 199.200000 -2.634020 2.910741 23.620708 46.251526
 199.400000 -2.718187 2.529803 22.920441 91.328079
 199.600000 -2.180789 2.902290 22.146096 87.770984
 199.800000 -1.842721 2.653839 19.778313 2.261947
 200.000000 -1.860250 2.032378 19.816041 7.588889
 200.200000 -1.499434 2.108075 24.417403 241.341562
 200.400000 -1.853620 2.255597 20.310904 5.263982
 200.600000 -2.282020 2.891441 23.390863 25.254176
 200.800000 -3.030632 2.859677 16.200585 1441.205259
 201.000000 3.082168 3.103276 8.055656 3390.469432
 201.200000 2.989262 2.738752 2.722612 2710.030437
 201.400000 3.082432 2.687914 8.070771 3386.656532
 201.600000 -2.700413 3.131635 23.609465 82.692003
 201.800000 -2.743470 2.890773 23.189078 111.604963
 202.000000 -2.666444 2.475062 23.902370 65.953100
 202.200000 -2.227940 2.889538 23.077540 53.912937
 202.400000 -1.665789 2.825422 21.631855 244.512183
 202.600000 -2.203425 2.223176 22.882922 72.508162
 202.800000 -1.649607 2.544785 21.890858 266.765642
 203.000000 -1.988221 2.704465 20.970898 40.637122
 203.200000 -2.273764 2.518685 23.372036 27.546972
 203.400000 -2.495890 2.769218 24.417007 11.568516
 203.600000 -2.599908 2.915274 24.361934 21.903133
 203.800000 -2.725284 2.711631 23.392481 97.848145
 204.000000 -2.393265 2.807473 23.914942 25.232051
 204.200000 -2.138505 2.602401 22.276242 105.346364
 204.400000 -2.028620 2.610945 21.257658 57.213924
 204.600000 -1.730783 2.553079 20.769743 104.608036
 204.800000 -2.270498 2.432828 23.362706 28.652083
 205.000000 -2.390354 2.960316 23.907813 24.880236
 205.200000 3.024746 3.026362 4.687875 3322.141568
 205.400000 3.088686 2.702409 8.438064 3327.185853
 205.600000 -2.653028 3.044023 24.046850 58.449040
 205.800000 -2.346169 2.777885 23.713066 18.513846
 206.000000 -1.988887 2.367717 20.986212 41.236812
 206.200000 -1.562942 2.304173 23.306207 274.531313
 206.400000 -1.870384 2.325140 20.387758 10.237093
 206.600000 -2.226119 2.580933 23.101215 54.808849
 206.800000 -2.591733 2.932140 24.426935 16.686267
 207.000000 3.066937 2.752301 7.169018 3476.205880
 207.200000 -2.915081 2.768814 20.070093 800.899186
 207.400000 -2.633825 2.849724 24.204243 46.002969
 207.600000 -2.535234 2.670861 24.537133 0.339715
 207.800000 -2.761625 2.557723 23.033792 137.592796
 208.000000 -2.802308 2.797479 22.495852 223.821613
 208.200000 2.905904 2.888224 -0.000951 0.049747
 208.400000 -2.992435 2.786295 17.598740 1233.704150
 208.600000 -2.466114 2.856836 24.341846 23.006252
 208.800000 -2.615824 2.509449 24.329489 33.177081
 209.000000 -2.115599 2.927324 22.074475 105.655630
 209.200000 -2.325216 2.589309 23.663589 17.685045
 209.400000 -2.084416 2.643269 21.768959 93.180898
 209.600000 -2.008040 2.620879 21.132389 49.018693
 209.800000 -1.778229 2.731445 20.433024 21.804332
 210.000000 -2.215800 2.186950 23.051548 63.087925
 210.200000 -1.705890 2.653798 21.050771 145.737277
 210.400000 -2.077838 2.618075 21.714966 90.359558
 210.600000 -2.405091 2.556809 24.041586 27.348887
 210.800000 -2.634861 2.827377 24.231948 47.182559
 211.000000 3.008306 2.855009 3.767075 3082.867430
 211.200000 2.979789 2.963604 2.259836 2490.559415
 211.400000 3.077793 2.761683 7.813407 3410.689059
 211.600000 -2.752571 2.982930 23.170378 129.260477
 211.800000 -2.732655 2.770812 23.386999 108.754406
 212.000000 -2.557153 2.846368 24.576858 1.490949
 212.200000 -2.520765 2.934409 24.578134 3.257535
 212.400000 2.999403 2.719345 3.284698 2919.516291
 212.600000 3.042977 2.919969 5.766174 3460.834618
 212.800000 -2.467742 2.786737 24.392525 23.174964
 213.000000 -1.960292 2.292572 20.846582 33.695491
 213.200000 -1.517295 2.168171 23.939348 242.020606
 213.400000 -1.981636 2.256961 20.981828 40.218324
 213.600000 -2.096543 2.713698 21.930022 102.918490
 213.800000 -2.288317 -3.045611 23.544579 21.615155
 214.000000 -2.904062 2.614604 20.394004 739.198955
 214.200000 3.135656 2.754710 11.039257 2697.828195
 214.400000 -3.034971 3.052012 16.046254 1470.795329
 214.600000 2.965957 2.662258 1.605722 2157.414563
 214.800000 -2.953395 2.925152 18.925652 1035.497136
 215.000000 -2.779295 2.909258 22.869455 175.754299
 215.200000 -2.579414 2.484531 24.582317 9.475625
 215.400000 -2.049431 2.784790 21.503508 76.077144
 215.600000 -1.808992 2.655425 20.369934 1.607148
 215.800000 -2.170696 2.321504 22.722158 97.050346
 216.000000 -1.947738 2.520560 20.792768 31.065019
 216.200000 -1.989769 2.890453 21.055946 44.296430
 216.400000 -2.415181 2.479360 24.152572 29.813156
 216.600000 -2.491357 2.868199 24.541017 15.021983
 216.800000 -3.036089 2.799770 16.008639 1478.038912
 217.000000 3.041053 2.817615 5.675602 3448.574509
 217.200000 -2.884642 3.012956 20.920219 625.493556
 217.400000 -2.444627 2.708892 24.325007 30.192189
 217.600000 -2.078136 2.237959 21.791073 95.971297
 217.800000 -1.557372 2.616723 23.246841 255.105095
 218.000000 -2.123492 2.570640 22.258391 112.278433
 218.200000 -2.820457 2.704993 22.279587 298.548061
 218.400000 -3.083184 -2.931772 14.101704 1855.773114
 218.600000 -3.076632 2.710596 14.381458 1791.434836
 218.800000 -2.473072 2.624699 24.484699 23.153241
 219.000000 -1.913369 2.746170 20.637293 22.534417
 219.200000 -1.865909 2.372820 20.457482 8.622175
 219.400000 -1.858663 2.060202 20.437604 6.475692
 219.600000 -1.645210 2.177707 21.840513 221.450153
 219.800000 -2.005917 2.486861 21.194000 52.686384
 220.000000 -2.560819 2.918378 24.677758 2.084451
 220.200000 2.962050 2.936842 1.454362 2075.410485
 220.400000 3.074743 2.831512 7.680993 3415.430308
 220.600000 -2.302759 2.886015 23.671746 17.668557
 220.800000 -2.174440 2.462388 22.819943 92.952085
 221.000000 -1.747232 2.736095 20.654733 51.968342
 221.200000 -2.192859 2.518459 23.002665 78.101874
 221.400000 -1.992861 2.711456 21.120894 47.342125
 221.600000 -2.189712 2.664438 22.974617 80.727247
 221.800000 -1.776434 2.759568 20.493924 17.348853
 222.000000 -2.345287 2.277934 23.856738 18.038947
 222.200000 -1.897563 2.908288 20.598735 18.294183
 222.400000 -2.185217 2.558589 22.947975 83.825991
 222.600000 -1.990350 2.471469 21.115032 46.761984
 222.800000 -1.825749 2.453165 20.412811 0.130914
 223.000000 -1.963860 2.594523 20.944360 36.850725
 223.200000 -2.644492 2.672028 24.327053 56.886891
 223.400000 3.105225 2.943649 9.442817 3105.688874
 223.600000 2.963142 -3.141552 1.520293 2111.540820
 223.800000 -2.947740 2.810294 19.140135 1012.981089
 224.000000 -1.983586 2.842342 21.083576 44.398221
 224.200000 -1.876084 2.124809 20.537454 12.156713
 224.400000 -1.886997 1.854913 20.578045 15.539433
 224.600000 -1.682830 1.475859 21.306260 153.715178
 224.800000 -1.326477 0.858244 25.520988 5.885030
 225.000000 -0.797513 0.239405 11.089610 1322.385762
 225.200000 -0.832086 -0.102782 12.349232 1395.782176
 225.400000 -0.610582 -0.496720 3.499235 2122.986606
 225.600000 -0.499803 -0.437975 -0.000073 0.000362
 225.800000 -0.651203 0.144663 5.352227 1990.956263
 226.000000 -1.722191 1.047493 20.881078 84.449313
 226.200000 -1.734677 1.968907 20.778647 63.269473
 226.400000 -1.823747 2.736207 20.450914 0.108654
 226.600000 -2.868368 2.823091 21.353537 539.878351
 226.800000 -2.856443 3.055385 21.621860 473.847697
 227.000000 -2.280110 2.676724 23.631155 20.310354
 227.200000 -1.853947 2.479243 20.503330 5.704036
 227.400000 -1.622586 2.216369 22.129789 217.257887
 227.600000 -1.698729 2.373313 21.125478 120.278073
 227.800000 -2.380073 2.597648 24.064313 24.731819
 228.000000 3.069294 2.973573 7.406502 3431.648575
 228.200000 3.004154 2.891760 3.638855 3032.908397
 228.400000 -3.009672 2.878631 17.029327 1328.946308
 228.600000 -2.519185 2.870043 24.759906 5.004334
 228.800000 -2.240590 2.534054 23.444585 36.435440
 229.000000 -1.856190 2.562937 20.519625 6.418291
 229.200000 -1.804560 2.693582 20.488054 1.382782
 229.400000 -2.056654 2.512471 21.752916 87.673750
 229.600000 -2.457595 2.718218 24.512350 30.635267
 229.800000 -2.800203 2.830194 22.677575 242.081441
 230.000000 3.055279 2.791391 6.596149 3466.868938
 230.200000 3.090364 2.835999 8.645740 3251.700153
 230.400000 -2.792324 2.922947 22.802490 221.003379
 230.600000 -2.940167 2.618809 19.394672 977.403787
 230.800000 -2.985484 2.861684 17.893352 1212.952377
 231.000000 2.957702 2.866592 1.314026 2001.199107
 231.200000 3.081848 2.758090 8.166149 3328.141069
 231.400000 2.967020 3.013591 1.751199 2238.839612
 231.600000 -2.982239 2.839424 18.009496 1198.548784
 231.800000 -2.607324 2.737382 24.650936 28.689050
 232.000000 -2.652402 2.645085 24.342723 65.682990
 232.200000 -2.562472 2.850493 24.819093 2.355080
 232.400000 -2.929784 2.812732 19.722876 919.362039
 232.600000 3.058504 2.908702 6.816771 3452.353938
 232.800000 -2.920850 2.964082 19.989797 865.543800
 233.000000 -2.804533 2.609060 22.624811 256.194934
 233.200000 -2.357703 2.700379 24.005384 19.667661
 233.400000 -2.179491 2.785683 23.038307 81.046084
 233.600000 -2.005993 2.451683 21.374381 58.339396
 233.800000 -1.822439 2.482592 20.518315 0.149184
 234.000000 -1.950437 2.400457 20.998125 35.764709
 234.200000 -2.307707 2.797008 23.811963 14.829299
 234.400000 -2.937937 2.933038 19.484151 971.207146
 234.600000 -2.930105 3.004047 19.725315 924.932054
 234.800000 -2.203854 2.669570 23.254078 60.443087
 235.000000 -1.530386 2.123011 23.443197 214.300851
 235.200000 -1.590896 1.269583 22.546918 209.131308
 235.400000 -1.098004 0.294328 21.344805 672.462992
 235.600000 -0.288459 -0.137978 -0.000000 0.000000
 235.800000 1.024605 -1.079579 -0.000000 0.000000
