#! FIELDS time phi psi ves.bias ves.force2
#! SET min_phi -pi
#! SET max_phi pi
#! SET min_psi -pi
#! SET max_psi pi
 0.000000 -1.498385 0.273949 23.369432 70.063852
 0.200000 -0.630171 0.666322 2.435430 2052.438875
 0.400000 -1.677431 1.243568 21.257964 183.741095
 0.600000 -1.137300 0.924106 21.300110 508.734643
 0.800000 -1.359809 0.664946 23.999244 0.316569
 1.000000 -0.951467 0.445413 15.770168 1277.599828
 1.200000 -0.784046 0.492870 9.322190 1664.465069
 1.400000 -0.743771 0.084092 7.630277 1877.102610
 1.600000 -0.751698 -0.172273 7.971562 1830.689183
 1.800000 -0.663093 -0.059826 3.955016 2181.171216
 2.000000 -1.217904 0.239543 23.219165 255.588139
 2.200000 -0.852701 0.725089 12.379442 1425.967032
 2.400000 -1.518729 1.368386 23.231216 92.681282
 2.600000 -1.509941 1.332888 23.314901 88.665358
 2.800000 -1.104149 0.564332 20.819607 656.218789
 3.000000 -1.308973 0.186154 24.144517 26.409920
 3.200000 -1.047605 0.673494 19.311052 920.660834
 3.400000 -1.577035 1.219087 22.654646 151.854796
 3.600000 -1.375228 1.219095 24.371589 4.920789
 3.800000 -1.168926 0.778136 22.403138 416.758244
 4.000000 -1.386456 0.710790 24.340485 10.953121
 4.200000 -1.461916 1.392094 24.060418 83.712731
 4.400000 -0.974881 1.246534 16.981061 1213.706699
 4.600000 -1.022660 0.980652 18.594335 1055.471317
 4.800000 -1.673281 0.845904 21.320776 218.309754
 5.000000 -1.421769 0.712590 24.375000 40.554185
 5.200000 -1.248009 1.203516 23.961362 173.069291
 5.400000 -1.214897 1.506440 23.470295 270.742468
 5.600000 -1.141022 1.415208 22.007438 530.752987
 5.800000 -1.458269 1.097529 24.267334 79.110468
 6.000000 -1.054507 0.269294 19.697335 914.531518
 6.200000 -0.500694 -0.313364 -0.000000 0.000000
 6.400000 -0.583568 -0.448371 0.450215 1662.478923
 6.600000 -0.568368 -0.236199 -0.027757 0.548562
 6.800000 -0.688582 -0.003946 5.334523 2473.294397
 7.000000 -1.092739 0.388311 20.929105 737.504609
 7.200000 -1.458356 1.316872 24.532371 93.698333
 7.400000 -1.000229 1.329777 18.183043 1179.538715
 7.600000 -1.519951 1.173600 23.795267 193.603525
 7.800000 -1.676438 0.754458 21.270322 267.567480
 8.000000 -1.134859 0.823206 22.088569 534.033394
 8.200000 -1.458236 1.225460 24.634382 98.195531
 8.400000 -2.099862 1.353161 20.073809 60.143337
 8.600000 -1.380972 1.148834 25.096820 2.659316
 8.800000 -0.643730 0.476586 3.212482 2332.867034
 9.000000 -0.704660 0.056205 6.219501 2420.192880
 9.200000 -0.376319 -0.754916 -0.000000 0.000000
 9.400000 -0.587909 -0.468770 0.743803 1689.811715
 9.600000 -0.762127 0.148054 8.996279 2052.003070
 9.800000 -1.342208 1.084763 25.149021 10.442521
 10.000000 -1.630445 1.463001 22.112120 311.233180
 10.200000 -1.756884 1.128078 20.073442 175.951188
 10.400000 -0.748630 0.567334 8.466478 2137.996335
 10.600000 -1.123882 0.248319 22.053528 565.661515
 10.800000 -0.676512 0.094521 4.969755 2477.523500
 11.000000 -0.530714 -0.267922 -0.000006 0.000002
 11.200000 -0.712627 -0.467907 6.861750 2372.415046
 11.400000 -0.654344 -0.337619 3.967495 2462.863939
 11.600000 -0.628969 0.130860 2.727119 2293.557994
 11.800000 -1.438878 0.384444 25.007513 68.559586
 12.000000 -1.883351 1.069912 19.066668 5.792634
 12.200000 -1.058466 1.257423 20.400706 868.456333
 12.400000 -0.707982 1.346014 6.753368 2378.803572
 12.600000 -0.876758 1.557925 13.970551 1489.059729
 12.800000 -1.212381 1.547177 23.917564 281.476185
 13.000000 -1.115032 0.879409 21.922018 593.978287
 13.200000 -1.790220 0.608144 19.706682 124.640767
 13.400000 -1.641180 0.611772 22.040787 324.571332
 13.600000 -0.992110 0.940781 18.322743 1201.917860
 13.800000 -0.668686 1.570409 4.920514 2515.810786
 14.000000 -0.772913 2.273249 9.861877 1880.290047
 14.200000 -0.695577 2.456013 6.384296 2419.752874
 14.400000 -0.710893 2.059198 7.130156 2319.795858
 14.600000 -0.713775 1.110679 7.268624 2298.744818
 14.800000 -1.501916 0.680467 24.373858 184.806502
 15.000000 -1.593320 0.635938 22.921626 307.367789
 15.200000 -1.424042 1.236999 25.203010 44.081106
 15.400000 -0.666017 1.144467 5.034321 2539.211871
 15.600000 -1.005354 1.302616 18.886344 1122.352854
 15.800000 -1.529817 1.331987 24.006221 226.018478
 16.000000 -1.643659 0.759786 22.057072 331.165856
 16.200000 -0.840927 0.389539 12.890951 1490.229664
 16.400000 -1.705460 0.904860 20.998707 293.772484
 16.600000 -1.698108 1.298741 21.125777 303.429183
 16.800000 -1.081095 0.981490 21.220272 711.683794
 17.000000 -1.163656 0.716492 23.137431 401.042632
 17.200000 -1.858410 0.978254 19.165796 35.639220
 17.400000 -1.057924 1.409482 20.630930 817.846674
 17.600000 -0.465092 0.816536 -0.000000 0.000000
 17.800000 -1.079075 0.831996 21.215397 711.415012
 18.000000 -1.811847 0.865839 19.538008 100.898959
 18.200000 -1.749563 0.885802 20.369792 238.556216
 18.400000 -0.328649 0.839216 -0.000000 0.000000
 18.600000 -0.576056 1.560949 0.895333 2001.065141
 18.800000 -0.989847 2.260199 18.538931 1165.404041
 19.000000 -1.279012 2.814290 24.976810 103.660553
 19.200000 -2.022629 2.271328 19.063280 16.310467
 19.400000 -2.921694 2.330197 17.118181 857.782809
 19.600000 3.078733 -2.957656 4.832667 2970.979050
 19.800000 3.045463 2.801966 3.074224 2568.701565
 20.000000 -2.414216 2.534179 21.925272 34.636111
 20.200000 -1.856232 2.831415 19.197025 47.481093
 20.400000 -2.244791 2.468445 20.647248 68.237066
 20.600000 -2.937689 2.793135 16.599479 932.205393
 20.800000 2.960215 -2.952853 -0.004378 1.050511
 21.000000 -3.027895 2.679729 13.512260 1497.220697
 21.200000 -2.047524 2.738075 19.104986 22.644404
 21.400000 -1.940760 2.366416 18.886741 0.780552
 21.600000 -2.150084 2.480483 19.800552 68.285598
 21.800000 -2.530974 2.635310 22.244541 0.216152
 22.000000 -2.759576 3.110418 20.721876 225.348452
 22.200000 -2.861767 2.705207 18.643208 620.114715
 22.400000 -2.266320 2.655629 20.740383 64.255955
 22.600000 -1.890435 2.371243 19.027610 19.771855
 22.800000 -2.207257 2.475443 20.249469 72.817415
 23.000000 -2.534376 2.959319 22.221001 0.055518
 23.200000 3.035601 2.716326 2.527836 2400.628592
 23.400000 -2.260271 2.930341 20.663153 65.327223
 23.600000 -1.531171 2.370562 24.239169 158.800299
 23.800000 -1.994427 1.868508 18.918726 2.610001
 24.000000 -2.269258 2.096362 20.735362 63.775380
 24.200000 -1.952693 -3.012993 18.916033 0.532866
 24.400000 -2.757353 2.960146 20.648609 214.480763
 24.600000 -3.132257 2.337045 8.680002 2693.594376
 24.800000 -1.907796 2.894134 19.004881 11.007826
 25.000000 -2.010292 2.572673 18.958196 4.725116
 25.200000 -2.852357 2.162526 18.792075 574.111056
 25.400000 -3.106840 -3.032747 9.945751 2362.645611
 25.600000 -2.939400 -2.812611 16.388668 951.817008
 25.800000 -2.161091 2.328292 19.793939 65.878654
 26.000000 -1.260607 1.812342 24.856663 134.588157
 26.200000 -0.528819 1.052719 -0.000243 0.006261
 26.400000 -1.536062 1.128528 24.201778 145.029414
 26.600000 -1.369280 0.620850 25.403589 1.369241
 26.800000 -0.581008 0.032326 1.441901 2322.052765
 27.000000 -1.168824 0.193705 23.386210 384.434183
 27.200000 -1.156625 0.867033 23.140386 419.247420
 27.400000 -1.752732 1.566398 20.538188 267.570994
 27.600000 -1.995116 2.187346 18.991897 0.727504
 27.800000 -2.464821 -3.050865 22.002213 19.001563
 28.000000 -2.998033 -3.107597 14.423142 1234.720235
 28.200000 -2.981761 2.491267 14.963500 1140.618184
 28.400000 -2.213936 3.069504 20.176415 69.685384
 28.600000 -2.344491 2.642718 21.221860 56.716247
 28.800000 -2.033028 2.425874 19.067780 5.549219
 29.000000 -2.196825 2.685779 20.034079 68.429826
 29.200000 -2.237938 2.995727 20.373177 66.383376
 29.400000 -3.014341 2.635278 13.809626 1333.454412
 29.600000 -3.050694 2.915849 12.411833 1644.765265
 29.800000 -2.403031 2.760410 21.632174 45.897926
 30.000000 -2.449035 2.234797 21.912052 27.157618
 30.200000 -1.812248 2.799966 19.747704 116.062264
 30.400000 -2.777663 2.654265 20.185133 264.704226
 30.600000 -3.074733 2.949023 11.403055 1913.569025
 30.800000 -2.785402 2.751866 20.056380 289.157042
 31.000000 -2.421694 2.399533 21.751033 40.696263
 31.200000 -2.189748 2.766885 19.987825 57.130568
 31.400000 -2.225602 2.736004 20.263850 60.614840
 31.600000 -2.835589 2.492055 19.068390 484.716912
 31.800000 -2.965948 2.792945 15.469930 1048.714148
 32.000000 -2.449659 3.092707 21.917203 28.388117
 32.200000 -2.085920 2.381144 19.352131 20.318764
 32.400000 -1.558020 2.164190 23.971187 163.351225
 32.600000 -2.017330 1.975894 19.135811 3.378665
 32.800000 -2.088335 2.662932 19.363133 21.178576
 33.000000 -3.099578 2.859683 10.274089 2233.159480
 33.200000 2.970595 3.044290 -0.020043 10.956401
 33.400000 -2.342800 2.788114 21.165846 63.352970
 33.600000 -1.862706 2.376582 19.346226 31.172612
 33.800000 -1.973089 1.779789 19.121488 0.231887
 34.000000 -1.504237 1.814735 24.554467 84.782555
 34.200000 -1.705923 1.597745 21.416226 371.751420
 34.400000 -1.775053 1.138577 20.222276 208.349189
 34.600000 -0.828622 0.305058 12.808263 1429.949310
 34.800000 -0.523343 -0.516528 -0.000075 0.000594
 35.000000 -0.537774 -0.611047 -0.007488 4.708731
 35.200000 -0.920624 -0.098253 16.234396 1350.864588
 35.400000 -0.768133 0.339070 10.446193 1624.716448
 35.600000 -1.819537 1.279449 19.696370 93.046113
 35.800000 -1.428980 1.744106 25.074592 28.394182
 36.000000 -0.839605 1.388908 13.206021 1420.830904
 36.200000 -1.184873 1.025942 23.608439 348.391945
 36.400000 -1.655042 0.711322 22.444320 363.797897
 36.600000 -1.293282 0.900304 25.057899 51.140667
 36.800000 -1.219661 1.328855 24.207007 244.234103
 37.000000 -1.486409 1.363128 24.689674 59.905664
 37.200000 -1.157790 0.700823 23.063455 427.329504
 37.400000 -0.699248 0.148435 7.449859 2173.102102
 37.600000 -0.769582 -0.443305 10.483065 1607.497162
 37.800000 -0.536840 -0.530005 -0.007985 5.229999
 38.000000 -0.526986 0.035143 -0.000361 0.013749
 38.200000 -0.979630 0.381152 18.297266 1118.706811
 38.400000 -1.486594 0.864899 24.696792 53.432589
 38.600000 -1.066881 1.578240 20.910610 702.286920
 38.800000 -0.675418 2.033238 6.324318 2367.337598
 39.000000 -0.621267 2.393076 3.603464 2590.756280
 39.200000 -1.091669 2.377201 21.535984 612.311035
 39.400000 -0.530992 1.809127 -0.002000 0.403548
 39.600000 -1.027459 1.648143 19.800811 871.130824
 39.800000 -1.530927 1.060178 24.338218 92.942139
 40.000000 -1.187389 0.348627 23.624089 347.822681
 40.200000 -1.292139 0.522892 25.021526 52.814029
 40.400000 -0.824501 0.852376 12.593740 1440.019712
 40.600000 -1.748851 1.487641 20.704642 306.070978
 40.800000 -1.817546 1.684247 19.748480 99.264950
 41.000000 -1.754384 1.725544 20.609185 289.144941
 41.200000 -1.525091 1.576513 24.432248 80.606662
 41.400000 -1.127985 0.996253 22.397392 504.448345
 41.600000 -0.736987 0.169009 9.153548 1750.872110
 41.800000 -0.730090 -0.224592 8.862846 1803.422077
 42.000000 -0.518325 -0.175212 -0.000050 0.000265
 42.200000 -0.758127 -0.106279 10.022762 1601.886840
 42.400000 -0.529887 0.073637 -0.002654 0.702236
 42.600000 -0.808453 0.090021 11.977865 1452.314316
 42.800000 -0.556412 -0.275719 0.584783 2051.441096
 43.000000 -0.610573 -0.305774 3.195817 2532.192250
 43.200000 -0.918794 -0.083173 16.166940 1392.983015
 43.400000 -0.562935 0.382949 0.925236 2120.784683
 43.600000 -1.672741 1.162278 22.249402 413.397410
 43.800000 -2.058135 1.493332 19.470661 6.423766
 44.000000 -1.803548 2.216065 19.923421 139.510224
 44.200000 -2.183981 2.927245 19.910086 21.495769
 44.400000 3.044866 2.921431 2.798873 2571.832006
 44.600000 -2.941881 2.792257 16.062022 984.168389
 44.800000 -2.355775 2.821745 21.119406 83.999899
 45.000000 -2.099338 2.413112 19.588285 9.339364
 45.200000 -1.739044 2.574253 20.946698 351.717385
 45.400000 -2.834494 2.516136 18.965123 481.597876
 45.600000 -3.134627 3.008559 8.350847 2671.163443
 45.800000 -3.077832 2.890552 11.070355 1922.619532
 46.000000 -3.139753 2.417481 8.084467 2731.139292
 46.200000 -2.558482 -3.038167 21.959277 15.753335
 46.400000 3.039894 2.695010 2.522999 2482.865543
 46.600000 -2.615815 2.856660 21.633488 49.180929
 46.800000 -2.150438 2.764393 19.751363 13.493656
 47.000000 -2.200594 2.390693 19.962196 23.006554
 47.200000 -2.042076 2.872913 19.450605 4.325724
 47.400000 -2.713681 2.901722 20.794772 101.410092
 47.600000 3.034969 2.972000 2.271650 2395.422026
 47.800000 -3.043684 2.984487 12.461450 1535.050725
 48.000000 -2.376541 2.742437 21.273278 87.048113
 48.200000 -1.894891 2.346030 19.349847 4.917186
 48.400000 -1.701553 2.513826 21.730108 427.410444
 48.600000 -2.641992 2.668312 21.400646 58.678553
 48.800000 3.036583 2.979757 2.343447 2430.038873
 49.000000 -2.986408 3.040363 14.534832 1154.681196
 49.200000 -3.080097 2.468590 10.949933 1923.996421
 49.400000 3.123396 2.953108 7.005567 2933.612938
 49.600000 3.044495 3.007714 2.736772 2578.994522
 49.800000 -2.949560 2.563726 15.735192 1011.428508
 50.000000 -2.244018 2.808945 20.158091 35.122789
 50.200000 -2.213149 2.822754 19.985415 21.836760
 50.400000 -2.406808 2.273995 21.522701 73.259366
 50.600000 -2.221510 2.770662 20.025712 24.692862
 50.800000 -2.188918 2.944692 19.881606 15.388276
 51.000000 -2.830256 2.461727 19.007521 467.171127
 51.200000 -2.630112 2.931989 21.431033 53.681171
 51.400000 3.128004 3.096266 7.283452 2899.410805
 51.600000 -3.111653 2.673808 9.518630 2343.603163
 51.800000 -2.303824 3.008968 20.569809 69.551932
 52.000000 -1.920941 2.535691 19.321684 0.120400
 52.200000 -2.105554 2.470156 19.657547 5.777947
 52.400000 -2.450380 2.633356 21.828303 30.197435
 52.600000 -2.679143 3.091883 21.036555 67.459988
 52.800000 3.072486 2.684198 4.246373 2983.386341
 53.000000 -2.839911 2.922451 18.782973 520.284990
 53.200000 -2.466056 2.523492 21.898185 15.725551
 53.400000 -2.334317 2.639791 20.833898 86.563943
 53.600000 -2.226460 2.763259 20.060828 22.834813
 53.800000 -2.835821 2.598715 18.876057 499.497019
 54.000000 -3.098028 2.831478 10.193647 2128.363720
 54.200000 -2.843220 -2.993840 18.710790 541.374587
 54.400000 -2.500922 2.372993 21.973389 0.110663
 54.600000 -1.762282 2.443956 20.571755 293.757281
 54.800000 -1.973044 2.477403 19.385332 3.725974
 55.000000 -2.512256 2.856040 21.970693 0.642064
 55.200000 -2.760199 3.105374 20.211875 167.562374
 55.400000 -2.527530 2.896297 21.946030 5.658789
 55.600000 -2.581777 2.477463 21.705839 36.470561
 55.800000 -2.612263 2.975632 21.505832 48.493659
 56.000000 3.021614 2.968734 1.652309 2209.911036
 56.200000 -2.889626 2.745324 17.519992 794.784947
 56.400000 -2.519846 2.667786 21.971040 2.822608
 56.600000 -2.408542 2.577456 21.542651 72.768679
 56.800000 -2.598576 2.775718 21.605326 44.658809
 57.000000 -2.768814 2.858935 20.104248 192.172315
 57.200000 3.018732 2.859699 1.526377 2168.519404
 57.400000 -2.614443 2.933449 21.505828 50.380905
 57.600000 -2.737868 2.682358 20.492278 116.439559
 57.800000 -2.822559 2.696205 19.187277 431.291459
 58.000000 3.099576 3.007545 5.810537 3106.635647
 58.200000 -2.991736 2.756710 14.343889 1124.608965
 58.400000 -2.546680 2.696992 21.925570 16.949080
 58.600000 -2.203861 2.731711 20.024328 11.864485
 58.800000 -2.216518 2.406187 20.070504 14.936190
 59.000000 -2.232304 2.560345 20.136328 20.190393
 59.200000 -2.521202 2.899377 22.024096 3.681668
 59.400000 2.978313 2.620136 -0.027838 0.042649
 59.600000 3.110013 3.113701 6.419847 3065.078775
 59.800000 -2.696469 3.061562 20.904871 69.127889
 60.000000 -1.986467 2.409088 19.441885 7.025223
 60.200000 -1.960986 2.085318 19.377907 4.592614
 60.400000 -2.098838 2.282187 19.775187 7.415584
 60.600000 -2.555384 2.965939 21.926162 24.595700
 60.800000 3.085248 2.909566 5.060354 3127.522219
 61.000000 -2.769428 2.704351 20.146529 190.307623
 61.200000 -2.223254 2.655079 20.142898 14.846391
 61.400000 -2.051649 2.690278 19.649274 10.093205
 61.600000 -2.330074 2.449386 20.842424 87.009804
 61.800000 -2.761049 2.621269 20.270208 163.008520
 62.000000 3.048907 2.934196 3.088220 2814.648351
 62.200000 -2.715880 3.114050 20.765881 81.587899
 62.400000 -2.250293 2.348125 20.281584 24.772591
 62.600000 -1.760437 2.214788 20.546693 287.300945
 62.800000 -1.656340 2.642779 22.600630 385.262709
 63.000000 -2.813395 2.792474 19.448137 381.688515
 63.200000 -2.488239 -3.027003 22.116350 2.927215
 63.400000 -2.159161 2.528024 19.994250 6.857282
 63.600000 -1.897716 2.210607 19.340468 1.631150
 63.800000 -1.888676 2.324711 19.355430 4.177765
 64.000000 -2.107029 2.935601 19.851528 8.716402
 64.200000 3.021359 2.822095 1.734044 2327.317365
 64.400000 -2.914745 2.884663 16.849596 946.950119
 64.600000 -2.581657 2.731037 21.842161 45.996841
 64.800000 -2.168919 2.810943 20.043649 7.246429
 65.000000 -1.870250 2.500340 19.422022 13.750741
 65.200000 -2.229415 2.390112 20.256814 14.779134
 65.400000 -2.309510 -3.073074 20.722076 64.879676
 65.600000 2.923271 2.766004 -0.000000 0.000000
 65.800000 -2.775771 2.819941 20.129633 205.141080
 66.000000 -2.237764 2.823564 20.290237 17.384497
 66.200000 -2.419917 2.670701 21.785525 75.113460
 66.400000 -2.223267 2.781218 20.261877 12.781371
 66.600000 -2.891984 2.851603 17.561928 859.931554
 66.800000 3.101386 2.962254 6.082056 3097.946582
 67.000000 3.111406 2.921143 6.636772 3025.923954
 67.200000 -2.772862 2.707872 20.202379 190.794646
 67.400000 -2.440247 2.729053 21.961460 50.866081
 67.600000 -2.343523 2.501400 21.057899 89.056756
 67.800000 -2.481736 2.670775 22.169505 7.201020
 68.000000 -2.581381 2.841139 21.893921 47.971701
 68.200000 -2.790254 2.679268 19.962233 257.115303
 68.400000 -2.634741 2.854841 21.495650 64.219549
 68.600000 -2.851548 2.746142 18.703854 623.473952
 68.800000 -3.046001 2.581876 12.478020 1384.601899
 69.000000 -2.794686 3.120534 19.889779 277.646601
 69.200000 -3.044345 2.724794 12.547792 1369.361268
 69.400000 3.118098 2.526839 7.063228 2939.842836
 69.600000 -2.650867 -3.112396 21.382676 62.871624
 69.800000 -2.387659 2.662468 21.543209 97.852205
 70.000000 -2.249932 2.275767 20.464322 19.924116
 70.200000 -1.709007 2.737259 21.402316 385.951314
 70.400000 -2.195531 2.761609 20.294249 10.106150
 70.600000 3.030789 2.563584 2.296852 2608.072250
 70.800000 -2.899181 -2.952072 17.426696 924.586333
 71.000000 -2.952525 2.739909 15.721408 1090.430031
 71.200000 -2.907045 2.302284 17.210692 967.182947
 71.400000 -1.834074 -3.043738 19.650551 44.988094
 71.600000 -2.183999 2.729407 20.283944 10.289055
 71.800000 3.038875 1.821764 2.734907 2772.472368
 72.000000 -2.810849 2.872992 19.683811 356.344298
 72.200000 -2.685190 -2.885775 21.154784 59.708907
 72.400000 3.058745 2.324709 3.832868 3055.556026
 72.600000 -2.254268 2.751972 20.567180 21.149717
 72.800000 -2.020608 2.788471 19.680115 14.049423
 73.000000 -2.250043 2.359881 20.548116 19.601210
 73.200000 -2.149482 2.578079 20.218190 13.228748
 73.400000 -2.059408 2.962873 19.849973 18.004919
 73.600000 3.129445 2.380616 7.771264 2775.184830
 73.800000 3.000038 3.004482 0.873420 1970.569185
 74.000000 3.066089 -3.139403 4.266805 3125.462970
 74.200000 -2.856576 2.458671 18.748797 669.788348
 74.400000 -1.996063 2.779579 19.617157 11.187530
 74.600000 -2.041829 2.601408 19.791060 17.337084
 74.800000 -2.556440 2.633735 22.177600 35.062280
 75.000000 -2.686712 2.890303 21.174407 57.267709
 75.200000 3.074112 2.852940 4.779818 3180.098247
 75.400000 -2.906080 2.881784 17.339471 993.118039
 75.600000 -2.265574 2.856521 20.707573 25.434150
 75.800000 -2.260265 2.078971 20.681438 23.093623
 76.000000 -1.864641 2.638395 19.518776 9.512721
 76.200000 -2.108298 2.617078 20.121597 19.644645
 76.400000 -2.949367 2.592064 15.941296 1130.461437
 76.600000 -2.592661 3.078184 21.950278 63.629739
 76.800000 -2.359255 2.899556 21.440006 92.088414
 77.000000 -2.606887 2.244791 21.834712 67.711734
 77.200000 -2.267518 2.960523 20.782989 26.241148
 77.400000 -2.757910 2.856063 20.622788 119.814324
 77.600000 3.061430 2.605257 4.124026 3144.674637
 77.800000 -2.889307 2.932668 17.904886 914.140849
 78.000000 -2.721172 2.874813 20.964577 64.827893
 78.200000 -2.725608 2.460723 20.952246 67.871491
 78.400000 -2.335072 2.843603 21.280179 74.719664
 78.600000 -2.198875 2.774977 20.532459 13.307973
 78.800000 -2.427523 2.297080 22.135715 63.126847
 79.000000 -2.083657 2.893242 20.046048 22.291759
 79.200000 -2.372109 2.778605 21.661922 93.375007
 79.400000 -3.140325 2.521395 8.639605 2514.867693
 79.600000 -3.069667 3.067748 11.763930 1507.965729
 79.800000 -2.934422 -3.092904 16.497859 1118.731135
 80.000000 -3.043466 2.300179 12.744430 1311.649881
 80.200000 -2.980747 2.847043 14.947221 1164.565667
 80.400000 -2.669154 -3.083205 21.421792 55.480900
 80.600000 -3.125430 2.337455 9.399299 2259.388221
 80.800000 -2.652783 2.529326 21.546310 60.474979
 81.000000 -2.235064 -3.106947 20.736397 18.051465
 81.200000 -2.696721 2.539975 21.250454 53.007917
 81.400000 -2.676594 2.788916 21.396675 53.593460
 81.600000 -2.834277 3.033181 19.474116 514.703243
 81.800000 -2.921635 2.618190 16.962870 1087.980769
 82.000000 -2.813651 2.713346 19.905736 366.954147
 82.200000 -1.911060 -2.932693 19.515511 0.625919
 82.400000 -2.107162 2.345752 20.217417 25.327296
 82.600000 -1.985694 1.454567 19.677013 10.733388
 82.800000 -0.634337 0.267673 4.485817 1926.736332
 83.000000 -0.938119 -0.317036 16.234002 1379.542038
 83.200000 -0.834573 -0.664551 12.147488 1516.802803
 83.400000 -0.530261 0.006535 -0.027730 0.751581
 83.600000 -1.299276 1.181764 24.015235 27.788142
 83.800000 -1.398718 1.887639 24.160000 0.709768
 84.000000 -0.855818 2.216325 12.982758 1570.030425
 84.200000 -1.038173 2.438726 19.384331 729.532339
 84.400000 -1.559169 2.115150 23.556490 91.637403
 84.600000 -2.112656 1.945928 20.273462 26.496757
 84.800000 -2.280325 2.604551 21.087412 37.060692
 85.000000 -2.556704 -2.872063 22.413082 39.532541
 85.200000 -3.094974 2.803767 10.910575 1751.492387
 85.400000 -3.022217 2.429127 13.628774 1190.114565
 85.600000 -2.110012 -3.113535 20.274479 27.302812
 85.800000 -2.371910 2.601079 21.859022 90.166849
 86.000000 -2.208605 2.193626 20.752995 20.370776
 86.200000 -1.890917 2.573434 19.529029 0.054678
 86.400000 -2.057567 2.766914 20.018579 23.623841
 86.600000 2.908287 2.721319 -0.000000 0.000000
 86.800000 2.960683 3.068013 -0.002548 0.508205
 87.000000 -2.895535 2.925880 17.912683 994.540752
 87.200000 -2.898667 2.573694 17.831264 1016.053727
 87.400000 -2.736632 -3.018169 21.112537 77.486468
 87.600000 3.045441 2.555373 3.479724 3169.897834
 87.800000 3.111802 2.887243 7.259970 3016.122697
 88.000000 -2.217790 3.022225 20.847008 22.829857
 88.200000 -2.219060 2.090571 20.877965 23.954017
 88.400000 -1.449974 1.331742 23.958423 2.050559
 88.600000 -1.296643 0.472364 23.847377 29.853812
 88.800000 -0.893863 0.157335 14.348088 1568.959381
 89.000000 -0.872414 0.229014 13.494247 1591.835738
 89.200000 -1.189866 0.497332 22.583025 299.091821
 89.400000 -1.293254 1.061018 23.799765 33.813757
 89.600000 -1.321704 1.461280 23.924016 9.195467
 89.800000 -1.301660 0.993881 23.844865 24.251509
 90.000000 -1.593009 0.773254 23.048572 186.213858
 90.200000 -1.448382 0.850703 23.909698 1.779113
 90.400000 -0.695382 1.020097 6.789836 1427.560232
 90.600000 -1.707634 1.452305 21.013099 317.897442
 90.800000 -0.939668 0.729851 16.059338 1359.202638
 91.000000 -1.113669 0.067410 21.036235 491.153184
 91.200000 -0.483540 -0.512591 -0.000000 0.000000
 91.400000 -0.793584 -0.296726 10.354549 1389.766839
 91.600000 -0.840662 0.015982 12.160730 1549.883333
 91.800000 -1.016021 0.562952 18.555185 839.969132
 92.000000 -1.693635 1.200751 21.249370 344.590030
 92.200000 -0.936188 1.195199 15.890683 1373.953462
 92.400000 -0.948212 1.587850 16.330004 1294.873908
 92.600000 -1.308063 1.811841 23.810723 17.710210
 92.800000 -0.723653 1.276887 7.791109 1320.954527
 93.000000 -1.354694 0.880930 23.916703 0.517730
 93.200000 -1.754492 0.808530 20.226353 170.899347
 93.400000 -1.565035 0.886277 23.314278 104.214306
 93.600000 -0.918557 1.006238 15.210106 1471.489600
 93.800000 -1.976608 1.433292 19.742031 10.733949
 94.000000 -1.408660 1.678528 23.884919 0.533202
 94.200000 -0.182423 1.419330 -0.000000 0.000000
 94.400000 -0.523616 1.725781 -0.005873 2.865651
 94.600000 -0.818114 2.213089 11.233199 1488.502953
 94.800000 -0.674245 2.284152 5.903610 1523.035636
 95.000000 -0.943513 1.983407 16.130133 1318.609375
 95.200000 -0.993383 1.466061 17.799983 962.515301
 95.400000 -1.101699 1.082167 20.649469 521.135687
 95.600000 -1.948193 0.789009 19.663065 7.531866
 95.800000 -1.560533 0.684456 23.329230 91.804204
 96.000000 -1.215908 1.063071 22.884749 224.276680
 96.200000 -1.538195 1.322234 23.497913 47.319204
 96.400000 -0.988357 0.712219 17.630303 989.713833
 96.600000 -1.776928 0.742356 19.943343 98.461861
 96.800000 -1.695185 0.936676 21.150368 339.318658
 97.000000 -0.634064 1.282188 4.259031 1760.933918
 97.200000 -0.861512 2.232867 12.920925 1604.579509
 97.400000 -0.766393 2.634307 9.262928 1330.554121
 97.600000 -0.809063 2.059828 10.855953 1468.528187
 97.800000 -0.956752 1.300795 16.573682 1209.515990
 98.000000 -1.734031 0.647396 20.483369 232.277091
 98.200000 -1.861444 0.379153 19.540026 0.303158
 98.400000 -1.458234 0.463329 23.747150 1.782560
 98.600000 -1.292551 1.398909 23.637933 33.264036
 98.800000 -1.186228 1.644385 22.340405 326.212654
 99.000000 -0.868657 1.559332 13.208994 1605.634815
 99.200000 -1.436222 1.299456 23.756323 0.950903
 99.400000 -0.964389 0.478221 16.823646 1133.653054
 99.600000 -0.783845 0.159037 9.901522 1390.938168
 99.800000 -1.197345 0.171222 22.521000 292.735995
 100.000000 -0.984528 0.457536 17.479542 990.052008
 100.200000 -1.443697 1.384162 23.945054 1.156397
 100.400000 -1.930611 1.704656 19.830891 4.921864
 100.600000 -1.818560 2.009090 19.858353 20.397881
 100.800000 -1.933865 2.693708 19.838220 5.225565
 101.000000 3.052416 2.884240 4.300699 3404.209968
 101.200000 3.069831 3.006677 5.327839 3463.723306
 101.400000 -2.868213 2.785116 19.137226 859.517534
 101.600000 -2.474394 2.736042 23.061059 5.712505
 101.800000 -2.165401 2.701085 20.933416 38.555069
 102.000000 -2.381099 2.685718 22.446265 81.641736
 102.200000 -2.719700 2.936088 21.679625 54.910730
 102.400000 -2.684150 -3.076072 21.923179 43.957403
 102.600000 -2.631901 2.679974 22.293676 59.439181
 102.800000 -2.576463 2.666954 22.731132 56.071366
 103.000000 -2.796508 2.956551 20.811993 284.212303
 103.200000 3.022266 3.046774 2.599825 2980.428597
 103.400000 -2.823837 2.630773 20.286097 482.061330
 103.600000 -1.958486 2.481797 19.891178 6.494288
 103.800000 -1.651862 2.509057 22.123260 332.065278
 104.000000 -2.055855 2.643376 20.256428 26.874309
 104.200000 3.063570 2.533016 4.976277 3481.563503
 104.400000 3.122130 -2.877618 8.323290 2850.527470
 104.600000 -2.994138 2.891686 14.953223 1110.461068
 104.800000 -2.236262 2.248897 21.363410 35.261349
 105.000000 -1.249155 1.959075 23.417740 126.966312
 105.200000 -0.551222 1.980097 0.889115 1716.995826
 105.400000 -1.514404 2.059934 23.712324 17.348139
 105.600000 -1.093445 2.111276 20.476235 536.638226
 105.800000 -0.150991 1.544025 -0.000000 0.000000
 106.000000 -0.716107 1.559178 7.585838 1350.625082
 106.200000 -1.370537 1.564788 23.915252 0.172941
 106.400000 -1.430461 0.486027 23.863389 1.066808
 106.600000 -0.479836 -0.691515 -0.000000 0.000000
 106.800000 -0.672153 -0.792799 5.923384 1502.270721
 107.000000 -0.740871 0.228450 8.484043 1342.006022
 107.200000 -1.635383 1.108385 22.381466 292.247560
 107.400000 -1.913520 1.565986 19.789478 2.260557
 107.600000 -1.630009 2.515693 22.472322 279.278413
 107.800000 -2.529726 2.711309 23.054434 16.819381
 108.000000 3.003703 2.961716 1.637134 2555.956867
 108.200000 -3.007256 2.854404 14.519225 1083.891128
 108.400000 -2.442863 2.621211 22.978152 34.179361
 108.600000 -1.753676 2.527941 20.405315 151.991011
 108.800000 -1.272218 2.440402 23.596236 68.189998
 109.000000 -0.881625 2.100848 13.929044 1566.478554
 109.200000 -1.029518 1.787254 18.848246 685.421249
 109.400000 -1.313911 1.238566 23.822130 10.621734
 109.600000 -1.143251 0.296167 21.524117 462.383130
 109.800000 -0.443833 0.085700 -0.000000 0.000000
 110.000000 -0.939689 0.057699 16.114005 1238.229455
 110.200000 -0.468348 -0.120735 -0.000000 0.000000
 110.400000 -0.606527 -0.245063 3.222835 1800.548157
 110.600000 -1.086924 -0.127710 20.245665 543.890994
 110.800000 -0.837724 -0.232593 12.169828 1596.866928
 111.000000 -0.323314 -0.228949 -0.000000 0.000000
 111.200000 -0.801588 -0.104319 10.745122 1506.098586
 111.400000 -1.088463 0.138907 20.270638 540.362032
 111.600000 -1.109084 0.655233 20.743997 513.928602
 111.800000 -1.649592 1.400668 22.103443 308.480740
 112.000000 -1.848438 1.650631 19.777455 3.195015
 112.200000 -1.367467 1.949868 23.854304 0.184352
 112.400000 -0.810659 1.836325 11.102353 1535.006529
 112.600000 -0.678672 2.046646 6.146849 1467.711043
 112.800000 -0.971801 2.177621 17.174601 991.416530
 113.000000 -1.742610 2.378186 20.546602 180.396322
 113.200000 -2.359969 2.699643 22.302150 86.216002
 113.400000 2.995673 2.750816 1.256155 2359.671175
 113.600000 -2.967362 3.053687 15.831112 1137.620796
 113.800000 -2.938734 2.494239 16.806642 1175.971221
 114.000000 -2.642452 2.769778 22.267516 56.394893
 114.200000 -2.597819 2.950161 22.621548 65.063916
 114.400000 -2.822024 2.795569 20.329768 487.936208
 114.600000 -2.680424 2.783362 22.000055 45.464122
 114.800000 -2.628236 2.541895 22.377377 61.433483
 115.000000 -2.704937 2.781065 21.833584 48.783050
 115.200000 -2.721765 2.932255 21.718910 60.066973
 115.400000 -3.042026 2.632807 13.368013 1107.740276
 115.600000 -2.920801 2.795329 17.412732 1163.124393
 115.800000 -3.023049 2.875841 13.991901 1062.828937
 116.000000 -2.513604 2.908490 23.130394 5.547513
 116.200000 -2.063187 2.659921 20.217557 31.915376
 116.400000 -1.947645 2.255095 19.800197 3.422712
 116.600000 -1.887930 2.478637 19.735699 0.021463
 116.800000 -2.182657 2.739441 21.007866 43.036448
 117.000000 -2.663620 2.854833 22.132622 48.108307
 117.200000 2.999855 2.848764 1.470070 2491.730872
 117.400000 -3.058717 3.074839 12.811722 1191.628123
 117.600000 -2.448709 2.521953 23.028329 28.735540
 117.800000 -1.877881 2.287018 19.733497 0.110515
 118.000000 -1.847704 2.456580 19.768858 4.584177
 118.200000 -2.220833 2.687502 21.245510 39.323232
 118.400000 2.930510 2.726839 -0.000008 0.000004
 118.600000 -2.964344 3.115933 15.930091 1135.296358
 118.800000 -2.926877 2.691124 17.207759 1171.422497
 119.000000 -2.671904 2.533420 22.092589 45.647082
 119.200000 -2.122340 3.111659 20.584180 48.123373
 119.400000 -2.659522 2.618003 22.185909 48.032250
 119.600000 -2.647716 2.427325 22.269207 51.665403
 119.800000 -2.498067 -3.025198 23.156726 0.129434
 120.000000 -2.739185 2.960460 21.606981 85.101603
 120.200000 -2.900279 2.597778 18.116446 1103.182245
 120.400000 -2.852665 3.104020 19.585873 770.884355
 120.600000 2.894955 2.819461 -0.000000 0.000000
 120.800000 -2.899827 2.593259 18.131455 1101.204991
 121.000000 -2.205600 2.917188 21.145695 40.664327
 121.200000 -2.538104 2.309169 23.063622 21.786761
 121.400000 -2.211728 2.768298 21.183618 40.364121
 121.600000 -2.501549 2.790130 23.164755 0.477989
 121.800000 -2.227599 2.715615 21.283954 39.798947
 122.000000 -2.301451 2.489394 21.787877 60.526905
 122.200000 -1.679473 2.810316 21.498939 289.943559
 122.400000 -2.705290 2.198477 21.903349 49.854792
 122.600000 -3.052251 3.021617 13.064923 1154.361208
 122.800000 -3.019540 -3.114586 14.145721 1056.903568
 123.000000 -2.557420 2.437718 22.965744 38.340981
 123.200000 -1.712826 2.263425 20.944789 238.921389
 123.400000 -1.939487 2.178221 19.752242 2.124196
 123.600000 -2.006077 2.744076 19.914684 12.764472
 123.800000 -3.034034 2.785794 13.681534 1082.365410
 124.000000 2.945769 2.901226 -0.000445 0.014815
 124.200000 -2.396936 2.858462 22.663312 81.143312
 124.400000 -1.768191 2.361953 20.226674 100.860301
 124.600000 -1.752060 1.592416 20.403040 139.469783
 124.800000 -1.310862 0.952027 23.637110 13.540796
 125.000000 -1.017987 0.283216 18.393717 692.130310
 125.200000 -1.127911 0.252504 20.983089 484.876563
 125.400000 -1.205552 0.710514 22.535430 287.311591
 125.600000 -1.209136 1.335797 22.595479 274.363228
 125.800000 -0.775857 1.525903 9.757031 1451.662683
 126.000000 -1.202486 1.939629 22.482959 298.279187
 126.200000 -1.545689 2.382174 23.234229 49.500070
 126.400000 -2.130643 2.639957 20.633956 52.804492
 126.600000 3.041271 2.930676 3.765528 3394.024714
 126.800000 -3.072209 -3.032903 12.396707 1318.634716
 127.000000 -3.021567 2.509266 14.117123 1065.324557
 127.200000 -2.599150 2.815860 22.707357 58.212835
 127.400000 -2.664651 3.136827 22.224458 46.806580
 127.600000 3.126119 2.635142 8.664052 2779.473926
 127.800000 -2.035904 2.917485 20.023264 23.800365
 128.000000 -1.816521 2.412555 19.876904 24.663128
 128.200000 -2.105388 1.550219 20.448050 51.077309
 128.400000 -1.518895 1.372260 23.356915 21.879612
 128.600000 -0.705260 0.624071 7.086031 1419.005084
 128.800000 -1.916728 0.725303 19.712957 0.346948
 129.000000 -1.612577 0.731717 22.501276 189.044435
 129.200000 -0.730046 0.682998 8.007026 1399.468430
 129.400000 -1.648617 0.898363 21.950829 252.023248
 129.600000 -1.584822 1.038346 22.832546 121.973031
 129.800000 -0.579598 0.957506 2.018061 1758.868491
 130.000000 -1.728419 1.279432 20.708277 186.192119
 130.200000 -1.993708 0.807721 19.843838 9.303043
 130.400000 -1.029156 0.188824 18.605584 644.407476
 130.600000 -1.023871 0.121791 18.470507 662.259800
 130.800000 -0.935835 -0.028720 15.856172 1169.117120
 131.000000 -1.163121 0.452451 21.671307 421.412609
 131.200000 -1.404436 1.287759 23.591198 2.136210
 131.400000 -1.143374 1.776942 21.243474 463.153039
 131.600000 -0.563675 1.783948 1.347712 1700.042475
 131.800000 -0.843065 2.105952 12.354884 1568.850092
 132.000000 -0.969133 2.283967 16.927758 937.362127
 132.200000 -0.581946 2.136693 2.106295 1751.991411
 132.400000 -0.825181 1.884991 11.645074 1561.706350
 132.600000 -1.376557 1.639566 23.615576 0.794004
 132.800000 -0.961114 0.459021 16.671201 986.971150
 133.000000 -0.564718 -0.582715 1.389552 1701.978022
 133.200000 -0.583598 -0.671632 2.176440 1752.238053
 133.400000 -0.888511 0.081459 14.124919 1446.725302
 133.600000 -1.352464 0.986524 23.617360 0.036906
 133.800000 -1.126557 1.453663 20.857669 490.268822
 134.000000 -1.137452 1.162315 21.097039 474.739551
 134.200000 -1.563694 0.839728 22.974859 76.405520
 134.400000 -1.270293 0.526468 23.288800 76.872841
 134.600000 -1.145540 0.526095 21.266635 462.189173
 134.800000 -1.336703 0.977167 23.600759 1.595754
 135.000000 -1.073663 1.153025 19.645502 548.517595
 135.200000 -1.419005 1.146306 23.532167 3.123612
 135.400000 -1.303602 0.655430 23.506199 20.010004
 135.600000 -1.078783 0.709140 19.761296 545.155078
 135.800000 -1.575062 1.157328 22.856789 97.062178
 136.000000 -0.795920 1.252909 10.496403 1509.723443
 136.200000 -1.458564 1.513279 23.448578 5.025162
 136.400000 -1.339935 0.918618 23.600499 0.825927
 136.600000 -1.219190 0.487324 22.670715 239.634371
 136.800000 -1.129700 0.806201 20.922732 492.606677
 137.000000 -1.406602 1.141150 23.549711 2.910465
 137.200000 -1.040160 1.193655 18.828153 618.370297
 137.400000 -1.399271 1.093936 23.563485 2.743410
 137.600000 -1.178290 0.506720 21.952584 385.421917
 137.800000 -1.065132 0.392441 19.435800 570.027423
 138.000000 -1.681272 0.479276 21.381807 234.729446
 138.200000 -1.548477 0.977361 23.056521 55.338381
 138.400000 -0.755162 1.351263 8.931149 1430.792540
 138.600000 -1.096125 2.083934 20.166683 537.554660
 138.800000 -0.509542 2.507595 -0.000466 0.019984
 139.000000 -1.376058 2.467888 23.601314 1.245877
 139.200000 -1.982069 1.785194 19.758923 5.056083
 139.400000 -1.808632 1.489056 19.961483 32.083734
 139.600000 -0.550507 0.762429 0.817406 1618.835996
 139.800000 -0.916485 0.259915 15.134400 1270.496769
 140.000000 -0.920368 -0.597521 15.272159 1245.945601
 140.200000 -0.209299 -0.672568 -0.000000 0.000000
 140.400000 -0.716800 -0.036286 7.488639 1421.003966
 140.600000 -1.772967 0.823082 20.220187 76.739314
 140.800000 -1.691864 1.796231 21.204733 217.956305
 141.000000 -1.087156 2.269962 19.964165 554.765357
 141.200000 -0.628510 2.340218 4.041412 1673.274256
 141.400000 -1.273190 2.122548 23.351069 67.016036
 141.600000 -0.714051 0.870847 7.387075 1425.464774
 141.800000 -1.307584 0.424906 23.555937 14.916997
 142.000000 -0.746290 0.074338 8.602450 1427.187039
 142.200000 -0.803875 0.038948 10.817103 1521.307953
 142.400000 -0.780901 0.248168 9.926682 1481.669568
 142.600000 -1.351424 0.781727 23.637897 0.000560
 142.800000 -0.704884 1.245532 7.043636 1439.949452
 143.000000 -1.187034 1.475674 22.163976 358.963935
 143.200000 -0.832254 0.911070 11.937221 1540.720738
 143.400000 -1.511984 0.381934 23.256016 24.947266
 143.600000 -0.761428 0.362157 9.189455 1450.967042
 143.800000 -1.335007 0.909573 23.635302 1.271710
 144.000000 -1.137985 1.408656 21.154177 496.311868
 144.200000 -1.345463 1.109821 23.651610 0.104158
 144.400000 -1.199080 0.637410 22.409722 313.919354
 144.600000 -1.110826 0.870062 20.545545 542.785504
 144.800000 -1.342838 1.201544 23.650521 0.258143
 145.000000 -1.654607 0.945129 21.737656 222.715196
 145.200000 -1.271524 0.633651 23.377639 67.938934
 145.400000 -1.155831 0.779706 21.572382 459.146909
 145.600000 -1.557736 1.056567 22.941099 77.958094
 145.800000 -0.944309 0.931291 16.086316 1074.249263
 146.000000 -1.577717 0.974300 22.747110 111.999176
 146.200000 -1.358908 0.617903 23.672588 0.265207
 146.400000 -0.609368 0.757853 3.253429 1724.612161
 146.600000 -1.612844 1.281336 22.318767 177.720412
 146.800000 -1.436362 0.955955 23.535279 6.406118
 147.000000 -0.597732 -0.023169 2.769216 1736.202873
 147.200000 -0.588617 -0.805643 2.389995 1733.326193
 147.400000 -0.567508 -0.262154 1.515850 1686.107173
 147.600000 -0.499014 0.320839 -0.000021 0.000042
 147.800000 -1.440204 1.132274 23.537578 6.923645
 148.000000 -1.101077 1.311682 20.354087 568.446052
 148.200000 -1.003305 1.128772 17.872599 772.920959
 148.400000 -1.738011 0.862654 20.570781 127.316438
 148.600000 -1.465095 0.503969 23.476119 10.751267
 148.800000 -0.458630 0.343547 -0.000000 0.000000
 149.000000 -1.434074 0.478498 23.565536 6.543619
 149.200000 -1.784719 1.107370 20.134829 55.520461
 149.400000 -0.986118 1.277590 17.387967 847.099904
 149.600000 -1.336476 1.556212 23.705938 0.962569
 149.800000 -1.711809 0.995856 20.890782 171.687550
 150.000000 -0.864357 0.431088 13.229615 1469.299990
 150.200000 -0.644400 -0.164866 4.703770 1635.074807
 150.400000 -0.628506 -0.584588 4.056283 1682.704017
 150.600000 -0.637440 -0.334880 4.421395 1656.822232
 150.800000 -0.231212 0.058761 -0.000000 0.000000
 151.000000 1.378593 -0.658342 -0.000000 0.000000
