#! FIELDS time phi psi ves.bias ves.force2
#! SET min_phi -pi
#! SET max_phi pi
#! SET min_psi -pi
#! SET max_psi pi
 0.000000 -1.498385 0.273949 27.215882 148.921278
 0.200000 -1.439735 0.401179 27.780158 46.629626
 0.400000 -1.182954 1.101300 25.853432 504.234148
 0.600000 -0.948534 1.537630 18.342713 1533.596519
 0.800000 -0.725469 1.798794 8.756092 1740.850571
 1.000000 -1.087585 1.948903 23.263873 975.026369
 1.200000 -0.653768 2.199240 6.183798 1234.510397
 1.400000 -0.878421 1.940109 15.834966 1826.115747
 1.600000 -0.575982 1.769292 3.830540 647.815174
 1.800000 -0.595503 1.909793 4.350245 773.425307
 2.000000 -0.978788 1.933776 19.761739 1265.140328
 2.200000 -1.266041 1.828846 27.250479 195.786322
 2.400000 -1.447450 1.132972 27.891540 44.488965
 2.600000 -0.574127 0.021765 4.011492 757.142586
 2.800000 -0.588162 -0.180955 4.407919 839.552374
 3.000000 -0.647406 -0.312118 6.305286 1228.095421
 3.200000 -0.739092 -0.133372 10.059399 1721.262658
 3.400000 -0.575251 0.042460 4.252522 841.519036
 3.600000 -0.890408 0.231667 16.604374 1724.401079
 3.800000 -1.036368 0.465755 21.822048 918.818984
 4.000000 -1.399223 1.059750 28.207252 1.709840
 4.200000 -1.277555 1.251241 27.466141 194.355316
 4.400000 -1.225574 1.121882 26.604544 360.213148
 4.600000 -1.632943 1.005760 25.191911 345.139316
 4.800000 -0.984771 0.768955 20.291807 1156.916589
 5.000000 -1.508921 1.194642 27.367946 199.104640
 5.200000 -1.932214 1.117165 22.489196 0.981232
 5.400000 -1.071203 0.859021 23.037859 761.449572
 5.600000 -1.171841 0.449267 25.558605 509.810182
 5.800000 -0.456856 0.019059 1.433424 339.063781
 6.000000 -1.018826 0.224727 21.502169 976.099588
 6.200000 -0.965087 0.299718 19.794134 1306.495736
 6.400000 -1.836584 0.727085 22.644284 22.693711
 6.600000 -1.421259 1.443322 28.339985 20.508736
 6.800000 -0.687204 1.144098 8.532833 1403.640937
 7.000000 -1.271891 1.451798 27.524000 215.315085
 7.200000 -1.310785 0.878019 28.057341 103.149801
 7.400000 -0.575451 -0.061270 4.643509 1150.702583
 7.600000 -0.504062 -0.681317 2.447244 711.151135
 7.800000 -0.558375 -0.520406 4.074229 1069.505553
 8.000000 -0.778828 0.202424 12.236243 1669.531478
 8.200000 -1.317902 0.583102 28.182331 87.924563
 8.400000 -1.348369 1.125621 28.407432 28.667418
 8.600000 -1.044851 1.353158 22.542688 844.272692
 8.800000 -1.106940 1.448916 24.211644 626.107089
 9.000000 -1.242358 1.020332 27.146647 306.241042
 9.200000 -1.189099 0.589917 26.185147 446.973181
 9.400000 -1.009794 0.450599 21.554808 1044.529821
 9.600000 -1.342638 0.916262 28.463298 37.070038
 9.800000 -1.413949 1.121730 28.535643 16.383362
 10.000000 -0.704791 0.754596 9.603195 1376.975946
 10.200000 -1.468159 0.721318 28.184963 128.242652
 10.400000 -1.361235 0.882720 28.646527 10.280691
 10.600000 -0.949316 1.100157 19.488323 1468.087693
 10.800000 -0.765413 1.207439 11.984452 1503.473419
 11.000000 -1.388598 1.151869 28.680206 0.555224
 11.200000 -1.350217 0.482579 28.704428 21.300666
 11.400000 -0.736551 0.360393 10.959765 1427.835030
 11.600000 -0.752725 0.468324 11.575069 1468.652369
 11.800000 -2.114106 0.926551 22.960375 41.866263
 12.000000 -1.796536 1.914276 22.852060 77.001234
 12.200000 -1.569900 2.729582 26.631506 395.199789
 12.400000 -2.610833 2.800256 25.029613 26.755448
 12.600000 -2.839053 2.844024 22.206205 495.978543
 12.800000 -2.342449 2.865967 24.788711 60.340722
 13.000000 -2.201218 2.124220 23.578074 67.491974
 13.200000 -1.862492 2.248147 22.386973 18.301361
 13.400000 -1.728428 2.730534 23.662027 224.489858
 13.600000 -2.781924 2.789897 23.282310 283.858830
 13.800000 3.038656 -3.123165 5.348439 2050.113090
 14.000000 -2.436171 3.003307 25.298049 8.533967
 14.200000 -2.041191 2.140392 22.491995 20.276242
 14.400000 -1.636010 1.725684 25.355953 413.591969
 14.600000 -1.511074 1.113983 27.804640 272.402994
 14.800000 -0.800663 0.389034 13.656236 1649.586518
 15.000000 -0.396221 -0.061419 0.245342 135.761040
 15.200000 -0.409499 -0.752974 0.382498 190.257888
 15.400000 -0.712116 -0.240736 10.236678 1439.962651
 15.600000 -0.653127 0.377689 7.995005 1467.562295
 15.800000 -1.325557 0.936638 28.795489 65.905415
 16.000000 -1.754453 1.230960 23.317985 174.631106
 16.200000 -1.037945 1.175961 22.866821 895.203473
 16.400000 -0.860840 0.707952 16.248371 1771.816675
 16.600000 -0.955151 0.367431 20.073285 1414.140487
 16.800000 -1.093482 0.483851 24.412035 675.561399
 17.000000 -1.106150 1.159488 24.736892 640.423973
 17.200000 -1.603832 1.676079 26.133569 453.645623
 17.400000 -1.897287 1.222833 22.258711 6.151923
 17.600000 -0.979551 0.583603 21.007366 1247.148362
 17.800000 -0.830067 0.032937 15.021473 1724.754102
 18.000000 -0.474808 -0.410664 1.660400 702.766737
 18.200000 -0.647582 -0.127855 7.935359 1509.990346
 18.400000 -1.095355 0.515238 24.542355 673.354322
 18.600000 -1.350981 1.188523 29.067750 21.920701
 18.800000 -1.534844 1.418761 27.577560 348.222548
 19.000000 -1.639448 0.882107 25.412042 438.259424
 19.200000 -0.781756 0.295387 13.166481 1577.645358
 19.400000 -0.902158 0.216336 18.112415 1663.566306
 19.600000 -0.423743 -0.330810 0.551617 296.161654
 19.800000 -0.374163 -0.385045 -0.018586 4.303782
 20.000000 -0.715327 -0.051029 10.592407 1453.649866
 20.200000 -1.198652 0.627851 27.038281 426.660237
 20.400000 -1.504835 1.515210 28.186648 253.466640
 20.600000 -1.459844 1.462677 28.791182 115.368096
 20.800000 -0.981009 1.105786 21.167916 1230.234300
 21.000000 -1.493800 1.015859 28.356076 218.219134
 21.200000 -1.869840 0.559974 22.343840 26.129189
 21.400000 -1.638917 0.759577 25.566677 453.810551
 21.600000 -1.150150 0.966251 26.009047 541.003182
 21.800000 -1.137893 1.666736 25.720330 568.968692
 22.000000 -0.490845 1.940794 2.224656 971.887989
 22.200000 -0.690957 2.036082 9.846240 1429.223544
 22.400000 -0.775339 2.085029 13.070686 1546.115439
 22.600000 -0.818293 1.824846 14.794400 1671.212810
 22.800000 -0.459404 1.541279 1.348170 666.577688
 23.000000 -0.863102 2.030133 16.646651 1725.284411
 23.200000 -0.853158 2.136327 16.296596 1716.282971
 23.400000 -0.580230 2.272059 5.612525 1575.932502
 23.600000 -0.797522 1.690116 14.019177 1610.332109
 23.800000 -0.951261 1.450558 20.230131 1395.332024
 24.000000 -1.563736 0.881531 27.273677 402.100818
 24.200000 -1.473125 0.804610 28.790596 133.556983
 24.400000 -1.295196 1.119397 28.770538 133.257870
 24.600000 -0.856189 1.008956 16.511910 1697.620115
 24.800000 -1.334862 0.814022 29.134671 45.226915
 25.000000 -1.213270 0.705599 27.484635 372.269225
 25.200000 -1.140783 0.817234 25.976335 570.838637
 25.400000 -1.647191 1.104303 25.582874 466.328832
 25.600000 -1.481129 0.973326 28.730523 150.829407
 25.800000 -1.368596 1.062925 29.309584 4.850824
 26.000000 -1.067064 0.990699 24.065178 786.251010
 26.200000 -1.606800 0.959509 26.515433 476.240917
 26.400000 -1.426892 1.023895 29.247914 28.344983
 26.600000 -1.326985 0.909753 29.148838 51.241705
 26.800000 -1.793273 0.955232 23.029837 149.386100
 27.000000 -1.670228 0.888343 25.132693 445.689161
 27.200000 -0.999421 0.996689 22.090666 1080.304707
 27.400000 -1.595755 1.380388 26.827902 464.933817
 27.600000 -1.822436 1.031970 22.707785 103.141681
 27.800000 -1.675953 0.744184 25.068633 449.968436
 28.000000 -0.760412 0.749306 12.857099 1556.471311
 28.200000 -1.682378 1.165902 24.995982 450.974163
 28.400000 -1.767718 1.342758 23.418270 230.481530
 28.600000 -0.968724 0.857412 21.094123 1216.174302
 28.800000 -0.769715 0.269793 13.282425 1593.046754
 29.000000 -0.875689 0.010142 17.581133 1608.886779
 29.200000 -0.425654 -0.127278 0.608682 490.537363
 29.400000 -0.579962 0.034226 5.875445 1611.853974
 29.600000 -1.073974 0.140826 24.462898 824.733919
 29.800000 -0.669351 0.132733 9.415032 1513.109616
 30.000000 -0.663198 0.295800 9.175508 1518.079650
 30.200000 -0.741081 -0.185406 12.287491 1574.831741
 30.400000 -0.672683 -0.141637 9.605778 1524.941198
 30.600000 -0.713566 -0.001309 11.202671 1536.964170
 30.800000 -0.609955 0.017258 7.129454 1601.875590
 31.000000 -1.025035 0.669939 23.032765 980.529500
 31.200000 -1.363110 1.341357 29.491528 5.040552
 31.400000 -1.744993 1.247451 23.893203 325.260904
 31.600000 -1.666849 0.969119 25.502237 503.344807
 31.800000 -0.559063 0.375402 5.138792 1623.359425
 32.000000 -0.727234 -0.103868 11.824824 1564.115624
 32.200000 -0.407847 -0.375354 0.215649 440.434579
 32.400000 -0.472791 -0.494169 1.938462 1066.096572
 32.600000 -0.617290 -0.007674 7.555449 1621.768643
 32.800000 -1.061120 0.379912 24.212189 885.419266
 33.000000 -1.461575 1.028994 29.230869 67.435585
 33.200000 -1.456278 1.520663 29.303070 55.370192
 33.400000 -1.091149 0.904283 25.130251 809.101190
 33.600000 -1.736547 0.870532 24.121414 367.983794
 33.800000 -1.827247 1.024735 22.715778 135.857872
 34.000000 -1.192825 0.946547 27.660127 415.099274
 34.200000 -0.761241 0.826029 13.429547 1622.202812
 34.400000 -1.777653 1.353221 23.431123 260.050903
 34.600000 -1.930697 0.776599 21.923341 15.225527
 34.800000 -1.107317 0.759114 25.630428 764.745038
 35.000000 -1.385635 1.128464 29.593712 0.000566
 35.200000 -1.632917 1.245521 26.472864 518.466255
 35.400000 -1.589192 0.979354 27.436372 439.245269
 35.600000 -1.235536 0.560062 28.519389 235.390134
 35.800000 -1.819184 1.019229 22.857103 167.924520
 36.000000 -1.519431 1.258345 28.693224 210.700107
 36.200000 -0.673039 0.901051 10.053274 1574.012606
 36.400000 -1.047932 0.876725 23.978245 940.703473
 36.600000 -1.613514 0.769613 26.971761 494.559218
 36.800000 -1.719153 0.942440 24.605970 432.336672
 37.000000 -0.962046 0.972757 21.218117 1137.850474
 37.200000 -1.006000 0.804941 22.699190 1030.262574
 37.400000 -1.373990 1.007792 29.695142 2.047072
 37.600000 -1.750731 0.973076 24.029035 362.697042
 37.800000 -1.262873 1.089735 28.967462 145.306406
 38.000000 -1.249306 0.973452 28.793767 183.843424
 38.200000 -1.346867 1.084690 29.660657 15.557832
 38.400000 -1.898714 1.191723 22.066600 55.973871
 38.600000 -1.308784 1.158487 29.446208 54.113839
 38.800000 -1.387857 0.847877 29.748414 0.092531
 39.000000 -1.318394 0.882334 29.512628 41.871803
 39.200000 -1.220205 1.131495 28.442349 279.757082
 39.400000 -1.212626 1.171936 28.312269 309.800164
 39.600000 -1.419947 1.019285 29.763212 7.571284
 39.800000 -1.356813 0.794977 29.745763 9.834935
 40.000000 -1.112002 0.818966 25.998033 763.481099
 40.200000 -0.976880 1.087274 21.880594 1098.008207
 40.400000 -1.850848 1.049011 22.544763 151.043229
 40.600000 -1.398544 1.012000 29.857661 0.361899
 40.800000 -1.433293 0.944494 29.776719 17.053278
 41.000000 -1.676014 1.247103 25.799612 529.131086
 41.200000 -1.686135 0.811448 25.631602 525.154871
 41.400000 -1.123810 0.704901 26.442280 720.332706
 41.600000 -1.428712 1.267515 29.854233 13.165572
 41.800000 -1.425672 1.421033 29.864775 10.937718
 42.000000 -1.162050 0.943783 27.402178 539.180328
 42.200000 -0.961815 0.377726 21.471875 1141.229413
 42.400000 -0.951433 0.118321 21.119307 1165.369951
 42.600000 -0.447292 -0.196579 1.271210 1015.271285
 42.800000 -0.436532 -0.385912 0.940548 874.731655
 43.000000 -0.447835 -0.255679 1.288540 1022.361188
 43.200000 -0.392390 -0.269796 -0.027716 0.183507
 43.400000 -0.834286 -0.103714 16.872019 1539.823448
 43.600000 -0.699176 0.056864 11.443632 1609.644437
 43.800000 -0.459618 -0.088138 1.693025 1197.878966
 44.000000 -0.631687 -0.298816 8.722956 1667.768622
 44.200000 -0.448082 -0.443140 1.328145 1078.246131
 44.400000 -0.508018 -0.272505 3.584398 1693.285577
 44.600000 -0.774419 0.278733 14.524751 1637.376407
 44.800000 -1.449005 0.789864 29.933685 32.873553
 45.000000 -1.034530 1.230191 23.957253 1018.069101
 45.200000 -0.960841 1.289279 21.579635 1145.868629
 45.400000 -1.222510 1.184885 28.850351 262.793842
 45.600000 -1.284079 0.550354 29.635125 90.276758
 45.800000 -0.535138 -0.031822 4.777672 1809.883811
 46.000000 -0.380536 -0.553468 -0.010014 1.314763
 46.200000 -0.422897 -0.390324 0.609122 812.804478
 46.400000 -0.943708 0.077244 21.044962 1183.228557
 46.600000 -0.557864 0.512894 5.806116 1814.486823
 46.800000 -1.303538 0.800397 29.859791 58.525432
 47.000000 -1.772171 1.208596 23.968916 427.991093
 47.200000 -1.692854 1.333597 25.794041 563.924875
 47.400000 -1.487791 0.854772 29.776519 107.082377
 47.600000 -0.727761 0.368986 12.777918 1622.979420
 47.800000 -0.717404 -0.061340 12.361362 1612.409513
 48.000000 -0.626536 -0.234503 8.727425 1638.703545
 48.200000 -0.608592 -0.090258 8.057816 1673.422031
 48.400000 -0.595146 0.002666 7.504569 1713.140473
 48.600000 -0.854290 0.414870 17.894618 1473.859842
 48.800000 -1.345173 0.791454 30.210891 16.429085
 49.000000 -1.650455 1.201736 26.851560 551.033189
 49.200000 -1.430476 1.189562 30.277255 15.572326
 49.400000 -1.097579 0.559037 26.148755 859.770685
 49.600000 -0.965780 0.364522 21.933559 1132.873463
 49.800000 -0.979877 0.574164 22.405641 1110.743475
 50.000000 -1.179879 0.955440 28.261472 454.453471
 50.200000 -1.925771 1.311210 21.662627 56.231524
 50.400000 -1.728487 1.036339 25.080831 564.686678
 50.600000 -0.952255 0.764746 21.524355 1156.597029
 50.800000 -1.678863 0.897663 26.273664 578.248782
 51.000000 -2.006741 0.882815 21.395450 0.119782
 51.200000 -1.608275 0.847305 27.955527 466.063459
 51.400000 -0.661683 0.553077 10.364278 1567.043260
 51.600000 -1.458356 0.612129 30.217325 50.751965
 51.800000 -1.259592 1.143951 29.680342 144.531764
 52.000000 -1.051267 1.129698 24.830804 1007.340457
 52.200000 -1.503927 1.164132 29.821183 153.409651
 52.400000 -1.469467 0.766157 30.180953 71.814139
 52.600000 -0.853660 0.218889 18.080845 1460.968452
 52.800000 -0.581961 0.065190 7.198131 1745.096401
 53.000000 -0.502078 -0.096175 3.774591 1822.668049
 53.200000 -0.787239 -0.413098 15.509594 1636.979271
 53.400000 -0.562816 -0.152720 6.444776 1815.468739
 53.600000 -0.484462 0.159654 3.073467 1743.456732
 53.800000 -1.220745 0.301388 29.219546 267.245879
 54.000000 -1.077751 0.737115 25.760784 931.450922
 54.200000 -1.313367 1.382885 30.328715 50.377115
 54.400000 -0.898593 1.472479 19.854360 1291.475904
 54.600000 -0.990205 1.321530 22.998431 1100.905433
 54.800000 -1.194467 0.884913 28.794511 375.310539
 55.000000 -1.213278 0.436911 29.138296 295.284916
 55.200000 -0.894945 0.621659 19.776826 1300.354025
 55.400000 -1.960845 1.112499 21.360444 16.915785
 55.600000 -1.842787 1.555077 22.694179 338.983513
 55.800000 -1.918483 1.952887 21.639045 84.178222
 56.000000 -2.171222 2.701679 21.941386 51.412031
 56.200000 2.968455 2.955146 1.024503 1036.844096
 56.400000 2.962569 2.835239 0.838148 969.150149
 56.600000 -2.471379 2.750068 23.759569 1.723497
 56.800000 -2.010453 2.629808 21.261203 0.056069
 57.000000 -2.198499 2.434156 22.111735 66.749242
 57.200000 -2.567132 2.732408 23.473571 12.011860
 57.400000 2.975390 3.013614 1.217731 1125.365583
 57.600000 -2.885469 3.061259 19.182646 618.324657
 57.800000 -2.614646 2.653034 23.277189 25.176191
 58.000000 -2.527103 2.765091 23.598478 7.868726
 58.200000 -3.061696 2.932423 12.841053 2334.129820
 58.400000 3.132399 3.034260 8.251287 2757.198712
 58.600000 -2.976102 2.704615 16.457253 1272.361688
 58.800000 -2.744535 2.914991 21.985045 232.698652
 59.000000 -3.041411 2.887964 13.795349 2088.374259
 59.200000 3.001035 2.873352 2.079985 1455.184862
 59.400000 -2.539481 2.920337 23.495473 8.323831
 59.600000 -2.517045 2.540236 23.556552 6.503739
 59.800000 -2.406827 2.609010 23.626102 6.097534
 60.000000 -3.069652 2.925227 12.421392 2425.920470
 60.200000 2.966988 2.996098 0.850827 1050.153058
 60.400000 -2.785506 2.683574 21.241017 335.881326
 60.600000 -2.097261 2.872267 21.405967 13.618345
 60.800000 -2.257794 2.524167 22.506909 94.498722
 61.000000 -2.187139 2.858791 21.890531 53.664642
 61.200000 -2.465844 2.696517 23.611398 1.202933
 61.400000 -2.750367 2.738298 21.818001 247.622637
 61.600000 3.116646 3.013022 7.348548 2666.063765
 61.800000 -3.095607 3.122631 11.054704 2649.338039
 62.000000 -2.317387 2.474440 23.047711 77.804318
 62.200000 -2.020875 2.476692 21.214696 0.218111
 62.400000 -2.081516 2.659941 21.326050 8.672371
 62.600000 -3.032480 2.742868 14.092456 1993.355158
 62.800000 -2.993734 -2.995758 15.708648 1496.152151
 63.000000 -3.039548 2.873370 13.773371 2083.229557
 63.200000 -2.505854 2.432691 23.506766 5.819036
 63.400000 -1.798230 2.733695 23.693962 554.397040
 63.600000 -2.367872 2.525359 23.383025 33.263962
 63.800000 3.008943 2.639074 2.313224 1589.349732
 64.000000 -2.911865 3.060811 18.359831 744.385491
 64.200000 -3.103341 2.375822 10.601698 2670.747166
 64.400000 -3.001640 2.881675 15.362141 1598.658790
 64.600000 -2.716719 -3.075207 22.242328 165.168156
 64.800000 -2.945084 2.494938 17.374573 984.566888
 65.000000 -2.103078 2.754697 21.379127 11.171550
 65.200000 -1.938879 2.624402 21.433924 48.207721
 65.400000 -2.645020 2.420309 22.921703 47.046196
 65.600000 -3.072292 3.093004 12.164695 2447.509129
 65.800000 3.043948 2.948657 3.784456 2006.973677
 66.000000 -2.828490 2.465762 20.313088 429.708345
 66.200000 -2.241017 3.023349 22.194680 87.453580
 66.400000 -2.239271 2.643639 22.178399 86.267267
 66.600000 -2.322976 2.422165 22.994583 80.701051
 66.800000 -2.056361 2.937049 21.250511 3.114918
 67.000000 -2.565588 2.811019 23.291866 12.208927
 67.200000 -3.088816 2.634457 11.323465 2575.350568
 67.400000 -3.071423 -3.054410 12.194771 2437.002551
 67.600000 -3.047036 2.939416 13.367720 2180.916348
 67.800000 3.101602 2.572888 6.540344 2529.054293
 68.000000 3.089119 2.890289 5.918091 2438.454375
 68.200000 2.991440 3.122512 1.587162 1469.084880
 68.400000 -2.765876 2.522193 21.452532 277.039736
 68.600000 -1.821265 2.743750 23.164836 488.705319
 68.800000 -2.339399 2.443689 23.115234 66.073017
 69.000000 -2.884599 2.729792 19.032869 597.309604
 69.200000 -2.671013 -2.966127 22.662302 78.793454
 69.400000 -2.877556 2.615158 19.195394 566.363366
 69.600000 -2.341550 2.690659 23.123956 64.390930
 69.800000 -2.434289 2.643495 23.529830 0.449735
 70.000000 -2.276315 2.711983 22.507095 102.160921
 70.200000 -2.398875 2.712443 23.454071 11.837796
 70.400000 -2.326736 2.811370 22.993702 79.554502
 70.600000 -2.821378 2.656157 20.417475 401.355032
 70.800000 3.129933 2.944968 8.028999 2655.556046
 71.000000 -2.686293 -3.098222 22.509625 102.417455
 71.200000 -3.049456 2.479201 13.266238 2171.991689
 71.400000 -2.212233 -3.135029 21.904838 61.782581
 71.600000 -2.119103 2.669496 21.412270 9.901641
 71.800000 -2.382891 2.062830 23.387423 22.995689
 72.000000 -2.447970 2.831359 23.523995 0.100022
 72.200000 -2.726997 -2.968960 22.023833 182.307247
 72.400000 -2.939172 2.824531 17.536336 933.747182
 72.600000 -2.529164 2.673061 23.355809 9.609530
 72.800000 -2.053775 3.040261 21.267779 2.646541
 73.000000 -2.768895 2.412557 21.388242 280.156339
 73.200000 -2.895885 2.827491 18.746724 651.811055
 73.400000 3.078260 -3.088617 5.468090 2392.375537
 73.600000 2.996293 2.732497 1.761243 1650.037501
 73.800000 -2.508402 2.569948 23.419577 8.048335
 74.000000 -2.028240 2.684760 21.240943 0.911006
 74.200000 -2.213001 2.533206 21.918555 60.530981
 74.400000 -2.209338 2.705413 21.890447 57.226695
 74.600000 -2.644370 2.928634 22.845925 45.582595
 74.800000 3.130076 2.827719 8.094986 2628.460493
 75.000000 -3.016797 -3.082381 14.724221 1770.364571
 75.200000 -2.885553 2.749792 19.018210 606.406742
 75.400000 -2.453627 2.600789 23.542231 0.651678
 75.600000 -2.250423 2.919917 22.255307 92.242814
 75.800000 -2.704870 2.680998 22.300822 131.073465
 76.000000 3.058396 2.815189 4.545697 2273.682034
 76.200000 -3.044880 -3.059964 13.497793 2083.146339
 76.400000 3.003618 2.554943 2.075134 1814.765994
 76.600000 -2.937536 2.676740 17.602303 933.499681
 76.800000 -2.682174 -2.937388 22.538997 90.474784
 77.000000 -3.015532 2.721116 14.783266 1750.934409
 77.200000 -2.689725 2.713151 22.466819 101.554511
 77.400000 -2.672470 2.700702 22.628894 76.116143
 77.600000 3.047009 2.662985 4.048111 2224.552256
 77.800000 -2.938386 -3.132995 17.585048 943.828724
 78.000000 -2.643671 2.762883 22.850710 45.594999
 78.200000 -2.783316 2.548401 21.184418 298.877916
 78.400000 -2.850706 2.842389 19.867945 477.050252
 78.600000 3.033642 2.869850 3.447020 2144.931634
 78.800000 -2.829717 2.560840 20.310627 414.717906
 79.000000 -2.272708 2.709725 22.498394 104.802583
 79.200000 -2.149765 2.778299 21.578820 17.571840
 79.400000 -2.197050 2.329459 21.835108 46.096216
 79.600000 -2.117763 2.555450 21.463889 9.575834
 79.800000 -2.274525 2.974613 22.521910 106.045306
 80.000000 3.115109 2.594988 7.454617 2551.102322
 80.200000 -2.991825 2.926817 15.776313 1482.896200
 80.400000 -3.090359 3.027984 11.388385 2412.771136
 80.600000 -3.073341 2.501853 12.215001 2301.174245
 80.800000 -2.489659 3.039920 23.535782 7.362919
 81.000000 -2.687264 2.661550 22.521403 92.563381
 81.200000 -2.984942 2.612006 16.054353 1409.212962
 81.400000 3.129231 2.958618 8.225183 2556.342240
 81.600000 -2.757415 3.057875 21.666723 229.640486
 81.800000 -2.709987 2.313460 22.295988 128.685557
 82.000000 -2.159465 2.892307 21.644735 21.870553
 82.200000 -1.946472 2.735514 21.304842 20.352923
 82.400000 -2.733016 2.086492 22.033708 172.181546
 82.600000 -2.520997 3.019386 23.457037 12.948974
 82.800000 -3.135087 2.929145 9.209006 2541.210614
 83.000000 3.021060 2.739035 2.941232 2150.967956
 83.200000 -2.728717 3.061488 22.110521 160.437759
 83.400000 -2.339594 2.657239 23.210608 74.029677
 83.600000 -1.941767 2.298694 21.316925 25.174925
 83.800000 -2.286616 2.366759 22.691853 108.219509
 84.000000 -2.866394 2.929079 19.635357 543.210725
 84.200000 3.011553 -3.032513 2.537814 2135.880719
 84.400000 -2.875676 2.472752 19.441135 585.961420
 84.600000 -1.775247 2.640805 24.144960 679.609783
 84.800000 -2.159218 2.436100 21.682217 22.238287
 85.000000 -2.431936 2.840620 23.661260 0.389255
 85.200000 -3.084997 2.833971 11.769911 2321.167561
 85.400000 -3.029342 3.061554 14.328547 1872.867986
 85.600000 -2.838883 2.633689 20.298141 442.882055
 85.800000 -2.625691 2.668933 23.039381 30.437552
 86.000000 -2.938029 2.734291 17.745841 980.958335
 86.200000 -3.048628 2.863684 13.497549 2045.143655
 86.400000 -3.092204 2.764688 11.449524 2349.331446
 86.600000 -2.909253 2.827685 18.620840 775.397512
 86.800000 -2.984939 2.862818 16.150768 1419.413786
 87.000000 -3.073252 2.782846 12.357424 2235.662547
 87.200000 -3.110028 2.716576 10.614009 2417.583331
 87.400000 -2.755544 -3.112731 21.837628 209.627699
 87.600000 -2.789512 2.367849 21.300032 294.332878
 87.800000 -2.466742 2.899676 23.672973 3.039648
 88.000000 -2.745797 2.971395 21.974911 187.398761
 88.200000 3.026649 2.509060 3.341387 2372.256224
 88.400000 -2.698502 2.976840 22.556080 94.826337
 88.600000 -2.834208 2.813735 20.491653 426.760783
 88.800000 -2.897976 2.638821 18.990875 713.406802
 89.000000 3.051580 2.817130 4.570144 2475.413190
 89.200000 -2.646016 3.072761 22.989727 37.717253
 89.400000 -2.358323 2.491287 23.425235 51.199005
 89.600000 -1.879691 2.377221 21.847944 208.892268
 89.800000 -2.296846 2.457561 22.873362 102.154530
 90.000000 -2.173551 2.989573 21.833122 30.193072
 90.200000 -3.077086 2.662502 12.310958 2214.578623
 90.400000 2.950228 2.915352 -0.027024 7.141861
 90.600000 -2.616189 -3.119254 23.171800 23.411204
 90.800000 -2.789788 2.382728 21.405857 287.700529
 91.000000 -2.367510 2.944005 23.495211 41.061970
 91.200000 -2.766005 2.706461 21.822707 222.791271
 91.400000 -3.113272 2.861882 10.610097 2383.423032
 91.600000 3.134570 3.076135 8.863491 2492.123362
 91.800000 3.133804 2.781630 8.825230 2493.924420
 92.000000 -2.809339 2.851207 21.097633 343.607044
 92.200000 -2.821796 2.839250 20.899500 383.798828
 92.400000 -2.848288 2.705632 20.349458 482.321355
 92.600000 3.117870 2.866106 8.076204 2528.050727
 92.800000 2.966378 2.976979 0.574497 1996.045104
 93.000000 -2.942959 2.661341 17.800699 1053.283655
 93.200000 -2.545180 2.677081 23.515819 13.088904
 93.400000 -2.525046 2.771503 23.586787 11.634657
 93.600000 -2.824279 2.741249 20.893550 392.638124
 93.800000 -3.123219 2.951967 10.220161 2396.990589
 94.000000 -2.986662 2.915024 16.294625 1442.078187
 94.200000 -2.971538 2.658839 16.888006 1305.729460
 94.400000 -2.899036 2.608962 19.185170 748.424471
 94.600000 3.111108 2.897572 7.842855 2552.132454
 94.800000 3.044460 2.829844 4.431096 2644.138125
 95.000000 -2.225145 2.780129 22.243918 64.706200
 95.200000 -1.803026 2.426037 23.292714 591.868747
 95.400000 -2.332468 2.285971 23.262632 79.508907
 95.600000 -2.687608 2.856439 22.855580 63.843758
 95.800000 -2.933372 3.072969 18.216701 990.787042
 96.000000 -2.949742 2.551598 17.685052 1120.860843
 96.200000 -2.373820 2.795411 23.586713 37.383293
 96.400000 -2.198285 2.548501 22.065249 43.510685
 96.600000 -2.311484 2.451897 23.074120 94.467160
 96.800000 -2.321079 2.814986 23.166045 88.811507
 97.000000 -2.884573 2.500337 19.654341 668.899575
 97.200000 3.053090 2.886798 5.009946 2752.797926
 97.400000 3.081289 3.058834 6.481996 2686.531172
 97.600000 -2.985078 2.548817 16.502367 1421.571653
 97.800000 -3.096401 3.002361 11.718225 2219.379938
 98.000000 3.088975 3.125586 6.879377 2659.386645
 98.200000 -2.900679 2.635466 19.305810 768.796670
 98.400000 -2.139501 2.720635 21.773413 21.484365
 98.600000 -2.134714 2.606714 21.751401 20.830839
 98.800000 -2.266581 2.673299 22.661816 92.817699
 99.000000 -2.652698 2.657362 23.170150 31.048305
 99.200000 3.100131 2.953900 7.563720 2640.823619
 99.400000 -2.855039 3.106551 20.498309 516.570847
 99.600000 3.080470 2.672789 6.544486 2732.146766
 99.800000 -2.832722 2.902869 20.979966 418.436898
 100.000000 -2.878908 2.881038 19.925565 639.369702
 100.200000 3.059367 2.681745 2.588028 2838.024516
 100.400000 3.041171 2.921695 1.614934 2874.136809
 100.600000 -2.458269 2.958220 20.968703 0.513012
 100.800000 -2.201279 2.396406 19.255748 46.882698
 101.000000 -1.868779 2.452994 18.977820 248.601980
 101.200000 -2.590671 2.608040 20.638985 13.517694
 101.400000 2.957536 3.018197 -0.000000 0.000000
 101.600000 -3.111174 2.938074 8.373193 2255.318689
 101.800000 -2.764486 2.766712 19.363857 185.853272
 102.000000 -2.393818 2.782866 20.901231 19.733690
 102.200000 -2.057227 2.561263 18.589007 25.162094
 102.400000 -2.595838 2.442831 20.666020 13.858058
 102.600000 -2.489599 3.052830 21.011560 5.161373
 102.800000 -3.062049 2.701334 10.713933 1964.895986
 103.000000 3.076037 2.675573 3.633694 2823.728424
 103.200000 -2.481998 3.137762 21.075895 3.864800
 103.400000 -3.019713 2.408825 12.597279 1673.745612
 103.600000 -2.902765 2.659982 16.669901 790.148260
 103.800000 -2.962697 3.089015 14.772518 1235.502050
 104.000000 -3.128644 2.487976 7.709607 2338.293879
 104.200000 -2.585451 2.936232 20.794914 13.399118
 104.400000 -3.039253 2.761374 11.858129 1800.696739
 104.600000 3.007400 2.769453 0.018098 1280.086127
 104.800000 -3.077331 2.867931 10.190588 2031.283729
 105.000000 -3.122888 2.840356 8.072427 2296.465608
 105.200000 -2.080633 2.862233 18.812068 29.037307
 105.400000 -1.979381 2.241062 18.351549 3.100539
 105.600000 -2.130163 2.278560 19.069756 26.122776
 105.800000 -2.283466 2.763747 20.182641 95.668337
 106.000000 2.994445 2.856753 -0.001229 0.311961
 106.200000 -3.021582 3.039484 12.749150 1666.829698
 106.400000 3.127096 2.791425 6.624709 2521.747031
 106.600000 3.107102 2.833592 5.604883 2683.188803
 106.800000 -2.459122 2.784046 21.247071 0.391580
 107.000000 -2.358208 2.533983 20.904969 55.873891
 107.200000 -1.996798 2.727727 18.448429 12.794323
 107.400000 -2.190786 2.605555 19.493340 41.552077
 107.600000 -2.568639 2.582121 20.992705 13.470607
 107.800000 -3.064275 2.898180 11.019821 1916.379653
 108.000000 -3.083316 3.133823 10.174435 2026.559577
 108.200000 -2.969641 2.563593 14.892571 1285.213841
 108.400000 -2.297291 2.659997 20.440444 96.139606
 108.600000 -1.929254 2.673865 18.476592 22.600804
 108.800000 -2.172426 2.584591 19.423158 34.097853
 109.000000 -2.602390 2.741393 20.910098 14.717380
 109.200000 3.082181 3.079362 4.538281 2966.365667
 109.400000 3.125125 2.697489 6.793204 2553.260632
 109.600000 -2.839096 2.879002 18.653260 415.358799
 109.800000 -2.367785 2.874892 21.101733 47.876015
 110.000000 -2.143658 2.325086 19.307537 28.812627
 110.200000 -2.016526 2.145443 18.623212 27.307557
 110.400000 -1.896120 2.501248 18.756403 106.157230
 110.600000 -2.581061 2.964858 21.080419 14.594230
 110.800000 -3.070966 2.913956 10.971614 1916.216816
 111.000000 -2.863195 2.937678 18.193381 539.672223
 111.200000 -2.627268 2.652872 20.941306 17.219951
 111.400000 -2.266315 2.836049 20.270615 86.719259
 111.600000 -2.485611 2.391658 21.443556 4.234559
 111.800000 -3.112017 2.657056 9.203934 2167.989185
 112.000000 2.987827 -3.136037 -0.000561 0.074264
 112.200000 -2.902205 2.675658 17.324376 782.570843
 112.400000 -2.049514 2.448030 18.885233 40.200354
 112.600000 -1.708460 2.326407 22.824793 647.977013
 112.800000 -2.146762 2.710457 19.461107 30.627279
 113.000000 3.110938 2.838347 6.325385 2724.690287
 113.200000 -3.069255 -3.117359 11.285063 1869.382707
 113.400000 -2.771412 2.506727 19.989508 153.694096
 113.600000 -1.995019 2.678356 18.609763 18.646284
 113.800000 -1.840217 2.531848 19.627821 370.125888
 114.000000 -3.087967 2.330719 10.464065 1983.062531
 114.200000 2.952227 -3.017759 -0.000000 0.000000
 114.400000 -3.038626 3.044517 12.651117 1686.709152
 114.600000 -2.472208 2.230240 21.603831 1.384683
 114.800000 -1.945651 2.510392 18.547634 1.797549
 115.000000 -2.342083 2.715953 21.103977 73.249134
 115.200000 2.910212 2.650862 -0.000000 0.000000
 115.400000 -2.928503 -3.133162 16.741294 964.472420
 115.600000 -2.885542 2.691861 17.963197 663.081834
 115.800000 3.011224 2.678568 0.845272 3605.662199
 116.000000 -2.770293 -2.989296 20.107270 144.955132
 116.200000 3.106357 2.466941 6.410660 2823.730655
 116.400000 -2.882617 2.300638 18.102570 640.612784
 116.600000 -2.518912 3.084856 21.585350 10.352842
 116.800000 3.018879 2.625858 1.363088 3658.340878
 117.000000 -2.477712 2.755914 21.684645 1.945568
 117.200000 -2.055836 2.958181 19.106121 47.767873
 117.400000 -2.239824 2.390770 20.284518 65.533857
 117.600000 -2.486792 2.607380 21.714379 3.428431
 117.800000 2.968605 3.059686 -0.000000 0.000000
 118.000000 -3.087911 2.858304 10.780303 1940.017262
 118.200000 -2.174796 2.742141 19.876560 34.860168
 118.400000 -2.193668 2.404618 19.991871 40.355376
 118.600000 -2.012936 2.717747 18.851078 37.276077
 118.800000 -2.359177 2.968785 21.389631 60.088231
 119.000000 -2.909884 2.728884 17.496618 825.315065
 119.200000 3.073310 2.883315 4.813463 3331.108609
 119.400000 -2.631775 -3.090302 21.269286 19.396563
 119.600000 -2.562140 2.427581 21.563061 16.364259
 119.800000 -2.007063 2.497921 18.847444 35.096930
 120.000000 -2.038774 2.547619 19.057047 49.759785
 120.200000 -2.339455 2.618446 21.296348 76.764363
 120.400000 -2.998480 3.020367 14.644160 1422.535467
 120.600000 3.030575 2.954422 2.314553 3813.176952
 120.800000 -2.335078 2.830124 21.257648 79.497485
 121.000000 -2.085688 2.339635 19.426046 45.899855
 121.200000 -1.871884 2.401661 19.204138 178.545091
 121.400000 -2.789718 2.532083 20.184647 176.598753
 121.600000 3.092324 -2.802723 6.035999 3091.166602
 121.800000 -3.048937 2.963373 12.723823 1675.526697
 122.000000 -2.296183 2.225969 20.931748 87.740571
 122.200000 -1.721311 2.328314 22.508267 636.149354
 122.400000 -2.258043 2.546071 20.624350 71.317190
 122.600000 2.997294 2.768630 0.336342 4429.637009
 122.800000 -3.014863 -3.009806 14.146321 1497.613243
 123.000000 -2.711236 2.740860 20.987762 43.935522
 123.200000 -1.795055 2.359161 20.685367 541.112286
 123.400000 -2.111146 2.213911 19.716089 40.017656
 123.600000 -2.684912 2.765236 21.189447 28.934227
 123.800000 -2.981975 -2.960517 15.441859 1313.355225
 124.000000 3.089830 2.619796 6.042324 3164.651564
 124.200000 -2.054176 2.775230 19.350806 58.598906
 124.400000 -1.807701 2.551152 20.410888 487.962348
 124.600000 -2.093428 2.425001 19.638678 47.200930
 124.800000 -2.342251 2.576236 21.457894 75.642421
 125.000000 -2.261546 2.930408 20.726442 71.505224
 125.200000 -2.801180 2.472890 20.239204 203.408082
 125.400000 -2.484516 2.899810 22.058078 1.981269
 125.600000 -2.698693 2.874674 21.197975 33.405861
 125.800000 -2.687416 2.773326 21.260597 28.538293
 126.000000 -2.550178 3.020255 21.866110 15.481262
 126.200000 -2.987965 2.527257 15.397200 1331.490192
 126.400000 -2.686418 -3.092347 21.313575 27.672084
 126.600000 -2.771299 2.700058 20.666697 119.629181
 126.800000 -2.185357 2.583202 20.268778 33.623645
 127.000000 -1.972600 2.536932 18.883444 14.199842
 127.200000 -2.309296 2.614716 21.265632 86.581236
 127.400000 -2.712216 2.868020 21.216953 40.167258
 127.600000 2.935471 2.865925 -0.000000 0.000000
 127.800000 -2.849776 2.840926 19.503712 423.681539
 128.000000 -2.656070 2.722488 21.510601 20.149913
 128.200000 -2.491334 2.784804 22.173429 2.778317
 128.400000 -2.349419 2.585050 21.662762 72.152543
 128.600000 -2.525965 2.427158 22.086260 10.378153
 128.800000 -2.123421 2.856460 19.995247 37.402031
 129.000000 -2.698137 2.594950 21.354993 31.599982
 129.200000 -2.712957 2.680233 21.319621 39.918922
 129.400000 -2.967801 2.862643 16.279521 1205.826909
 129.600000 2.958452 2.682059 -0.000000 0.000000
 129.800000 -2.396294 2.911734 22.043574 31.898125
 130.000000 -1.853580 2.403289 19.600412 245.503114
 130.200000 -2.096816 2.049452 19.896427 49.081347
 130.400000 -2.245058 2.482390 20.821057 59.636239
 130.600000 -1.953899 3.119353 18.938803 3.278607
 130.800000 -2.865597 2.336825 19.321064 520.095308
 131.000000 -2.202403 2.996990 20.526808 37.874789
 131.200000 -2.385522 2.873800 22.061195 41.773044
 131.400000 -2.389834 2.320937 22.088392 37.835110
 131.600000 -2.015170 2.734156 19.292119 59.117710
 131.800000 -2.187084 2.761419 20.477957 33.395857
 132.000000 -2.923323 2.541230 17.836124 914.469052
 132.200000 -3.109086 3.131826 10.880814 1998.829005
 132.400000 2.946102 2.841746 -0.000000 0.000000
 132.600000 -2.177958 2.667297 20.468640 31.972579
 132.800000 -1.963652 2.452821 19.018474 11.525896
 133.000000 -2.266071 2.439766 21.076592 72.367465
 133.200000 -2.454453 3.022789 22.405111 0.798701
 133.400000 -2.932084 2.835013 17.668198 973.962114
 133.600000 -3.054539 2.604715 13.239436 1606.000743
 133.800000 -2.745345 3.076749 21.290418 71.087572
 134.000000 -2.621940 2.497657 21.944003 15.358679
 134.200000 -2.485655 2.567011 22.440710 1.609363
 134.400000 -2.121030 2.934074 20.221173 40.787129
 134.600000 -2.248687 2.278348 21.020889 61.937442
 134.800000 -2.104558 2.575586 20.111490 48.227257
 135.000000 -1.915432 2.781380 19.073725 16.417863
 135.200000 -2.209283 2.678142 20.786591 41.055142
 135.400000 -2.710117 2.399119 21.644061 35.547065
 135.600000 -2.645347 -3.105868 21.949472 15.680144
 135.800000 3.035950 2.617352 3.437355 4286.754539
 136.000000 -2.370516 2.790098 22.133424 55.188827
 136.200000 -2.003177 2.511847 19.360627 58.003710
 136.400000 -2.295644 2.246624 21.520314 85.361423
 136.600000 -2.149632 2.776798 20.479783 34.066421
 136.800000 -2.860709 2.742159 19.733571 495.917899
 137.000000 2.928465 2.868747 -0.000000 0.000000
 137.200000 -3.014332 2.892233 15.004822 1406.252562
 137.400000 -2.622960 2.600290 22.134818 14.116266
 137.600000 -2.096451 2.592175 20.175332 55.832837
 137.800000 -1.975169 2.750631 19.206393 28.669238
 138.000000 -2.888801 2.578603 19.101345 679.218702
 138.200000 -2.684409 -2.952408 21.934088 22.695588
 138.400000 3.039882 2.476325 3.830079 4311.766449
 138.600000 3.013214 2.727448 2.053613 4509.022325
 138.800000 -2.638483 3.068488 22.125761 14.435105
 139.000000 -2.806429 2.563787 20.840254 226.708783
 139.200000 -2.184755 2.577505 20.816690 35.489544
 139.400000 -1.936616 2.910934 19.145251 0.061939
 139.600000 -2.398513 2.390431 22.493841 28.874835
 139.800000 -2.644571 2.664630 22.155964 14.316421
 140.000000 -2.765374 -3.130897 21.412809 108.286895
 140.200000 3.041818 2.675736 4.044712 4330.610065
 140.400000 3.017036 2.866742 2.388687 4554.565594
 140.600000 2.972938 2.961650 -0.002288 1.424058
 140.800000 -3.041958 2.833983 14.098982 1509.819030
 141.000000 -2.472580 2.807673 22.714476 0.158607
 141.200000 -2.648760 2.666793 22.249654 13.764578
 141.400000 -2.811529 2.991814 20.915332 254.218866
 141.600000 3.127902 2.947887 9.179294 2633.644965
 141.800000 -3.081948 2.678099 12.544789 1729.947652
 142.000000 -2.466938 2.778190 22.757403 0.000004
 142.200000 -2.473855 2.632571 22.798427 0.172620
 142.400000 -2.541629 2.549965 22.662873 9.268445
 142.600000 -2.856329 2.779110 20.117005 482.986031
 142.800000 2.968921 2.836242 -0.000459 0.064151
 143.000000 -3.057678 2.899173 13.582195 1575.232318
 143.200000 -3.070504 2.833574 13.119329 1643.201613
 143.400000 3.061906 2.759587 5.493057 4033.307373
 143.600000 2.866322 2.941010 -0.000000 0.000000
 143.800000 -2.764877 2.853111 21.635588 112.402310
 144.000000 -2.344545 2.618890 22.278257 73.892938
 144.200000 -1.984351 2.647597 19.461111 50.192178
 144.400000 -2.187045 2.634659 21.030514 37.683913
 144.600000 -2.390829 2.589438 22.662069 34.903068
 144.800000 -2.586652 2.997029 22.619414 9.993281
 145.000000 -3.123983 2.823283 10.871766 2138.761333
 145.200000 -3.109371 2.823796 11.588561 1957.664982
 145.400000 -2.776213 2.804097 21.611975 143.864765
 145.600000 -2.571842 2.477961 22.716046 9.189911
 145.800000 -2.580512 2.724177 22.689658 9.323720
 146.000000 -2.811893 2.887010 21.109003 265.484981
 146.200000 -2.983654 2.762927 16.549166 1237.387205
 146.400000 2.983907 2.936428 0.381170 5045.185273
 146.600000 3.107130 2.834030 8.353180 3062.767333
 146.800000 -2.890289 2.925337 19.473147 702.367645
 147.000000 -2.491202 2.618546 22.958891 1.322366
 147.200000 -2.052885 2.699081 20.157979 88.917354
 147.400000 -1.927870 2.422177 19.312548 0.026062
 147.600000 -2.031945 2.477722 19.958035 91.692010
 147.800000 -2.348548 2.757312 22.474290 71.160838
 148.000000 -2.978352 2.905464 16.781374 1210.275292
 148.200000 -3.102481 3.032930 12.054707 1867.928690
 148.400000 2.988275 2.826312 0.766120 4681.245185
 148.600000 -3.065375 2.903113 13.589180 1580.917075
 148.800000 -3.019524 3.096156 15.346679 1373.495637
 149.000000 -2.733750 2.870204 22.192674 64.766300
 149.200000 -2.458820 2.679029 23.090795 0.802823
 149.400000 -2.446334 2.681557 23.074339 3.068897
 149.600000 -1.978109 2.938457 19.549453 49.307236
 149.800000 -2.382839 2.322759 22.811335 42.302926
 150.000000 -1.897537 2.743266 19.431111 28.184332
 150.200000 -2.068715 2.627897 20.404104 82.706930
 150.400000 -2.116055 2.667161 20.790223 51.814305
 150.600000 -2.401186 2.517027 22.958878 26.860754
 150.800000 -2.558061 2.884714 23.008466 5.999240
 151.000000 3.108608 2.675070 8.664957 3038.587125
 151.200000 2.956543 3.006751 -0.000006 0.000012
 151.400000 -2.797405 2.898321 21.623855 223.598624
 151.600000 -2.498802 2.612456 23.170675 1.195021
 151.800000 -1.915555 2.555382 19.400132 2.822915
 152.000000 -2.039803 2.481088 20.163728 96.362478
 152.200000 -2.235501 2.794325 21.662232 60.767968
 152.400000 -2.793400 2.940395 21.728765 211.553367
 152.600000 -2.902691 2.845739 19.396668 783.492376
 152.800000 3.115678 2.963278 9.161588 2883.035216
 153.000000 3.060852 3.002990 5.908416 4191.080886
 153.200000 3.015606 2.631754 2.885163 4915.210515
 153.400000 3.103665 2.985393 8.557514 3156.211973
 153.600000 -3.102701 2.887796 12.315400 1838.837591
 153.800000 -2.940255 2.642609 18.315243 1004.963035
 154.000000 -2.555506 2.811761 23.163304 4.859061
 154.200000 -2.577411 2.691638 23.163314 5.334828
 154.400000 -2.576552 2.723259 23.165296 5.305757
 154.600000 -2.753333 2.920222 22.318072 105.486803
 154.800000 -2.999521 2.742106 16.353280 1270.304280
 155.000000 3.060737 3.023886 6.011727 4218.029697
 155.200000 3.140116 2.860176 10.584353 2382.630890
 155.400000 -2.875379 2.714098 20.247654 617.449631
 155.600000 -2.481955 2.854647 23.358273 0.003585
 155.800000 -2.586339 2.589498 23.195818 5.398580
 156.000000 -2.495088 2.835391 23.353568 0.407526
 156.200000 -2.672517 2.845047 22.986966 19.561086
 156.400000 -2.904655 2.803557 19.512153 796.476179
 156.600000 3.134926 2.933018 10.386880 2470.455992
 156.800000 3.060542 2.978926 6.113508 4248.342923
 157.000000 -2.823006 2.746455 21.423114 337.066240
 157.200000 -2.219844 2.809649 21.727243 54.059859
 157.400000 -2.268885 2.406163 22.129396 80.826544
 157.600000 -1.884548 2.658322 19.605358 41.831482
 157.800000 -2.276821 2.591899 22.201528 84.303658
 158.000000 -2.543359 2.699656 23.393946 2.940019
 158.200000 -2.854269 2.952296 20.873455 497.841747
 158.400000 2.982182 2.850974 0.763151 4936.324459
 158.600000 -2.946294 2.851999 18.336299 1031.977594
 158.800000 -2.863593 2.990141 20.660039 550.459496
 159.000000 -2.839047 2.764746 21.198691 416.922176
 159.200000 -2.355014 2.780417 22.994002 69.012490
 159.400000 -2.043442 2.570185 20.436705 106.381959
 159.600000 -2.048251 2.442769 20.486092 104.397001
 159.800000 -2.176218 2.622925 21.498671 41.531186
 160.000000 -2.033778 2.847255 20.336403 108.685357
 160.200000 -2.628884 2.664948 23.367062 8.778319
 160.400000 -2.845335 2.700123 21.155272 452.513321
 160.600000 -2.849338 -3.103760 21.069111 473.774448
 160.800000 2.991515 2.579179 1.509444 5100.951856
 161.000000 -2.647111 2.967202 23.307986 12.579422
 161.200000 -2.050344 2.534607 20.568491 105.708154
 161.400000 -2.003498 2.346099 20.079140 101.579987
 161.600000 -1.990402 2.467918 19.951357 88.058538
 161.800000 -2.029523 2.834749 20.350382 111.978786
 162.000000 -2.790437 2.615903 22.186399 216.699877
 162.200000 2.944102 2.856221 -0.000000 0.000000
 162.400000 -2.698104 3.079056 23.171178 39.217616
 162.600000 -2.528428 2.444982 23.665271 0.905280
 162.800000 -1.992413 2.590435 19.998878 92.174206
 163.000000 -1.929200 2.563557 19.587560 5.356141
 163.200000 -2.277450 2.500494 22.419552 86.194241
 163.400000 -2.519061 2.800084 23.719633 0.365408
 163.600000 -3.055062 2.796904 14.734806 1423.293211
 163.800000 -2.605917 3.102608 23.588626 5.423410
 164.000000 -2.260002 2.511192 22.261244 78.042255
 164.200000 -1.861133 2.372448 19.862109 90.455052
 164.400000 -2.061494 2.247104 20.777721 99.236796
 164.600000 -1.945661 2.799347 19.697093 25.910877
 164.800000 -2.435793 2.754556 23.666893 11.879831
 165.000000 -2.893971 2.668857 20.148439 734.565712
 165.200000 -3.017250 2.974305 16.213780 1283.460035
 165.400000 2.962029 2.875063 -0.008691 17.665012
 165.600000 -2.836616 2.779576 21.554578 415.041527
 165.800000 -2.339591 2.730431 23.078785 81.639590
 166.000000 -2.095957 2.577486 21.128538 70.878050
 166.200000 -1.849884 2.651436 19.999370 121.553125
 166.400000 -2.196126 2.488225 21.863642 47.295943
 166.600000 -2.448223 2.966013 23.785672 7.795618
 166.800000 3.096616 2.679518 8.896588 3347.444792
 167.000000 -3.133181 -3.093659 11.662294 2143.944908
 167.200000 3.036368 2.615218 5.048681 4991.019275
 167.400000 -2.700329 2.799300 23.410894 45.165154
 167.600000 -2.386811 2.819886 23.530559 45.687677
 167.800000 -2.339755 2.709109 23.153299 81.860980
 168.000000 -2.356221 2.628093 23.297300 70.707493
 168.200000 -2.105174 3.062054 21.301303 63.742695
 168.400000 -2.371553 2.638969 23.458912 58.626232
 168.600000 -2.203094 2.560802 21.979733 50.721078
 168.800000 -1.850099 2.739856 20.016852 112.161147
 169.000000 -2.547885 2.361814 23.935323 0.726947
 169.200000 -2.554669 3.046430 23.976355 0.866890
 169.400000 -3.037050 2.708183 15.672689 1331.683748
 169.600000 -2.994742 2.825674 17.180227 1208.881961
 169.800000 -2.626107 2.919761 23.849566 7.878284
 170.000000 -2.755399 2.701817 23.009523 132.511599
 170.200000 -2.246287 2.682847 22.393627 74.360978
 170.400000 -1.948160 2.752605 19.870645 38.195267
 170.600000 -1.852004 2.277330 20.016825 97.728540
 170.800000 -1.988398 2.286914 20.203861 98.190604
 171.000000 -1.972753 2.879990 20.056941 77.412866
 171.200000 -2.624876 2.481182 23.958654 7.421306
 171.400000 -3.081746 2.823478 14.078554 1538.060061
 171.600000 2.952471 3.054331 -0.000207 0.014839
 171.800000 -2.956699 2.868593 18.551685 1066.466113
 172.000000 -2.647711 2.574381 23.885388 13.924744
 172.200000 -2.016206 2.964384 20.562226 118.501983
 172.400000 -2.010779 2.459917 20.503307 117.109103
 172.600000 -1.942753 2.160690 19.894381 32.906443
 172.800000 -1.859890 2.691582 19.970062 66.160137
 173.000000 -2.362224 2.716778 23.537840 65.608216
 173.200000 -3.098205 2.758112 13.512623 1668.432387
 173.400000 2.925964 3.094719 -0.000000 0.000000
 173.600000 -3.069358 2.833503 14.649250 1457.396550
 173.800000 -2.527241 2.669935 24.172906 0.012049
 174.000000 -2.153889 2.760246 21.821480 45.020074
 174.200000 -1.987710 2.532592 20.332429 101.959406
 174.400000 -2.652389 2.547261 24.020543 16.131126
 174.600000 -2.785980 3.049860 22.825761 223.840941
 174.800000 2.924831 2.897216 -0.000000 0.000000
 175.000000 2.968826 2.643819 0.391532 5659.008392
 175.200000 3.012978 -3.016525 3.692977 5502.290533
 175.400000 -3.028576 2.691401 16.244659 1295.955337
 175.600000 -1.950818 2.592915 20.041952 50.246308
 175.800000 -1.922642 2.221433 19.893195 10.806623
 176.000000 -1.939257 2.548956 19.968048 32.075677
 176.200000 -2.197013 2.817704 22.214897 52.475780
 176.400000 -1.956571 2.719380 20.118214 60.987251
 176.600000 -2.420476 2.283331 24.058390 22.735854
 176.800000 -2.008427 2.935658 20.621306 117.027659
 177.000000 -2.112242 2.792510 21.624321 58.148533
 177.200000 -2.040697 2.269702 21.009339 110.550505
 177.400000 -1.760875 2.234045 21.423809 347.905531
 177.600000 -1.995175 2.849755 20.519943 110.591763
 177.800000 -2.954001 2.583725 18.888678 1046.094298
 178.000000 2.990722 -3.107492 2.114749 5563.913920
 178.200000 3.122785 2.934443 10.898903 2657.418068
 178.400000 -2.493257 2.698194 24.344937 2.295495
 178.600000 -1.867155 2.480161 20.027563 29.900682
 178.800000 -1.942789 2.567767 20.093418 42.653667
 179.000000 -2.719065 2.453400 23.788846 80.179787
 179.200000 -2.909073 -3.013762 20.337238 810.943749
 179.400000 3.041351 2.919046 5.932142 5032.763913
 179.600000 -2.933540 2.472808 19.612289 944.053292
 179.800000 -2.548630 2.860781 24.428270 0.021944
 180.000000 -2.596587 2.678190 24.403335 1.676645
 180.200000 -2.608668 2.513473 24.429114 3.094664
 180.400000 -2.355806 2.944109 23.773525 68.911988
 180.600000 -2.099818 2.524105 21.671538 61.311965
 180.800000 -2.006863 2.119201 20.768245 117.157691
 181.000000 -1.774085 2.557332 21.179406 298.968940
 181.200000 -2.979206 2.746656 18.210080 1146.751486
 181.400000 3.101330 -2.965324 9.868912 3211.498805
 181.600000 -2.536480 2.823704 24.506175 0.320474
 181.800000 -2.397060 1.959382 24.109430 37.052117
 182.000000 -1.573712 2.250938 24.937078 314.301174
 182.200000 -0.513507 2.352439 0.816609 1624.173201
 182.400000 -0.938361 1.965412 17.334753 1162.481106
 182.600000 -0.931017 1.448431 17.084202 1165.955211
 182.800000 -1.699684 0.859296 22.563380 373.131830
 183.000000 -1.634405 0.484712 23.809174 350.615162
 183.200000 -1.879022 1.171971 20.087189 5.141539
 183.400000 -0.907051 1.654595 16.235986 1193.200639
 183.600000 -0.668110 1.954944 6.813036 1592.616605
 183.800000 -0.804569 2.382872 12.448061 1600.757785
 184.000000 -1.479214 2.180793 26.349461 138.034784
 184.200000 -2.256035 2.260348 22.970811 89.445534
 184.400000 -2.399674 2.885144 24.235450 34.866963
 184.600000 -2.804542 3.004062 22.912409 297.388892
 184.800000 3.069062 2.569974 8.029633 4214.108446
 185.000000 -2.736513 -3.134780 23.861212 116.748010
 185.200000 -2.794284 2.695133 23.119027 263.732457
 185.400000 -2.831731 2.625018 22.439622 403.857138
 185.600000 -2.580044 2.977557 24.672377 0.191568
 185.800000 -3.088668 2.454174 14.377628 1559.055263
 186.000000 -2.660005 2.989299 24.486093 22.126375
 186.200000 -2.560273 2.856158 24.715090 0.063986
 186.400000 -2.346410 2.458017 23.910590 76.087883
 186.600000 -1.871519 2.688078 20.166983 8.881345
 186.800000 -1.968043 2.554725 20.578361 93.933588
 187.000000 -2.106138 2.444744 21.911253 52.809451
 187.200000 -2.082525 2.753086 21.759603 67.173217
 187.400000 -2.211729 2.752437 22.675925 64.854547
 187.600000 -2.440895 2.410754 24.534729 14.198232
 187.800000 -2.014742 2.926011 21.103624 116.294003
 188.000000 -2.446371 2.502538 24.554700 12.445214
 188.200000 -2.617574 2.545530 24.757501 4.145811
 188.400000 -2.435041 3.123556 24.546684 16.400060
 188.600000 -2.287855 2.775612 23.419243 100.863004
 188.800000 -2.305466 2.297164 23.595500 98.602713
 189.000000 -1.887987 2.908372 20.186524 0.022795
 189.200000 -2.157843 2.733535 22.354063 43.966680
 189.400000 -2.343389 2.426136 23.994237 77.859915
 189.600000 -2.195696 2.811061 22.619780 57.114130
 189.800000 -2.273101 2.771981 23.309890 99.562130
 190.000000 -2.740744 2.501620 24.005768 131.315188
 190.200000 -2.801805 2.777886 23.172061 292.849119
 190.400000 -2.658514 3.024574 24.704069 22.508988
 190.600000 -2.918824 2.549003 20.455236 862.272425
 190.800000 -2.440073 2.918628 24.643573 14.384536
 191.000000 -2.808547 2.674542 23.054456 315.972686
 191.200000 -2.613130 2.845261 24.893921 3.127630
 191.400000 -2.964904 2.914585 19.042142 1099.336732
 191.600000 3.000149 2.828445 3.328833 5824.242350
 191.800000 -2.948017 2.968419 19.592134 1020.411959
 192.000000 -2.873035 2.706547 21.726396 604.940863
 192.200000 -2.859541 2.794103 22.084977 535.226409
 192.400000 -2.832472 2.786430 22.672032 410.480165
 192.600000 -3.123098 2.784187 13.182685 1903.509886
 192.800000 2.813994 2.787522 -0.000000 0.000000
 193.000000 -3.112713 2.874398 13.627674 1772.817395
 193.200000 -2.875213 2.687149 21.747950 616.473762
 193.400000 -2.796411 2.686107 23.375735 278.565376
 193.600000 -2.605701 2.820850 24.993715 1.731821
 193.800000 -2.827816 2.788985 22.803749 391.147992
 194.000000 3.130544 2.837146 11.848009 2418.752538
 194.200000 -3.131206 3.043462 12.886714 2017.588474
 194.400000 -2.778245 2.636154 23.705838 225.355823
 194.600000 -2.371384 2.629051 24.419300 53.398480
 194.800000 -1.819359 2.593891 20.616119 97.415693
 195.000000 -1.965675 2.456290 20.797966 101.519017
 195.200000 -2.034530 2.516443 21.565028 105.755724
 195.400000 -2.065408 2.745905 21.862251 79.526433
 195.600000 -2.136435 2.701881 22.399946 45.847640
 195.800000 -2.101466 2.624738 22.155020 54.919597
 196.000000 -2.210339 2.772841 22.944760 72.216849
 196.200000 -2.262985 2.641859 23.476703 102.337892
 196.400000 -2.627334 2.568186 25.079987 6.476228
 196.600000 -2.688885 2.992577 24.782285 53.350939
 196.800000 2.955150 2.693957 0.080535 4652.273104
 197.000000 -3.067621 3.026344 15.543677 1444.527498
 197.200000 -2.815659 2.820883 23.202543 343.752720
 197.400000 -2.627192 2.511995 25.121810 6.301761
 197.600000 -1.715711 2.840388 22.150180 311.342737
 197.800000 -2.056622 2.393111 21.849017 87.741982
 198.000000 -1.849551 2.380418 20.421760 22.052217
 198.200000 -1.922997 2.669851 20.535278 45.293361
 198.400000 -1.941600 2.997573 20.679733 75.885966
 198.600000 -2.353967 2.595701 24.430292 66.370931
 198.800000 -2.627830 2.548932 25.161335 6.374585
 199.000000 -2.370855 -2.996602 24.560284 52.376722
 199.200000 -2.944810 2.654671 20.000707 1028.882861
 199.400000 -2.922169 2.864055 20.703709 898.071878
 199.600000 2.951200 3.007123 -0.025999 55.256301
 199.800000 2.963585 2.974378 0.809304 5500.396684
 200.000000 -2.414221 2.667851 24.857409 23.897852
 200.200000 -2.093831 2.776502 23.754123 58.605025
 200.400000 -1.856899 2.565828 21.924176 8.533405
 200.600000 -1.873572 2.385391 21.898426 0.029604
 200.800000 -1.979197 2.550820 22.610529 122.934222
 201.000000 -1.932379 2.797149 22.147746 64.949220
 201.200000 -2.168964 2.617794 24.306191 52.316490
 201.400000 -2.164269 2.707649 24.272513 50.651099
 201.600000 -2.301477 2.768572 25.533618 102.469455
 201.800000 -2.480546 2.568209 26.647031 7.172414
 202.000000 -2.571499 2.814650 26.810816 0.395241
 202.200000 -2.732603 2.873769 26.099904 124.079386
 202.400000 3.121168 2.601661 13.131755 2591.517439
 202.600000 2.948654 2.825170 1.287295 4996.441574
 202.800000 -3.138871 3.118218 14.251858 2122.263596
 203.000000 2.964204 2.798940 2.417640 5538.682960
 203.200000 2.911768 3.052902 -0.000028 0.000204
 203.400000 2.884988 2.881127 -0.000000 0.000000
 203.600000 -2.711314 2.648440 26.350150 87.358048
 203.800000 -1.796708 2.793554 22.372541 125.208471
 204.000000 -2.008074 2.352141 23.020645 124.988684
 204.200000 -1.770428 2.392765 22.697309 189.308818
 204.400000 -1.919664 2.647741 22.141759 51.907630
 204.600000 -1.887330 2.686384 21.976844 7.848859
 204.800000 -2.293379 2.541703 25.539614 105.462441
 205.000000 -2.098813 2.746722 23.894935 54.194401
 205.200000 -2.124401 2.736558 24.100151 46.587678
 205.400000 -2.031006 2.513492 23.324871 107.620744
 205.600000 -1.805934 2.496578 22.275702 91.673551
 205.800000 -1.927360 2.544964 22.226872 66.783479
 206.000000 -2.718125 2.705855 26.347133 99.791126
 206.200000 2.966674 2.965315 2.694404 5666.088346
 206.400000 3.019447 3.030814 6.741661 5681.076625
 206.600000 -3.069495 2.717823 17.212477 1483.473544
 206.800000 -3.103770 2.888452 15.855454 1679.299828
 207.000000 -3.009188 2.999505 19.471046 1330.835963
 207.200000 -2.973425 2.805623 20.773977 1205.624470
 207.400000 -2.376743 2.759971 26.353740 43.703978
 207.600000 -1.865140 2.638193 22.000313 0.003785
 207.800000 -1.826747 2.111236 22.120410 37.675443
 208.000000 -1.765083 2.099783 22.750434 185.093667
 208.200000 -2.061186 2.463163 23.702669 77.218660
 208.400000 -2.000342 -3.109765 23.082407 127.182945
 208.600000 -2.686447 2.462548 26.712758 53.986727
 208.800000 -2.584257 2.522107 27.034630 0.154061
 209.000000 -2.256147 -3.115471 25.271543 105.867212
 209.200000 -2.053657 2.598690 23.664266 83.039968
 209.400000 -1.899821 2.088247 22.137858 29.988144
 209.600000 -1.338350 1.680588 27.534787 44.410434
 209.800000 -1.046514 0.882387 21.691778 1094.217756
 210.000000 -1.426845 0.384041 27.636841 22.615850
 210.200000 -1.572662 0.689726 25.848205 267.405303
 210.400000 -0.908967 1.330650 16.972326 1176.097168
 210.600000 -0.617944 1.985938 5.526198 1426.411585
 210.800000 -1.139582 2.200133 24.406067 624.640841
 211.000000 -0.865978 2.360990 15.470757 1282.560487
 211.200000 -0.976513 2.024893 19.245483 1174.863642
 211.400000 -0.475685 1.555465 0.245971 1515.205546
 211.600000 -0.820108 1.701373 13.730141 1498.576177
 211.800000 -0.545724 1.827048 2.822553 1349.548700
 212.000000 -0.737401 2.093762 10.337058 1799.564609
 212.200000 -0.788187 2.222373 12.428284 1660.609980
 212.400000 -1.052256 1.984871 21.784244 1075.660718
 212.600000 -1.002909 1.604305 20.119783 1174.934765
 212.800000 -0.900572 1.294898 16.616435 1189.652099
 213.000000 -1.655174 1.297280 24.426035 279.934591
 213.200000 -1.153738 0.346632 24.653037 546.309894
 213.400000 -0.548089 -0.137213 2.852217 1338.462553
 213.600000 1.207165 -0.958451 -0.000000 0.000000
