#! FIELDS time phi psi ves.bias ves.force2
#! SET min_phi -pi
#! SET max_phi pi
#! SET min_psi -pi
#! SET max_psi pi
 0.000000 -1.498385 0.273949 23.369432 70.063852
 0.200000 -0.583946 0.489390 0.463650 1634.269103
 0.400000 -1.571172 1.287708 22.645147 132.472619
 0.600000 -1.186118 1.025072 22.303646 342.532171
 0.800000 -0.908482 0.691091 14.203973 1369.432382
 1.000000 -1.671050 0.730150 21.344755 186.172192
 1.200000 -0.809009 0.856123 10.509387 1663.843811
 1.400000 -1.505065 1.196340 23.506566 59.674816
 1.600000 -1.155427 0.767820 21.833665 411.877022
 1.800000 -1.300406 0.675859 23.833908 45.992264
 2.000000 -1.611998 0.960255 22.404881 163.862787
 2.200000 -1.230680 1.177550 23.413484 219.493944
 2.400000 -1.090436 1.237928 20.393185 740.271109
 2.600000 -1.673555 0.964687 21.545711 222.836832
 2.800000 -1.094746 0.511381 20.509786 723.677213
 3.000000 -0.973338 0.677093 16.752292 1197.287795
 3.200000 -1.354792 0.802675 24.525330 0.145619
 3.400000 -1.425068 1.198041 24.339667 26.956124
 3.600000 -0.877924 1.259300 13.254723 1510.411358
 3.800000 -1.428949 1.101960 24.319065 29.407147
 4.000000 -1.227017 0.564918 23.535956 237.225971
 4.200000 -0.597488 0.082664 0.947147 1644.275238
 4.400000 -0.654102 -0.295610 3.437258 2156.516255
 4.600000 -0.940626 -0.374683 15.720831 1412.298786
 4.800000 -0.597920 -0.049210 0.964688 1649.437021
 5.000000 -1.319288 1.064778 24.595643 25.563907
 5.200000 -1.065158 1.531680 20.042294 839.064751
 5.400000 -0.670723 1.578693 4.303455 2191.862092
 5.600000 -0.905951 2.034477 14.461672 1564.703064
 5.800000 -0.597575 2.265021 1.031184 1680.274865
 6.000000 -0.702159 2.082441 5.774635 2169.114535
 6.200000 -0.817680 1.604799 10.939537 1735.824980
 6.400000 -0.575880 1.308866 0.250437 1755.743356
 6.600000 -1.270342 1.456580 24.340255 130.294850
 6.800000 -1.534019 1.016486 23.690586 153.277431
 7.000000 -0.984441 0.387224 17.555547 1275.372910
 7.200000 -0.718612 0.150284 6.764962 2032.086098
 7.400000 -0.631852 -0.321330 2.763196 2079.914981
 7.600000 -0.613601 -0.356556 1.942932 1951.027759
 7.800000 -0.716671 -0.226030 6.677383 2040.144186
 8.000000 -1.225925 0.251438 23.795352 261.014484
 8.200000 -0.900571 0.591349 14.509292 1657.690552
 8.400000 -1.644246 1.455632 22.025680 318.120373
 8.600000 -1.881780 1.987313 19.245198 1.547213
 8.800000 -2.037605 2.647776 19.608727 27.883596
 9.000000 -2.449256 -3.001017 22.673325 27.630246
 9.200000 3.093408 2.404284 6.230756 3117.128953
 9.400000 -2.709872 2.872532 21.936041 121.117996
 9.600000 -2.360965 2.940439 22.086069 40.418612
 9.800000 -2.808042 2.378137 20.489338 366.233336
 10.000000 -1.818841 2.937163 19.449416 51.384242
 10.200000 -2.165161 2.803563 20.577710 77.953746
 10.400000 -2.513553 2.595254 22.850426 4.773655
 10.600000 -2.999948 2.757435 15.040514 1289.646824
 10.800000 -2.061747 -2.781183 19.753940 42.507272
 11.000000 -2.595006 2.454001 22.788139 14.199747
 11.200000 -1.906449 2.409946 19.111950 0.719504
 11.400000 -1.839347 2.482583 19.240663 27.198279
 11.600000 -1.910725 2.848864 19.116170 1.262566
 11.800000 -3.095788 2.623514 11.078909 2206.708396
 12.000000 2.961846 -2.817779 -0.024793 8.108292
 12.200000 -2.658435 3.013832 22.415603 63.809937
 12.400000 -1.853934 2.069936 19.190591 12.973604
 12.600000 -0.751533 0.981096 8.577346 1616.251652
 12.800000 -0.767497 0.116123 9.215450 1583.274189
 13.000000 -0.858800 -0.270931 12.887629 1705.655971
 13.200000 -0.494262 -0.525339 -0.000000 0.000000
 13.400000 -0.957841 0.111133 16.946710 1473.004700
 13.600000 -0.825365 0.624521 11.544946 1615.988841
 13.800000 -0.920561 1.677980 15.463515 1672.396332
 14.000000 -0.594464 2.219104 1.695153 2040.458871
 14.200000 -0.610185 2.302773 2.480964 2136.957770
 14.400000 -0.832480 1.993330 11.869949 1637.285648
 14.600000 -0.575284 0.871149 0.907209 1889.407070
 14.800000 -1.433450 0.473931 24.605220 48.873176
 15.000000 -2.032674 0.544708 19.564552 29.793705
 15.200000 -1.700775 0.626082 20.965643 322.354473
 15.400000 -0.905813 0.742080 14.950622 1704.604299
 15.600000 -1.230296 1.147060 23.903922 240.895671
 15.800000 -1.317561 0.893921 24.810763 21.576212
 16.000000 -0.726734 0.347987 7.730489 1650.262355
 16.200000 -1.486575 0.509976 24.134757 84.969098
 16.400000 -1.056975 1.103191 20.268102 709.913286
 16.600000 -0.872029 1.702167 13.603389 1726.338150
 16.800000 -0.535544 1.973078 -0.001532 0.229128
 17.000000 -0.953906 2.068709 16.927948 1456.939380
 17.200000 -0.613903 1.776697 2.882649 2181.432081
 17.400000 -0.604611 1.975158 2.449306 2165.071133
 17.600000 -0.855273 1.969777 12.957117 1705.530630
 17.800000 -0.665886 2.032621 5.274841 1991.155640
 18.000000 -0.541147 1.969328 -0.011694 9.266796
 18.200000 -1.226680 2.099946 23.883311 246.639646
 18.400000 -0.882746 2.015187 14.165132 1740.585589
 18.600000 -0.616203 1.816149 3.085167 2202.494785
 18.800000 -0.670394 1.796875 5.571417 1947.998760
 19.000000 -1.084873 2.041150 21.034364 566.538205
 19.200000 -1.625235 2.229806 22.265350 304.589837
 19.400000 -2.671920 2.485065 22.135110 85.124118
 19.600000 -3.116343 -2.832162 9.807038 2432.349541
 19.800000 2.988548 3.095998 0.699171 1584.893168
 20.000000 -2.434018 2.516527 22.395224 49.172047
 20.200000 -1.649978 2.347161 21.797828 337.437344
 20.400000 -1.388761 2.348630 24.803183 19.032363
 20.600000 -1.976360 2.257763 19.259351 6.913442
 20.800000 -2.439424 2.630426 22.404019 48.565315
 21.000000 -2.849588 3.049521 19.305066 603.084523
 21.200000 2.969645 2.710129 -0.001739 273.940588
 21.400000 -2.796070 2.887539 20.431548 344.779782
 21.600000 -2.113645 2.833630 19.955843 60.353928
 21.800000 -2.200335 2.323550 20.663690 62.567914
 22.000000 -1.931687 2.450140 19.165346 1.296916
 22.200000 -2.048951 2.704262 19.523042 28.498000
 22.400000 -2.278219 2.748181 21.216928 43.951984
 22.600000 3.103909 2.581087 6.457040 2967.319875
 22.800000 3.071466 3.058382 4.688909 2918.861849
 23.000000 -2.985901 2.573126 15.076136 1226.720412
 23.200000 -2.828723 2.759857 19.709984 499.400066
 23.400000 -2.551489 3.103007 22.709689 2.251160
 23.600000 -3.004564 2.531708 14.393129 1301.872276
 23.800000 3.075347 2.640693 4.906029 2942.097771
 24.000000 -3.074179 -2.951232 11.666818 1844.689098
 24.200000 2.936263 2.617475 -0.000050 0.000131
 24.400000 -2.097247 2.558657 19.840826 52.081184
 24.600000 -1.479722 2.395631 24.114849 90.775658
 24.800000 -2.179689 2.032153 20.495488 64.509236
 25.000000 -2.109960 2.822583 19.935012 57.565711
 25.200000 -2.733199 2.848246 21.307279 155.239677
 25.400000 3.103659 2.587104 6.503036 2942.383112
 25.600000 -2.927512 2.942264 16.964596 1003.408487
 25.800000 -3.014900 2.747362 13.992453 1331.954994
 26.000000 -2.866054 2.910822 18.769129 706.632550
 26.200000 -2.533429 2.893051 22.673696 0.002131
 26.400000 -2.802552 2.524302 20.216133 365.596093
 26.600000 -2.786614 3.008997 20.506170 299.097619
 26.800000 3.030961 2.733440 2.675545 2465.989791
 27.000000 -2.661564 2.819740 22.029708 75.558256
 27.200000 -1.844546 2.491731 19.161874 7.736769
 27.400000 -1.852333 2.171125 19.142819 4.501592
 27.600000 -1.880290 2.527222 19.111911 0.042558
 27.800000 -2.676917 2.868012 21.882885 84.628051
 28.000000 2.981530 2.797960 0.496435 1577.956346
 28.200000 -3.111234 2.719607 10.098518 2164.947095
 28.400000 -2.265977 2.935296 21.095006 36.139931
 28.600000 -2.307098 2.309263 21.341692 37.602486
 28.800000 -1.938859 2.693766 19.180531 4.102471
 29.000000 -2.276838 2.735230 21.159952 35.495371
 29.200000 -2.439821 2.642615 22.280399 47.791892
 29.400000 -2.955864 2.648197 16.052593 1104.490419
 29.600000 2.859739 2.936745 -0.000000 0.000000
 29.800000 -2.585327 2.906233 22.519013 20.727939
 30.000000 -2.010867 2.345516 19.405741 15.808293
 30.200000 -1.636812 2.116836 21.810815 345.995977
 30.400000 -1.923766 2.193225 19.170448 3.537110
 30.600000 -2.055404 2.803832 19.633841 32.358510
 30.800000 -2.686746 2.873401 21.780813 86.327716
 31.000000 3.137587 2.781262 8.486456 2586.939557
 31.200000 -3.010731 2.841216 14.191063 1257.305426
 31.400000 -2.913921 2.794684 17.424228 965.029986
 31.600000 -2.623889 2.935926 22.287536 46.427887
 31.800000 -2.875849 2.648397 18.548736 771.514300
 32.000000 2.964856 2.813394 -0.019804 73.075426
 32.200000 -2.702532 3.112367 21.630100 97.233300
 32.400000 -2.543635 2.280687 22.624270 1.015448
 32.600000 -1.937528 2.597779 19.245533 5.989695
 32.800000 -1.870587 2.714517 19.136820 0.091118
 33.000000 -2.211008 2.460288 20.787845 47.547193
 33.200000 -2.928222 2.459429 17.012130 1016.857927
 33.400000 3.102464 -3.049860 6.756431 2925.610590
 33.600000 3.116836 2.858360 7.525957 2800.722396
 33.800000 -2.719576 2.410593 21.462065 114.262225
 34.000000 -1.671891 2.788046 21.073473 357.692153
 34.200000 -2.022906 2.254393 19.567152 15.291918
 34.400000 -2.281472 2.195147 21.231198 31.844525
 34.600000 -1.872937 2.926232 19.167545 1.061292
 34.800000 -2.228526 2.808198 20.915124 41.940178
 35.000000 -2.926424 2.251552 17.086166 1014.325718
 35.200000 -2.658992 3.017423 22.032578 62.895441
 35.400000 -2.857503 2.891986 19.113855 658.203459
 35.600000 -3.135199 2.547209 9.206864 2378.507736
 35.800000 -2.006922 -3.075700 19.544958 11.596797
 36.000000 -1.981034 2.331603 19.462499 9.091836
 36.200000 -1.949444 1.727753 19.407115 8.703712
 36.400000 -1.549070 1.571318 23.057501 163.293897
 36.600000 -0.715423 0.643610 7.781961 1407.615602
 36.800000 -1.722563 0.447736 20.106455 238.059750
 37.000000 -1.826516 0.567056 19.201624 3.962050
 37.200000 -1.460263 0.571151 23.944533 73.189658
 37.400000 -0.782365 1.205434 10.243965 1446.917289
 37.600000 -1.730326 1.574839 19.976167 207.016606
 37.800000 -1.818364 1.880531 19.229983 6.743896
 38.000000 -1.730943 2.326110 19.967306 204.921780
 38.200000 -2.363967 3.030007 21.727674 40.829213
 38.400000 2.979373 2.697424 0.636564 1731.335562
 38.600000 -2.524612 2.815038 22.600598 1.034016
 38.800000 -2.522527 2.665755 22.598285 1.443910
 39.000000 -3.022288 2.750419 13.910212 1249.598179
 39.200000 2.996015 2.919715 1.381854 2090.685777
 39.400000 -2.826849 2.848193 19.918668 471.893972
 39.600000 -2.399856 2.572316 21.960501 47.565609
 39.800000 -1.949667 2.375114 19.522100 8.790158
 40.000000 -1.793713 2.529100 19.358885 27.260186
 40.200000 -2.255997 2.588167 21.131800 30.731661
 40.400000 -2.848635 2.735162 19.430617 610.590798
 40.600000 2.904617 2.924680 -0.000000 0.000000
 40.800000 -2.944002 2.789303 16.602492 1087.109558
 41.000000 -2.580201 2.728852 22.525886 11.878302
 41.200000 -2.348001 2.652010 21.625044 32.998570
 41.400000 -2.259600 2.784008 21.160473 29.265272
 41.600000 -2.567791 2.448752 22.565219 5.617896
 41.800000 -2.377165 2.808314 21.802184 40.885336
 42.000000 -2.682344 2.677566 21.910056 66.523207
 42.200000 -3.127916 2.711912 9.777983 2179.473509
 42.400000 3.035140 2.854264 3.419729 2855.027785
 42.600000 -3.092261 2.827158 11.345058 1708.486892
 42.800000 -2.661552 2.688859 22.086984 54.870471
 43.000000 -2.286532 2.872311 21.312909 26.053285
 43.200000 -2.372843 2.589804 21.801792 39.938295
 43.400000 -2.408093 2.655154 22.035301 46.592208
 43.600000 -2.383894 2.956272 21.872886 42.781976
 43.800000 -2.877632 2.825419 18.709480 801.133012
 44.000000 3.094549 2.906536 6.724779 2975.171954
 44.200000 3.016864 2.970489 2.520853 2625.861738
 44.400000 -2.972219 2.776024 15.729443 1122.897772
 44.600000 -2.901598 2.759585 18.019171 934.431114
 44.800000 -2.688624 3.098871 21.905252 70.091178
 45.000000 3.087031 2.695590 6.351868 3041.921309
 45.200000 -2.887089 2.907189 18.479495 857.713578
 45.400000 -3.132689 2.993168 9.682474 2228.925253
 45.600000 -2.758084 2.988150 21.209597 168.532978
 45.800000 -2.062195 2.714390 19.987828 15.082756
 46.000000 -1.829909 2.282728 19.333750 0.149828
 46.200000 -1.717236 2.063971 20.087164 201.438839
 46.400000 -1.754917 2.295449 19.640829 86.128984
 46.600000 -1.939503 2.634859 19.670206 9.890413
 46.800000 -2.546769 2.908967 22.676901 0.589368
 47.000000 3.140884 2.672570 9.268176 2379.113797
 47.200000 -2.914933 2.870746 17.695303 985.068555
 47.400000 -3.110643 2.662539 10.773237 1898.353253
 47.600000 -2.802421 3.026630 20.567359 330.058457
 47.800000 -2.586083 2.816753 22.597246 14.668619
 48.000000 -2.746168 2.465696 21.393788 136.475733
 48.200000 -2.869392 2.822995 19.077696 734.670588
 48.400000 -2.989524 3.004535 15.295590 1127.439944
 48.600000 3.079032 2.659025 6.074436 3142.634466
 48.800000 -2.888759 2.996622 18.531847 852.352443
 49.000000 -3.028616 2.805285 13.964547 1206.192733
 49.200000 -3.129879 2.842722 9.997354 2190.418272
 49.400000 3.009915 2.659256 2.308403 2620.048127
 49.600000 3.006200 3.031924 2.119579 2545.206634
 49.800000 -2.960575 2.731009 16.315549 1095.657475
 50.000000 -2.888984 2.853599 18.576282 847.161076
 50.200000 -3.066858 2.820152 12.700432 1421.944945
 50.400000 3.103617 2.958762 7.533209 2949.995810
 50.600000 3.095570 2.761302 7.092668 3042.305875
 50.800000 -2.948682 2.974695 16.768760 1070.949649
 51.000000 -3.140837 2.664540 9.534190 2369.635611
 51.200000 -3.082446 3.103459 12.169944 1567.205417
 51.400000 -3.029494 2.601688 14.122449 1215.503066
 51.600000 -2.698486 2.733486 21.932551 67.591356
 51.800000 -2.605016 2.855306 22.559174 24.216738
 52.000000 -2.531334 2.654802 22.737726 0.228174
 52.200000 -2.702049 2.653781 21.915145 67.949080
 52.400000 -2.717744 3.081311 21.780569 79.873229
 52.600000 2.994904 2.743144 1.665533 2397.706336
 52.800000 -3.031686 2.711470 14.120407 1227.893397
 53.000000 -2.590864 2.995519 22.633093 17.124116
 53.200000 -2.685703 2.427322 22.066095 58.749363
 53.400000 -2.273551 2.781636 21.380603 41.005274
 53.600000 -2.287755 2.679556 21.469704 37.873994
 53.800000 -2.491280 2.762264 22.681799 13.518983
 54.000000 -2.721127 2.745500 21.772890 81.460495
 54.200000 -2.902535 2.865959 18.485548 857.172825
 54.400000 -2.863915 2.918961 19.536881 621.097790
 54.600000 -3.129329 3.049102 10.346547 2215.932251
 54.800000 -3.090776 2.871082 12.039682 1677.021060
 55.000000 -2.892622 2.687437 18.771036 801.214561
 55.200000 -2.835823 2.703206 20.235307 429.980597
 55.400000 -2.564232 3.074357 22.794985 4.192774
 55.600000 -2.752123 2.497690 21.521600 119.031181
 55.800000 -2.239118 2.813466 21.162346 56.883920
 56.000000 -2.089449 2.638922 20.082699 17.344020
 56.200000 -2.392238 2.491538 22.153785 42.485272
 56.400000 -2.154059 2.741101 20.472392 61.616274
 56.600000 -2.455740 2.756965 22.563727 34.853034
 56.800000 -2.784743 2.498054 21.160359 190.981869
 57.000000 -2.866583 2.907231 19.596809 609.328235
 57.200000 3.042168 2.961825 4.414461 3294.762918
 57.400000 -2.758742 2.803512 21.523734 123.503555
 57.600000 -2.371378 2.639664 22.039668 38.956881
 57.800000 -2.268618 2.526510 21.408248 47.416420
 58.000000 -2.158811 2.732285 20.514807 67.361576
 58.200000 -2.208532 2.884615 20.960875 74.982387
 58.400000 -2.818366 2.606527 20.731018 305.327929
 58.600000 -3.079973 2.990652 12.708521 1607.208189
 58.800000 -3.126181 3.062253 10.707127 2197.943837
 59.000000 -3.100771 2.900834 11.846592 1838.933742
 59.200000 -2.384318 2.790152 22.153832 40.389836
 59.400000 -2.169258 2.463204 20.629376 77.966605
 59.600000 -1.882647 2.509876 19.574048 23.872161
 59.800000 -1.750765 2.569144 19.493207 57.697220
 60.000000 -2.422955 2.528402 22.408863 45.331134
 60.200000 -2.705545 3.005925 22.121137 68.149184
 60.400000 3.083000 2.863421 6.900626 3286.158832
 60.600000 -2.847961 2.595636 20.267015 443.120801
 60.800000 -2.316133 2.866874 21.775459 32.326875
 61.000000 -2.030445 2.635948 19.913756 1.124012
 61.200000 -1.920377 2.258873 19.744983 13.849569
 61.400000 -2.000442 2.316802 19.891333 0.362413
 61.600000 -1.834298 2.900004 19.350880 12.810688
 61.800000 -2.487672 2.676708 22.845013 24.695353
 62.000000 -2.976384 2.906524 16.658564 1146.378995
 62.200000 3.117791 -3.097742 8.915381 2863.154711
 62.400000 -2.831142 2.767907 20.702648 330.454929
 62.600000 -2.298404 2.529573 21.719903 33.621580
 62.800000 -1.891908 2.730187 19.628757 24.269301
 63.000000 -1.737691 2.496003 19.544801 81.125983
 63.200000 -2.058379 2.038512 19.985456 6.775652
 63.400000 -1.831833 2.711172 19.344582 13.997507
 63.600000 -2.179940 2.892062 20.807912 89.829828
 63.800000 -2.472253 2.530706 22.799820 35.846733
 64.000000 -2.727639 2.718706 22.033737 75.919486
 64.200000 -2.433005 -3.087498 22.558234 47.318377
 64.400000 3.076338 2.464170 6.663511 3382.423002
 64.600000 -2.695889 2.889722 22.331214 62.367616
 64.800000 -2.615954 2.847688 22.888981 29.728268
 65.000000 -2.433256 2.432729 22.559960 47.316612
 65.200000 -1.832727 2.651516 19.358675 17.136741
 65.400000 -1.943455 2.438557 19.867883 6.516159
 65.600000 -2.382427 2.673684 22.244680 37.168185
 65.800000 -2.858906 2.849614 20.308157 476.671341
 66.000000 2.925996 2.953577 -0.000133 0.001407
 66.200000 2.985709 2.826867 1.601605 2496.902811
 66.400000 -2.709013 2.930452 22.305751 63.150086
 66.600000 -2.891722 2.582836 19.568913 699.989403
 66.800000 -2.533191 2.984448 23.121794 3.083103
 67.000000 -2.626258 2.721779 22.895874 34.482671
 67.200000 -2.704113 2.741379 22.388601 59.736521
 67.400000 -2.676693 2.792361 22.594501 53.209997
 67.600000 -2.851055 2.662557 20.587052 422.672478
 67.800000 -3.080286 2.950938 13.131092 1705.208695
 68.000000 -3.132064 2.853056 10.812629 2368.382215
 68.200000 -3.018619 2.719074 15.558096 1333.955387
 68.400000 -2.294332 2.953577 21.826506 32.722855
 68.600000 -2.129325 2.586149 20.450682 65.154936
 68.800000 -1.774253 2.404422 19.274152 4.432576
 69.000000 -1.869756 2.462854 19.569262 33.350774
 69.200000 -1.909979 2.640132 19.795457 21.235685
 69.400000 -2.363246 2.549207 22.216048 30.566849
 69.600000 -2.794898 2.894213 21.631414 166.675808
 69.800000 -3.123982 2.890336 11.279850 2265.590051
 70.000000 3.068344 2.791839 6.353270 3485.626156
 70.200000 -2.483676 2.981965 23.010771 34.392049
 70.400000 -2.117042 2.450699 20.383200 54.297989
 70.600000 -1.773683 2.441427 19.265850 3.056024
 70.800000 -1.813582 2.495035 19.303307 10.917916
 71.000000 -2.559511 2.454260 23.249561 0.017969
 71.200000 -3.109568 2.973266 12.030931 2078.383352
 71.400000 -2.948797 -3.110379 18.141115 1070.627565
 71.600000 -2.837255 2.485599 21.077194 342.615697
 71.800000 -2.348929 2.820230 22.181070 26.502912
 72.000000 -2.055001 2.833512 20.090225 6.465447
 72.200000 -2.342970 2.212674 22.172988 25.107901
 72.400000 -2.028056 2.747235 20.055431 1.128827
 72.600000 -2.185691 2.867476 21.046345 99.833810
 72.800000 -2.355741 2.579816 22.237884 26.738306
 73.000000 -2.663872 2.680782 22.917664 40.728294
 73.200000 -2.717421 -3.061649 22.592132 57.815911
 73.400000 3.030338 2.471671 4.206600 3423.593257
 73.600000 -2.540814 2.907007 23.307695 4.155958
 73.800000 -2.027652 2.619738 20.070877 1.054310
 74.000000 -1.771123 2.024093 19.260118 2.139380
 74.200000 -1.160876 1.508440 20.880539 411.154325
 74.400000 -1.141551 0.948723 20.489510 405.986612
 74.600000 -1.706489 0.654453 19.645403 109.527003
 74.800000 -1.049177 0.759304 18.630478 465.303967
 75.000000 -1.546222 1.255868 21.745858 115.285025
 75.200000 -1.138100 0.903943 20.379264 403.751724
 75.400000 -0.577452 0.294748 1.117756 1537.970852
 75.600000 -0.567627 -0.482934 0.734204 1513.230846
 75.800000 -0.696169 -0.744804 5.653161 1306.836156
 76.000000 -0.762802 -0.139790 8.094415 1451.638063
 76.200000 -1.493818 1.294853 22.180723 75.636535
 76.400000 -1.902465 2.355914 19.863306 28.176957
 76.600000 -2.032665 3.110487 20.117562 1.333486
 76.800000 -3.040321 2.418080 15.114878 1485.557711
 77.000000 3.110761 2.739001 8.994894 3121.010209
 77.200000 -3.072537 -3.118543 13.863713 1728.562734
 77.400000 -3.116810 2.650420 11.899509 2254.405877
 77.600000 -1.883484 2.753602 19.767622 38.878093
 77.800000 -1.740141 2.500344 19.347273 28.538641
 78.000000 -2.112061 2.217152 20.445349 53.879920
 78.200000 -2.301744 2.677243 22.123785 28.952995
 78.400000 -2.233979 -3.052575 21.642358 81.264478
 78.600000 -3.007499 2.395087 16.423065 1333.142128
 78.800000 -2.514950 2.839447 23.312310 21.878539
 79.000000 -2.289431 2.888905 22.054404 34.901576
 79.200000 -2.109277 2.378723 20.451426 51.687175
 79.400000 -1.693831 2.191954 19.718459 119.450434
 79.600000 -0.918387 2.582055 14.479599 1607.727746
 79.800000 -0.778546 2.057007 8.561839 1547.355977
 80.000000 -1.372521 1.130244 22.927235 13.387146
 80.200000 -1.775388 0.370327 19.259161 0.120955
 80.400000 -0.919904 0.201942 14.507745 1589.899057
 80.600000 -0.786490 0.411686 8.845062 1599.310016
 80.800000 -1.170306 0.928677 20.837655 406.183442
 81.000000 -1.804100 1.127762 19.322432 15.130849
 81.200000 -0.844750 1.136948 11.269166 1903.700351
 81.400000 -1.547525 1.166748 21.522591 108.715435
 81.600000 -1.141770 0.758158 20.225156 403.987903
 81.800000 -1.403036 0.887413 22.709235 35.995617
 82.000000 -1.442860 1.265201 22.434789 56.938132
 82.200000 -1.006258 0.917921 17.315516 693.662944
 82.400000 -1.241126 0.746418 22.081047 241.508315
 82.600000 -1.818320 0.833130 19.403441 28.172977
 82.800000 -0.984654 1.053317 16.711193 880.639938
 83.000000 -1.581566 1.260424 21.120098 145.176627
 83.200000 -1.235634 0.735670 21.967913 260.922471
 83.400000 -1.291378 0.410680 22.656590 65.227292
 83.600000 -0.742630 0.637516 7.075541 1364.782750
 83.800000 -1.658595 1.014906 20.101354 165.151559
 84.000000 -0.993609 1.027902 16.941597 798.388499
 84.200000 -1.329209 1.086432 22.825092 4.138549
 84.400000 -1.586963 0.876974 21.023494 148.738124
 84.600000 -0.938075 0.647569 15.093514 1385.522724
 84.800000 -0.564510 -0.078541 0.476890 1458.449598
 85.000000 -1.205254 -0.147103 21.410977 355.535185
 85.200000 -0.834713 0.091040 10.734561 1877.279214
 85.400000 -1.128633 0.471722 19.861518 401.488682
 85.600000 -1.507316 1.072886 21.835992 77.085858
 85.800000 -1.306081 1.399482 22.716700 32.354583
 86.000000 -1.297420 1.328174 22.661308 50.457716
 86.200000 -1.507248 0.754355 21.822764 77.018324
 86.400000 -1.242483 0.354505 22.018694 235.783983
 86.600000 -1.279219 0.916364 22.489673 101.296168
 86.800000 -1.283807 1.293079 22.534158 87.033396
 87.000000 -1.126851 1.080810 19.806447 402.594264
 87.200000 -1.638243 0.734019 20.331430 171.011014
 87.400000 -1.224860 0.795127 21.721495 300.138767
 87.600000 -1.399541 1.148515 22.620304 31.433951
 87.800000 -1.261338 1.175492 22.276491 164.013146
 88.000000 -1.250208 0.697295 22.125137 206.459569
 88.200000 -0.865995 0.067466 12.051730 1904.514315
 88.400000 -0.680042 -0.355829 4.694076 1288.328665
 88.600000 -0.679212 -0.066996 4.664273 1289.123490
 88.800000 -1.316125 0.725266 22.743887 16.531301
 89.000000 -1.496602 1.350734 21.897587 73.354169
 89.200000 -0.585214 1.056316 1.180689 1388.494746
 89.400000 -1.771739 1.109947 19.274425 0.226574
 89.600000 -1.463521 0.674522 22.164920 63.419683
 89.800000 -0.819389 0.426868 10.010663 1823.962471
 90.000000 -1.216071 0.163290 21.562421 335.007803
 90.200000 -1.154309 0.444688 20.325821 431.613836
 90.400000 -1.351265 1.341885 22.799060 1.297440
 90.600000 -1.440630 1.941646 22.339304 56.998783
 90.800000 -1.716009 1.834284 19.462471 52.403114
 91.000000 -1.798608 1.963594 19.331754 13.998584
 91.200000 -1.502258 2.372249 21.832725 78.340802
 91.400000 -0.908463 2.702695 13.813418 1657.956634
 91.600000 -0.670908 1.871409 4.312330 1291.552843
 91.800000 -1.089559 1.319136 18.986158 418.673274
 92.000000 -1.666262 0.622616 19.952886 142.620589
 92.200000 -1.172038 0.050321 20.691820 435.865905
 92.400000 -0.762105 0.073550 7.633614 1495.437522
 92.600000 -0.982289 0.362413 16.423800 890.812145
 92.800000 -1.608155 0.852892 20.691317 161.874043
 93.000000 -1.087216 1.310742 18.927118 424.459092
 93.200000 -1.399826 1.572045 22.628972 35.827778
 93.400000 -0.843763 1.191995 11.014810 1902.884918
 93.600000 -1.582650 0.836181 21.004744 141.301072
 93.800000 -1.269744 0.586909 22.409996 137.139697
 94.000000 -1.057761 0.611097 18.297943 466.332139
 94.200000 -1.457774 1.105359 22.210620 66.137373
 94.400000 -0.860718 0.876099 11.745876 1902.714351
 94.600000 -0.881999 0.795851 12.667285 1833.903077
 94.800000 -1.304807 0.883302 22.728952 33.771522
 95.000000 -0.727852 0.884543 6.325200 1341.525491
 95.200000 -1.131583 1.137355 19.844289 451.859080
 95.400000 -1.389277 1.026381 22.702707 28.341304
 95.600000 -1.043732 0.642012 17.972313 512.953305
 95.800000 -1.389227 0.792300 22.702976 28.299437
 96.000000 -1.303433 1.154315 22.732058 36.239368
 96.200000 -1.280326 1.244997 22.561697 98.980719
 96.400000 -1.190773 0.814793 21.110374 425.187716
 96.600000 -0.793707 0.185311 8.857587 1693.467567
 96.800000 -0.738022 -0.123948 6.680834 1383.446179
 97.000000 -0.708537 -0.474681 5.604123 1295.894081
 97.200000 -0.586119 -0.394516 1.152801 1349.956787
 97.400000 -0.686964 0.169597 4.824861 1277.813118
 97.600000 -1.389360 0.715490 22.726882 29.332905
 97.800000 -1.577400 1.336027 21.077720 138.950190
 98.000000 -0.780292 0.925956 8.308112 1612.848876
 98.200000 -1.460768 0.886968 22.220752 69.392650
 98.400000 -1.697541 0.707754 19.623081 87.566977
 98.600000 -0.803799 0.766865 9.271027 1750.798261
 98.800000 -0.914305 1.141856 13.978636 1582.149943
 99.000000 -1.412962 1.555370 22.591625 48.141043
 99.200000 -1.241946 0.875058 22.116365 253.250808
 99.400000 -0.849575 -0.158005 11.237459 1895.877770
 99.600000 -0.372927 -0.743426 -0.000000 0.000000
 99.800000 -0.969410 -0.094150 15.956059 1015.598829
 100.000000 -1.629804 1.063060 20.426175 170.932390
 100.200000 -0.898840 1.658612 13.711398 1702.495035
 100.400000 -0.904277 2.213347 13.934331 1659.660197
 100.600000 -0.656196 2.550599 4.085930 1304.485497
 100.800000 -1.982818 2.123880 20.446967 0.255988
 101.000000 -2.318574 2.356556 22.753919 15.690937
 101.200000 -2.713771 2.829497 23.607721 48.743946
 101.400000 -2.678643 3.049230 23.814884 23.347080
 101.600000 2.965769 2.464474 1.300444 2035.551684
 101.800000 2.996098 2.949128 2.791933 2797.299284
 102.000000 3.003749 2.775227 3.202807 2968.321174
 102.200000 -2.704617 2.820119 23.666427 40.924949
 102.400000 -2.268427 2.637820 22.470217 49.368702
 102.600000 -1.802726 2.513907 19.685583 13.413000
 102.800000 -1.612930 2.219774 21.021756 171.837587
 103.000000 -1.703257 2.128738 19.933424 80.165386
 103.200000 -1.974001 2.563410 20.396746 0.468616
 103.400000 -2.600071 3.007191 23.976386 0.467688
 103.600000 2.918774 2.712774 -0.003822 0.835809
 103.800000 3.018480 2.853549 4.015178 3244.557769
 104.000000 -2.916850 2.865434 20.160885 837.214016
 104.200000 -2.940706 2.778328 19.436906 980.696702
 104.400000 -3.117265 2.737229 12.471305 2491.785424
 104.600000 3.136386 2.807815 10.930938 2953.631336
 104.800000 -2.774526 -3.114094 23.036961 139.704072
 105.000000 -2.945492 2.645336 19.285970 1008.551402
 105.200000 -2.413485 2.937988 23.049034 20.656435
 105.400000 -2.541979 2.757424 23.791921 22.960224
 105.600000 -2.500829 2.611608 23.558704 39.437824
 105.800000 -2.087054 2.876454 20.623199 40.939326
 106.000000 -2.612436 2.610249 23.964328 0.020322
 106.200000 -2.609454 2.836692 23.959233 0.008813
 106.400000 -2.955088 2.838933 18.983013 1062.893920
 106.600000 -3.043910 2.706317 15.755692 1624.522449
 106.800000 2.971497 2.845019 1.565896 2175.446723
 107.000000 3.096099 2.971498 8.636656 3481.987597
 107.200000 -2.898689 2.843676 20.670581 716.210219
 107.400000 -2.136467 2.684260 21.028574 115.765304
 107.600000 -1.730188 2.589629 19.719546 34.290989
 107.800000 -1.802039 2.231262 19.645403 10.965316
 108.000000 -2.117963 2.441106 20.841653 87.951921
 108.200000 -2.564241 2.968308 23.867254 12.195306
 108.400000 -3.140375 2.697876 11.275554 2850.265387
 108.600000 2.998807 2.939715 2.943519 2841.973054
 108.800000 -2.959547 2.901648 18.846843 1089.099887
 109.000000 -2.865120 2.641418 21.502423 507.161679
 109.200000 -2.178631 2.767846 21.500170 147.427490
 109.400000 -1.990896 2.511732 20.325127 0.163868
 109.600000 -1.689800 2.452147 20.055135 112.886232
 109.800000 -2.067062 2.421213 20.463064 20.199737
 110.000000 -2.290730 2.765133 22.563320 30.263379
 110.200000 -2.533033 2.860556 23.719177 28.087904
 110.400000 -2.719176 2.716989 23.545031 51.786379
 110.600000 -2.455986 2.737167 23.246904 36.036178
 110.800000 -2.221512 2.962141 21.993432 114.582982
 111.000000 -1.847839 2.347466 19.843777 32.892430
 111.200000 -1.812389 2.308136 19.658456 15.698331
 111.400000 -1.715412 2.567499 19.814479 62.339910
 111.600000 -2.041900 2.617356 20.361558 5.908720
 111.800000 -2.647509 2.728459 23.895503 6.563326
 112.000000 -3.071861 2.940073 14.596091 1896.237264
 112.200000 2.933469 2.866756 0.012548 470.737455
 112.400000 -2.630022 2.825399 23.929649 1.715238
 112.600000 -1.822298 2.784399 19.700020 21.193640
 112.800000 -1.827754 2.147379 19.726013 24.155475
 113.000000 -1.671649 2.109869 20.259569 143.958373
 113.200000 -1.806627 2.082998 19.639856 11.181763
 113.400000 -1.662666 2.720622 20.372167 154.141431
 113.600000 -2.507421 2.507895 23.564622 38.717073
 113.800000 -2.498278 2.935191 23.506931 40.743306
 114.000000 -2.974256 2.733429 18.362506 1180.736683
 114.200000 3.052863 2.714268 6.084212 3595.056776
 114.400000 -2.442529 2.985708 23.155079 32.434323
 114.600000 -2.039585 2.685875 20.336328 5.871415
 114.800000 -1.718309 1.862862 19.809126 55.263494
 115.000000 -1.517595 1.459560 22.091571 91.197929
 115.200000 -0.828282 0.320214 10.590737 1782.770677
 115.400000 -0.562835 -0.437722 0.566535 1308.815222
 115.600000 -0.757792 -0.225791 7.733875 1480.599978
 115.800000 -1.496613 0.692997 22.277838 82.150846
 116.000000 -1.419305 1.463135 22.933599 58.502287
 116.200000 -0.935291 1.225207 14.936530 1321.411917
 116.400000 -1.440525 0.915285 22.758306 68.475245
 116.600000 -1.654747 0.547102 20.488678 153.157810
 116.800000 -0.875575 0.738103 12.579937 1745.695125
 117.000000 -1.408686 1.371243 23.007297 51.995073
 117.200000 -1.718781 1.279716 19.841129 53.109786
 117.400000 -0.783680 0.755924 8.734819 1601.356524
 117.600000 -1.290796 0.537422 23.140319 59.240244
 117.800000 -1.304205 0.771784 23.227387 28.062678
 118.000000 -1.377238 1.212058 23.198927 25.187552
 118.200000 -1.140272 1.036787 20.413425 551.550083
 118.400000 -1.675496 0.818974 20.261681 125.484102
 118.600000 -1.067739 0.821860 18.712565 558.949663
 118.800000 -1.428201 1.213965 22.852014 64.413676
 119.000000 -1.841158 1.252230 19.809911 21.732264
 119.200000 -0.824164 0.675728 10.382035 1762.467033
 119.400000 -1.374948 0.710244 23.214683 23.935953
 119.600000 -1.527561 0.993491 21.974355 92.599236
 119.800000 -0.751355 1.194221 7.454992 1455.885231
 120.000000 -1.097663 1.869470 19.408089 549.084533
 120.200000 -0.834662 2.038534 10.818716 1783.393731
 120.400000 -0.677570 2.009824 4.725539 1321.152846
 120.600000 -0.804433 2.082675 9.555548 1696.023765
 120.800000 -0.732473 2.053233 6.735875 1391.512260
 121.000000 -0.965597 1.897436 15.934382 1047.311675
 121.200000 -0.893909 1.784390 13.293508 1639.382958
 121.400000 -0.648663 1.425357 3.666768 1344.800487
 121.600000 -1.100505 1.545978 19.464752 554.252852
 121.800000 -1.620587 0.928798 20.955696 150.172867
 122.000000 -0.875011 0.064498 12.516468 1734.747482
 122.200000 -0.509239 -0.517342 -0.000005 0.000002
 122.400000 -0.959886 -0.271414 15.736869 1094.743342
 122.600000 -0.628906 0.310575 2.936982 1365.074437
 122.800000 -1.083713 0.832512 19.067168 555.925588
 123.000000 -1.746868 1.218347 19.738064 17.391517
 123.200000 -1.441678 1.233446 22.747580 72.562697
 123.400000 -0.992214 0.869472 16.736542 843.238037
 123.600000 -1.737538 0.838572 19.791227 28.567364
 123.800000 -0.996794 0.764240 16.868339 813.619527
 124.000000 -0.826958 0.911964 10.493697 1761.145624
 124.200000 -1.498124 1.168878 22.252399 80.780242
 124.400000 -1.654420 0.958811 20.572783 139.995150
 124.600000 -0.906299 0.541610 13.785441 1545.787115
 124.800000 -1.455152 0.747542 22.632600 75.850052
 125.000000 -1.431983 1.088951 22.830863 69.685661
 125.200000 -1.125274 1.116688 20.043195 565.468027
 125.400000 -1.396096 0.971928 23.112114 46.285360
 125.600000 -1.606026 0.895779 21.162791 136.375122
 125.800000 -1.081897 1.043978 19.016841 558.304837
 126.000000 -1.689558 1.193216 20.196837 101.636682
 126.200000 -1.112406 0.831716 19.740094 562.645105
 126.400000 -1.244409 0.740586 22.622074 255.826949
 126.600000 -1.280197 0.726863 23.087154 96.554365
 126.800000 -1.536323 1.075106 21.910692 91.414136
 127.000000 -0.972146 1.144312 16.127298 987.341527
 127.200000 -1.364510 0.988735 23.305084 15.318846
 127.400000 -1.191112 0.641884 21.593798 490.384340
 127.600000 -1.133181 0.590214 20.240936 569.135912
 127.800000 -1.245289 0.968592 22.644930 252.014915
 128.000000 -1.513790 1.056422 22.130341 83.797725
 128.200000 -0.923934 0.942007 14.465109 1400.180228
 128.400000 -1.614456 1.050885 21.095365 138.411573
 128.600000 -1.108591 0.776525 19.665523 565.147618
 128.800000 -1.321429 0.866021 23.358723 5.770330
 129.000000 -1.526765 1.032155 22.022159 88.202638
 129.200000 -1.067375 0.623844 18.694344 578.281828
 129.400000 -1.178442 0.830170 21.333763 525.444556
 129.600000 -1.498778 0.893283 22.295062 82.521449
 129.800000 -1.208544 0.768725 21.993311 426.306392
 130.000000 -1.089351 0.621633 19.219308 566.419390
 130.200000 -1.366411 0.810543 23.346711 16.343016
 130.400000 -1.357963 1.097298 23.376652 9.168857
 130.600000 -1.076310 1.057881 18.922070 576.479447
 130.800000 -1.300772 0.821621 23.304220 37.227259
 131.000000 -1.404897 0.841379 23.121179 53.455969
 131.200000 -1.331274 0.916078 23.430011 0.737811
 131.400000 -1.554403 1.078982 21.798222 105.877566
 131.600000 -1.168254 0.994627 21.137928 547.210581
 131.800000 -1.522863 0.955070 22.110092 91.090877
 132.000000 -1.112263 0.906902 19.799680 577.089472
 132.200000 -1.386502 1.054808 23.297245 35.357972
 132.400000 -1.429156 1.062159 22.984382 69.596957
 132.600000 -1.323053 0.794496 23.442615 5.112675
 132.800000 -1.135323 0.633537 20.374083 580.605084
 133.000000 -1.359012 1.155538 23.423608 9.371536
 133.200000 -1.599942 1.228482 21.325398 140.358875
 133.400000 -1.203956 0.729830 21.986441 445.394915
 133.600000 -1.473835 0.689019 22.620636 84.567113
 133.800000 -1.022467 1.210531 17.601597 718.741445
 134.000000 -0.942411 1.788090 15.131879 1257.272929
 134.200000 -0.635101 2.401136 3.129894 1394.198821
 134.400000 -0.853540 2.257569 11.621979 1750.200918
 134.600000 -0.775001 1.811282 8.392451 1567.229574
 134.800000 -0.770181 1.450605 8.202222 1548.507196
 135.000000 -1.407787 1.300255 23.224036 55.333781
 135.200000 -1.368905 0.782364 23.490823 16.808968
 135.400000 -0.869866 0.192503 12.303157 1716.136257
 135.600000 -0.614259 -0.272216 2.346020 1396.745379
 135.800000 -0.528614 -0.442986 -0.000646 0.031210
 136.000000 -0.838238 -0.097387 10.983027 1749.056981
 136.200000 -1.244435 0.700924 22.829889 259.810191
 136.400000 -1.743448 1.324262 19.840127 31.073529
 136.600000 -0.991188 1.332216 16.735672 904.169498
 136.800000 -1.609773 1.096655 21.241441 154.584614
 137.000000 -1.595347 0.804694 21.419024 148.069121
 137.200000 -0.964774 0.807838 15.908535 1094.082742
 137.400000 -1.772793 1.210677 19.719660 6.875684
 137.600000 -1.728127 1.206179 19.939723 52.403203
 137.800000 -0.699053 0.623544 5.505043 1387.471303
 138.000000 -1.654077 0.715659 20.697779 151.837001
 138.200000 -1.239848 0.799201 22.806907 283.403013
 138.400000 -0.894703 1.225909 13.330456 1605.959575
 138.600000 -1.201226 1.445067 22.060042 461.560010
 138.800000 -0.627560 0.672714 2.835955 1408.752148
 139.000000 -1.463858 0.636334 22.877876 89.825278
 139.200000 -1.563866 1.094816 21.856210 138.724301
 139.400000 -0.727903 1.376230 6.596184 1436.176214
 139.600000 -1.319041 2.169715 23.646259 11.141597
 139.800000 -2.004224 2.839437 19.925035 1.623829
 140.000000 2.896248 2.821999 -0.000018 0.000014
 140.200000 -3.131403 2.903128 11.527028 2665.052975
 140.400000 3.099567 2.804386 8.659815 3328.952312
 140.600000 -2.455682 3.088919 22.923330 39.755395
 140.800000 -1.501979 2.547348 22.565849 106.747251
 141.000000 -1.386512 1.260798 23.569390 32.003264
 141.200000 -0.708306 -0.037360 5.866512 1415.888206
 141.400000 -0.524874 -0.717176 -0.000198 0.002981
 141.600000 -0.540618 -0.496903 -0.012147 7.028141
 141.800000 -1.467961 0.947992 22.939754 93.846538
 142.000000 -1.338719 2.049396 23.739749 0.082165
 142.200000 -1.055026 2.899986 18.569983 681.471622
 142.400000 -0.700904 2.103599 5.594335 1414.055677
 142.600000 -1.020760 1.063121 17.646353 784.402846
 142.800000 -1.483538 -0.015639 22.820327 101.576438
 143.000000 -2.104705 -0.073565 20.354144 81.453855
 143.200000 -1.833099 0.660374 19.663169 1.170899
 143.400000 -0.453340 1.180814 -0.000000 0.000000
 143.600000 -0.860999 2.350459 11.982608 1714.669759
 143.800000 -1.114734 2.658624 20.108692 632.397115
 144.000000 -1.824821 1.806788 19.655680 0.509074
 144.200000 -1.682087 0.635340 20.425495 140.456976
 144.400000 -0.654001 -0.145663 3.838345 1431.353931
 144.600000 -0.895631 -0.378363 13.401433 1587.256877
 144.800000 -0.764885 0.042700 8.064870 1549.124093
 145.000000 -1.291466 0.808096 23.621122 70.573015
 145.200000 -1.503868 1.570777 22.703428 116.477122
 145.400000 -1.243562 0.969012 23.046495 269.419731
 145.600000 -1.584952 0.751943 21.730282 174.868945
 145.800000 -1.455879 1.070422 23.190289 89.369552
 146.000000 -1.679933 1.594498 20.459953 146.173525
 146.200000 -2.445454 2.411769 22.750088 36.609700
 146.400000 -2.446225 -2.909715 22.754760 36.867315
 146.600000 2.879294 2.735270 -0.000000 0.000000
 146.800000 3.001961 2.321689 2.986288 2773.167731
 147.000000 -1.838482 -3.072245 19.645289 0.907361
 147.200000 -2.048281 2.713428 19.895081 18.059706
 147.400000 -1.999295 2.153033 19.772673 1.195389
 147.600000 -1.960218 2.204135 19.750818 0.081769
 147.800000 -1.685910 2.895190 20.403612 142.511419
 148.000000 -2.777317 2.684412 22.730560 138.662820
 148.200000 3.017809 2.896327 3.824159 3052.873641
 148.400000 -2.988565 3.092648 17.508361 1277.220451
 148.600000 -2.272141 2.502411 21.927273 40.350171
 148.800000 -1.774113 1.781602 19.700720 13.225115
 149.000000 -0.702006 1.796750 5.679710 1450.000380
 149.200000 -1.519127 2.090027 22.649432 134.161187
 149.400000 -2.386670 2.554451 22.397664 16.971898
 149.600000 3.028955 3.019542 4.439651 3209.004422
 149.800000 2.965120 -3.051971 1.177710 1920.048702
 150.000000 -2.911023 2.572850 20.003632 818.026478
 150.200000 -2.036873 2.741191 19.818410 10.751194
 150.400000 -1.714652 2.413363 20.106532 97.224338
 150.600000 -2.177005 2.173540 21.005546 130.048061
 150.800000 -2.432808 2.869047 22.605099 31.649412
 151.000000 -2.849343 -3.088786 21.518281 433.061205
 151.200000 3.038076 2.634110 4.946280 3299.181303
 151.400000 -2.500601 2.822230 23.015375 40.971682
 151.600000 -1.996382 2.715978 19.728933 0.834731
 151.800000 -1.963341 2.184826 19.713183 0.049442
 152.000000 -1.554627 2.238439 22.259748 169.298872
 152.200000 -2.143907 2.485853 20.602162 120.565482
 152.400000 -2.412617 2.947426 22.470128 24.172664
 152.600000 -3.068528 2.897104 14.318721 1853.784124
 152.800000 3.105522 2.949238 8.854265 3217.403735
 153.000000 -3.110631 2.982770 12.396101 2345.313200
 153.200000 -3.121941 2.628367 11.829641 2493.108706
 153.400000 -2.839894 -3.122162 21.661244 381.821105
 153.600000 -2.710593 2.747487 23.202289 33.020103
 153.800000 -2.316181 2.643674 22.072778 17.399297
 154.000000 -2.251380 2.545238 21.698204 60.452182
 154.200000 -1.993306 2.938787 19.703558 0.622114
 154.400000 -2.432468 2.337574 22.547571 30.245237
 154.600000 -2.409911 2.785539 22.431535 22.865277
 154.800000 -2.660474 2.807947 23.387707 5.273289
 155.000000 -2.845156 2.681439 21.542323 410.489859
 155.200000 -2.671469 2.970069 23.344513 8.932675
 155.400000 -2.625939 2.774821 23.412535 0.000001
 155.600000 -2.137624 2.652533 20.500525 112.753674
 155.800000 -2.111842 2.580068 20.243594 84.583330
 156.000000 -1.884149 2.685924 19.641439 1.064904
 156.200000 -2.187601 2.676460 21.045533 122.123481
 156.400000 -2.617715 2.710905 23.396568 0.330395
 156.600000 -2.859613 2.980795 21.207588 494.012401
 156.800000 3.054529 2.849128 5.871636 3387.707611
 157.000000 -2.794758 2.768440 22.371568 190.586864
 157.200000 -2.377464 2.586648 22.268294 14.906773
 157.400000 -2.243809 2.727627 21.592217 69.853973
 157.600000 -2.263670 2.693797 21.745303 49.789348
 157.800000 -2.146361 2.636322 20.576638 118.016570
 158.000000 -2.372354 2.660317 22.248784 14.274021
 158.200000 -2.852439 2.764378 21.340416 452.432471
 158.400000 3.108944 2.880567 9.000654 3157.186944
 158.600000 -2.903091 2.916486 20.097752 764.030707
 158.800000 3.110836 2.615311 9.106802 3136.990315
 159.000000 2.977376 3.075004 1.703446 2189.341957
 159.200000 -2.562140 2.861010 23.227765 15.668537
 159.400000 -2.109175 2.022761 20.193415 80.222238
 159.600000 -1.126637 2.043503 20.678981 675.440148
 159.800000 -0.767129 1.566778 8.249750 1573.907714
 160.000000 -0.846204 1.749726 11.448660 1666.866307
 160.200000 -0.893076 1.786379 13.336909 1553.901153
 160.400000 -0.599169 1.848932 1.726659 1430.672310
 160.600000 -0.667547 2.180492 4.365086 1508.336182
 160.800000 -1.124077 2.353732 20.621331 681.761775
 161.000000 -0.611165 1.971189 2.183193 1464.070229
 161.200000 -1.152919 1.509289 21.370658 629.755922
 161.400000 -1.151442 0.356363 21.333537 633.171705
 161.600000 -0.548826 -0.350102 -0.026769 6.933749
 161.800000 -0.601938 -0.304850 1.828993 1440.561141
 162.000000 -0.925062 0.192949 14.568243 1396.673381
 162.200000 -1.435571 1.113785 23.757738 70.157991
 162.400000 -1.407190 1.648036 23.969162 41.263305
 162.600000 -0.996234 1.119377 17.026599 998.576141
 162.800000 -1.334530 0.812779 24.163955 3.637282
 163.000000 -1.119597 0.560288 20.524137 690.844878
 163.200000 -0.802270 0.819233 9.674891 1634.431178
 163.400000 -1.545315 0.988666 22.564834 180.695648
 163.600000 -1.520208 0.777682 22.888814 152.774869
 163.800000 -0.753487 0.550755 7.725937 1558.019124
 164.000000 -1.714854 1.028366 20.141821 116.577244
 164.200000 -1.177352 1.168730 22.002419 557.032414
 164.400000 -1.111658 0.979640 20.338966 704.000013
 164.600000 -1.534659 1.001844 22.721786 170.378808
 164.800000 -1.264065 0.634770 23.654830 175.215583
 165.000000 -0.884624 0.801664 13.016148 1578.255427
 165.200000 -1.723991 1.324619 20.045196 101.065870
 165.400000 -0.899570 1.159274 13.611235 1520.251068
 165.600000 -1.620330 1.009238 21.477934 246.818434
 165.800000 -1.434262 0.774926 23.820936 67.079336
 166.000000 -1.046940 0.646100 18.572266 821.252646
 166.200000 -1.281616 1.163592 23.884247 109.058761
 166.400000 -1.469847 1.047454 23.515641 102.382942
 166.600000 -0.985466 0.737806 16.709021 1064.514987
 166.800000 -1.232380 0.775782 23.182130 318.311055
 167.000000 -1.592948 0.923699 21.919082 238.375286
 167.200000 -1.230331 0.990955 23.158341 327.208763
 167.400000 -1.076716 1.079780 19.435061 762.126630
 167.600000 -1.586850 1.185164 22.028672 236.418524
 167.800000 -1.304894 0.872304 24.097087 45.217662
 168.000000 -0.521695 0.217001 -0.000052 0.000205
 168.200000 -0.658276 -0.104317 4.001567 1540.051261
 168.400000 -0.534287 -0.258798 -0.001578 0.176296
 168.600000 -0.830953 -0.020330 10.873654 1660.206799
 168.800000 -0.820505 0.259988 10.448074 1657.060520
 169.000000 -1.405131 0.934540 24.089596 34.506628
 169.200000 -1.630640 1.470017 21.364423 260.307551
 169.400000 -1.067703 1.072884 19.215316 783.706332
 169.600000 -1.315994 0.771405 24.188781 25.701110
 169.800000 -1.219691 0.812072 22.985182 374.437283
 170.000000 -1.598493 1.254705 21.881705 252.233107
 170.200000 -1.557132 1.149917 22.533466 210.174145
 170.400000 -1.028705 0.831970 18.104909 893.442942
 170.600000 -1.703966 1.022885 20.285050 157.618342
 170.800000 -1.912787 0.968049 19.530247 0.319769
 171.000000 -0.496037 0.881437 -0.000000 0.000000
 171.200000 -1.585150 1.496351 22.131301 246.864870
 171.400000 -2.412461 1.653269 22.307972 17.855041
 171.600000 -2.008039 2.522467 19.578350 2.665923
 171.800000 -1.820424 -3.009727 19.502617 1.893926
 172.000000 -2.652580 2.452088 23.158343 2.392782
 172.200000 2.995721 2.246393 2.533316 2543.267159
 172.400000 -2.922897 -2.932202 19.370250 881.257523
 172.600000 -3.118664 2.858145 11.788909 2417.929445
 172.800000 -2.565176 2.589006 23.047685 12.235825
 173.000000 -2.126888 2.686678 20.253184 100.530643
 173.200000 -2.132477 2.477858 20.299331 105.944770
 173.400000 -2.498326 2.510350 22.720361 29.187287
 173.600000 -2.598293 -3.119895 23.118581 2.950985
 173.800000 3.006413 2.763395 3.076986 2745.504439
 174.000000 -2.659580 2.924044 23.112244 3.921653
 174.200000 -1.789459 2.737396 19.568552 17.295391
 174.400000 -1.589829 2.015635 22.115985 260.257502
 174.600000 -1.568803 1.007476 22.446989 234.342875
 174.800000 -1.003278 0.177650 17.374153 1011.773367
 175.000000 -0.476021 -0.158764 -0.000000 0.000000
 175.200000 -0.544219 -0.253382 -0.015887 9.676143
 175.400000 -1.542838 0.528807 22.850493 197.587652
 175.600000 -1.218435 1.509449 23.035765 370.544016
 175.800000 -0.711227 2.009994 6.110047 1577.201276
 176.000000 -0.794037 2.336853 9.422974 1638.020743
 176.200000 -1.669467 2.210800 20.829387 250.440066
 176.400000 -2.025983 2.254636 19.570372 7.265254
 176.600000 -2.164180 2.863638 20.614556 124.581344
 176.800000 -2.494469 2.905252 22.667777 27.708367
 177.000000 -3.104387 2.492116 12.429463 2235.568898
 177.200000 -2.184171 -3.127718 20.829819 123.123139
 177.400000 -2.481191 2.450344 22.588499 27.349351
 177.600000 -1.848993 2.439694 19.431098 0.095126
 177.800000 -2.163837 2.564463 20.603048 123.787044
 178.000000 -2.242405 2.776197 21.419938 75.833503
 178.200000 3.025869 2.493342 4.085499 3026.172015
 178.400000 2.902473 3.089048 -0.000023 0.000027
 178.600000 -2.419618 2.731239 22.283878 17.866469
 178.800000 -1.620964 2.249103 21.666254 292.826728
 179.000000 -1.173872 1.730172 22.115257 541.272991
 179.200000 -0.774566 0.990616 8.659203 1621.273071
 179.400000 -1.458466 0.811765 23.913524 80.864038
 179.600000 -1.144020 0.878650 21.403803 628.436325
 179.800000 -1.191354 1.056235 22.520341 476.061980
 180.000000 -1.761820 1.275426 19.718281 58.214156
 180.200000 -1.082119 0.862360 19.779634 769.641561
 180.400000 -1.101089 0.155643 20.298402 726.680799
 180.600000 -0.653874 -0.110506 3.837933 1588.547190
 180.800000 -0.414606 0.028267 -0.000000 0.000000
 181.000000 -1.351961 0.301653 24.427716 0.575218
 181.200000 -1.479512 0.955412 23.750063 106.120589
 181.400000 -0.784923 1.429717 9.089569 1630.342371
 181.600000 -0.817258 2.013055 10.399867 1651.410403
 181.800000 -0.699440 2.486015 5.662774 1599.422164
 182.000000 -0.988103 2.266193 16.944511 1112.443508
 182.200000 -0.865063 1.518740 12.346636 1623.579836
 182.400000 -0.811327 1.520360 10.167431 1646.451821
 182.600000 -1.083368 1.673830 19.840498 768.810259
 182.800000 -0.623936 1.133449 2.655694 1551.676093
 183.000000 -1.735402 0.915824 19.966636 119.116924
 183.200000 -1.562287 0.667399 22.717782 238.497606
 183.400000 -1.467766 0.657351 23.903349 89.939356
 183.600000 -0.861314 1.055346 12.203839 1627.172444
 183.800000 -1.838257 1.551781 19.387658 1.471644
 184.000000 -1.697151 2.146185 20.465414 216.992951
 184.200000 -2.015644 2.869499 19.499009 6.169976
 184.400000 -2.714440 2.597411 22.729645 32.358753
 184.600000 -2.955003 2.683335 18.212785 1065.854980
 184.800000 -2.996867 2.903050 16.770066 1311.993080
 185.000000 3.139002 2.587364 10.346651 2733.648932
 185.200000 -2.606451 3.014070 22.951329 0.863141
 185.400000 -2.226667 2.760782 21.210486 88.665275
 185.600000 -1.959318 2.283971 19.408076 0.729301
 185.800000 -1.718486 2.466308 20.185253 168.587927
 186.000000 -2.023755 2.644443 19.514631 8.636463
 186.200000 -2.720538 2.779306 22.662744 37.787884
 186.400000 -3.092178 2.887899 12.873106 2093.562750
 186.600000 -3.090888 3.031933 12.932006 2079.089979
 186.800000 -2.595033 2.681575 22.923940 2.240908
 187.000000 -2.106890 2.487496 19.984818 73.268544
 187.200000 -1.751012 2.422167 19.824509 94.246303
 187.400000 -2.064013 2.427425 19.677671 31.216542
 187.600000 -2.459928 2.832171 22.394421 22.234136
 187.800000 3.078788 2.820548 6.993277 3254.280666
 188.000000 2.969533 2.785555 1.195995 1916.390265
 188.200000 -2.688308 2.898476 22.796102 14.983375
 188.400000 -2.094750 2.725139 19.880931 59.622148
 188.600000 -1.766402 2.226301 19.690528 65.460626
 188.800000 -1.650569 1.974952 21.277256 307.757672
 189.000000 -1.905362 1.943391 19.350011 0.314989
 189.200000 -1.904165 2.338217 19.343580 0.285905
 189.400000 -2.001807 2.929015 19.446927 4.280904
 189.600000 -2.914715 2.697012 19.384036 812.613047
 189.800000 2.919568 2.950450 -0.000932 0.054691
 190.000000 -2.963906 2.979272 17.858386 1111.446171
 190.200000 -2.075036 2.441872 19.739655 40.387384
 190.400000 -1.602412 1.774027 22.149871 301.660604
 190.600000 -1.024128 0.735639 18.192288 976.345962
 190.800000 -1.635718 0.201722 21.561175 316.418838
 191.000000 -1.911440 0.346589 19.344432 0.341890
 191.200000 -1.896747 0.853794 19.334603 0.132153
 191.400000 -0.627749 0.893702 2.831249 1594.655397
 191.600000 -0.646030 1.580598 3.565462 1627.596501
 191.800000 -0.770429 2.576082 8.584316 1617.128066
 192.000000 -1.186255 2.552776 22.517515 470.603700
 192.200000 -0.606922 2.002147 2.010170 1528.619526
 192.400000 -0.915475 1.639753 14.393640 1482.322613
 192.600000 -0.743703 1.487010 7.516321 1615.853903
 192.800000 -1.167031 1.090739 22.092398 534.099714
 193.000000 -1.161318 0.369031 21.959228 552.352602
 193.200000 -0.495692 0.074324 -0.000000 0.000000
 193.400000 -0.723664 -0.083765 6.717648 1623.451364
 193.600000 -1.069422 -0.172103 19.570115 815.457396
 193.800000 -0.622921 0.081541 2.645956 1588.062507
 194.000000 -0.708830 0.367054 6.119244 1631.739195
 194.200000 -1.734490 0.700959 20.050565 142.554194
 194.400000 -1.533563 1.316072 23.286135 192.350510
 194.600000 -0.884447 1.242357 13.188248 1573.429784
 194.800000 -1.795069 1.059606 19.522264 30.898451
 195.000000 -1.564105 0.658675 22.833241 247.667701
 195.200000 -0.603715 0.199962 1.900381 1526.171105
 195.400000 -1.266432 -0.068726 23.946353 164.287954
 195.600000 -1.357545 0.189477 24.564933 0.897800
 195.800000 -0.754626 0.709292 7.980922 1609.676421
 196.000000 -1.405127 1.378397 24.485424 16.775220
 196.200000 -1.005593 0.943198 17.647407 1076.964511
 196.400000 -0.826221 0.367521 10.864687 1619.631012
 196.600000 -1.540695 0.378141 23.207893 205.465136
 196.800000 -1.227575 0.979049 23.361925 305.481475
 197.000000 -1.174292 1.569282 22.291587 501.194756
 197.200000 -0.503175 1.499318 -0.000000 0.000000
 197.400000 -0.735057 1.997887 7.214963 1614.859007
 197.600000 -0.563985 2.307952 0.408101 1414.022476
 197.800000 -1.343463 2.341914 24.555220 7.354522
 198.000000 -0.811438 1.906023 10.278319 1614.206637
 198.200000 -1.074522 1.739489 19.774983 804.564334
 198.400000 -0.947634 1.472399 15.641350 1360.950368
 198.600000 -1.641894 0.734617 21.536243 318.059785
 198.800000 -0.915814 0.110527 14.439544 1486.573496
 199.000000 -0.505790 -0.650327 -0.000001 0.000000
 199.200000 1.225749 -1.348415 -0.000000 0.000000
