#! FIELDS time phi psi ves.bias ves.force2
#! SET min_phi -pi
#! SET max_phi pi
#! SET min_psi -pi
#! SET max_psi pi
 0.000000 -1.498385 0.273949 27.215882 148.921278
 0.200000 -0.463372 0.531416 1.690004 174.772546
 0.400000 -1.571897 1.291355 26.145559 264.971223
 0.600000 -1.514998 0.979081 27.002613 180.774280
 0.800000 -0.819866 0.452415 12.898935 1990.953937
 1.000000 -0.376189 -0.271586 0.737678 84.606690
 1.200000 -0.518523 -0.641121 2.598613 339.513588
 1.400000 -0.912436 0.043008 17.079236 1579.518106
 1.600000 -1.375756 0.850334 28.153510 2.447410
 1.800000 -1.815871 1.505082 23.077674 36.610384
 2.000000 -1.496193 2.179879 27.481188 158.708792
 2.200000 -1.787951 2.727831 23.426245 56.384002
 2.400000 2.919458 2.459225 2.066939 353.081201
 2.600000 3.111383 3.007479 9.527685 2972.770685
 2.800000 -2.831145 2.892149 22.856527 483.212123
 3.000000 -2.384955 2.674782 25.563868 41.751839
 3.200000 -1.818599 2.604471 23.270985 39.972952
 3.400000 -2.171590 2.339670 23.787547 61.062341
 3.600000 -2.029365 2.667410 22.856343 15.738795
 3.800000 -2.439606 2.966346 25.808777 11.759593
 4.000000 -2.904613 2.471833 20.999043 817.473381
 4.200000 -2.618437 3.128032 25.464548 35.622055
 4.400000 3.028979 2.995827 5.607405 1933.653904
 4.600000 -3.102739 2.463104 13.302489 2491.160830
 4.800000 -2.942111 2.967032 19.832099 1032.592048
 5.000000 3.062594 3.050620 7.181256 2434.228509
 5.200000 3.015689 2.653641 5.060511 1762.056239
 5.400000 3.005691 2.953127 4.651353 1588.704686
 5.600000 3.027493 -3.102506 5.570134 1965.883908
 5.800000 -3.046079 2.633209 16.079544 1851.379134
 6.000000 -2.638904 2.712870 25.365418 40.765643
 6.200000 -2.171783 2.958354 23.945390 67.212637
 6.400000 -2.404281 2.439893 25.677906 30.898391
 6.600000 -2.137837 2.273843 23.661366 72.006805
 6.800000 -1.867533 2.807828 23.114475 37.073960
 7.000000 -2.244469 2.530622 24.513983 57.600954
 7.200000 -2.602704 2.601606 25.638810 27.829403
 7.400000 -2.879885 2.989375 21.765286 633.966547
 7.600000 -3.131694 2.745995 12.238786 2875.457469
 7.800000 -2.195642 2.785244 24.264499 54.073307
 8.000000 -1.605832 2.628191 25.628488 275.208328
 8.200000 -1.967295 1.844850 22.728606 0.059664
 8.400000 -1.940166 1.622572 22.759032 5.876548
 8.600000 -1.559745 2.107876 26.382430 287.581650
 8.800000 -1.964844 2.333031 22.728320 0.000109
 9.000000 -2.806750 3.039855 23.455005 367.809674
 9.200000 -3.119473 -2.915425 13.051793 2738.743126
 9.400000 -2.984974 2.504995 18.809285 1126.796562
 9.600000 -2.078520 2.730618 23.411180 84.747900
 9.800000 -1.663437 2.626316 24.751464 163.280798
 10.000000 -2.003458 2.172809 22.877020 16.578044
 10.200000 -2.551172 2.510112 25.911281 8.914433
 10.400000 -3.034707 -2.980020 17.035229 1581.461746
 10.600000 3.048366 2.673687 6.860659 2618.873853
 10.800000 -2.990634 2.396741 18.655862 1158.359289
 11.000000 -2.647600 3.023997 25.428912 45.736104
 11.200000 2.959463 2.564457 3.104279 1106.788101
 11.400000 -2.584284 2.698503 25.837737 20.285994
 11.600000 -2.085607 2.690589 23.585116 85.209616
 11.800000 -2.178126 2.548165 24.370347 46.177602
 12.000000 -2.336078 2.720675 25.223176 37.896517
 12.200000 -2.861604 2.589500 22.404263 557.939350
 12.400000 3.123504 3.035919 11.099979 3017.871292
 12.600000 -3.065058 2.919895 15.855960 1929.268006
 12.800000 -2.152848 2.653449 24.243587 61.594355
 13.000000 -1.734457 1.901734 24.088701 58.402166
 13.200000 -0.709057 1.620670 7.880396 1678.530881
 13.400000 -0.626137 1.537477 4.945849 889.092067
 13.600000 -0.606446 2.156457 4.381942 756.469652
 13.800000 -1.127614 2.450000 23.927975 777.669031
 14.000000 -0.673579 2.250862 6.509370 1311.996842
 14.200000 -0.772299 1.891187 10.664431 2121.565572
 14.400000 -0.538745 1.563805 2.711490 486.833437
 14.600000 -1.758719 1.858388 23.920302 43.293359
 14.800000 -2.388198 2.203856 25.592720 41.823691
 15.000000 -2.662500 -3.072596 25.468024 66.910522
 15.200000 -3.084622 2.947797 15.095713 2111.796420
 15.400000 -2.307491 2.371590 25.148441 20.483475
 15.600000 -1.535058 2.420503 26.720349 190.855298
 15.800000 -2.122540 2.015970 24.135984 84.165748
 16.000000 -2.027253 2.475571 23.279469 47.978785
 16.200000 -2.454579 2.921488 26.015830 22.603090
 16.400000 -3.054668 2.751500 16.431124 1720.314273
 16.600000 3.085654 3.086118 9.239402 3042.539938
 16.800000 3.076234 3.068750 8.721124 3007.618231
 17.000000 -3.049150 2.771091 16.657854 1655.907039
 17.200000 -2.476695 2.955891 26.124719 11.472725
 17.400000 -2.283951 2.825741 25.085575 13.810914
 17.600000 -2.381587 2.643160 25.590632 42.057234
 17.800000 -2.493722 2.871125 26.171731 4.474735
 18.000000 -2.916115 2.974803 21.087231 738.299042
 18.200000 -3.138790 2.930029 12.548527 2776.298773
 18.400000 2.884837 2.766354 1.089139 404.350859
 18.600000 -3.060596 2.764295 16.273655 1764.707833
 18.800000 -2.717120 2.931505 24.980510 136.164543
 19.000000 -3.003153 2.576687 18.458761 1184.475655
 19.200000 -2.673818 2.948372 25.450759 84.429395
 19.400000 -2.975167 2.776983 19.425574 979.120949
 19.600000 3.083239 2.670406 9.266500 3099.257519
 19.800000 -2.910064 2.986644 21.294937 697.870090
 20.000000 -2.931734 2.780395 20.706873 776.801677
 20.200000 -2.718791 2.631089 25.004212 136.390811
 20.400000 -2.401136 3.038928 25.841650 38.763731
 20.600000 -2.906175 2.598963 21.464904 672.158272
 20.800000 -2.653967 3.000278 25.641355 67.061412
 21.000000 -2.977428 2.833676 19.432934 988.540724
 21.200000 -2.819158 2.853489 23.523079 377.337704
 21.400000 -2.769773 2.902487 24.380904 234.768896
 21.600000 -2.721104 2.920794 25.035200 136.617392
 21.800000 -2.819201 2.788300 23.522234 377.476632
 22.000000 -2.840854 2.921271 23.082552 448.178976
 22.200000 3.092695 2.765987 9.954138 3156.829805
 22.400000 -2.941343 3.041446 20.671266 824.605800
 22.600000 -3.107009 2.874888 14.420574 2400.559544
 22.800000 -2.900561 2.793101 21.780981 662.914750
 23.000000 -2.443167 2.910816 26.127171 23.696421
 23.200000 -2.811364 2.634809 23.885023 346.271916
 23.400000 -2.750555 3.015787 24.853267 177.208755
 23.600000 -3.018764 2.854555 18.263747 1345.131245
 23.800000 3.025212 2.708067 6.283414 2703.290921
 24.000000 -2.978180 2.889978 19.656057 1032.333752
 24.200000 -3.114730 2.758727 14.172787 2548.497508
 24.400000 -2.612928 2.813196 26.129909 24.728409
 24.600000 -2.345847 2.511266 25.572444 35.848176
 24.800000 -2.407100 2.669946 25.955383 37.453273
 25.000000 -2.310707 2.753271 25.375215 27.245841
 25.200000 -2.741382 2.655376 25.167634 147.292819
 25.400000 -2.780433 2.646371 24.626870 244.080774
 25.600000 -2.934638 2.959483 21.170071 817.426786
 25.800000 -2.951251 2.577115 20.684017 896.357488
 26.000000 -2.792045 3.002828 24.439150 279.295972
 26.200000 -2.785682 2.546367 24.653555 250.586983
 26.400000 -2.594308 2.829240 26.314643 12.695572
 26.600000 -2.339494 2.700209 25.580670 37.619360
 26.800000 -2.309319 2.505009 25.404288 30.788213
 27.000000 -2.509521 2.653087 26.428885 1.330335
 27.200000 -2.741960 2.849981 25.355059 129.945028
 27.400000 2.999592 2.820541 5.088147 2461.180171
 27.600000 3.066032 2.979985 8.684747 3259.969161
 27.800000 -2.904483 2.753588 22.245504 708.349334
 28.000000 -2.090041 2.649175 23.873626 96.656355
 28.200000 -1.865669 2.680648 23.215444 22.426807
 28.400000 -2.061724 2.278316 23.581799 84.590715
 28.600000 -2.180033 2.600307 24.672450 57.760286
 28.800000 -2.100022 2.971499 23.952389 97.823040
 29.000000 -2.354426 2.507102 25.761622 44.853091
 29.200000 -2.378852 2.676803 25.966651 46.961193
 29.400000 -2.277543 3.022410 25.299009 36.069696
 29.600000 -2.545565 2.741220 26.545864 1.224998
 29.800000 -2.607015 2.617345 26.397229 12.536378
 30.000000 -2.480604 3.041974 26.498971 7.213228
 30.200000 -2.744358 2.521189 25.608980 109.276139
 30.400000 -2.717807 2.652233 25.856120 67.921637
 30.600000 -2.564423 2.786665 26.569036 3.887301
 30.800000 -2.751643 2.587133 25.530345 124.083648
 31.000000 -2.535262 2.745420 26.607740 0.392941
 31.200000 -2.422246 3.004420 26.370505 35.264342
 31.400000 -2.294439 2.403636 25.458087 48.067685
 31.600000 -2.184546 2.394029 24.710268 57.178918
 31.800000 -1.671593 3.033847 24.471558 113.070295
 32.000000 -2.459648 2.221771 26.556097 15.106687
 32.200000 -2.359028 2.629654 25.998282 61.307892
 32.400000 -2.668831 2.901715 26.333590 24.272888
 32.600000 -2.935967 2.905882 21.816707 959.674687
 32.800000 3.076121 2.576528 9.485849 3359.920390
 33.000000 -2.796076 -2.729828 25.139240 245.976884
 33.200000 -3.127279 2.436426 13.998820 2772.511690
 33.400000 2.987830 2.452231 4.630670 2495.643095
 33.600000 -2.530686 -2.909450 26.812922 0.475955
 33.800000 -2.762550 2.710339 25.690771 138.277929
 34.000000 -2.414169 2.486923 26.479361 41.395458
 34.200000 -1.817539 2.880391 23.356406 27.695679
 34.400000 -1.894000 2.564385 23.033304 7.248628
 34.600000 -2.466475 1.979796 26.815101 10.647790
 34.800000 -2.344325 2.936612 26.004532 73.871244
 35.000000 -1.912210 3.122451 22.994168 2.469380
 35.200000 -2.552252 2.320021 26.938210 2.850107
 35.400000 -2.159628 2.675066 24.517555 75.095710
 35.600000 -2.031311 -3.099639 23.366485 57.503066
 35.800000 -2.315912 2.392586 25.811834 78.550598
 36.000000 -2.356934 2.382499 26.176070 76.335175
 36.200000 -1.854546 -3.117268 23.161338 18.114967
 36.400000 -2.594898 2.594106 26.908748 8.598810
 36.600000 -2.441594 2.537267 26.875141 24.417628
 36.800000 -2.124539 -3.141483 24.207801 86.692867
 37.000000 -2.032187 2.694349 23.380000 57.732257
 37.200000 -2.071912 2.105264 23.731320 82.291232
 37.400000 -1.418496 2.427654 26.795701 0.820694
 37.600000 -1.586490 2.587849 25.352920 167.967653
 37.800000 -2.483731 2.328390 27.102145 3.529513
 38.000000 -2.975766 2.843791 20.790115 1301.827226
 38.200000 -3.124013 -2.770904 14.315209 2721.676447
 38.400000 -3.007119 2.680344 19.647601 1549.559666
 38.600000 -1.768059 2.299945 23.595921 34.716074
 38.800000 -1.393154 2.223944 26.747717 3.259978
 39.000000 -0.433075 1.967451 -0.010121 0.981619
 39.200000 -0.747539 1.606772 8.976014 1779.039050
 39.400000 -0.778467 1.360138 10.301776 1881.719221
 39.600000 -1.548794 1.167598 25.781057 148.621265
 39.800000 -0.781758 0.468383 10.444644 1887.266768
 40.000000 -1.025075 0.248743 19.779181 1026.546926
 40.200000 -0.875661 -0.059377 14.416669 1634.688213
 40.400000 -0.647452 -0.037376 5.105418 1167.235936
 40.600000 -0.604658 0.104979 3.713987 959.383003
 40.800000 -0.988990 0.186437 18.568669 1115.410255
 41.000000 -0.910101 0.565203 15.767670 1444.291116
 41.200000 -1.510607 1.275692 26.160041 98.924199
 41.400000 -1.016448 1.288057 19.449384 1040.130602
 41.600000 -0.863910 0.996364 13.918490 1695.498999
 41.800000 -1.565878 0.962154 25.523218 157.880645
 42.000000 -1.073181 0.565584 21.218357 902.039955
 42.200000 -0.891077 0.575262 15.000755 1551.676533
 42.400000 -1.676966 0.768013 24.209950 87.721693
 42.600000 -1.098818 0.952455 21.952416 818.346432
 42.800000 -1.139840 1.201085 23.072033 667.540685
 43.000000 -1.344702 1.450367 26.433644 45.942049
 43.200000 -1.129442 0.911809 22.786322 702.958920
 43.400000 -1.516854 0.705415 26.059520 109.437186
 43.600000 -1.542505 0.769475 25.771389 141.419831
 43.800000 -0.959208 1.241751 17.522322 1215.666626
 44.000000 -0.744494 1.819140 8.784081 1759.968156
 44.200000 -0.724150 2.203765 7.935855 1656.808761
 44.400000 -0.867024 2.340317 14.026785 1690.892253
 44.600000 -0.589934 1.839021 3.169165 945.902773
 44.800000 -0.735579 1.013755 8.405526 1719.594582
 45.000000 -1.240360 0.751853 25.186375 275.017263
 45.200000 -0.934780 0.519356 16.662521 1324.957428
 45.400000 -1.040816 0.629685 20.209714 962.419666
 45.600000 -1.502972 0.949405 26.180284 91.096940
 45.800000 -0.954619 1.132166 17.371816 1233.910107
 46.000000 -1.262817 1.088730 25.523800 210.896798
 46.200000 -0.798842 0.693202 11.136680 1894.194705
 46.400000 -1.474764 0.612891 26.414887 49.926193
 46.600000 -1.006908 0.754162 19.144398 1049.831475
 46.800000 -1.189854 0.952848 24.210507 452.688311
 47.000000 -1.322263 1.175058 26.225409 83.714594
 47.200000 -1.047038 0.664177 20.421228 940.688727
 47.400000 -1.313781 0.473189 26.155847 99.302703
 47.600000 -0.841197 0.314372 12.975541 1805.177247
 47.800000 -1.462188 0.450342 26.500225 34.506520
 48.000000 -0.730544 0.809832 8.224515 1707.255163
 48.200000 -0.928350 2.228638 16.463968 1361.079545
 48.400000 -1.180860 2.465885 24.034064 486.401538
 48.600000 -1.785179 2.161928 23.354154 22.321607
 48.800000 -2.206135 2.051259 25.106479 118.251215
 49.000000 -1.979268 2.951297 23.160214 18.395595
 49.200000 -2.027064 2.867899 23.430005 49.187293
 49.400000 -2.653907 2.184396 27.255190 20.221561
 49.600000 -2.237064 2.950258 25.460498 133.914768
 49.800000 -1.960540 2.763832 23.084966 9.966368
 50.000000 -2.055259 2.157714 23.644689 66.527040
 50.200000 -1.693977 2.097285 23.903586 73.027777
 50.400000 -0.768156 2.205064 9.859801 1866.243028
 50.600000 -0.800694 1.976916 11.273786 1894.988248
 50.800000 -0.858357 1.967105 13.741754 1729.329729
 51.000000 -1.195712 1.584014 24.368587 429.066488
 51.200000 -0.817053 0.657262 12.003185 1869.374873
 51.400000 -1.626807 0.311782 24.592369 152.798177
 51.600000 -1.673767 0.537875 24.070976 94.823503
 51.800000 -0.999648 0.913855 18.984075 1073.499104
 52.000000 -0.519278 1.680023 0.922725 757.229290
 52.200000 -1.207363 2.702502 24.617793 386.746870
 52.400000 -2.146351 2.830177 24.507552 98.166498
 52.600000 2.961335 2.620352 3.292084 2530.214504
 52.800000 3.082676 3.048639 10.152801 3331.375122
 53.000000 3.013931 2.840966 6.151740 3286.449417
 53.200000 -2.094170 2.717841 24.019413 81.171106
 53.400000 -1.187172 2.203442 24.210379 454.768761
 53.600000 -0.787813 1.876735 10.773303 1886.126350
 53.800000 -0.727859 1.394312 8.209812 1729.981253
 54.000000 -1.256509 1.719385 25.488463 240.528019
 54.200000 -1.892923 1.565168 23.002701 0.121783
 54.400000 -1.743762 1.691006 23.500299 35.903160
 54.600000 -1.026417 1.321955 19.890034 992.668596
 54.800000 -1.232284 1.304953 25.094227 308.373517
 55.000000 -1.741171 1.078835 23.515969 37.249365
 55.200000 -0.913743 0.778074 16.019412 1428.662331
 55.400000 -0.617335 0.456829 4.004295 1254.496239
 55.600000 -1.202067 0.293576 24.532434 401.210173
 55.800000 -1.901073 0.436445 23.004772 0.021051
 56.000000 -1.207066 0.817840 24.631546 385.052041
 56.200000 -1.131771 1.478984 22.938186 648.314298
 56.400000 -0.834649 1.924911 12.857674 1783.995165
 56.600000 -0.545201 2.019521 1.582446 984.849872
 56.800000 -0.693883 2.154201 6.905767 1593.509306
 57.000000 -1.193715 1.932117 24.370400 427.869029
 57.200000 -0.683866 1.206717 6.539353 1556.934609
 57.400000 -1.251273 1.169707 25.435119 255.706500
 57.600000 -1.871932 0.870051 23.031502 1.684828
 57.800000 -1.206738 0.655508 24.642400 384.212748
 58.000000 -1.202225 1.036746 24.553133 398.612679
 58.200000 -1.830492 1.467578 23.125248 8.797300
 58.400000 -1.531591 1.573601 25.866513 174.034609
 58.600000 -0.824584 1.048296 12.486924 1796.300136
 58.800000 -1.564993 0.662394 25.406440 199.277872
 59.000000 -1.267850 0.722322 25.696307 213.730348
 59.200000 -1.016676 1.356757 19.651443 1017.611193
 59.400000 -0.685681 1.330676 6.679798 1579.578452
 59.600000 -1.107516 1.185275 22.338969 728.522741
 59.800000 -1.355788 0.972139 26.644926 39.555448
 60.000000 -1.526301 0.783968 25.947261 167.550369
 60.200000 -0.907730 0.872243 15.891151 1435.317314
 60.400000 -1.547003 1.477928 25.680867 192.209400
 60.600000 -1.337861 1.234376 26.528617 68.105758
 60.800000 -1.429677 0.800169 26.790932 8.925060
 61.000000 -0.711492 0.468899 7.755012 1680.901177
 61.200000 -1.389991 0.808499 26.825500 5.101176
 61.400000 -1.141625 1.082634 23.258557 599.933475
 61.600000 -0.938210 1.203476 17.042496 1295.810903
 61.800000 -1.611991 1.361541 24.788355 177.483402
 62.000000 -1.262390 0.981677 25.651386 226.881494
 62.200000 -0.704430 0.135222 7.529029 1669.076465
 62.400000 -0.501133 -0.529745 0.131080 913.824347
 62.600000 -0.618475 -0.364128 4.166619 1403.092814
 62.800000 -0.940497 0.057390 17.151900 1285.158250
 63.000000 -0.878849 1.295332 14.827060 1566.008580
 63.200000 -1.341590 2.045298 26.610767 64.641927
 63.400000 -0.591754 2.293759 3.193649 1353.336760
 63.600000 -0.824148 2.045136 12.621106 1766.543922
 63.800000 -0.803293 1.355434 11.738960 1807.752174
 64.000000 -1.701879 0.930763 23.841945 67.144877
 64.200000 -0.848758 0.494163 13.683258 1680.383645
 64.400000 -1.504069 0.580552 26.317157 133.079467
 64.600000 -1.155347 1.022452 23.643536 542.937968
 64.800000 -1.099991 1.380587 22.243072 739.522421
 65.000000 -0.854713 1.508136 13.926524 1657.429079
 65.200000 -1.652454 1.556345 24.346911 129.117721
 65.400000 -1.037746 0.711344 20.465456 941.335678
 65.600000 -0.963334 0.353966 18.044272 1185.934690
 65.800000 -0.775135 0.352897 10.626026 1811.868025
 66.000000 -0.931014 0.056044 16.902201 1314.964259
 66.200000 -0.645937 0.458250 5.340393 1557.978721
 66.400000 -1.645246 1.118908 24.443023 141.465765
 66.600000 -1.494522 1.139910 26.469669 115.977375
 66.800000 -0.870075 0.986305 14.621023 1581.276824
 67.000000 -1.887391 1.124656 23.024213 0.643104
 67.200000 -1.481448 0.848245 26.625727 89.400380
 67.400000 -0.718519 0.476302 8.323430 1734.824543
 67.600000 -0.825261 0.252605 12.831629 1740.838033
 67.800000 -0.864693 0.093688 14.445576 1600.578200
 68.000000 -0.550364 -0.124019 1.714429 1301.053701
 68.200000 -0.817254 -0.202474 12.541090 1757.216568
 68.400000 -0.534832 -0.100251 1.160629 1234.909127
 68.600000 -0.476870 0.115318 -0.000956 0.045465
 68.800000 -1.103977 0.217029 22.462700 717.375360
 69.000000 -1.051611 0.533704 20.977466 889.928577
 69.200000 -1.343506 1.142867 26.769315 61.915666
 69.400000 -1.051539 1.319550 21.011134 883.656076
 69.600000 -0.928038 1.142692 16.948552 1314.226838
 69.800000 -1.619365 0.863606 24.818079 181.108848
 70.000000 -0.984377 0.577107 18.900409 1096.659892
 70.200000 -1.491634 0.934176 26.587060 112.463859
 70.400000 -1.486827 1.111919 26.636866 102.265843
 70.600000 -1.029054 0.855723 20.372631 947.164629
 70.800000 -1.311630 0.937720 26.491891 121.158982
 71.000000 -1.264118 0.927985 25.872325 223.774127
 71.200000 -1.011917 0.777192 19.884850 997.694336
 71.400000 -1.507769 1.023286 26.427272 146.916508
 71.600000 -0.632981 0.973143 5.000549 1629.463250
 71.800000 -1.499227 1.202553 26.527680 129.403230
 72.000000 -1.224180 0.559756 25.245697 321.698640
 72.200000 -0.811926 0.313553 12.491275 1768.807746
 72.400000 -0.666527 0.011701 6.399955 1674.139953
 72.600000 -0.500854 -0.139202 -0.010243 155.163290
 72.800000 -0.681751 -0.017137 7.024350 1690.822118
 73.000000 -1.439129 0.387831 27.042451 19.059004
 73.200000 -1.405188 1.224692 27.141814 0.044873
 73.400000 -0.661408 1.501429 6.232365 1681.022874
 73.600000 -0.493858 1.963844 -0.017990 9.558162
 73.800000 -1.545041 2.529689 25.978789 208.217037
 74.000000 -2.719298 2.589474 26.803090 66.299730
 74.200000 2.843503 3.038538 -0.000001 0.000000
 74.400000 -2.995816 2.838009 20.035053 1763.482586
 74.600000 2.949873 2.631565 2.325082 2628.548576
 74.800000 -3.024055 3.094597 18.812539 1981.599759
 75.000000 3.032987 2.742814 7.015066 3432.707279
 75.200000 -2.836559 2.783127 25.134612 442.464405
 75.400000 -2.822041 2.815628 25.425486 362.819678
 75.600000 -3.073401 2.593479 16.509299 2311.274493
 75.800000 2.964745 3.099951 3.091391 2924.824669
 76.000000 -2.663265 2.893896 27.136565 28.055202
 76.200000 -1.956110 2.343104 23.007311 8.217023
 76.400000 -1.721591 1.810517 23.785062 70.816804
 76.600000 -0.909083 1.146455 16.577618 1418.431295
 76.800000 -1.507659 0.763787 26.560315 153.494544
 77.000000 -1.278265 0.672031 26.251384 191.751070
 77.200000 -1.137451 1.238058 23.621394 561.160816
 77.400000 -1.806834 1.577667 23.219100 25.853139
 77.600000 -1.782323 1.801459 23.354685 35.724780
 77.800000 -1.605982 1.914518 25.153330 217.387123
 78.000000 -1.773833 2.206846 23.406754 39.574148
 78.200000 -2.479184 2.731200 27.587403 1.940247
 78.400000 -3.064432 3.061214 16.891746 2261.157729
 78.600000 -3.048789 2.765100 17.627618 2163.891822
 78.800000 -2.972536 2.825772 20.935485 1573.122418
 79.000000 -2.686176 -3.137267 26.962188 38.646285
 79.200000 -2.687959 2.539225 26.937029 39.807814
 79.400000 -2.059058 2.695971 23.513618 52.881688
 79.600000 -1.714041 2.638208 23.887327 83.982969
 79.800000 -2.096822 2.339130 23.805479 66.485162
 80.000000 -2.350563 2.680106 26.695478 139.262456
 80.200000 -2.253002 -3.061168 25.410195 168.077007
 80.400000 -2.371607 2.363756 26.919623 109.636554
 80.600000 -2.114500 2.382484 23.936547 72.454578
 80.800000 -1.681886 2.889638 24.228878 122.145455
 81.000000 -2.771110 2.396968 26.165796 164.552506
 81.200000 3.103227 2.717952 10.953564 2998.516355
 81.400000 3.049227 -3.018108 7.901161 3371.065633
 81.600000 -3.140273 2.551806 13.073135 2714.702834
 81.800000 -3.066494 2.662081 16.755663 2279.741967
 82.000000 3.075932 -3.132373 9.433430 3203.825502
 82.200000 2.999748 2.859233 5.007652 3402.613256
 82.400000 -2.530077 2.721011 27.517244 2.795692
 82.600000 -1.686909 2.763007 24.212360 118.769398
 82.800000 -1.912982 2.076100 22.894278 0.100997
 83.000000 -2.001301 1.850403 23.112674 25.191051
 83.200000 -1.346037 2.023213 27.127965 58.866431
 83.400000 -0.573712 2.093866 2.792047 1838.581011
 83.600000 -0.757738 1.970331 10.584739 1802.520707
 83.800000 -0.703416 1.817969 8.294421 1756.128343
 84.000000 -0.828228 1.604707 13.576807 1762.608251
 84.200000 -1.263578 0.999924 26.196990 217.608496
 84.400000 -1.507500 0.401343 26.742021 150.407588
 84.600000 -0.575870 0.159324 2.894219 1864.240450
 84.800000 -0.432532 0.242950 -0.000000 0.000000
 85.000000 -0.955433 -0.039847 18.537882 1202.021928
 85.200000 -0.706741 0.056682 8.489553 1762.468371
 85.400000 -0.754021 0.178200 10.484294 1801.207700
 85.600000 -0.926621 -0.109764 17.542121 1343.396811
 85.800000 -0.492887 -0.614769 -0.004302 1.379995
 86.000000 -0.525105 -0.321871 0.755308 1639.959605
 86.200000 -1.268507 0.672506 26.297174 206.073767
 86.400000 -1.126737 1.274602 23.586872 566.150559
 86.600000 -0.739187 1.384336 9.889232 1785.828997
 86.800000 -0.516317 1.488641 0.395952 1732.810907
 87.000000 -0.759168 1.694942 10.735832 1804.096385
 87.200000 -0.538911 1.760795 1.333971 1803.402205
 87.400000 -0.559860 2.082034 2.237995 1907.888932
 87.600000 -0.893486 2.187228 16.362553 1514.497909
 87.800000 -0.737380 2.065335 9.846782 1784.871966
 88.000000 -0.502590 1.814047 -0.027814 0.191326
 88.200000 -0.731507 1.722304 9.635408 1775.973167
 88.400000 -0.971704 1.698548 19.229816 1107.470254
 88.600000 -0.795821 1.062029 12.367623 1818.780657
 88.800000 -1.537554 0.809439 26.398003 201.614763
 89.000000 -1.572169 0.725065 25.884953 230.855728
 89.200000 -0.889887 1.083812 16.307055 1537.186757
 89.400000 -1.104669 1.180539 23.111248 621.932626
 89.600000 -1.140992 0.932933 23.977257 516.424406
 89.800000 -0.997674 0.379568 20.106989 982.761573
 90.000000 -0.593639 0.010038 3.787467 1974.187344
 90.200000 -0.526754 -0.249815 0.853486 1815.623388
 90.400000 -0.468932 -0.432258 -0.000002 0.000000
 90.600000 -0.546950 0.135648 1.731409 1953.221063
 90.800000 -1.311984 0.606104 26.909843 114.370371
 91.000000 -1.458118 1.003785 27.290361 43.750248
 91.200000 -0.970704 1.137258 19.315897 1091.915968
 91.400000 -1.255569 1.132050 26.199092 226.305542
 91.600000 -1.198177 0.577166 25.220821 360.995609
 91.800000 -1.080756 0.297479 22.554004 685.492142
 92.000000 -0.777110 0.189882 11.681263 1820.274668
 92.200000 -0.482328 0.103855 -0.000112 0.001267
 92.400000 -0.979915 0.155843 19.657998 1041.835670
 92.600000 -0.617526 0.032511 4.961074 1947.344902
 92.800000 -0.630839 -0.203697 5.544459 1893.702504
 93.000000 -0.745602 -0.076371 10.381414 1778.414673
 93.200000 -0.567630 0.158986 2.748310 2105.964444
 93.400000 -1.532201 0.680135 26.544997 187.001346
 93.600000 -1.765524 1.448572 23.601436 65.174345
 93.800000 -0.792935 1.219740 12.436032 1830.646114
 94.000000 -1.371614 1.266113 27.412937 18.647496
 94.200000 -1.687300 0.902270 24.369434 134.382967
 94.400000 -0.710145 0.366033 8.987449 1724.440522
 94.600000 -0.456120 -0.036065 -0.000000 0.000000
 94.800000 -0.641149 -0.668388 6.089172 1861.524369
 95.000000 -0.612852 -0.451783 4.847152 1994.502052
 95.200000 -0.550317 -0.144036 2.015295 2158.222786
 95.400000 -1.139480 0.710754 24.098856 515.436926
 95.600000 -1.488924 1.382593 27.090038 99.636777
 95.800000 -1.186589 0.982448 25.100648 390.354933
 96.000000 -1.204439 0.743797 25.442533 343.750120
 96.200000 -1.084618 0.547140 22.798600 654.144436
 96.400000 -1.106859 0.583322 23.355148 598.552310
 96.600000 -1.218569 0.913116 25.726052 308.404714
 96.800000 -1.136181 1.169555 24.049972 524.443221
 97.000000 -1.241571 0.993586 26.110582 251.569813
 97.200000 -1.119472 0.290629 23.693164 565.590668
 97.400000 -0.533724 -0.022814 1.297410 2163.897373
 97.600000 -0.493079 -0.166854 -0.003524 1.279613
 97.800000 -0.710658 -0.552341 9.150481 1692.689144
 98.000000 -0.876043 -0.165120 16.100482 1638.440850
 98.200000 -1.185772 0.205408 25.179955 393.959782
 98.400000 -0.841969 0.626000 14.730896 1785.931376
 98.600000 -1.713386 1.231504 24.108590 114.486877
 98.800000 -1.317014 1.319827 27.132052 88.125928
 99.000000 -0.948748 0.681352 18.877730 1182.246562
 99.200000 -1.111800 0.376621 23.578175 583.057225
 99.400000 -1.212150 0.656052 25.713945 323.000514
 99.600000 -1.242579 1.328043 26.225597 244.299594
 99.800000 -1.130635 1.218152 24.024101 537.829682
 100.000000 -0.972344 0.704977 19.709351 1040.252902
 100.200000 -1.359712 0.708349 27.894894 23.167610
 100.400000 -1.046691 0.911623 22.358217 740.102046
 100.600000 -1.309849 1.313993 27.529340 94.754139
 100.800000 -1.147130 1.032040 24.850937 497.396003
 101.000000 -1.233209 0.526290 26.526054 265.493542
 101.200000 -0.654624 0.184652 7.427024 1799.653022
 101.400000 -0.517874 -0.092125 1.036906 2192.402927
 101.600000 -0.690670 -0.359595 8.924619 1676.109675
 101.800000 -0.543561 -0.426861 2.269659 2379.157200
 102.000000 -0.551744 -0.102497 2.669562 2394.917725
 102.200000 -0.881640 0.082749 16.957565 1625.194968
 102.400000 -1.356491 0.755174 27.917225 22.738575
 102.600000 -1.036432 1.493596 22.154534 767.290887
 102.800000 -0.565858 1.737519 3.394606 2409.854111
 103.000000 -0.757563 2.276421 11.711378 1746.844846
 103.200000 -0.870269 2.281133 16.536225 1694.623351
 103.400000 -0.917329 1.868062 18.387107 1387.730117
 103.600000 -0.585958 1.445156 4.414408 2326.441402
 103.800000 -0.502568 1.643554 0.346782 2353.199022
 104.000000 -0.758276 2.235628 11.778608 1745.263323
 104.200000 -0.693204 2.321926 9.160948 1645.430736
 104.400000 -0.463548 1.915419 -0.000005 0.000003
 104.600000 -0.991243 1.198503 20.923031 927.939670
 104.800000 -1.411940 0.588381 28.036757 2.283035
 105.000000 -0.527734 -0.187435 1.573048 2419.523381
 105.200000 -0.813620 -0.194499 14.215279 1854.466656
 105.400000 -0.959311 -0.106552 19.951387 1097.850169
 105.600000 -0.349380 -0.220504 -0.000000 0.000000
 105.800000 -0.611914 -0.004865 5.740244 2132.543527
 106.000000 -0.541470 -0.167051 2.287390 2533.820207
 106.200000 -0.595577 -0.270908 5.024973 2304.791244
 106.400000 -0.851459 -0.027338 15.880012 1788.461700
 106.600000 -0.840221 0.333464 15.402249 1823.888476
 106.800000 -1.354437 0.735304 27.984391 17.820619
 107.000000 -1.546983 1.315942 26.892676 202.533161
 107.200000 -1.035266 0.910732 22.311304 759.843205
 107.400000 -1.284384 0.561803 27.480673 116.898850
 107.600000 -1.345853 0.721950 27.963901 24.036846
 107.800000 -1.052744 1.253160 22.786039 717.177694
 108.000000 -0.931439 1.520424 19.075974 1278.608355
 108.200000 -1.574990 1.494702 26.489341 234.965644
 108.400000 -1.091129 0.657602 23.822789 640.020849
 108.600000 -1.358711 0.417590 28.039567 12.055947
 108.800000 -0.700571 0.649474 9.669607 1602.036542
 109.000000 -1.857367 1.394518 23.263129 29.811495
 109.200000 -1.798077 1.979536 23.652788 65.953319
 109.400000 -1.872169 2.660438 23.169499 22.804509
 109.600000 -2.319751 3.031493 26.265069 167.444170
 109.800000 3.137207 2.719409 12.781338 2530.474009
 110.000000 3.117389 2.963388 11.772266 2659.402934
 110.200000 2.915225 2.747681 0.391002 2562.114398
 110.400000 -2.807877 2.778695 25.427849 309.979128
 110.600000 -2.162319 2.891541 24.173009 117.091112
 110.800000 -2.072979 2.244695 23.387149 45.890933
 111.000000 -1.943555 2.234955 22.957360 0.337085
 111.200000 -1.645371 2.511918 25.406158 225.558543
 111.400000 -2.377136 2.852259 26.852459 80.088809
 111.600000 2.953723 2.778657 2.413069 3215.083975
 111.800000 3.091470 3.011427 10.369746 2863.739999
 112.000000 2.934717 2.669831 1.366512 2829.381293
 112.200000 -2.573663 2.992099 27.157116 6.172712
 112.400000 -1.770002 2.783348 23.868259 88.953736
 112.600000 -2.017090 1.843613 23.046541 14.685634
 112.800000 -1.682379 1.411097 24.873781 184.568780
 113.000000 -0.778116 0.419787 12.998785 1761.096876
 113.200000 -0.401802 -0.351225 -0.000000 0.000000
 113.400000 -0.377641 -0.909044 -0.000000 0.000000
 113.600000 -0.526890 -0.109549 1.773662 2802.382927
 113.800000 -0.525896 0.209192 1.721048 2795.389100
 114.000000 -0.883685 0.159759 17.499777 1623.839424
 114.200000 -0.577044 0.171292 4.470750 2671.377150
 114.400000 -0.611587 0.037844 6.183017 2233.915744
 114.600000 -0.467566 -0.312187 -0.000021 0.000062
 114.800000 -0.516177 -0.186194 1.235741 2743.993284
 115.000000 -0.537408 -0.065701 2.365642 2886.069040
 115.200000 -0.829196 -0.070336 15.284339 1842.369135
 115.400000 -0.786489 0.178215 13.460292 1775.698992
 115.600000 -1.499660 0.950781 27.547045 123.231498
 115.800000 -0.957065 1.199076 20.263429 1082.087314
 116.000000 -0.760029 1.305579 12.361218 1672.530186
 116.200000 -1.440591 1.408516 28.047126 31.072161
 116.400000 -1.448686 0.641435 27.998808 40.507246
 116.600000 -0.771432 0.183069 12.869073 1713.385094
 116.800000 -0.540773 -0.209760 2.621994 2964.503636
 117.000000 -0.510095 -0.660465 0.971222 2753.284099
 117.200000 -0.514991 -0.386366 1.258680 2859.173634
 117.400000 -0.628241 0.307129 7.111455 2024.731107
 117.600000 -1.461276 0.921844 27.916245 58.151698
 117.800000 -1.186266 1.022921 26.303993 396.480471
 118.000000 -0.980015 1.296900 21.063498 937.974363
 118.200000 -1.473766 1.234163 27.820017 78.119138
 118.400000 -0.847347 0.357689 16.171318 1812.711805
 118.600000 -0.472173 -0.299001 -0.000175 0.004706
 118.800000 -0.340611 -0.789744 -0.000000 0.000000
 119.000000 -0.307492 -0.414445 -0.000000 0.000000
 119.200000 -1.084560 0.420815 23.995443 646.523381
 119.400000 -1.317432 1.189504 28.067387 34.836574
 119.600000 -1.494439 1.492937 27.624653 115.575469
 119.800000 -1.088267 1.027240 24.089488 641.312438
 120.000000 -1.506745 0.591021 27.485872 139.063347
 120.200000 -1.774442 0.630266 23.755658 88.771565
 120.400000 -1.665807 1.110298 25.079558 222.573708
 120.600000 -1.000046 1.387903 21.761391 830.020620
 120.800000 -1.485150 1.589825 27.731238 99.706519
 121.000000 -1.469922 0.985578 27.872681 73.692044
 121.200000 -0.616394 0.146619 6.780358 2187.086335
 121.400000 -0.630334 -0.525303 7.416586 1983.682015
 121.600000 -0.503236 -0.610901 0.745717 2876.434911
 121.800000 -0.922840 0.159838 19.303231 1325.477306
 122.000000 -1.359426 1.339170 28.269224 2.743170
 122.200000 -1.987633 1.788089 22.791355 1.850642
 122.400000 -1.878249 2.783585 22.995386 23.498781
 122.600000 -2.717879 2.932940 26.223812 67.438796
 122.800000 2.949225 2.765598 1.978941 3204.544190
 123.000000 -2.905807 2.902976 22.721681 954.268928
 123.200000 -2.780046 2.686099 25.503629 206.256985
 123.400000 -2.723949 2.680961 26.143624 75.989644
 123.600000 -2.343959 2.998580 26.191777 125.671156
 123.800000 -2.635952 2.355453 26.649656 13.015642
 124.000000 -2.624790 2.676822 26.688124 10.859172
 124.200000 -2.264982 3.031354 25.136811 194.395822
 124.400000 -2.393089 2.354186 26.622846 52.054923
 124.600000 -1.916751 2.389995 22.823584 8.794785
 124.800000 -2.222478 2.496761 24.554615 175.301147
 125.000000 -2.225287 2.887214 24.591929 177.507428
 125.200000 -2.890877 2.577260 23.079798 831.468125
 125.400000 2.954345 2.912743 2.217355 3295.435420
 125.600000 -3.055482 3.022884 16.739408 2063.305790
 125.800000 2.936959 2.677503 1.244019 2954.880674
 126.000000 -3.025124 2.983335 18.094464 1913.865428
 126.200000 2.870255 2.773426 -0.000000 0.000000
 126.400000 3.054170 2.903024 8.081877 3181.877768
 126.600000 -3.014458 2.843728 18.535336 1845.960288
 126.800000 -3.094564 2.858214 14.913617 2203.271132
 127.000000 2.908665 2.965096 -0.022909 19.733579
 127.200000 -3.044416 2.616844 17.202473 2005.555842
 127.400000 -2.597641 3.020563 26.668055 7.005891
 127.600000 -2.233423 2.547130 24.635854 183.723051
 127.800000 -1.737557 2.340172 24.086725 132.723176
 128.000000 -1.997987 2.204872 22.724282 2.671098
 128.200000 -1.988201 2.714663 22.695727 0.966157
 128.400000 -2.720776 2.824012 26.053361 72.242299
 128.600000 2.957137 2.728498 2.337449 3348.515560
 128.800000 -2.895802 -3.006392 22.861418 866.259137
 129.000000 -2.738130 2.719762 25.892367 101.642466
 129.200000 -2.155587 2.371859 23.650426 107.371813
 129.400000 -1.667188 2.490524 25.029560 240.705737
 129.600000 -2.455567 2.363730 26.778658 3.319805
 129.800000 -2.937968 2.800149 21.479595 1219.481200
 130.000000 2.757546 -2.933414 -0.000000 0.000000
 130.200000 3.057455 2.510914 8.228081 3149.633584
 130.400000 -2.163504 2.732681 23.715680 115.553615
 130.600000 -1.953339 2.571294 22.674356 1.354320
 130.800000 -2.059945 2.259515 22.888573 26.417555
 131.000000 -2.209190 2.348979 24.256240 164.197534
 131.200000 -2.046646 3.006922 22.812811 18.729971
 131.400000 -2.951165 2.518284 20.965704 1325.703065
 131.600000 2.907184 2.957666 -0.010374 10.844404
 131.800000 2.970748 -3.129584 3.103770 3526.315035
 132.000000 -2.704875 2.361831 26.121032 52.348317
 132.200000 -1.770777 2.428909 23.696015 96.680410
 132.400000 -1.990922 2.557583 22.655255 0.956514
 132.600000 -2.711817 2.872359 26.050926 60.942489
 132.800000 -2.467632 -3.095328 26.724843 0.943130
 133.000000 -2.195862 2.706020 24.054485 150.282445
 133.200000 -1.683387 2.055347 24.766375 219.910390
 133.400000 -1.577386 1.499227 26.522015 280.509333
 133.600000 -1.088552 0.564752 24.406883 614.405466
 133.800000 -0.678988 -0.365286 9.854168 1427.844217
 134.000000 -0.455455 -0.777410 -0.000001 0.000000
 134.200000 -0.751703 -0.279101 12.605560 1524.787996
 134.400000 -0.753687 0.408241 12.683171 1536.525426
 134.600000 -1.483283 0.905187 27.846361 109.226791
 134.800000 -1.411082 1.297338 28.361155 14.678491
 135.000000 -1.002640 1.294730 22.200095 770.925887
 135.200000 -1.697400 1.077674 24.558905 197.180482
 135.400000 -0.934028 0.312912 20.089796 1222.591172
 135.600000 -1.223450 0.306717 27.350576 257.087216
 135.800000 -0.877195 0.415390 17.908125 1714.266467
 136.000000 -1.878135 1.036386 22.888343 26.297283
 136.200000 -1.100558 1.359031 24.746489 598.006261
 136.400000 -0.900120 1.143476 18.852623 1530.647597
 136.600000 -1.202386 1.185695 27.001723 336.310549
 136.800000 -1.476657 0.733242 27.921539 99.233592
 137.000000 -1.040568 0.554034 23.245047 661.951587
 137.200000 -1.428366 0.919033 28.302839 30.760031
 137.400000 -1.308963 1.251496 28.307342 34.132700
 137.600000 -1.117165 0.950151 25.165931 576.460153
 137.800000 -1.545084 0.903640 27.043672 238.249634
 138.000000 -1.812708 0.986781 23.308707 63.139997
 138.200000 -1.006238 1.183039 22.376453 750.355181
 138.400000 -0.476903 1.187430 -0.009236 11.242541
 138.600000 -0.589255 1.805795 6.044536 2733.313879
 138.800000 -0.913474 2.407547 19.406918 1410.918708
 139.000000 -2.515457 2.369571 26.579652 1.397873
 139.200000 2.932221 3.072380 0.823541 2915.146974
 139.400000 -2.850770 -3.108261 23.795707 556.131887
 139.600000 -2.687904 2.096220 26.087268 34.915666
 139.800000 -1.628425 2.303675 25.642474 292.397115
 140.000000 -1.743617 2.624072 23.967384 128.826131
 140.200000 -2.996304 2.469908 19.049017 1633.208374
 140.400000 -3.042824 -3.073192 17.086503 1912.114203
 140.600000 -3.041534 2.781483 17.142844 1905.674359
 140.800000 3.113624 2.411757 11.148042 2561.531103
 141.000000 -2.137305 3.069808 23.301012 81.323606
 141.200000 -2.016030 2.502190 22.607179 4.592225
 141.400000 -1.994901 1.927089 22.575137 0.788024
 141.600000 -1.727243 2.202695 24.160998 151.277673
 141.800000 -1.933880 2.888102 22.630804 7.087916
 142.000000 -3.061204 2.663478 16.262163 1990.166710
 142.200000 2.973061 -2.881050 3.145154 3590.461420
 142.400000 3.126425 2.860667 11.775896 2455.104337
 142.600000 -2.692209 2.353250 26.010980 38.665456
 142.800000 -1.796913 2.681523 23.436062 76.824225
 143.000000 -2.405889 2.426117 26.326767 30.352968
 143.200000 -2.609554 2.590857 26.309272 4.926868
 143.400000 -2.945337 2.933519 20.920497 1228.761600
 143.600000 2.847489 2.904198 -0.000000 0.000000
 143.800000 -2.847378 2.696650 23.785233 542.102912
 144.000000 -2.658215 2.675599 26.165959 15.621903
 144.200000 -2.306000 2.671999 25.320948 169.390003
 144.400000 -2.047020 2.642160 22.676409 14.437004
 144.600000 -2.320645 2.503218 25.506759 151.941933
 144.800000 -2.263075 2.575364 24.738759 190.575663
 145.000000 -2.038466 2.850745 22.645996 10.961222
 145.200000 -2.365164 2.628080 25.972796 83.062537
 145.400000 -2.789411 2.638247 24.898451 269.129849
 145.600000 -2.569976 2.940761 26.350037 2.824497
 145.800000 -2.887406 2.750030 22.714472 795.252751
 146.000000 -3.126542 2.720814 13.219653 2251.668669
 146.200000 3.000629 3.012275 4.792888 3658.179384
 146.400000 -3.114934 2.712430 13.759389 2188.796124
 146.600000 -2.832879 2.679936 24.055202 469.584092
 146.800000 -2.975281 2.849299 19.770359 1446.261269
 147.000000 2.992549 2.968799 4.303584 3672.350376
 147.200000 -2.981634 2.665640 19.512611 1488.660885
 147.400000 -2.727394 2.747023 25.672684 90.741196
 147.600000 -2.413736 2.894551 26.272666 22.133467
 147.800000 -2.610139 2.517736 26.250570 4.125091
 148.000000 -2.518627 2.768303 26.392552 1.236116
 148.200000 -2.952035 2.851455 20.597481 1266.322056
 148.400000 2.954419 2.924997 2.015164 3408.950425
 148.600000 -3.072953 2.922085 15.666295 1995.426134
 148.800000 -2.925538 2.671284 21.502151 1067.012733
 149.000000 -2.913634 2.829549 21.882891 979.674240
 149.200000 3.131441 3.019247 11.993541 2381.771622
 149.400000 -3.052453 2.807409 16.564322 1902.949841
 149.600000 -2.742024 2.867423 25.504305 124.304442
 149.800000 -2.839184 2.661813 23.876365 505.938651
 150.000000 -2.667016 2.867998 26.065093 19.030349
 150.200000 -2.665971 2.792467 26.064140 18.145327
 150.400000 -2.690354 2.665927 25.939006 36.956137
 150.600000 -2.462134 2.829062 26.352106 1.282495
 150.800000 -2.806580 2.674117 24.539793 347.801981
 151.000000 -2.790835 2.876009 24.818726 281.738421
 151.200000 2.914836 2.926650 -0.026892 7.644732
 151.400000 3.009851 2.806927 5.361401 3641.646161
 151.600000 -2.971613 2.959773 19.855253 1410.022894
 151.800000 3.065637 2.759558 8.596703 3036.115670
 152.000000 3.041901 2.792115 7.257443 3330.165810
 152.200000 -3.025536 3.060834 17.700136 1756.633486
 152.400000 2.946654 2.810586 1.562673 3323.324375
 152.600000 2.953765 2.654150 1.976512 3447.628462
 152.800000 -3.132681 -3.105361 12.914271 2237.493862
 153.000000 2.989023 2.815013 4.101065 3722.138153
 153.200000 3.036368 2.965937 6.957274 3405.042739
 153.400000 3.011690 2.871356 5.489813 3649.198857
 153.600000 2.965018 2.805756 2.650090 3614.474923
 153.800000 -3.039027 3.058403 17.128505 1819.960979
 154.000000 2.981361 2.879157 3.641461 3725.551385
 154.200000 -3.096238 2.989988 14.616113 2046.435717
 154.400000 -2.780572 2.930864 24.965738 246.152799
 154.600000 -2.803122 2.661398 24.582168 336.123794
 154.800000 -2.251462 3.014503 24.427294 179.542630
 155.000000 -2.086962 2.566496 22.779401 31.859783
 155.200000 -1.880929 2.130188 22.804771 31.178722
 155.400000 -1.854005 2.288454 22.969497 43.975088
 155.600000 -2.122378 2.761154 23.002267 57.541874
 155.800000 -3.075750 2.744123 15.540321 1957.018773
 156.000000 3.003049 2.980294 4.994139 3731.169378
 156.200000 -2.713523 2.987869 25.758825 68.399484
 156.400000 -2.247073 2.548871 24.337123 176.152708
 156.600000 -1.822465 2.546587 23.191955 59.994799
 156.800000 -2.223702 2.525306 24.033238 160.457160
 157.000000 -2.365506 2.895214 25.774956 80.124985
 157.200000 -2.783459 2.914579 24.910960 258.665532
 157.400000 3.029424 2.580153 6.616285 3515.354718
 157.600000 -2.646225 3.114946 26.114991 8.514237
 157.800000 -2.283838 2.524773 24.815617 176.251788
 158.000000 -1.895920 2.153781 22.719508 24.450199
 158.200000 -1.614909 2.390204 25.790983 304.906745
 158.400000 -2.621524 2.437106 26.168816 3.168719
 158.600000 2.919474 3.023810 0.052417 1987.449521
 158.800000 2.957757 3.051577 2.255228 3623.156531
 159.000000 -2.852599 2.344029 23.515345 584.865885
 159.200000 -1.749135 2.784325 23.846350 114.344962
 159.400000 -2.120962 2.536049 22.952825 54.507127
 159.600000 -2.274789 2.490425 24.670890 178.070287
 159.800000 -2.694014 2.841627 25.894566 40.889013
 160.000000 -2.820704 2.957649 24.224668 418.827901
 160.200000 -2.943547 2.852000 20.834991 1187.118240
 160.400000 -2.389240 2.917496 25.908095 48.383819
 160.600000 -2.259192 2.539559 24.451282 177.846321
 160.800000 -1.847661 2.468628 22.997431 45.995494
 161.000000 -1.990295 2.582997 22.464536 0.002252
 161.200000 -2.575962 2.650174 26.209520 0.450918
 161.400000 3.001401 2.938364 4.977755 3816.208914
 161.600000 -3.006797 3.026077 18.464535 1603.862370
 161.800000 -2.608728 2.688768 26.179061 1.632600
 162.000000 -2.231536 2.464852 24.078469 164.461823
 162.200000 -1.663666 2.744000 24.943355 241.608457
 162.400000 -2.302172 2.432124 24.998693 162.224638
 162.600000 -2.744566 2.867781 25.439102 135.593563
 162.800000 2.937587 3.078696 1.091440 3320.086743
 163.000000 3.139529 2.820972 12.513112 2207.966684
 163.200000 -2.317180 2.556964 25.176222 146.860937
 163.400000 -1.777610 2.571107 23.548024 84.153517
 163.600000 -2.028144 2.229864 22.489531 4.084124
 163.800000 -2.286943 2.658187 24.792065 172.837005
 164.000000 -2.472263 3.024663 26.200125 1.627163
 164.200000 -3.081316 2.629130 15.340904 1896.985407
 164.400000 -3.064932 3.065380 16.049272 1841.561909
 164.600000 2.973411 2.969717 3.271738 3876.276204
 164.800000 3.026010 2.675153 6.522495 3601.992154
 165.000000 -1.961437 2.746046 22.481141 3.304824
 165.200000 -1.947078 2.218765 22.511045 6.843841
 165.400000 -2.193501 2.071506 23.586444 127.040634
 165.600000 -2.077631 2.908037 22.650191 22.935474
 165.800000 -2.201913 -2.996511 23.682947 136.152634
 166.000000 -3.032399 2.430764 17.425691 1710.270123
 166.200000 -2.782887 2.937369 24.901775 259.288984
 166.400000 -3.118873 -3.136608 13.698405 2026.932944
 166.600000 -3.050244 2.730738 16.684204 1773.701793
 166.800000 -1.946898 2.840499 22.512789 6.968773
 167.000000 -1.511170 2.199120 27.449234 200.736692
 167.200000 -1.700173 1.799454 24.384057 171.464041
 167.400000 -1.949692 2.044110 22.506733 6.289770
 167.600000 -1.913275 2.829463 22.631474 18.414420
 167.800000 -2.601724 2.988841 26.173802 0.946949
 168.000000 -3.140742 2.700006 12.713881 2147.841922
 168.200000 3.060750 2.900638 8.600665 3106.528774
 168.400000 -2.967660 2.891036 19.966214 1337.562387
 168.600000 -2.636499 2.791173 26.118543 4.961217
 168.800000 -2.467986 2.830661 26.165672 2.549971
 169.000000 -1.886603 2.626917 22.765331 28.761997
 169.200000 -2.105582 2.213873 22.799040 38.885251
 169.400000 -1.651108 2.635534 25.082248 253.761836
 169.600000 -2.473512 2.622152 26.168937 1.870923
 169.800000 -3.120025 3.043428 13.685116 2011.330708
 170.000000 3.116974 -3.105677 11.537718 2353.229585
 170.200000 -2.785164 2.474779 24.857990 268.843249
 170.400000 -1.889517 2.677928 22.758116 27.112915
 170.600000 -1.898252 2.383070 22.714054 23.805743
 170.800000 -2.112006 2.487676 22.839724 43.037413
 171.000000 -2.271193 2.949665 24.537248 175.266256
 171.200000 -2.136569 2.632157 23.019277 63.186157
 171.400000 -2.477421 2.156521 26.163093 1.535011
 171.600000 -1.724943 2.835000 24.059098 127.942339
 171.800000 -2.554189 2.702801 26.187099 0.040689
 172.000000 2.846972 2.545646 -0.000000 0.000000
 172.200000 -2.988308 -3.083946 19.202884 1449.801122
 172.400000 2.894433 2.542024 -0.000012 0.000024
 172.600000 -2.132277 2.602845 22.988575 59.003856
 172.800000 -0.811299 2.634657 15.297082 1887.476719
 173.000000 -0.774594 1.826490 13.741979 1680.411195
 173.200000 -0.788456 1.063999 14.311998 1775.348400
 173.400000 -1.364491 0.997116 28.452598 0.019337
 173.600000 -2.441340 0.580375 26.078095 9.745421
 173.800000 -1.878429 0.169382 22.833047 30.551425
 174.000000 -0.780237 0.073212 13.968276 1721.207727
 174.200000 0.670812 -0.351660 -0.000000 0.000000
