#! FIELDS time phi psi ves.bias ves.force2
#! SET min_phi -pi
#! SET max_phi pi
#! SET min_psi -pi
#! SET max_psi pi
 0.000000 -1.498385 0.273949 25.037724 141.910265
 0.200000 -1.931124 0.813041 21.428539 12.800615
 0.400000 -1.658581 1.133551 22.703485 238.184566
 0.600000 -0.513948 1.126065 -0.000461 0.013346
 0.800000 -1.539689 1.780868 24.508399 186.539335
 1.000000 -1.850497 1.708257 21.194626 1.611348
 1.200000 -1.727790 1.845570 22.017756 130.674524
 1.400000 -1.619326 2.468864 23.539113 220.425503
 1.600000 -2.666669 2.756563 23.955974 56.955762
 1.800000 3.111656 -3.078742 8.965023 2883.498071
 2.000000 2.998867 2.847934 2.639976 2722.099597
 2.200000 3.078461 2.565473 7.334983 3156.730841
 2.400000 -2.413855 3.046144 24.050581 20.432492
 2.600000 -2.258153 2.560228 23.057002 60.071020
 2.800000 -1.916720 2.044710 21.618730 17.358691
 3.000000 -1.517538 2.114062 24.895582 125.586490
 3.200000 -1.080883 2.408387 21.297212 672.676510
 3.400000 -0.568076 2.135478 1.006105 1562.454139
 3.600000 -0.562155 1.828084 0.775201 1481.256518
 3.800000 -1.024404 1.622230 19.705066 945.078809
 4.000000 -1.038461 1.065827 20.127652 863.985619
 4.200000 -1.466980 0.686132 25.379855 91.307832
 4.400000 -1.262723 1.002815 25.200515 230.088127
 4.600000 -1.382046 1.379428 25.957329 7.098551
 4.800000 -1.253241 1.242999 25.051370 264.783365
 5.000000 -1.616909 0.793138 23.695336 171.159474
 5.200000 -0.631339 0.185352 3.833782 2191.877810
 5.400000 -0.916358 -0.096886 15.925041 1598.111949
 5.600000 -0.798760 -0.099397 11.184623 1613.980453
 5.800000 -0.589016 0.005140 1.913230 1867.155872
 6.000000 -1.078902 0.160957 21.361872 660.592105
 6.200000 -0.463177 0.057365 -0.000000 0.000000
 6.400000 -0.394185 -0.223421 -0.000000 0.000000
 6.600000 -0.712338 -0.335004 7.648259 1918.932744
 6.800000 -0.509645 -0.665763 -0.000122 0.000868
 7.000000 -0.683147 -0.402048 6.339941 2095.376477
 7.200000 -1.128080 0.241866 22.632643 506.783793
 7.400000 -1.658941 1.329220 23.085990 211.302398
 7.600000 -0.885826 1.848754 14.779567 1695.289236
 7.800000 -0.670433 1.986744 5.898359 2106.365088
 8.000000 -0.682863 2.318523 6.464052 2034.112187
 8.200000 -0.827688 1.928677 12.433208 1582.452053
 8.400000 -0.641717 1.728286 4.743621 2174.696195
 8.600000 -0.957149 1.667428 17.706559 1476.013985
 8.800000 -0.895609 1.902426 15.214502 1731.061241
 9.000000 -0.701514 2.161675 7.425760 1811.292231
 9.200000 -0.842881 2.202854 13.119654 1602.477441
 9.400000 -0.679797 2.043405 6.665981 1935.813690
 9.600000 -0.633676 2.120462 4.553867 2219.872326
 9.800000 -0.613628 1.835549 3.606327 2232.359633
 10.000000 -0.556091 1.645399 1.007751 1724.591498
 10.200000 -0.676787 1.740043 6.765007 1940.094401
 10.400000 -0.539501 1.717155 0.454378 1693.416220
 10.600000 -1.000669 2.053511 19.389155 1085.072874
 10.800000 -0.801698 2.158137 11.635666 1393.278486
 11.000000 -0.546423 2.025189 0.738695 1709.675918
 11.200000 -0.737501 1.577135 9.457379 1396.206677
 11.400000 -0.393000 1.289495 -0.000000 0.000000
 11.600000 -1.162897 1.121344 23.428745 454.720458
 11.800000 -1.495507 0.859121 25.162818 135.698206
 12.000000 -0.687629 0.337022 7.474080 1815.450410
 12.200000 -1.345200 0.486352 26.225495 5.492215
 12.400000 -1.066928 1.161948 21.351894 565.480990
 12.600000 -0.896074 1.259920 15.566708 1657.635020
 12.800000 -0.709223 1.526855 8.557358 1568.406676
 13.000000 -0.999988 1.768003 19.499315 1035.947701
 13.200000 -0.684863 1.724324 7.728487 1830.752534
 13.400000 -1.173668 1.965334 23.673802 441.016017
 13.600000 -1.085146 2.121050 21.822824 477.832696
 13.800000 -0.539430 2.126376 0.747297 1908.482034
 14.000000 -1.206824 1.890437 24.368778 429.639254
 14.200000 -1.849765 1.270879 21.028222 0.008869
 14.400000 -0.823269 0.045048 12.973556 1333.696074
 14.600000 -0.731998 -0.464186 9.752730 1343.993644
 14.800000 -0.819924 -0.253924 12.851778 1317.391728
 15.000000 -0.904565 0.363265 16.146025 1636.168666
 15.200000 -1.515726 1.408078 24.863485 142.544450
 15.400000 -1.245157 1.502334 25.184555 330.912592
 15.600000 -0.468553 1.021267 -0.000000 0.000000
 15.800000 -1.770580 1.162540 21.367097 96.795148
 16.000000 -1.647938 0.717661 23.115134 236.665189
 16.200000 -1.024589 0.620633 20.542468 737.478751
 16.400000 -0.751293 0.822461 10.731114 1215.674505
 16.600000 -1.736884 1.047120 21.735903 184.389991
 16.800000 -1.627326 1.071147 23.430336 221.708815
 17.000000 -1.099916 0.892154 22.280699 417.419632
 17.200000 -1.753078 1.005893 21.519921 149.158179
 17.400000 -1.434343 0.998836 25.827393 105.863212
 17.600000 -1.087652 0.933526 22.072252 429.583067
 17.800000 -1.530489 1.074695 24.716740 142.979341
 18.000000 -1.322307 0.980629 26.226661 34.373117
 18.200000 -0.581661 0.717936 3.213333 2841.557884
 18.400000 -1.797446 1.132981 21.081075 47.654237
 18.600000 -1.629045 0.898472 23.449369 234.668458
 18.800000 -0.891285 0.607689 15.998089 1556.690087
 19.000000 -1.536954 0.883499 24.683190 144.828736
 19.200000 -1.598815 1.132580 23.935619 196.347329
 19.400000 -0.792104 0.952486 12.431861 1151.679434
 19.600000 -1.669073 1.022011 22.838860 282.389063
 19.800000 -1.960392 0.890769 21.147443 10.128425
 20.000000 -1.161896 0.629160 23.649789 416.859996
 20.200000 -0.897020 0.828106 16.380773 1543.983862
 20.400000 -1.374522 1.319386 26.387433 13.328377
 20.600000 -1.428673 0.847774 26.002858 94.827694
 20.800000 -0.772209 0.331646 11.842027 1138.958192
 21.000000 -1.528867 0.836936 24.876889 139.210813
 21.200000 -1.536616 1.319633 24.848282 143.241451
 21.400000 -0.945454 1.173186 18.315978 1353.034033
 21.600000 -1.435261 1.167711 25.998322 101.340365
 21.800000 -1.798250 0.961997 21.070677 57.749287
 22.000000 -1.347701 0.907789 26.477770 1.166908
 22.200000 -1.080862 1.048887 22.137788 410.674925
 22.400000 -1.170184 1.045939 23.916730 428.278627
 22.600000 -2.001164 0.853221 21.151846 4.073572
 22.800000 -2.100912 0.482380 21.381544 13.101126
 23.000000 -0.956559 0.298819 18.780134 1250.930914
 23.200000 -0.792865 0.213240 12.762500 1160.059303
 23.400000 -0.773646 -0.217538 12.110376 1151.217518
 23.600000 -0.552192 -0.674893 1.870267 2661.735591
 23.800000 -1.125768 0.048621 23.069950 390.964215
 24.000000 -0.825647 0.964770 13.901563 1270.330124
 24.200000 -1.565452 1.550118 24.679473 165.518470
 24.400000 -1.973004 1.570276 21.021088 5.600590
 24.600000 -1.564448 1.628857 24.692372 164.409075
 24.800000 -0.655659 1.270835 7.468029 2434.586149
 25.000000 -1.190802 1.559770 24.455675 444.511783
 25.200000 -1.333682 1.121615 26.635147 13.276664
 25.400000 -0.765603 -0.038017 11.968900 1174.785648
 25.600000 -1.050190 -0.269291 21.604009 511.776819
 25.800000 -0.563881 -0.099173 2.573899 2892.029612
 26.000000 -0.705202 0.410479 9.750418 1642.544120
 26.200000 -1.668946 0.948272 23.130350 339.240268
 26.400000 -1.546693 1.294453 25.005237 147.845710
 26.600000 -0.714803 0.756764 10.192228 1526.203208
 26.800000 -1.538534 0.746315 25.103421 141.949685
 27.000000 -1.622185 0.886435 23.948144 263.993656
 27.200000 -0.970376 0.944967 19.502640 1072.114309
 27.400000 -1.106996 1.006741 22.873863 402.381192
 27.600000 -1.408839 0.805379 26.519682 61.339153
 27.800000 -0.815861 0.741267 13.819975 1235.355878
 28.000000 -1.622039 1.098679 24.000241 263.253601
 28.200000 -1.135341 0.914133 23.497979 420.158349
 28.400000 -1.478852 0.843540 25.879328 121.144310
 28.600000 -1.541117 1.042529 25.171776 141.807533
 28.800000 -1.265063 0.990734 26.113277 249.256415
 29.000000 -1.291866 1.083408 26.479465 129.432028
 29.200000 -1.212935 0.701912 25.201997 432.800356
 29.400000 -0.921657 0.273111 17.880067 1406.189239
 29.600000 -1.035014 0.280583 21.434515 584.005546
 29.800000 -0.417013 0.213712 -0.000000 0.000000
 30.000000 -0.882542 -0.029055 16.387715 1468.914892
 30.200000 -0.503496 -0.614860 -0.025938 8.695776
 30.400000 -0.555325 -0.403445 2.303922 2850.507365
 30.600000 -1.130778 0.462304 23.532281 423.286947
 30.800000 -1.748866 1.339185 21.832659 268.865229
 31.000000 -1.858618 2.024771 20.776735 7.880685
 31.200000 -2.203815 2.842000 21.589433 37.996153
 31.400000 2.888529 2.972540 -0.000000 0.000000
 31.600000 -2.498732 2.885077 23.005145 2.639965
 31.800000 -1.918533 2.514393 20.720340 0.793689
 32.000000 -2.127761 2.094969 21.165082 20.799350
 32.200000 -1.791855 2.634381 21.266836 139.626933
 32.400000 -2.620606 2.720383 22.676157 35.275591
 32.600000 2.966893 3.112878 0.567447 1784.595969
 32.800000 3.069334 2.912904 5.801526 2935.955908
 33.000000 -2.719289 2.507411 21.877968 113.238987
 33.200000 -1.937387 2.641294 20.700071 0.652587
 33.400000 -2.013916 2.653032 20.791059 2.090392
 33.600000 -2.325515 2.461060 22.182258 24.617368
 33.800000 -2.887226 2.867087 18.404469 992.235100
 34.000000 -3.046070 -3.023822 13.002123 1161.883239
 34.200000 -2.964376 2.566644 15.747520 1205.369147
 34.400000 -2.025479 2.690563 20.784028 2.299564
 34.600000 -1.973346 2.433476 20.719732 1.055458
 34.800000 -2.245382 2.608686 21.726762 31.063340
 35.000000 -2.972145 2.907885 15.478134 1198.695740
 35.200000 3.111734 -3.049038 7.919261 2413.020502
 35.400000 -2.616693 2.598844 22.589114 32.688309
 35.600000 -2.240110 2.228463 21.668400 31.013043
 35.800000 -1.682769 2.524647 23.218660 387.396725
 36.000000 -2.455468 2.775891 22.731951 14.574484
 36.200000 2.977319 2.863759 0.946907 1942.531881
 36.400000 -3.091908 2.973613 11.291315 1358.529722
 36.600000 -2.825002 2.560091 20.021047 558.703640
 36.800000 -2.682858 2.598079 22.094825 70.590173
 37.000000 -2.409574 -3.136043 22.499112 23.619606
 37.200000 -2.948414 2.425475 16.185239 1201.724707
 37.400000 3.122706 2.679597 8.411457 2242.949427
 37.600000 -2.810197 -3.128652 20.334254 462.100780
 37.800000 -3.069797 2.552994 12.063675 1207.839447
 38.000000 -2.717636 2.786535 21.751808 108.181937
 38.200000 -2.820620 2.861145 20.091569 533.774600
 38.400000 -2.845721 2.901556 19.463895 721.692477
 38.600000 -2.582117 2.753917 22.668956 14.780499
 38.800000 -2.544502 2.314104 22.771362 2.344016
 39.000000 -2.258790 2.847157 21.692266 28.640396
 39.200000 -2.532388 2.686638 22.767156 0.572998
 39.400000 -3.027834 2.558912 13.462906 1105.744768
 39.600000 -2.753598 2.984363 21.309553 184.592273
 39.800000 -3.035244 2.694784 13.216445 1107.814388
 40.000000 -2.444604 2.670730 22.597786 16.894475
 40.200000 -2.113546 2.762968 20.886658 14.300339
 40.400000 -2.603677 2.274647 22.538841 23.769713
 40.600000 -2.887499 2.730575 18.235517 1027.564543
 40.800000 3.070168 3.065356 5.701718 2929.093380
 41.000000 -2.884584 2.554981 18.328558 1009.539797
 41.200000 -1.901409 2.710668 20.727047 3.986377
 41.400000 -2.042030 2.452535 20.693148 1.374837
 41.600000 -1.962253 2.771674 20.667514 0.095027
 41.800000 -2.745640 2.668030 21.416896 152.441832
 42.000000 -3.137837 2.966570 9.424448 1901.073932
 42.200000 -2.541129 2.978610 22.721519 2.202871
 42.400000 -2.379421 2.424138 22.241153 29.259170
 42.600000 -1.795260 2.435263 21.390199 138.737305
 42.800000 -2.107585 2.690441 20.836280 11.930487
 43.000000 -2.658453 2.548307 22.195953 44.703506
 43.200000 -3.098406 2.949488 11.017200 1418.844522
 43.400000 3.053980 2.922381 4.806569 2994.304316
 43.600000 -2.639782 2.732763 22.306003 36.373824
 43.800000 -2.172070 2.555443 21.113087 26.216309
 44.000000 -1.812862 2.694280 21.201560 94.532431
 44.200000 -2.478611 2.394193 22.680231 6.006630
 44.400000 -2.956400 2.959432 15.935141 1229.869308
 44.600000 -2.622581 -2.995354 22.397746 29.879551
 44.800000 -2.724940 2.516836 21.659775 97.833381
 45.000000 -2.158669 2.485332 21.036906 22.581807
 45.200000 -1.963938 2.767885 20.677531 0.072019
 45.400000 -2.513844 2.739789 22.727403 0.024038
 45.600000 -3.048217 2.815201 12.806735 1151.562536
 45.800000 3.043988 3.057617 4.255941 2986.134510
 46.000000 -2.885298 2.685331 18.386264 1024.170145
 46.200000 -2.679646 2.744913 22.045053 48.775360
 46.400000 -2.089758 3.084243 20.786402 5.928762
 46.600000 -2.806580 2.314680 20.500313 413.928456
 46.800000 -2.572731 2.817014 22.622117 12.357619
 47.000000 -2.594125 3.075514 22.536334 19.927762
 47.200000 2.945940 2.466044 -0.009635 5.262474
 47.400000 -2.463005 3.098249 22.644511 11.335530
 47.600000 -2.495324 2.798860 22.722147 1.880259
 47.800000 -2.668783 2.627102 22.128273 42.799685
 48.000000 -2.597735 3.113605 22.527067 21.170313
 48.200000 3.072093 2.742474 5.801565 2947.009362
 48.400000 -2.873226 3.061759 18.828914 942.397735
 48.600000 -2.149141 2.812453 20.997820 16.827762
 48.800000 -2.145765 2.345494 20.984116 16.135666
 49.000000 -2.026329 2.386148 20.712004 0.555374
 49.200000 -2.296682 3.096585 21.744350 31.735112
 49.400000 -3.109444 2.660578 10.634857 1556.001689
 49.600000 -2.856051 2.998951 19.356582 804.259796
 49.800000 -2.885935 2.773312 18.448626 1036.656092
 50.000000 -3.102645 2.822629 10.899852 1483.374971
 50.200000 -2.384731 2.988108 22.270400 37.999906
 50.400000 -2.211649 2.329811 21.292876 23.705791
 50.600000 -1.926616 2.313458 20.703768 0.130254
 50.800000 -1.794882 2.819453 21.343636 133.257448
 51.000000 -2.884471 2.630792 18.524556 1027.369739
 51.200000 -2.616963 -3.052466 22.502176 26.990964
 51.400000 -2.928113 2.748621 17.069433 1244.108668
 51.600000 2.957558 2.528367 0.043731 961.541556
 51.800000 -2.691063 3.058303 22.047719 52.868610
 52.000000 -2.827934 2.620231 20.145103 564.832412
 52.200000 -2.648102 2.898760 22.353224 35.112888
 52.400000 -2.735243 2.916940 21.694522 105.567116
 52.600000 2.900068 2.594422 -0.000000 0.000000
 52.800000 -2.997888 2.927159 14.620862 1216.465426
 53.000000 -2.827072 2.889547 20.195007 556.500883
 53.200000 3.011501 2.428589 2.554907 2688.365063
 53.400000 -2.927989 3.131117 17.132842 1254.071132
 53.600000 3.055309 2.723684 4.921363 3018.443156
 53.800000 -2.766905 2.876016 21.347552 195.149286
 54.000000 -2.446869 2.801517 22.652897 22.388173
 54.200000 -2.716507 2.403515 21.936168 75.737650
 54.400000 -2.225104 2.868893 21.359484 24.053920
 54.600000 -2.543159 2.735733 22.845471 2.115246
 54.800000 -2.615283 2.611305 22.595906 25.096272
 55.000000 -2.597760 2.953396 22.678553 19.355000
 55.200000 -2.756028 2.585742 21.562993 157.251387
 55.400000 -2.519905 2.928090 22.886725 0.109856
 55.600000 -2.215856 2.662058 21.315564 22.935502
 55.800000 -2.224452 2.423809 21.357282 24.170163
 56.000000 -2.212201 2.631528 21.298162 22.395212
 56.200000 -2.212948 3.085683 21.309596 23.029589
 56.400000 3.131615 2.427144 8.905911 2124.285780
 56.600000 3.049906 2.841167 4.682996 3020.480686
 56.800000 -2.902991 3.003877 18.103129 1167.031014
 57.000000 -2.586922 2.673602 22.796211 14.150751
 57.200000 -1.453345 2.646426 26.294512 101.817365
 57.400000 -2.056613 2.037371 20.840702 1.662566
 57.600000 -1.964582 2.289000 20.740251 1.194492
 57.800000 -2.312939 2.980162 21.871102 38.246471
 58.000000 3.055011 2.687348 4.985196 3020.763627
 58.200000 -2.608987 2.975434 22.770946 21.211710
 58.400000 -2.603395 2.709164 22.796101 19.264896
 58.600000 -2.383072 2.397002 22.347953 45.645593
 58.800000 -2.222731 2.737017 21.382394 24.872695
 59.000000 -2.486682 2.598496 22.913018 8.951471
 59.200000 -2.814637 2.791707 20.717753 461.263476
 59.400000 2.950144 2.851854 -0.027433 2.044569
 59.600000 -2.407051 2.909374 22.530572 43.239013
 59.800000 -2.109268 2.412632 20.963692 6.210393
 60.000000 -1.734782 2.520092 22.062747 298.633228
 60.200000 -2.252919 2.604629 21.578774 28.936842
 60.400000 -2.873473 2.685536 19.192167 965.276322
 60.600000 -3.047251 -3.058963 13.055262 1228.788789
 60.800000 -2.910097 2.798118 17.975123 1226.308526
 61.000000 -2.114752 2.501189 20.993244 7.233709
 61.200000 -1.829439 2.477308 20.874558 40.345929
 61.400000 -1.973649 2.464546 20.763882 2.388684
 61.600000 -2.761141 2.819197 21.700093 177.106411
 61.800000 2.957030 2.937092 0.104717 1599.508154
 62.000000 -2.910319 2.896641 17.996020 1229.647523
 62.200000 -2.686443 2.481057 22.462261 53.511081
 62.400000 -2.493576 2.609369 23.048510 9.029758
 62.600000 -2.312121 2.878971 21.958508 37.131982
 62.800000 -2.606007 2.721372 22.936537 19.767015
 63.000000 -2.978691 2.826060 15.539235 1328.854295
 63.200000 -2.899871 3.103370 18.416640 1169.530929
 63.400000 -2.898550 2.539393 18.461733 1160.736921
 63.600000 -2.537969 2.716689 23.149828 0.020104
 63.800000 -2.280897 2.914626 21.795810 31.666060
 64.000000 -2.446037 2.477211 22.861215 34.222133
 64.200000 -2.383225 2.690914 22.468367 48.430868
 64.400000 -2.345831 2.881349 22.214243 43.088116
 64.600000 -2.927087 2.450461 17.486349 1310.579024
 64.800000 2.956591 2.981810 0.113905 1677.322471
 65.000000 -2.978148 3.134368 15.611279 1342.271819
 65.200000 -2.873767 2.395717 19.334263 968.817683
 65.400000 -1.807812 2.736972 20.990968 72.878745
 65.600000 -1.945076 2.358046 20.733401 2.998860
 65.800000 -2.798342 2.539828 21.232625 358.371108
 66.000000 -3.080938 -3.109419 11.956021 1346.959379
 66.200000 3.089163 2.858894 7.007773 2761.202420
 66.400000 -2.376590 2.746316 22.474147 48.340765
 66.600000 -2.096896 2.615989 21.028486 7.690250
 66.800000 -2.047823 2.358195 20.917397 3.507135
 67.000000 -2.266777 2.422947 21.793277 30.431595
 67.200000 -2.420874 -3.060614 22.810658 47.444464
 67.400000 -3.085814 2.640867 11.830753 1375.548105
 67.600000 -2.934336 2.783364 17.311543 1334.672436
 67.800000 3.036633 3.066796 4.155040 3080.275050
 68.000000 -3.051738 2.922416 13.060300 1256.364947
 68.200000 -2.191621 2.603070 21.446744 25.240095
 68.400000 -1.873978 2.286329 20.668806 0.916498
 68.600000 -2.148096 2.365083 21.243203 18.066848
 68.800000 -2.564092 2.951198 23.332569 2.609147
 69.000000 2.943877 2.866774 -0.013181 9.271924
 69.200000 -3.019726 2.753339 14.266149 1270.758021
 69.400000 -2.404310 2.838093 22.748167 49.940173
 69.600000 -2.369530 2.555540 22.504688 46.871953
 69.800000 -1.890299 2.777120 20.662944 0.073381
 70.000000 -2.626408 2.410618 23.143843 29.458827
 70.200000 -2.539972 2.945606 23.419351 0.200115
 70.400000 -3.134687 2.757284 9.971711 1884.269604
 70.600000 2.975309 2.782304 1.009478 2140.005857
 70.800000 -2.220018 -3.097284 21.652177 29.584057
 71.000000 -2.083786 2.450210 21.050499 8.092629
 71.200000 -1.999979 2.056497 20.872602 4.438786
 71.400000 -1.818467 2.010047 20.851967 42.368167
 71.600000 -1.889167 2.789167 20.664774 0.177378
 71.800000 -2.723425 2.802711 22.463727 109.962609
 72.000000 2.988247 2.926018 1.642443 2456.989531
 72.200000 -2.875878 2.868018 19.468704 956.154818
 72.400000 -2.469005 2.498456 23.256248 31.628012
 72.600000 -2.128883 2.569382 21.244590 17.735041
 72.800000 -2.104272 2.632196 21.149375 12.408377
 73.000000 -2.525064 2.713113 23.475148 3.516072
 73.200000 -3.097460 2.707279 11.578155 1494.808744
 73.400000 -3.080215 3.057749 12.230951 1379.563871
 73.600000 -2.801799 2.860345 21.367677 382.593738
 73.800000 -2.223887 2.535884 21.761045 31.551109
 74.000000 -1.755764 2.319745 21.484528 193.635244
 74.200000 -1.902459 2.446652 20.702275 2.052479
 74.400000 -2.271381 2.766973 22.058371 30.902884
 74.600000 2.963534 2.808832 0.524709 1963.751653
 74.800000 -3.037067 3.126089 13.825608 1276.291429
 75.000000 -2.852451 2.747208 20.201687 747.842239
 75.200000 -2.250135 2.680295 21.970662 30.979423
 75.400000 -2.265718 2.504376 22.057088 30.593837
 75.600000 -2.033385 2.729741 21.011120 5.492878
 75.800000 -2.812575 2.510516 21.191498 444.695689
 76.000000 2.961378 2.840338 0.442416 1982.585724
 76.200000 -2.125347 3.087030 21.334011 20.316853
 76.400000 -1.858764 2.156577 20.709933 1.725613
 76.600000 -1.979560 1.351697 20.901317 5.933229
 76.800000 -0.763160 0.418192 11.495981 1344.167771
 77.000000 -0.501650 -0.643740 -0.027505 1.664036
 77.200000 -0.666293 -0.602465 7.560300 2070.613193
 77.400000 -0.689665 0.345756 8.590364 1818.116176
 77.600000 -1.558424 1.070369 24.533073 155.217056
 77.800000 -1.551780 1.102188 24.614950 148.667111
 78.000000 -0.591319 0.514833 3.897460 2536.980739
 78.200000 -0.961456 0.110108 18.777998 1119.610338
 78.400000 -0.737178 -0.108513 10.461591 1437.790846
 78.600000 -0.661117 0.216694 7.294956 2117.298807
 78.800000 -1.223139 0.446326 25.006747 362.037426
 79.000000 -1.861982 0.975283 20.722381 0.643013
 79.200000 -1.039742 1.453287 21.013005 612.772148
 79.400000 -0.869716 1.368180 15.365246 1472.604575
 79.600000 -0.848428 1.567908 14.551592 1444.419383
 79.800000 -1.207889 1.935828 24.679405 402.893837
 80.000000 -0.531293 1.917588 1.014717 1858.390081
 80.200000 -0.939889 1.932733 17.972888 1263.597465
 80.400000 -0.930823 2.261551 17.647153 1317.165343
 80.600000 -0.621899 2.048798 5.376709 2432.644168
 80.800000 -0.664099 1.950799 7.385232 2065.492656
 81.000000 -1.215608 1.720423 24.806368 381.427877
 81.200000 -1.334313 0.873777 26.201796 5.559472
 81.400000 -1.014061 0.286086 20.289551 747.130407
 81.600000 -0.494869 -0.235780 -0.007380 3.400410
 81.800000 -0.876261 -0.368297 15.568784 1471.700946
 82.000000 -0.708045 0.009269 9.248142 1624.502954
 82.200000 -0.779431 0.232840 11.923965 1333.535912
 82.400000 -0.872666 0.447842 15.412339 1471.541611
 82.600000 -1.725039 0.717107 21.825676 231.172587
 82.800000 -1.426502 1.008456 25.804670 73.244204
 83.000000 -0.871608 1.185571 15.371752 1471.341991
 83.200000 -1.275800 1.214477 25.716065 150.725189
 83.400000 -1.325959 0.500310 26.120947 14.024978
 83.600000 -0.573749 -0.209019 2.989517 2355.364279
 83.800000 -0.329091 -0.914911 -0.000000 0.000000
 84.000000 -0.588350 -0.157204 3.704349 2428.180838
 84.200000 -1.038547 0.639892 20.858548 617.108941
 84.400000 -1.515006 1.226607 24.876587 120.394198
 84.600000 -1.605948 1.392738 23.727934 219.042126
 84.800000 -1.168417 0.959804 23.743906 456.960040
 85.000000 -1.644276 0.927866 23.125602 272.052580
 85.200000 -1.240511 0.882537 25.153830 289.316948
 85.400000 -1.549233 1.170690 24.471109 144.981242
 85.600000 -1.162689 1.182411 23.603282 460.534499
 85.800000 -1.446372 0.723152 25.563203 86.452368
 86.000000 -1.348030 0.710607 26.115399 0.009384
 86.200000 -1.150526 1.161656 23.326752 464.506261
 86.400000 -0.891605 1.552602 16.074330 1458.570145
 86.600000 -1.470188 1.085693 25.324815 98.300283
 86.800000 -0.991951 0.456359 19.557861 879.182314
 87.000000 -1.115525 0.644469 22.570714 469.089138
 87.200000 -1.499650 1.111284 25.018383 111.231561
 87.400000 -1.644432 1.283490 23.080178 276.181306
 87.600000 -0.918623 0.916060 17.076096 1367.242696
 87.800000 -1.681391 0.665763 22.457009 282.959504
 88.000000 -1.389967 0.978290 25.965545 27.320803
 88.200000 -1.354841 1.213935 26.061478 0.626732
 88.400000 -1.121731 0.992673 22.695762 471.284849
 88.600000 -1.621166 0.749613 23.451810 251.506271
 88.800000 -1.012324 0.765020 20.114002 755.381841
 89.000000 -1.485873 1.225128 25.160772 102.940886
 89.200000 -1.447320 0.976533 25.528998 79.040725
 89.400000 -0.831680 0.436598 13.725114 1436.045343
 89.600000 -1.137708 0.424443 23.046473 470.364607
 89.800000 -0.835675 0.505711 13.876721 1444.670376
 90.000000 -1.347556 0.920101 26.053946 0.072626
 90.200000 -1.537903 1.052515 24.601096 139.782152
 90.400000 -1.208518 0.807319 24.540222 379.287123
 90.600000 -1.719769 0.882336 21.804972 224.072013
 90.800000 -1.038748 0.954072 20.795110 636.196986
 91.000000 -1.484342 1.020979 25.181667 99.915807
 91.200000 -1.296066 0.976719 25.823528 70.356237
 91.400000 -1.246810 0.911114 25.225007 243.371371
 91.600000 -1.631112 1.056100 23.273651 277.834864
 91.800000 -1.384658 0.850316 25.964186 18.586312
 92.000000 -0.781481 0.636997 11.819526 1349.352342
 92.200000 -1.811506 0.708270 20.858989 21.915313
 92.400000 -1.610035 0.579889 23.620559 254.486627
 92.600000 -0.614287 0.400989 4.969959 2240.199826
 92.800000 -0.672074 -0.057415 7.583509 1812.660279
 93.000000 -0.715930 -0.476027 9.359355 1492.584986
 93.200000 -0.472539 -0.508406 -0.000046 0.000148
 93.400000 -1.032541 0.093659 20.627700 688.203051
 93.600000 -1.910382 1.109670 20.807173 4.127522
 93.800000 -1.672630 1.610955 22.553171 303.912740
 94.000000 -0.842975 1.413868 14.093082 1472.790736
 94.200000 -1.665265 1.110950 22.682360 311.347456
 94.400000 -1.396790 0.622303 25.905634 25.676507
 94.600000 -1.220119 0.803081 24.799496 325.680732
 94.800000 -1.237005 1.298529 25.089947 265.580358
 95.000000 -1.167235 1.011543 23.745006 453.741267
 95.200000 -1.335174 0.578781 26.019352 4.048808
 95.400000 -1.166912 0.731390 23.755702 456.224644
 95.600000 -1.209712 1.308763 24.623998 356.533261
 95.800000 -1.457749 1.014553 25.484565 71.954879
 96.000000 -1.127954 0.635504 22.902199 499.409494
 96.200000 -1.646311 0.609033 23.025037 318.167414
 96.400000 -1.275333 1.238406 25.646943 119.274314
 96.600000 -1.254432 1.309561 25.387165 192.842212
 96.800000 -1.269965 1.085256 25.586193 137.123735
 97.000000 -1.554100 0.747807 24.483618 170.721760
 97.200000 -1.202576 0.878178 24.538112 377.238005
 97.400000 -1.559910 1.336879 24.421708 182.431622
 97.600000 -1.805912 1.447834 20.867368 26.945148
 97.800000 -1.637560 0.922832 23.186224 316.784671
 98.000000 -0.365646 -0.200114 -0.000000 0.000000
 98.200000 -0.589122 -0.805177 3.782139 2182.473483
 98.400000 -0.961283 -0.037542 18.460950 1143.491060
 98.600000 -1.132160 1.017680 23.057283 519.449707
 98.800000 -1.980540 1.693549 20.938794 6.220053
 99.000000 -1.986448 2.549510 20.953715 6.549023
 99.200000 -2.063275 -3.115358 21.209228 20.934529
 99.400000 -3.137772 2.400960 10.149007 2064.106867
 99.600000 3.115275 2.750340 8.705559 2535.833638
 99.800000 -2.719350 -2.972590 22.747954 143.473502
 100.000000 2.953134 2.451113 0.123586 1777.351572
 100.200000 -2.178686 2.875229 21.812404 38.804251
 100.400000 -2.106143 2.731974 21.348744 35.858556
 100.600000 -2.403785 2.350982 22.975619 59.091650
 100.800000 -2.413032 2.592737 23.047906 62.965120
 101.000000 -2.460858 2.979538 23.433851 59.982175
 101.200000 -2.999135 2.530780 15.409105 1296.427239
 101.400000 3.131330 3.055002 9.400990 2287.776946
 101.600000 -2.656469 3.068513 23.316797 82.719058
 101.800000 -2.727229 2.296421 22.556168 154.925989
 102.000000 -2.169322 2.836293 21.754647 40.872939
 102.200000 -1.954833 2.999942 20.777519 5.229475
 102.400000 -2.390326 2.160214 22.870428 52.217514
 102.600000 -2.084008 2.611212 21.221482 29.004140
 102.800000 -1.901739 3.127731 20.667374 2.886750
 103.000000 -2.711599 2.369112 22.742332 135.787086
 103.200000 -2.854381 2.878972 20.200862 699.829863
 103.400000 2.985474 -3.126653 1.511341 2454.396722
 103.600000 3.091446 2.523637 7.358722 2918.927146
 103.800000 -2.462010 2.663977 23.441466 59.576476
 104.000000 -2.045818 2.780947 21.044653 16.232617
 104.200000 -2.212628 2.418620 22.015445 27.880665
 104.400000 -2.615946 2.554208 23.631725 41.535638
 104.600000 -3.073327 2.997446 12.708952 1419.590841
 104.800000 -3.103599 2.818237 11.527198 1653.018354
 105.000000 -2.456431 2.669439 23.400480 62.423135
 105.200000 -2.110502 2.586981 21.384958 37.907418
 105.400000 -1.858520 2.589335 20.619114 0.001228
 105.600000 -2.205468 2.566925 21.980600 30.153804
 105.800000 -2.582251 2.764236 23.797930 10.864054
 106.000000 3.116771 2.923426 8.683289 2539.421567
 106.200000 3.050068 2.983770 5.037645 3265.063269
 106.400000 -3.055784 2.965904 13.367385 1341.772536
 106.600000 -2.280896 2.769695 22.323046 14.639110
 106.800000 -2.012522 2.363066 20.938462 9.502233
 107.000000 -1.718888 2.541156 21.670003 258.979963
 107.200000 -2.431063 2.625611 23.208415 66.627808
 107.400000 -2.985120 2.878320 15.905928 1272.260019
 107.600000 -2.766525 -3.131913 21.992224 240.632153
 107.800000 -2.966959 2.472965 16.552680 1261.662992
 108.000000 -2.642444 2.708798 23.433514 70.525270
 108.200000 -2.736656 3.050097 22.419134 174.245050
 108.400000 -3.119054 2.594072 10.895956 1836.169376
 108.600000 -2.487999 2.968817 23.641208 38.187842
 108.800000 -2.166426 2.546115 21.760104 40.788530
 109.000000 -2.252155 2.437921 22.220166 17.855123
 109.200000 -2.321346 2.813330 22.510304 19.671902
 109.400000 -2.973022 2.692029 16.342316 1260.590664
 109.600000 -3.064395 3.029586 13.063438 1374.318622
 109.800000 3.129182 3.005229 9.305849 2350.381976
 110.000000 -2.883774 2.507732 19.344651 908.593785
 110.200000 -2.451465 2.841842 23.387573 60.263161
 110.400000 -2.512929 2.899295 23.772970 16.325088
 110.600000 -2.220122 2.590820 22.090015 26.675360
 110.800000 -2.359826 2.540545 22.717724 33.920289
 111.000000 -1.869146 3.080768 20.609703 1.005835
 111.200000 -2.588471 2.384054 23.780607 15.219200
 111.400000 -2.473987 2.637771 23.559694 46.460976
 111.600000 -2.524962 3.099515 23.815872 7.900877
 111.800000 -2.874739 2.517038 19.614842 845.023287
 112.000000 -2.930670 2.836561 17.830075 1164.574375
 112.200000 -2.471266 3.037082 23.551304 47.280616
 112.400000 -2.324523 2.501582 22.573200 20.374151
 112.600000 -2.140918 2.364640 21.619618 44.353011
 112.800000 -1.661382 2.904275 22.702891 394.659731
 113.000000 -2.687615 2.404074 23.017738 113.398011
 113.200000 2.973864 2.907891 0.962974 2158.600870
 113.400000 -2.950885 -3.004590 17.140542 1218.079460
 113.600000 -3.140550 2.318459 9.963158 2151.494147
 113.800000 -2.393898 2.564251 22.992380 49.154009
 114.000000 -1.931905 2.977800 20.742515 7.765583
 114.200000 -2.206963 2.274730 22.062370 34.586499
 114.400000 -1.977804 1.946339 20.874338 8.267268
 114.600000 -1.709622 2.685735 21.775673 304.585434
 114.800000 -2.201521 2.746996 22.029963 36.324686
 115.000000 2.988725 2.446391 1.685846 2523.862667
 115.200000 -3.011583 -2.881945 15.010490 1260.097189
 115.400000 -2.776236 -3.069963 21.857388 277.401290
 115.600000 -2.276323 1.989136 22.424117 18.876959
 115.800000 -1.481967 2.191989 25.330075 63.805144
 116.000000 -0.902059 2.206011 16.004432 1490.452124
 116.200000 -0.983607 2.093820 18.923065 1081.111501
 116.400000 -0.875784 1.819341 14.960166 1552.424024
 116.600000 -0.710118 1.715407 8.614792 1435.286671
 116.800000 -0.695492 1.863144 8.056301 1483.462969
 117.000000 -0.730407 1.810484 9.377422 1396.087267
 117.200000 -0.494032 1.814455 -0.017089 11.079251
 117.400000 -1.466744 1.947487 25.437817 51.858896
 117.600000 -2.024405 2.195194 21.037103 12.504906
 117.800000 -2.701458 2.915341 22.886721 128.136891
 118.000000 3.044050 3.052686 4.722992 3275.757458
 118.200000 3.093620 2.574226 7.519130 2936.009145
 118.400000 -2.516475 2.878850 23.852740 9.223284
 118.600000 -2.296584 2.671682 22.562436 20.329975
 118.800000 -2.151142 2.371654 21.730941 47.519435
 119.000000 -1.781636 2.530153 20.810264 64.192949
 119.200000 -2.023800 2.767277 21.043270 12.732118
 119.400000 3.129388 2.596998 9.372441 2377.272185
 119.600000 -3.006154 -3.026332 15.227279 1245.199656
 119.800000 3.088455 2.624020 7.245488 3006.535896
 120.000000 2.975370 2.612567 1.053629 2201.692964
 120.200000 -2.889432 3.097206 19.193774 933.895290
 120.400000 3.056267 2.761977 5.444911 3279.599592
 120.600000 -2.866237 2.662556 19.873183 780.834692
 120.800000 -2.463763 3.061363 23.617699 41.371384
 121.000000 -2.548704 2.272521 23.916872 0.079296
 121.200000 -2.307703 2.685065 22.662165 22.526110
 121.400000 -2.321878 2.876448 22.730530 24.198108
 121.600000 -3.028410 2.672306 14.457352 1256.518609
 121.800000 -2.829274 3.002160 20.820412 535.633206
 122.000000 -3.127776 2.953737 10.610518 1975.591976
 122.200000 2.979494 2.623719 1.273771 2324.074645
 122.400000 -2.634558 2.946576 23.551793 62.947626
 122.600000 -2.930051 2.593921 17.892734 1131.263042
 122.800000 3.130308 2.611599 9.457095 2361.783468
 123.000000 -3.045275 -2.973369 13.867568 1289.966580
 123.200000 -3.110928 2.608514 11.368364 1753.173968
 123.400000 -2.861680 2.661272 20.009493 744.292623
 123.600000 -2.907308 2.966279 18.648218 1027.587820
 123.800000 3.084926 2.774468 7.106489 3061.045248
 124.000000 -3.024567 2.813686 14.618513 1244.602922
 124.200000 -2.610721 2.814735 23.734267 39.777585
 124.400000 -2.730898 2.458137 22.549851 170.097243
 124.600000 -2.913085 2.848642 18.471494 1052.520500
 124.800000 2.973376 2.700482 1.007002 2186.601380
 125.000000 -2.747814 2.704880 22.319522 202.386513
 125.200000 -2.130178 2.475614 21.619338 48.691885
 125.400000 -1.967493 2.518882 20.864490 10.535940
 125.600000 -1.751910 2.540425 21.060985 150.737442
 125.800000 -2.414126 2.662895 23.363648 47.418377
 126.000000 -2.842241 2.683300 20.531770 611.008937
 126.200000 3.079379 2.999610 6.856371 3129.226619
 126.400000 3.007109 2.754781 2.754393 2959.562049
 126.600000 -2.535881 2.789314 23.973946 0.425310
 126.800000 -2.295828 2.733756 22.691576 25.702782
 127.000000 -2.326151 2.659209 22.846249 27.204723
 127.200000 -2.329600 2.844557 22.881911 28.208346
 127.400000 -2.735890 2.765788 22.510268 178.944882
 127.600000 -3.071249 2.824211 13.003822 1391.788794
 127.800000 3.038537 2.979803 4.542892 3306.569278
 128.000000 3.137569 2.912705 9.901651 2236.485626
 128.200000 -2.687626 2.649861 23.099422 116.372867
 128.400000 -2.183785 2.818102 22.022757 54.602276
 128.600000 -2.114440 2.578391 21.518675 44.362115
 128.800000 -2.127597 2.435470 21.608739 49.238765
 129.000000 -2.239691 2.701133 22.406935 38.625999
 129.200000 -2.307357 2.879234 22.799878 27.794771
 129.400000 -2.989358 2.724527 15.942722 1209.103631
 129.600000 2.972743 2.959814 1.051629 2227.061778
 129.800000 -2.683795 3.020573 23.149899 112.983027
 130.000000 -2.709304 2.488554 22.863474 140.369066
 130.200000 -2.398317 2.839847 23.350455 43.829535
 130.400000 -2.317721 2.914192 22.872128 28.716151
 130.600000 -2.637997 2.381874 23.599023 68.580998
 130.800000 -2.313753 2.786830 22.850903 28.531452
 131.000000 -2.566156 2.947460 24.000925 6.017305
 131.200000 -3.137791 2.434009 10.353229 2093.100900
 131.400000 -3.053472 2.989606 13.723438 1291.591603
 131.600000 -2.954958 2.980291 17.159836 1172.449345
 131.800000 3.011799 2.488923 3.112928 3088.253892
 132.000000 -2.663006 2.948109 23.388967 94.054330
 132.200000 -2.911558 2.936142 18.621630 1028.854480
 132.400000 -2.998773 2.808993 15.661179 1205.780772
 132.600000 -3.001295 2.924334 15.573598 1206.675492
 132.800000 -3.084561 2.649759 12.593181 1461.689754
 133.000000 -2.514402 3.000884 24.038968 5.770052
 133.200000 -1.896442 2.694293 20.598840 13.235472
 133.400000 -1.810444 1.977495 20.516484 11.416073
 133.600000 -1.744584 1.294144 21.061457 176.005438
 133.800000 -0.736930 0.472766 9.291287 1410.284013
 134.000000 -1.456913 0.353614 25.334725 40.654491
 134.200000 -1.319909 0.982367 25.801287 2.339278
 134.400000 -1.106486 1.550941 22.336454 738.567120
 134.600000 -0.855806 1.947381 13.861322 1570.550280
 134.800000 -0.929213 2.599537 16.710100 1387.658907
 135.000000 -0.637728 2.368300 5.426071 1660.378237
 135.200000 -0.429749 1.526576 -0.000000 0.000000
 135.400000 -1.097866 1.076782 22.087405 762.916940
 135.600000 -1.708692 0.489545 21.599447 313.592280
 135.800000 -1.948882 0.394186 20.803522 15.804348
 136.000000 -1.256726 0.716681 25.415192 115.475227
 136.200000 -0.541825 0.977794 1.437153 1565.330769
 136.400000 -1.057694 1.675053 20.929675 864.119726
 136.600000 -0.895540 1.587434 15.393273 1512.831789
 136.800000 -0.756718 1.320198 9.976842 1428.762471
 137.000000 -1.422096 1.265498 25.494721 28.674910
 137.200000 -1.129232 0.315847 22.908975 675.462726
 137.400000 -0.505561 -0.243582 0.049083 847.173632
 137.600000 -0.487173 -0.335987 -0.002421 0.387340
 137.800000 -0.895067 0.174977 15.361232 1514.287164
 138.000000 -1.278296 1.116370 25.588542 53.382192
 138.200000 -1.957452 1.769455 20.838585 16.697903
 138.400000 -1.929519 2.708235 20.720358 18.835815
 138.600000 -1.989583 -3.071780 20.964249 14.241863
 138.800000 -2.905504 2.473880 18.905086 987.338077
 139.000000 -2.910532 2.876304 18.746064 1013.205229
 139.200000 3.042940 -3.100789 5.058665 3377.664608
 139.400000 2.937848 2.714889 -0.014342 10.945243
 139.600000 -2.097826 2.935797 21.455579 36.974560
 139.800000 -1.831986 2.390948 20.425973 0.115630
 140.000000 -2.122326 1.862114 21.615383 48.168906
 140.200000 -2.264539 2.308044 22.682419 44.038205
 140.400000 -2.268954 2.931598 22.711533 42.941996
 140.600000 -3.093470 2.563490 12.385834 1517.312340
 140.800000 -2.874018 2.905445 19.872478 794.125605
 141.000000 -2.659161 3.016332 23.538476 95.719748
 141.200000 -3.047184 2.402694 14.109641 1261.804948
 141.400000 -2.342564 3.083067 23.179485 38.785747
 141.600000 -2.445532 2.645276 23.860352 40.372504
 141.800000 -2.290648 2.519449 22.859559 39.383014
 142.000000 -2.239073 2.629357 22.513815 52.075660
 142.200000 -2.070150 2.653242 21.314725 24.974920
 142.400000 -2.679156 2.338360 23.352634 115.511652
 142.600000 -3.002756 2.984739 15.680144 1208.770021
 142.800000 -3.066126 2.975269 13.442304 1332.880684
 143.000000 -2.965518 2.421562 16.969768 1183.952659
 143.200000 -2.368929 2.898688 23.378910 42.632464
 143.400000 -2.312268 2.742084 23.021796 38.668665
 143.600000 -2.378904 2.549442 23.444558 43.988878
 143.800000 -2.210634 2.798887 22.316261 61.775089
 144.000000 -2.239526 2.737331 22.536437 53.958757
 144.200000 -2.971302 2.525923 16.804476 1191.044990
 144.400000 2.990504 3.099675 2.174088 2812.274718
 144.600000 -2.953682 2.995045 17.409360 1162.801054
 144.800000 -2.851975 2.422212 20.519650 642.722326
 145.000000 -2.517159 2.872261 24.226796 3.534073
 145.200000 -2.873749 2.831123 19.955574 781.130523
 145.400000 3.040440 2.653741 5.008892 3392.381399
 145.600000 -2.860404 3.084358 20.317970 694.101863
 145.800000 -2.939779 2.492383 17.899679 1125.095192
 146.000000 -2.894056 2.953586 19.365070 909.185392
 146.200000 2.978315 2.915069 1.569491 2541.139655
 146.400000 2.991297 2.779180 2.243380 2841.866014
 146.600000 -2.359166 2.693800 23.375336 42.817712
 146.800000 -2.298168 2.619345 22.980741 43.376492
 147.000000 -2.030671 2.673666 21.159889 16.118480
 147.200000 -2.123925 2.773168 21.659096 48.982492
 147.400000 -2.432310 2.452496 23.884460 41.712432
 147.600000 -2.368470 2.983499 23.457548 44.024879
 147.800000 -2.905848 2.940261 19.046001 970.207868
 148.000000 2.939119 2.690286 -0.025888 7.924570
 148.200000 -2.954803 -3.059252 17.460075 1162.415770
 148.400000 -2.759136 2.688763 22.407043 222.747114
 148.600000 -2.549749 2.469597 24.295296 2.022746
 148.800000 -1.966887 2.843848 20.906021 20.194871
 149.000000 -1.953149 2.384145 20.842488 22.596495
 149.200000 -1.947800 2.198104 20.818989 24.133961
 149.400000 -1.733788 2.720408 21.032628 210.483491
 149.600000 -2.250357 2.795240 22.683440 59.686827
 149.800000 -3.029872 2.503442 14.871954 1243.834011
 150.000000 2.982286 -3.079168 1.814294 2661.395925
 150.200000 -2.422216 2.842818 23.884131 42.892737
 150.400000 -1.941323 2.096063 20.792493 25.622984
 150.600000 -1.543849 1.891600 24.332814 140.929028
 150.800000 -1.471007 1.373314 24.990092 47.381721
 151.000000 -1.158963 0.534384 23.501414 565.394705
 151.200000 -0.544663 -0.166483 1.412290 1476.272351
 151.400000 -0.479323 -0.295641 -0.000195 0.002541
 151.600000 -1.185158 0.362258 24.075149 439.248256
 151.800000 -1.158251 1.482439 23.470927 567.957827
 152.000000 -1.706167 2.786470 21.456702 313.483847
 152.200000 3.093470 3.022427 8.143831 2918.180847
 152.400000 -3.125178 2.855692 11.288097 1880.316118
 152.600000 -2.726867 2.901404 22.897177 165.060868
 152.800000 -2.885041 2.593771 19.765413 829.020507
 153.000000 -2.999249 2.939636 16.006741 1219.330101
 153.200000 -2.734507 -3.051760 22.809369 174.635266
 153.400000 -2.173163 2.511363 22.064695 72.205991
 153.600000 -1.624540 1.738059 23.022057 365.946577
 153.800000 -1.296657 0.626328 25.478172 18.198023
 154.000000 -0.434278 -0.503572 -0.000000 0.000000
 154.200000 -0.450235 -0.867603 -0.000000 0.000000
 154.400000 -0.950936 -0.048702 17.197134 1297.684775
 154.600000 -0.934227 1.185315 16.586720 1370.691480
 154.800000 -0.814187 2.495118 11.906810 1545.933808
 155.000000 -0.988736 2.470382 18.513599 1131.038103
 155.200000 -0.742459 1.815555 9.121539 1446.154500
 155.400000 -0.965395 1.132289 17.698132 1235.057449
 155.600000 -1.550467 0.752226 24.187297 156.221095
 155.800000 -1.932538 0.715437 20.764309 29.155112
 156.000000 -0.879085 0.971774 14.458038 1546.713828
 156.200000 -0.927674 1.471974 16.316536 1400.911250
 156.400000 -0.648729 1.825544 5.501759 1560.398655
 156.600000 -0.833616 2.127239 12.644806 1568.862736
 156.800000 -0.852018 2.392171 13.374617 1574.035717
 157.000000 -0.725029 2.170258 8.444131 1443.030202
 157.200000 -0.591964 1.613481 3.217978 1613.999348
 157.400000 -1.196824 1.067775 24.240405 369.430485
 157.600000 -1.634437 0.583559 22.782985 384.024539
 157.800000 -1.593700 0.552633 23.530654 281.057392
 158.000000 -1.366774 1.253273 25.422892 9.135275
 158.200000 -0.624926 1.799274 4.533079 1600.988216
 158.400000 -0.977927 2.494466 18.102106 1184.451215
 158.600000 -1.659787 2.641150 22.268082 401.982938
 158.800000 -2.694999 2.247978 23.338199 129.737360
 159.000000 2.944508 3.011649 0.118500 1834.029059
 159.200000 3.055169 -3.093514 6.085116 3380.333578
 159.400000 -2.816556 2.488119 21.544601 401.827648
 159.600000 -1.789001 2.498089 20.394543 26.727275
 159.800000 -1.328348 2.496014 25.452388 0.042482
 160.000000 -2.183408 2.241271 22.165652 81.143768
 160.200000 -2.468333 2.779546 24.304191 21.282083
 160.400000 -3.133933 2.989736 11.017038 2005.896122
 160.600000 3.083585 2.893044 7.717241 3069.815244
 160.800000 -2.425500 2.692181 24.066749 39.083634
 161.000000 -1.807526 2.442354 20.321395 4.825324
 161.200000 -1.824548 2.237351 20.301230 0.060295
 161.400000 -1.837817 2.178414 20.315431 3.432397
 161.600000 -2.620948 2.911251 24.084348 62.559860
 161.800000 2.966055 2.935750 1.142064 2328.923773
 162.000000 -2.445925 2.607967 24.201575 31.539554
 162.200000 -1.861954 2.447383 20.388752 16.876160
 162.400000 -1.812655 2.422406 20.305718 1.814790
 162.600000 -2.156889 2.553177 21.934536 72.109588
 162.800000 -2.738592 2.820425 22.831185 173.959179
 163.000000 3.005520 2.890673 3.240776 3194.888614
 163.200000 2.997545 2.900254 2.806680 3067.909479
 163.400000 -2.933768 2.717770 18.429291 1081.811428
 163.600000 -2.505933 2.871661 24.464808 3.723502
 163.800000 -2.870854 2.812748 20.322832 712.100193
 164.000000 2.939638 2.976168 -0.004275 332.947879
 164.200000 -3.112903 3.023500 11.974141 1730.733288
 164.400000 -3.046468 2.788532 14.517852 1302.885295
 164.600000 -2.453214 2.863338 24.277803 27.680536
 164.800000 -2.122847 2.766246 21.668006 50.810082
 165.000000 -2.463335 2.557897 24.328651 22.792495
 165.200000 -2.732494 2.824227 22.935611 162.768215
 165.400000 3.049539 3.072494 5.843755 3415.127421
 165.600000 -3.131517 2.800430 11.188579 1961.589128
 165.800000 -2.518920 2.805344 24.503518 0.564273
 166.000000 -1.556953 2.467102 24.003678 170.834420
 166.200000 -1.850247 2.010865 20.347458 10.548386
 166.400000 -1.906060 2.129728 20.620637 32.923323
 166.600000 -1.777527 2.692705 20.438778 45.279068
 166.800000 -2.614896 2.816741 24.166893 57.846736
 167.000000 2.975338 2.616893 1.665531 2605.255652
 167.200000 -3.123340 3.070687 11.573375 1845.529143
 167.400000 2.944890 2.573817 0.233720 2155.265807
 167.600000 -2.463898 2.922708 24.369654 21.812018
 167.800000 -1.771030 2.724856 20.486741 60.189624
 168.000000 -2.039867 1.748275 21.229826 14.710271
 168.200000 -1.579844 1.189757 23.644498 235.268319
 168.400000 -0.602479 0.206542 3.529303 1577.291837
 168.600000 -0.576604 -0.745279 2.507148 1533.322867
 168.800000 -0.477765 -0.698092 -0.000077 0.000381
 169.000000 -0.901465 0.566564 15.175280 1482.385079
 169.200000 -1.688761 1.818451 21.620808 341.416781
 169.400000 -2.343190 2.631791 23.607662 56.635182
 169.600000 -2.728947 -2.811812 23.013061 154.425060
 169.800000 -2.940141 2.871475 18.303996 1115.815670
 170.000000 -2.336546 2.559109 23.557356 58.062180
 170.200000 -1.717633 2.671587 21.122876 243.639749
 170.400000 -2.123118 2.269939 21.671868 52.893498
 170.600000 -1.887058 2.763433 20.526255 28.553023
 170.800000 -2.506979 2.640139 24.540354 2.474811
 171.000000 -3.044164 2.650226 14.673368 1297.068331
 171.200000 -3.019471 3.093204 15.567141 1262.345626
 171.400000 -3.081395 2.814024 13.313284 1442.040630
 171.600000 -2.616005 2.501088 24.188248 60.350424
 171.800000 -2.294308 2.912578 23.236609 72.499285
 172.000000 -2.183861 2.737135 22.194676 91.430361
 172.200000 -2.089713 2.246810 21.460710 30.948506
 172.400000 -1.820548 2.520837 20.319888 0.001501
 172.600000 -2.198101 2.764239 22.335742 96.131890
 172.800000 -3.029578 2.768792 15.219956 1272.371801
 173.000000 -2.615425 -3.046009 24.197852 60.011314
 173.200000 3.002056 2.747592 3.225030 3205.071745
 173.400000 -2.591459 2.673624 24.368693 36.668298
 173.600000 -2.204958 2.878933 22.408337 97.662230
 173.800000 -2.296786 2.381106 23.274719 73.280846
 174.000000 -1.562823 2.694151 23.834089 180.618353
 174.200000 -2.083219 2.291725 21.433637 27.705103
 174.400000 -2.385778 2.820863 23.975566 49.671653
 174.600000 -2.895467 2.850201 19.780399 870.049034
 174.800000 2.973645 2.669567 1.699159 2630.104375
 175.000000 -2.499110 2.835434 24.561961 4.121150
 175.200000 -1.629864 2.799840 22.714215 349.614324
 175.400000 -1.788696 1.925394 20.403843 20.195312
 175.600000 -1.585977 1.808574 23.474665 243.087446
 175.800000 -1.520271 1.265413 24.291096 87.904393
 176.000000 -0.962250 0.372738 17.326674 1263.095441
 176.200000 -1.459407 0.570597 24.724059 33.430399
 176.400000 -1.062219 1.164643 20.596498 916.968497
 176.600000 -0.739446 1.990310 8.746995 1460.436794
 176.800000 -0.972323 2.418728 17.666202 1224.514245
 177.000000 -1.825538 2.364216 20.346223 0.537404
 177.200000 -2.728494 2.635154 23.077987 145.857440
 177.400000 2.958270 -2.993082 0.976021 2244.893523
 177.600000 -3.104899 2.776757 12.477615 1608.336952
 177.800000 -2.083719 2.452004 21.446492 28.115888
 178.000000 -1.463876 2.274890 24.685566 35.151904
 178.200000 -0.952444 2.251998 16.929716 1302.507407
 178.400000 -0.906637 2.044890 15.225838 1458.056028
 178.600000 -0.805922 1.926114 11.287949 1530.811343
 178.800000 -1.111986 1.705373 22.011518 747.421100
 179.000000 -0.759403 1.059117 9.484052 1477.023264
 179.200000 -1.432214 0.820864 24.830159 23.926644
 179.400000 -1.890253 0.712352 20.597696 27.686021
 179.600000 -1.037553 0.701813 19.796838 999.895728
 179.800000 -1.262499 1.103000 24.870198 72.985910
 180.000000 -1.131331 1.159488 22.515682 665.963835
 180.200000 -1.257545 0.858096 24.813929 85.902407
 180.400000 -1.367194 0.712502 25.073321 7.017813
 180.600000 -1.043769 0.839103 19.981108 981.532910
 180.800000 -1.653949 1.223533 22.234081 352.575802
 181.000000 -1.365442 1.131290 25.077878 6.518462
 181.200000 -1.200632 0.815867 24.031608 317.598484
 181.400000 -1.120798 0.506457 22.220626 712.583370
 181.600000 -1.111099 0.825284 21.958088 752.475190
 181.800000 -1.485944 1.120165 24.500609 47.588811
 182.000000 -1.554878 1.205181 23.853588 153.004404
 182.200000 -0.794598 0.846204 10.794534 1519.520424
 182.400000 -1.828971 0.860341 20.389758 1.337347
 182.600000 -1.520468 0.956679 24.216479 85.549688
 182.800000 -0.817812 0.860495 11.703128 1542.593657
 183.000000 -1.178854 1.303611 23.605689 429.816066
 183.200000 -1.600297 0.999415 23.184678 269.052632
 183.400000 -0.930857 0.465313 16.078532 1384.964950
 183.600000 -1.174071 0.405479 23.500306 454.237757
 183.800000 -0.809908 0.118609 11.381713 1536.646208
 184.000000 -0.517788 -0.115701 0.215399 1363.398463
 184.200000 -1.028021 0.306605 19.450326 1041.563404
 184.400000 -1.083946 0.184075 21.173829 857.269589
 184.600000 -0.852119 0.189748 13.033504 1550.742349
 184.800000 -0.741426 0.331190 8.719110 1466.400793
 185.000000 -0.958180 -0.067220 17.070134 1289.014638
 185.200000 -0.580964 -0.137556 2.521060 1470.582800
 185.400000 -0.637136 -0.338373 4.702163 1513.277067
 185.600000 -0.732436 -0.231253 8.366118 1463.959704
 185.800000 -0.547895 -0.127907 1.279805 1331.025004
 186.000000 -0.996413 0.139114 18.400371 1150.372546
 186.200000 -1.050891 0.579776 20.168390 968.767139
 186.400000 -1.267620 1.333602 24.855450 58.296751
 186.600000 -1.296849 1.180356 25.018920 13.334896
 186.800000 -0.834449 0.601481 12.326030 1555.622112
 187.000000 -1.591133 0.327013 23.317064 243.414610
 187.200000 -1.699715 0.996481 21.409555 262.695688
 187.400000 -0.690510 1.327769 6.749690 1467.046388
 187.600000 -0.725445 2.193398 8.085391 1461.912851
 187.800000 -0.877468 2.501107 14.014049 1527.664126
 188.000000 -0.547018 1.970915 1.240722 1323.372924
 188.200000 -0.395380 1.308334 -0.000000 0.000000
 188.400000 -1.356099 1.432759 25.036573 3.823377
 188.600000 -1.157011 0.590494 23.104722 537.540921
 188.800000 -0.556043 -0.384415 1.569965 1371.033757
 189.000000 -0.623826 -0.416019 4.169786 1513.168235
 189.200000 -0.822486 -0.059987 11.841443 1554.629559
 189.400000 -0.919076 0.864319 15.610995 1428.851220
 189.600000 -1.708806 1.447474 21.265822 233.016530
 189.800000 -1.500475 1.060899 24.347804 59.365412
 190.000000 -1.147054 0.728740 22.866907 587.261154
 190.200000 -1.449435 0.604439 24.665883 27.469985
 190.400000 -1.311239 1.068984 25.033790 3.563581
 190.600000 -1.529872 1.304479 24.085652 99.186659
 190.800000 -1.145836 0.770837 22.835939 592.402895
 191.000000 -1.533029 0.722562 24.053777 104.751369
 191.200000 -1.169970 0.866951 23.391515 467.226520
 191.400000 -1.716063 1.270038 21.158744 208.216706
 191.600000 -1.538056 1.217861 23.999954 113.957338
 191.800000 -1.158326 0.868837 23.131745 528.362567
 192.000000 -1.112651 0.536334 21.976870 745.830726
 192.200000 -1.271659 0.218923 24.860413 47.454419
 192.400000 -0.918984 0.583957 15.602932 1431.295108
 192.600000 -1.566344 1.131104 23.660581 177.335767
 192.800000 -1.506583 1.109442 24.293321 65.462702
 193.000000 -0.642359 0.579110 4.885743 1499.064595
 193.200000 -1.596212 0.547810 23.223742 254.246528
 193.400000 -1.463703 0.911593 24.585217 32.535940
 193.600000 -1.010822 1.446231 18.873809 1106.304345
 193.800000 -0.597148 1.537625 3.130183 1495.498846
 194.000000 -0.556201 1.924530 1.572829 1373.908148
 194.200000 -0.915714 2.140002 15.479066 1442.570327
 194.400000 -1.057851 2.314168 20.383077 950.679510
 194.600000 -0.857178 2.210984 13.203564 1557.204966
 194.800000 -0.613879 1.840924 3.778301 1508.137755
 195.000000 -0.593204 1.647064 2.977151 1490.399026
 195.200000 -1.672859 1.941614 21.870881 319.740951
 195.400000 -2.695948 2.303005 23.469424 109.305155
 195.600000 -2.913967 -2.829681 19.352953 987.540235
 195.800000 -3.073864 -3.054645 13.782940 1369.945522
 196.000000 -2.586291 2.598910 24.429729 37.128214
 196.200000 -1.754226 2.568681 20.703359 87.059007
 196.400000 -1.746645 2.392046 20.778320 109.038397
 196.600000 -2.166598 2.469673 22.033662 91.572716
 196.800000 -2.614141 3.024642 24.231467 61.325109
 197.000000 3.119098 2.829276 9.991185 2392.407544
 197.200000 -2.750496 2.883531 22.847167 158.309499
 197.400000 -2.330756 2.637646 23.649992 73.365933
 197.600000 -2.180962 2.497037 22.169900 100.497110
 197.800000 -2.015759 2.507612 21.121106 10.629923
 198.000000 -2.114249 2.557104 21.587574 50.167278
 198.200000 -2.332697 2.726179 23.665337 72.827968
 198.400000 -2.801375 2.927879 22.102503 292.312933
 198.600000 2.982244 2.808887 2.341447 2888.325751
 198.800000 -2.851533 2.997868 21.084943 560.870764
 199.000000 -2.695654 2.702604 23.466615 108.540264
 199.200000 -2.473089 2.819076 24.579896 10.870529
 199.400000 -2.285991 2.897253 23.241319 91.975681
 199.600000 -2.488657 2.545548 24.622303 4.536761
 199.800000 -2.518268 2.808578 24.649043 0.138380
 200.000000 3.025924 2.742739 4.831225 3458.771650
 200.200000 2.942240 2.978048 1.367517 1832.181325
 200.400000 -2.460003 2.773516 25.500853 17.438028
 200.600000 -2.031961 2.425474 22.128145 11.827511
 200.800000 -1.774780 2.372448 21.515538 38.784415
 201.000000 -2.176672 2.507450 23.085588 99.461213
 201.200000 -2.814183 2.916740 22.837196 348.388446
 201.400000 2.935842 2.900108 1.100325 1652.518241
 201.600000 -2.557901 2.854262 25.530681 15.198849
 201.800000 -1.752715 2.227027 21.686007 90.333592
 202.000000 -1.693458 1.790014 22.478700 274.604345
 202.200000 -1.340949 1.281682 25.983086 0.856934
 202.400000 -0.811905 0.051135 12.370973 1548.095981
 202.600000 -0.623119 -0.635669 5.094660 1512.297257
 202.800000 -0.761425 -0.450466 10.404138 1486.105629
 203.000000 -1.077531 1.065277 21.941664 884.084866
 203.200000 -0.853042 2.089005 13.989061 1559.130810
 203.400000 -0.640435 2.424188 5.760864 1502.378049
 203.600000 -0.929851 2.287412 16.961432 1399.698406
 203.800000 -0.557988 1.427464 2.583481 1392.428946
 204.000000 -0.937417 1.056063 17.243210 1374.074004
 204.200000 -1.721355 0.874248 22.043419 187.628618
 204.400000 -1.567874 0.470668 24.585088 179.862276
 204.600000 -0.708736 0.718543 8.378312 1454.890908
 204.800000 -1.968677 1.603206 21.886965 12.388040
 205.000000 -1.837879 2.213926 21.380662 2.774287
 205.200000 -1.885904 2.863996 21.533740 18.268868
 205.400000 -2.441306 2.658691 25.399694 27.727864
 205.600000 -2.998440 2.819096 17.425163 1232.587022
 205.800000 2.781289 3.088743 -0.000002 0.000000
 206.000000 -2.351046 2.746067 24.767411 68.507921
 206.200000 -1.777285 2.181085 21.490318 34.239017
 206.400000 -1.649545 2.119893 23.234508 328.000344
 206.600000 -2.018225 2.239670 22.028625 9.942793
 206.800000 -2.272406 2.922385 24.040485 101.249267
 207.000000 -2.933221 2.866114 19.662669 1085.883609
 207.200000 3.032656 2.770211 6.186769 3452.855968
 207.400000 -2.928855 3.032031 19.800418 1064.060300
 207.600000 -3.004209 2.630025 17.214374 1233.425893
 207.800000 -2.741708 3.030738 23.888792 147.079915
 208.000000 -3.004515 2.843139 17.203614 1233.565775
 208.200000 3.035014 2.837790 6.322702 3448.855497
 208.400000 -2.942048 3.010842 19.362373 1120.412694
 208.600000 -3.086421 2.740855 14.260505 1431.031722
 208.800000 -2.966495 2.928712 18.529669 1192.521365
 209.000000 -2.986790 2.984403 17.824000 1221.827349
 209.200000 -2.937449 2.766035 19.518213 1097.485303
 209.400000 -2.819149 2.783589 22.699882 373.002966
 209.600000 -3.000334 2.824931 17.354667 1230.557234
 209.800000 -3.120225 2.814455 12.922588 1741.040330
 210.000000 -2.875365 2.888209 21.402243 722.155565
 210.200000 -3.005712 2.804611 17.174768 1233.840640
 210.400000 -2.883178 2.822888 21.189628 771.462517
 210.600000 -3.080082 2.805555 14.506953 1403.427926
 210.800000 -2.808995 -3.030761 22.885474 324.279003
 211.000000 -2.795382 2.701134 23.119861 270.781211
 211.200000 -2.496807 2.643663 25.564959 1.841627
 211.400000 -2.149925 2.846127 22.733075 83.274830
 211.600000 -2.084692 2.580933 22.254194 29.838331
 211.800000 -2.004361 2.502663 21.947314 8.598326
 212.000000 -1.951593 2.739894 21.780011 13.021458
 212.200000 -2.216938 2.590453 23.413121 118.170984
 212.400000 -2.498433 2.766380 25.561377 1.476215
 212.600000 3.025249 2.889514 5.737283 3427.549061
 212.800000 -3.019423 3.075690 16.712590 1245.490170
 213.000000 -2.512694 2.581314 25.570179 0.000106
 213.200000 -2.559951 2.550782 25.469948 16.523796
 213.400000 -2.165727 3.033858 22.869813 96.443212
 213.600000 -2.466981 2.701159 25.480460 12.900433
 213.800000 -2.343558 2.463525 24.674503 73.317682
 214.000000 -1.978287 2.643602 21.855667 9.640989
 214.200000 -1.804337 2.696969 21.374241 5.288580
 214.400000 -2.274863 2.327637 24.024305 105.354200
 214.600000 -2.011405 2.863114 21.947881 8.845118
 214.800000 -2.600824 2.509000 25.239061 49.459951
 215.000000 -2.830716 2.684703 22.462326 422.870839
 215.200000 3.025165 3.066571 5.723484 3422.508617
 215.400000 2.969230 2.882092 2.619498 2545.274309
 215.600000 -2.922850 2.719416 20.028955 997.190933
 215.800000 -2.589150 2.902292 25.316309 39.263755
 216.000000 -2.492514 2.757404 25.544973 2.935452
 216.200000 -2.377941 2.453048 24.948543 58.312502
 216.400000 -2.013578 2.678917 21.945125 9.097954
 216.600000 -2.108139 2.635339 22.372777 47.131778
 216.800000 -2.313898 2.523727 24.404396 86.990675
 217.000000 -2.353121 2.895899 24.750441 69.144350
 217.200000 -2.570323 2.736205 25.420136 23.677834
 217.400000 -2.764414 2.736048 23.566800 184.342401
 217.600000 2.979803 2.915067 3.164923 2796.662539
 217.800000 2.978898 3.057765 3.117190 2776.272170
 218.000000 -2.686588 2.641248 24.470794 105.939134
 218.200000 -1.709080 2.652874 22.187983 213.773015
 218.400000 -1.730604 2.182426 21.897765 150.164742
 218.600000 -2.065079 2.162369 22.125665 20.545828
 218.800000 -2.353059 2.861062 24.752151 69.169282
 219.000000 -2.844230 3.033978 22.172591 490.401313
 219.200000 -2.640542 2.792777 24.916699 81.101872
 219.400000 -1.741174 2.717003 21.771268 118.887429
 219.600000 -1.920206 2.123717 21.614429 16.760350
 219.800000 -1.599208 2.264077 24.009423 238.209793
 220.000000 -2.029813 2.614271 21.987147 11.100391
 220.200000 -2.450377 2.804962 25.408010 21.292300
 220.400000 -3.097892 2.846533 13.873367 1581.065549
 220.600000 -2.999945 2.925165 17.462748 1225.833832
 220.800000 -2.882838 2.454894 21.224138 730.282765
 221.000000 -2.220256 2.818622 23.437832 120.822547
 221.200000 -1.865147 2.846718 21.396868 9.720138
 221.400000 -2.013149 2.151425 21.931836 9.580090
 221.600000 -1.773890 2.288484 21.481275 40.735454
 221.800000 -2.006769 2.640396 21.912234 9.331118
 222.000000 -2.740854 2.701913 23.860679 148.275184
 222.200000 2.978786 2.974944 3.108597 2776.057757
 222.400000 2.915517 2.930357 0.324929 1287.730805
 222.600000 -2.523867 2.681153 25.558554 0.808352
 222.800000 -1.786473 2.304172 21.410054 21.403083
 223.000000 -1.638889 2.210758 23.329999 295.540714
 223.200000 -1.899999 2.576178 21.527941 17.194294
 223.400000 -2.439002 2.662867 25.352237 27.372943
 223.600000 -3.069844 2.853768 14.972717 1405.554164
 223.800000 3.015307 2.863672 5.146573 3365.216391
 224.000000 -2.693364 3.111422 24.392797 112.622287
 224.200000 -3.104456 2.244084 13.630707 1656.448718
 224.400000 3.132714 3.125487 11.613555 2241.370954
 224.600000 2.916633 2.862015 0.364653 1289.184738
 224.800000 -2.883375 2.652992 21.222136 718.164922
 225.000000 -1.956412 2.722069 21.755012 12.826051
 225.200000 -2.007279 2.290998 21.920553 9.275911
 225.400000 -2.279375 2.503335 24.076947 104.187943
 225.600000 -2.132894 3.037259 22.560378 69.592442
 225.800000 -2.366938 2.753946 24.869542 61.897464
 226.000000 -2.639198 2.486428 24.929616 82.500320
 226.200000 -2.891799 3.024613 20.998437 765.378171
 226.400000 2.930859 2.815648 0.891157 1517.534551
 226.600000 -2.904508 2.600044 20.637655 846.260970
 226.800000 -2.507993 2.803285 25.562995 0.268384
 227.000000 -2.619422 2.637064 25.101554 66.932439
 227.200000 -2.837972 2.820780 22.307984 434.573189
 227.400000 -2.959807 2.881781 18.900711 1118.802288
 227.600000 -3.135901 2.725203 12.307441 2036.541979
 227.800000 -2.575502 2.983504 25.403446 27.480929
 228.000000 -2.669871 2.719925 24.636541 102.759204
 228.200000 -2.864756 2.539521 21.708757 585.659629
 228.400000 -2.821577 2.995371 22.635728 354.239430
 228.600000 3.021570 2.846510 5.524781 3424.239620
 228.800000 3.011890 2.892955 4.961214 3347.304373
 229.000000 -2.933188 3.067016 19.778338 1002.050834
 229.200000 -2.016813 2.841790 21.958138 9.819674
 229.400000 -1.680100 1.975284 22.586429 265.504334
 229.600000 -1.500555 0.887959 24.996353 51.359969
 229.800000 -0.545796 -0.487999 1.882641 1286.107085
 230.000000 -0.344625 -0.974147 -0.000000 0.000000
 230.200000 -0.735049 -0.027958 9.150833 1491.817408
 230.400000 -1.532902 1.140130 24.716576 88.829955
 230.600000 -1.809929 2.197070 21.327227 2.111738
 230.800000 -2.334299 3.073756 24.597736 74.735588
 231.000000 2.958489 2.773857 2.100830 2288.162755
 231.200000 -2.726889 2.719493 24.023755 137.772491
 231.400000 -2.099820 2.868174 22.326845 41.057282
 231.600000 -1.953957 2.507566 21.754732 13.780981
 231.800000 -1.716220 2.358998 22.035546 180.991600
 232.000000 -1.929690 2.430106 21.659028 17.240758
 232.200000 -2.451188 2.765828 25.403729 22.017729
 232.400000 -3.061684 2.925338 15.359793 1384.525615
 232.600000 -2.782902 2.965541 23.292828 220.225458
 232.800000 -2.797066 2.646641 23.074092 258.517942
 233.000000 -2.962703 2.647320 18.853957 1120.920589
 233.200000 -3.064554 3.024986 15.261172 1399.435391
 233.400000 -3.057541 2.778005 15.522051 1368.920749
 233.600000 -2.701131 2.834969 24.320936 121.324849
 233.800000 -2.987811 2.764474 18.008621 1193.820029
 234.000000 -3.046727 2.997064 15.919194 1329.880646
 234.200000 -2.989191 2.810513 17.973995 1197.995237
 234.400000 -2.583032 2.822797 25.380135 32.194415
 234.600000 -2.808861 2.660007 22.887809 294.903530
 234.800000 -2.814746 2.988718 22.784932 316.712427
 235.000000 2.936689 2.763276 1.137937 1698.845241
 235.200000 -2.751944 2.966108 23.731953 162.669602
 235.400000 -2.665540 2.622024 24.705453 101.536795
 235.600000 -2.670644 2.747453 24.653641 104.559716
 235.800000 -2.985859 2.962183 18.103590 1190.945631
 236.000000 2.984924 2.880458 3.473364 2948.826018
 236.200000 -2.842674 2.843677 22.264963 439.729291
 236.400000 -2.804196 2.625872 22.984896 276.029330
 236.600000 -2.623315 2.937457 25.103034 68.778825
 236.800000 -2.918473 2.729033 20.318624 903.252763
 237.000000 -2.863668 2.943580 21.796976 558.225877
 237.200000 -2.933884 2.695550 19.861024 989.200452
 237.400000 -2.887916 2.579321 21.202426 708.920771
 237.600000 -2.949452 2.923709 19.361742 1065.828373
 237.800000 -3.092006 2.976073 14.245317 1586.851558
 238.000000 -2.955738 2.744255 19.155225 1093.045342
 238.200000 -2.563616 2.916726 25.483306 14.645496
 238.400000 -2.854157 2.845754 22.047657 497.883824
 238.600000 3.136398 2.762489 11.886758 2224.851083
 238.800000 2.907615 2.926688 0.068961 805.124560
 239.000000 -2.943429 2.930532 19.577221 1038.491334
 239.200000 -2.615827 2.670411 25.181544 59.083210
 239.400000 -2.315377 2.946573 24.420950 80.051307
 239.600000 -2.562791 2.627133 25.489183 13.562952
 239.800000 -2.943268 2.711453 19.603347 1038.329301
 240.000000 2.920167 3.056184 0.513966 1332.458695
 240.200000 2.926308 2.889495 0.745414 1447.061410
 240.400000 -2.465495 2.612072 25.445955 16.715634
 240.600000 -1.718150 2.566587 21.977686 165.463119
 240.800000 -1.821284 2.184788 21.310095 0.002121
 241.000000 -2.018374 2.444501 21.959515 9.676132
 241.200000 -2.190014 2.623464 23.119869 115.214648
 241.400000 -2.252321 2.911750 23.798592 112.840626
 241.600000 -2.757213 2.417304 23.733725 164.038588
 241.800000 -2.923693 2.958978 20.260638 929.701126
 242.000000 -3.082582 2.963670 14.666315 1542.674860
 242.200000 3.102600 2.745933 10.231298 2777.766565
 242.400000 -2.723601 2.936108 24.151083 130.338531
 242.600000 -2.702972 2.548977 24.380593 117.780435
 242.800000 -2.904354 2.780442 20.851178 805.914410
 243.000000 -2.846920 3.026654 22.276856 447.384340
 243.200000 3.016359 2.790000 5.304531 3424.070012
 243.400000 -3.139568 2.781698 12.269454 2140.249796
 243.600000 -2.572693 2.955346 25.472023 17.750454
 243.800000 -2.595681 2.438961 25.353466 36.767727
 244.000000 -1.935226 2.735625 21.675985 16.292387
 244.200000 -1.755572 2.501766 21.561309 68.002645
 244.400000 -2.165305 2.329211 22.861127 101.133794
 244.600000 -2.127096 2.730035 22.511021 66.249089
 244.800000 -2.075522 3.072240 22.171905 25.553827
 245.000000 -2.401973 2.395274 25.077873 44.485699
 245.200000 -2.156784 2.734931 22.778004 94.710653
 245.400000 -1.893453 2.887355 21.496432 18.097654
 245.600000 -2.130984 2.263223 22.543402 70.500398
 245.800000 -1.819709 2.536356 21.300422 0.012113
 246.000000 -1.830899 2.716210 21.305532 0.998775
 246.200000 -1.938166 2.573517 21.686713 15.683336
 246.400000 -2.433699 2.265463 25.267427 33.254723
 246.600000 -1.915692 3.089468 21.593569 18.368182
 246.800000 -2.425233 2.580470 25.217439 36.436813
 247.000000 -2.403224 2.437123 25.077970 43.724294
 247.200000 -2.283067 2.936131 24.117717 92.723268
 247.400000 -1.983443 2.808471 21.847274 9.619402
 247.600000 -2.446289 2.332696 25.335443 28.439957
 247.800000 -1.932903 2.710550 21.667545 16.468387
 248.000000 -1.994543 2.675923 21.881077 9.006815
 248.200000 -2.184365 2.453615 23.075389 114.375990
 248.400000 -2.292887 2.596589 24.214262 86.022794
 248.600000 -2.138616 3.014688 22.621944 78.914332
 248.800000 -2.440303 2.301581 25.301800 31.077604
 249.000000 -2.075687 2.770637 22.180677 26.346571
 249.200000 -1.949066 2.920155 21.738131 14.088820
 249.400000 -2.208140 2.451819 23.343456 120.913420
 249.600000 -2.189897 2.445922 23.144057 117.028472
 249.800000 -1.773187 2.835741 21.427241 31.646679
 250.000000 -2.230727 2.572378 23.590980 117.968253
 250.200000 -2.853924 2.415710 22.262861 470.939178
 250.400000 -2.654281 -3.027099 24.967312 83.955253
 250.600000 3.021963 2.786438 5.681979 3472.607644
 250.800000 -2.772865 2.743417 23.651230 181.593379
 251.000000 -2.205223 2.786271 23.322425 120.644235
 251.200000 -2.088103 2.388388 22.269421 35.465800
 251.400000 -1.657739 2.338905 22.786113 243.154713
 251.600000 -1.900679 2.368314 21.546959 19.154757
 251.800000 -2.165125 2.718959 22.903817 103.960655
 252.000000 -2.873657 2.766846 21.826012 589.163876
 252.200000 -3.122849 3.066904 13.102363 1957.042251
 252.400000 -2.858136 2.979053 22.202417 492.562434
 252.600000 -1.643261 2.589865 23.001289 239.855406
 252.800000 -1.747129 1.658468 21.609121 77.188890
 253.000000 -1.293422 0.788237 25.219388 13.089311
 253.200000 -0.700731 -0.082583 7.463861 1524.287950
 253.400000 -0.485370 -0.766204 -0.010700 3.792052
 253.600000 -0.766150 -0.371831 10.006088 1501.852686
 253.800000 -1.171971 0.673539 23.731619 430.644046
 254.000000 -1.294102 1.276581 25.202079 12.535514
 254.200000 -1.057252 0.899605 20.645752 980.314117
 254.400000 -0.808134 0.056445 11.615988 1500.348240
 254.600000 -0.447968 -0.695991 -0.000005 0.000001
 254.800000 -0.505200 -0.438342 0.181985 1056.933644
 255.000000 -1.132905 0.381921 22.809311 641.497610
 255.200000 -1.399031 1.532847 25.073054 12.847484
 255.400000 -1.533855 2.245097 24.336970 73.872052
 255.600000 -2.069953 2.630753 22.199836 25.134401
 255.800000 2.966330 2.735927 2.596050 2583.306113
 256.000000 -2.695881 -3.118617 24.610896 108.038623
 256.200000 -2.272033 2.497075 24.079453 90.514535
 256.400000 -1.743455 2.232808 21.631465 80.066691
 256.600000 -1.870380 2.170784 21.441914 15.418708
 256.800000 -2.103247 2.589497 22.406194 49.452066
 257.000000 -2.654731 2.965003 25.020441 80.144454
 257.200000 2.990728 2.835319 3.908161 3125.023113
 257.400000 -2.277731 2.690493 24.139873 85.743459
 257.600000 -1.816698 2.326816 21.320592 0.023891
 257.800000 -1.581593 2.081136 23.814372 148.112753
 258.000000 -2.009104 2.238736 21.978424 9.579944
 258.200000 -2.327589 2.900599 24.561890 56.767981
 258.400000 -2.908574 3.046889 21.002869 824.019312
 258.600000 3.079179 2.718013 9.056982 3155.986503
 258.800000 -2.708405 2.862299 24.508612 113.703861
 259.000000 -2.555948 2.512110 25.597314 2.761746
 259.200000 -2.497347 2.625621 25.552248 9.376822
 259.400000 -2.329996 3.012187 24.583862 54.951822
 259.600000 -2.852258 2.606017 22.425709 452.875895
 259.800000 -3.063674 2.829908 15.598797 1523.245932
 260.000000 3.096731 2.984506 10.027183 2898.840776
 260.200000 -2.786344 2.758144 23.587529 201.452499
 260.400000 -2.073227 2.604762 22.248611 28.604937
 260.600000 -1.643671 2.360321 22.919750 222.691166
 260.800000 -1.713673 2.078283 21.937676 141.388272
 261.000000 -2.174349 2.248390 23.084035 112.336891
 261.200000 -2.170211 3.032218 23.049150 110.258631
 261.400000 -2.851273 2.761890 22.473057 446.168722
 261.600000 3.069171 2.682286 8.501863 3286.810269
 261.800000 2.986935 2.996977 3.709687 3061.824450
 262.000000 -3.047901 2.780536 16.225262 1466.522341
 262.200000 -2.464557 2.644290 25.428315 23.657096
 262.400000 -2.429529 2.779541 25.238870 33.990306
 262.600000 -2.940102 2.741264 20.093429 1038.374133
 262.800000 3.052595 2.841844 7.544208 3447.739437
 263.000000 2.967663 2.843274 2.683303 2631.993130
 263.200000 3.047823 2.901482 7.269109 3479.898086
 263.400000 -3.104229 2.663621 13.986058 1802.306808
 263.600000 -2.733892 2.842090 24.281006 128.944106
 263.800000 -2.604288 2.669220 25.454976 31.629193
 264.000000 -2.908927 2.636938 21.060281 826.683459
 264.200000 3.076422 3.066714 8.933897 3202.701702
 264.400000 -3.133561 2.874129 12.699377 2120.854719
 264.600000 -2.544638 2.740554 25.645184 0.148924
 264.800000 -2.224594 2.722412 23.661987 112.037720
 265.000000 -1.952348 2.609141 21.821780 13.661957
 265.200000 -1.915762 2.501085 21.676500 18.697758
 265.400000 -2.176969 2.718175 23.158775 113.212934
 265.600000 -2.446175 2.767292 25.341130 30.888612
 265.800000 3.127997 2.857679 11.678732 2422.169126
 266.000000 3.081947 2.920246 9.253152 3128.769644
 266.200000 -2.999266 2.778199 18.102876 1327.816247
 266.400000 -2.498510 2.675376 25.584725 10.806374
 266.600000 -1.779394 2.764617 21.413778 14.272550
 266.800000 -1.928819 2.015747 21.734719 17.217949
 267.000000 -1.854148 2.036484 21.426558 10.397988
 267.200000 -1.646138 2.525218 22.822258 205.743992
 267.400000 -2.380961 2.752589 24.949310 40.488295
 267.600000 2.895568 2.827817 -0.023549 6.561117
 267.800000 2.952826 3.043870 1.972733 2256.729941
 268.000000 -2.861268 2.629924 22.340161 499.183701
 268.200000 -2.331077 2.718643 24.621211 49.065592
 268.400000 -1.896619 2.804798 21.604347 19.108244
 268.600000 -2.104927 2.227704 22.514710 57.063314
 268.800000 -1.694541 1.983500 22.148262 161.525253
 269.000000 -1.785832 2.153577 21.398613 8.474921
 269.200000 -1.758038 2.455636 21.530009 38.790909
 269.400000 -2.918547 2.796709 20.867830 894.610442
 269.600000 2.931749 3.045724 1.048731 1673.628697
 269.800000 -2.754218 2.801220 24.110458 144.173590
 270.000000 -1.899033 2.522570 21.620812 19.075220
 270.200000 -1.778291 2.281533 21.434180 13.832797
 270.400000 -1.855432 2.095156 21.452942 10.737523
 270.600000 -2.079297 2.653311 22.357303 37.146961
 270.800000 -2.383359 3.052699 24.969239 39.915215
 271.000000 2.991155 2.612497 3.996313 3171.196036
 271.200000 2.918390 3.014575 0.537930 1368.790432
 271.400000 -2.453092 2.998740 25.392895 30.464664
 271.600000 -2.307380 2.369055 24.458570 56.436301
 271.800000 -1.755148 2.512454 21.558510 41.532244
 272.000000 -1.786547 2.625041 21.414995 7.369445
 272.200000 -2.352581 2.578080 24.775533 42.709863
 272.400000 -3.062828 2.783634 15.775454 1555.841853
 272.600000 3.004133 3.122686 4.752245 3372.235009
 272.800000 -2.858527 2.745165 22.467877 476.615205
 273.000000 -1.936524 2.669962 21.796967 15.925103
 273.200000 -1.730652 2.307588 21.759487 81.906224
 273.400000 -1.840452 2.431025 21.433008 5.516343
 273.600000 -2.507811 2.527447 25.640643 8.404387
 273.800000 -2.560999 -3.079190 25.681388 2.439721
 274.000000 3.085091 2.774612 9.496837 3100.842402
 274.200000 -3.111589 2.803900 13.784016 1898.064581
 274.400000 -2.746985 2.908071 24.244916 133.933185
 274.600000 -2.863919 2.590113 22.373261 506.822449
 274.800000 -2.516991 2.788157 25.669343 5.104994
 275.000000 -2.631342 2.795892 25.365031 53.107283
 275.200000 -2.558962 2.607890 25.698643 1.734841
 275.400000 -2.545691 2.811795 25.708069 0.011788
 275.600000 -2.727681 2.823039 24.471484 118.604517
 275.800000 -2.839827 2.699132 22.888720 371.688375
 276.000000 -2.957666 2.885036 19.701484 1149.747190
 276.200000 -3.119879 2.748160 13.439459 1988.765633
 276.400000 -2.815130 2.942451 23.340698 268.206553
 276.600000 -2.796650 2.763344 23.626423 213.307261
 276.800000 -2.604583 2.533934 25.555126 28.504414
 277.000000 -2.404556 2.812169 25.115432 39.483635
 277.200000 -2.345181 2.897917 24.739240 43.000882
 277.400000 -2.495040 2.447904 25.622789 15.261447
 277.600000 -2.357014 2.653519 24.816130 41.574669
 277.800000 -2.216227 2.890476 23.676669 103.861575
 278.000000 -2.403390 2.498924 25.111348 39.970574
 278.200000 -2.129984 2.690096 22.814904 81.629018
 278.400000 -2.203658 2.653183 23.555333 107.290165
 278.600000 -2.228400 2.662993 23.806499 97.639175
 278.800000 -2.232232 2.601080 23.844169 95.578005
 279.000000 -2.062744 2.952087 22.324417 30.246926
 279.200000 -2.472390 2.526640 25.538109 26.527545
 279.400000 -2.697933 2.829535 24.829087 101.402184
 279.600000 3.072070 3.014308 8.811901 3288.914559
 279.800000 2.930548 2.950075 1.045536 1673.127246
 280.000000 -2.191416 2.810279 23.439940 108.379013
 280.200000 -1.710310 2.139332 21.974991 106.183182
 280.400000 -1.435990 1.569578 24.519264 16.382547
 280.600000 -1.031531 0.592007 19.318403 1079.601209
 280.800000 -0.502008 -0.331896 -0.020232 7.475195
 281.000000 -0.521521 -0.673172 0.311936 1056.628197
 281.200000 -0.854312 0.087831 12.915331 1454.237973
 281.400000 -1.091165 0.932148 21.153719 846.023159
 281.600000 -1.590983 1.285636 23.416800 124.218974
 281.800000 -1.058104 0.907473 20.152397 985.307164
 282.000000 -1.356967 0.529114 24.735294 1.941349
 282.200000 -1.554423 0.486241 23.773727 79.935161
 282.400000 -1.160038 1.140231 22.914926 489.022160
 282.600000 -0.735711 1.839441 8.296344 1550.256921
 282.800000 -0.707792 2.153745 7.194110 1565.755817
 283.000000 -0.881403 2.389270 13.924103 1420.320402
 283.200000 -0.712902 2.090994 7.379073 1565.582715
 283.400000 -1.152043 1.542443 22.715488 531.673338
 283.600000 -1.280694 0.857956 24.568436 31.536697
 283.800000 -1.366266 0.397673 24.685296 3.256036
 284.000000 -0.868059 0.342264 13.401856 1435.318139
 284.200000 -0.930710 0.388516 15.719880 1337.629652
 284.400000 -1.318201 0.888050 24.680634 2.573737
 284.600000 -1.302687 1.355807 24.644182 9.800203
 284.800000 -1.075066 1.057254 20.620673 917.368438
 285.000000 -0.987861 0.309857 17.762234 1210.310600
 285.200000 -0.779852 -0.187137 9.978707 1518.184284
 285.400000 -0.547364 -0.513268 1.061185 1086.825466
 285.600000 -0.826325 -0.088933 11.777225 1476.760926
 285.800000 -0.717175 0.334503 7.515903 1566.889968
 286.000000 -0.893704 1.077545 14.334503 1398.504750
 286.200000 -1.389972 1.395346 24.587679 6.994100
 286.400000 -1.057319 0.713294 20.040186 988.403477
 286.600000 -1.260989 0.457967 24.375210 67.218529
 286.800000 -1.116743 0.832423 21.780438 717.558936
 287.000000 -1.129554 1.401989 22.115483 650.188865
 287.200000 -1.256399 1.291804 24.319430 78.010183
 287.400000 -1.197897 1.044695 23.564775 289.352779
 287.600000 -1.674495 0.799794 22.362687 139.402529
 287.800000 -0.519464 0.492051 0.133651 966.619156
 288.000000 -1.521726 0.953178 23.977942 48.656258
 288.200000 -1.297025 1.193275 24.558864 15.057911
 288.400000 -0.880882 0.638716 13.811752 1413.662403
 288.600000 -1.511874 0.861075 24.034708 41.918006
 288.800000 -1.204905 1.187556 23.664447 256.986375
 289.000000 -1.365383 1.399323 24.616040 2.361438
 289.200000 -1.596790 1.128589 23.279869 122.464892
 289.400000 -1.098642 0.663304 21.236024 806.290215
 289.600000 -1.351718 0.688760 24.620698 0.533729
 289.800000 -1.437368 1.125472 24.400742 15.033249
 290.000000 -1.164574 1.057345 22.892799 458.636614
 290.200000 -1.370116 1.041359 24.589774 2.842909
 290.400000 -1.581657 1.039029 23.434445 106.581864
 290.600000 -1.248239 1.181894 24.199549 99.837866
 290.800000 -1.530848 1.332451 23.887342 55.963713
 291.000000 -1.332203 0.961289 24.612556 0.458246
 291.200000 -1.319667 0.939809 24.588439 3.145274
 291.400000 -1.558582 1.235816 23.651940 82.099331
 291.600000 -1.341436 1.181682 24.607466 0.001799
 291.800000 -1.420836 0.828230 24.449856 11.738695
 292.000000 -1.368858 0.830235 24.585021 2.502728
 292.200000 -1.208527 1.025832 23.669554 241.848371
 292.400000 -1.666125 1.233717 22.440443 139.263930
 292.600000 -0.777008 1.013039 9.775635 1525.231399
 292.800000 -1.656550 1.142902 22.554515 144.156679
 293.000000 -1.109584 0.972947 21.504361 751.658125
 293.200000 -1.552248 1.204348 23.699004 76.330801
 293.400000 -1.039706 1.017485 19.384453 1055.603484
 293.600000 -1.447434 1.071398 24.344579 17.167518
 293.800000 -1.211976 0.947381 23.712373 227.848702
 294.000000 -1.205632 0.828177 23.613817 255.172950
 294.200000 -1.311710 1.156702 24.553985 7.056409
 294.400000 -1.543188 0.934549 23.772924 68.018588
 294.600000 -0.741776 0.565086 8.363800 1563.439191
 294.800000 -1.627696 0.787425 22.895772 142.727104
 295.000000 -1.040090 0.979398 19.385752 1055.884284
 295.200000 -1.174104 1.322106 23.026120 409.864973
 295.400000 -1.367590 0.992186 24.575952 1.881064
 295.600000 -0.605386 0.220923 2.965998 1424.580549
 295.800000 -0.626654 -0.496107 3.780816 1506.189818
 296.000000 -0.946645 -0.316777 16.145243 1307.731395
 296.200000 -0.593635 0.068897 2.512110 1366.464638
 296.400000 -0.733238 0.464525 7.997744 1573.520529
 296.600000 -1.576914 0.683730 23.459226 102.612821
 296.800000 -1.472653 0.909275 24.229511 24.741484
 297.000000 -1.031243 1.125634 19.074737 1090.011566
 297.200000 -1.613573 1.373869 23.055627 135.423620
 297.400000 -1.061676 0.548657 20.044455 977.257496
 297.600000 -0.448963 -0.457678 -0.000000 0.000000
 297.800000 -0.530913 -0.635998 0.352618 1060.015925
 298.000000 -0.550465 -0.151209 0.983188 1086.204322
 298.200000 -0.869012 0.405354 13.232420 1427.347994
 298.400000 -1.182018 0.855791 23.160069 371.646012
 298.600000 -1.366725 1.291944 24.575686 1.520472
 298.800000 -0.931684 0.939729 15.565951 1339.632324
 299.000000 -1.532477 0.719260 23.854173 60.039859
 299.200000 -0.926457 0.665275 15.363305 1349.892322
 299.400000 -1.654817 1.252206 22.558733 142.770705
 299.600000 -1.064930 1.193979 20.129004 965.607233
 299.800000 -1.076273 0.550423 20.477025 916.696276
 300.000000 -0.989728 0.399817 17.634375 1217.560409
 300.200000 -1.552293 0.745366 23.800881 79.261504
 300.400000 -1.139668 1.399467 22.330572 598.678567
 300.600000 -0.898202 1.597162 14.417648 1393.795905
 300.800000 -0.812596 1.708323 11.165900 1487.838877
 301.000000 -0.728372 2.309354 7.869014 1575.692287
 301.200000 -0.907324 2.401925 14.747676 1382.899277
 301.400000 -0.857096 2.040929 12.858560 1443.303322
 301.600000 -1.447282 1.320255 24.465113 17.569781
 301.800000 -1.113911 0.181026 21.659835 736.155036
 302.000000 -0.499242 -0.706355 -0.004285 0.750629
 302.200000 -0.560844 -0.367934 1.385921 1161.468210
 302.400000 -0.914430 0.237639 15.002310 1373.951963
 302.600000 -1.084487 0.845301 20.817541 881.937983
 302.800000 -1.519257 1.182130 24.066490 51.710175
 303.000000 -0.663339 0.632337 5.254881 1584.357892
 303.200000 -0.992493 0.551000 17.812760 1217.623845
 303.400000 -1.472484 0.562187 24.353768 26.106286
 303.600000 -1.006647 0.946156 18.302682 1177.870639
 303.800000 -1.422314 1.253054 24.565962 11.532593
 304.000000 -1.013221 0.751642 18.527354 1158.050729
 304.200000 -1.127266 0.128278 22.001273 667.191399
 304.400000 -0.790553 0.172299 10.273540 1509.246637
 304.600000 -0.603562 -0.121798 2.906560 1420.791085
 304.800000 -0.641244 0.052391 4.362635 1550.350117
 305.000000 -0.807191 0.188074 10.918086 1492.434775
 305.200000 -1.210250 0.515567 23.738199 243.963382
 305.400000 -1.262828 1.021602 24.372920 74.095435
 305.600000 -1.155630 0.918436 22.688163 514.079529
 305.800000 -1.296531 0.714268 24.594585 21.675892
 306.000000 -0.762537 0.252179 9.172498 1538.142044
 306.200000 -0.911722 0.241198 14.871737 1384.609252
 306.400000 -0.926982 0.326154 15.437329 1362.078298
 306.600000 -1.090534 0.593395 20.982760 855.938425
 306.800000 -1.381211 0.808597 24.684455 3.052007
 307.000000 -1.319003 1.441415 24.675892 6.108932
 307.200000 -1.081823 1.329882 20.723866 897.360820
 307.400000 -1.217124 1.154274 23.840903 216.811036
 307.600000 -1.767681 0.572445 21.640847 17.056570
 307.800000 -0.791630 0.232139 10.293960 1507.344471
 308.000000 -0.655697 0.225252 4.912496 1579.631337
 308.200000 -1.267789 0.496389 24.416357 65.345708
 308.400000 -1.394681 1.052572 24.665802 5.432275
 308.600000 -0.888279 1.297464 13.985496 1417.573315
 308.800000 -1.340264 1.188294 24.715929 0.611649
 309.000000 -1.152198 0.654406 22.606045 532.971219
 309.200000 -1.454976 0.529384 24.460610 21.192487
 309.400000 -0.980275 0.938800 17.362769 1260.777755
 309.600000 -1.657103 1.739542 22.608383 145.098775
 309.800000 -1.932406 1.915003 21.858096 15.073585
 310.000000 -1.734352 2.305684 21.824021 53.876047
 310.200000 -1.964388 2.864828 21.978538 16.630452
 310.400000 -2.959128 2.551819 20.009806 1168.088657
 310.600000 -2.754767 3.042310 24.466359 136.053170
 310.800000 -2.476748 2.816535 25.763083 34.294305
 311.000000 -2.264478 2.405402 24.337943 57.718047
 311.200000 -1.490202 2.771659 24.280207 37.859957
 311.400000 -1.513653 2.572927 24.122617 53.416174
 311.600000 -1.809016 1.910279 21.532576 0.207001
 311.800000 -1.671933 2.007959 22.427677 134.945846
 312.000000 -1.700725 2.562746 22.113455 101.383309
 312.200000 -2.094972 3.026675 22.739526 74.266481
 312.400000 3.068857 2.765673 8.775960 3386.309159
 312.600000 2.938824 3.006974 1.523671 1896.534442
 312.800000 -1.963579 2.865096 21.962804 16.523323
 313.000000 -1.501569 1.881906 24.210009 45.573290
 313.200000 -0.944516 0.723022 16.062685 1345.120612
 313.400000 -1.475848 -0.045302 24.371690 31.453443
 313.600000 -1.365402 0.262770 24.741947 0.633794
 313.800000 -1.270458 1.146487 24.450090 63.212025
 314.000000 -0.582280 1.854591 2.038788 1318.648116
 314.200000 -1.034073 2.646135 19.208244 1099.448120
 314.400000 -0.700263 2.385721 6.645152 1605.326234
 314.600000 -0.482402 1.679601 -0.000041 0.000074
 314.800000 -1.100458 0.959089 21.263852 807.232988
 315.000000 -1.680931 0.463431 22.321853 124.843084
 315.200000 -1.377776 0.575799 24.741338 2.115088
 315.400000 -0.981910 1.407848 17.410810 1265.382721
 315.600000 -0.663066 2.340423 5.147476 1603.277579
 315.800000 -1.022690 2.386577 18.827019 1141.254480
 316.000000 -0.509505 1.768649 -0.011595 4.478664
 316.200000 -0.956330 1.471989 16.489715 1327.650405
 316.400000 -0.951178 0.688893 16.301622 1338.287191
 316.600000 -1.541351 0.578666 23.905855 82.025660
 316.800000 -0.982875 1.027398 17.445744 1264.357898
 317.000000 -1.442895 1.664197 24.553833 19.064772
 317.200000 -1.110396 1.205385 21.542567 753.189295
 317.400000 -1.563434 0.819695 23.693858 105.091323
 317.600000 -1.385861 0.920784 24.742249 3.407208
 317.800000 -1.224343 1.322791 23.948166 196.741372
 318.000000 -1.375630 1.546184 24.758295 1.644999
 318.200000 -1.100938 0.773325 21.280884 799.855702
 318.400000 -0.618237 -0.290675 3.354745 1508.257526
 318.600000 -0.557901 -0.584528 1.137785 1156.267284
 318.800000 -0.758107 -0.149757 8.926245 1552.040147
 319.000000 -1.138159 0.490962 22.267677 606.492814
 319.200000 -1.494510 1.481643 24.287119 46.360940
 319.400000 -0.847052 1.415142 12.378922 1475.503022
 319.600000 -0.551086 1.548290 0.901452 1107.003184
 319.800000 -0.981293 2.132357 17.398350 1273.917244
 320.000000 -0.622695 2.384859 3.523245 1526.277722
 320.200000 -0.885759 1.961248 13.858471 1447.449086
 320.400000 -1.149082 0.996191 22.532813 546.988803
 320.600000 -1.246757 0.131598 24.237247 126.448147
 320.800000 -0.499296 -0.440158 -0.000997 0.047699
 321.000000 -0.439326 -0.296031 -0.000000 0.000000
 321.200000 -0.973399 0.211572 17.123710 1299.042294
 321.400000 -1.003775 0.934996 18.199780 1207.805306
 321.600000 -0.908790 1.873505 14.732736 1425.601285
 321.800000 -0.976867 2.479239 17.248481 1289.658579
 322.000000 -0.854152 2.454542 12.649570 1475.929956
 322.200000 -0.986942 1.531002 17.614960 1261.568202
 322.400000 -0.914538 0.516873 14.953718 1421.696371
 322.600000 -0.741818 -0.272289 8.272600 1570.225811
 322.800000 -0.529619 -0.855180 0.173107 1108.150723
 323.000000 -0.761230 -0.313711 9.039236 1549.073178
 323.200000 -1.176948 0.614524 23.143580 404.652319
 323.400000 -1.573282 1.586321 23.589735 120.822264
 323.600000 -0.929450 1.732473 15.520622 1401.788579
 323.800000 -0.653251 1.824743 4.724789 1603.593968
 324.000000 -0.878293 2.083079 13.580496 1466.844368
 324.200000 -0.890219 2.254615 14.041577 1460.166165
 324.400000 -0.625014 1.988249 3.602886 1544.603544
 324.600000 -1.243705 1.952582 24.212876 139.392221
 324.800000 -0.685137 0.906148 6.006209 1617.360368
 325.000000 -1.573160 0.759735 23.590480 121.664460
 325.200000 -1.209227 0.712855 23.732568 261.923490
 325.400000 -1.031174 1.042590 19.161459 1098.672856
 325.600000 -0.908170 0.999650 14.732459 1442.528544
 325.800000 -0.876870 0.767176 13.536025 1476.819919
 326.000000 -1.620710 0.703841 23.026360 152.737268
 326.200000 -0.933751 0.848551 15.706342 1402.562857
 326.400000 -1.459897 1.116616 24.536868 31.102191
 326.600000 -1.189611 0.983387 23.394291 346.174577
 326.800000 -1.679098 0.908411 22.318551 126.001508
 327.000000 -1.361211 0.865565 24.843063 0.043218
 327.200000 -1.062088 1.344042 20.170577 959.249725
 327.400000 -0.756642 1.796579 8.859900 1557.297970
 327.600000 -0.792200 2.203879 10.256798 1531.251593
 327.800000 -0.674341 2.199443 5.574008 1618.916293
 328.000000 -0.952420 1.978515 16.410513 1362.184646
 328.200000 -0.687320 1.658888 6.097981 1616.855838
 328.400000 -1.376007 1.492792 24.850232 1.486932
 328.600000 -1.477371 0.918078 24.444380 42.309579
 328.800000 -0.740959 0.194820 8.241504 1572.405635
 329.000000 -0.603931 -0.308643 2.782683 1474.622840
 329.200000 -1.075927 -0.122625 20.606987 888.608373
 329.400000 -0.971723 0.428790 17.138483 1308.854067
 329.600000 -1.119704 0.887255 21.832541 679.514366
 329.800000 -1.570712 1.213599 23.619523 124.617640
 330.000000 -0.938613 1.021462 15.918897 1400.552545
 330.200000 -1.595264 0.896743 23.333990 145.837052
 330.400000 -1.455520 0.840090 24.589158 30.815698
 330.600000 -0.959871 0.884795 16.718482 1346.254458
 330.800000 -0.632797 1.099218 3.916764 1578.297863
 331.000000 -1.938110 1.487827 21.732907 12.069055
 331.200000 -1.696766 1.119773 22.112327 106.724848
 331.400000 -0.700660 0.514560 6.642948 1607.432026
 331.600000 -1.385763 0.556894 24.862719 3.512060
 331.800000 -1.380157 1.077825 24.872216 2.284968
 332.000000 -0.623263 1.547802 3.541903 1555.797496
 332.200000 -0.871646 2.145214 13.382312 1516.076354
 332.400000 -0.585627 2.430573 2.093756 1395.054674
 332.600000 -0.848919 2.066013 12.495430 1528.257955
 332.800000 -0.647125 1.555217 4.494695 1606.275772
 333.000000 -0.921913 1.038663 15.320908 1447.508053
 333.200000 -1.488624 0.681601 24.395806 53.697758
 333.400000 -0.762289 0.510076 9.102294 1556.086106
 333.600000 -1.423529 0.675152 24.768030 16.716586
 333.800000 -1.495716 1.014560 24.342578 59.057817
 334.000000 -0.744263 1.067581 8.389835 1568.878731
 334.200000 -1.339736 1.349599 24.903580 2.644992
 334.400000 -1.175846 0.764879 23.160887 408.924475
 334.600000 -0.819143 0.289925 11.343946 1540.288561
 334.800000 -1.053443 0.137395 19.965045 973.907035
 335.000000 -0.746481 -0.040560 8.483751 1567.280290
 335.200000 -0.568665 0.032791 1.474017 1301.296616
 335.400000 -1.476774 0.556969 24.493560 46.824793
 335.600000 -1.743967 1.330944 21.694493 44.092824
 335.800000 -1.141360 1.303037 22.406146 565.909633
 336.000000 -0.855030 0.790856 12.760023 1535.423531
 336.200000 -1.527845 0.757383 24.082507 90.110939
 336.400000 -1.355563 0.937930 24.939950 0.090899
 336.600000 -0.928962 1.340232 15.634549 1440.074941
 336.800000 -1.307293 1.728082 24.819970 23.731591
 337.000000 -0.999177 1.582335 18.195760 1203.292664
 337.200000 -0.835002 1.016140 11.992175 1545.310580
 337.400000 -1.617535 0.772468 23.058270 163.211435
 337.600000 -1.529260 0.872669 24.074228 92.736863
 337.800000 -0.558135 0.973344 1.100347 1234.220273
 338.000000 -0.976034 1.676869 17.390774 1293.298632
 338.200000 -0.960381 1.651259 16.834844 1349.687362
 338.400000 -0.574240 1.354812 1.681270 1356.350054
 338.600000 -0.953475 1.710223 16.580023 1372.865288
 338.800000 -1.730631 1.976752 21.781668 62.325956
 339.000000 -1.970772 2.423976 21.777032 15.228573
 339.200000 -2.386984 2.987782 24.948978 51.030168
 339.400000 -2.922243 2.700893 21.062143 920.286680
 339.600000 -2.826182 2.914452 23.340128 294.573267
 339.800000 -1.932462 2.915819 21.632775 10.186436
 340.000000 -1.964535 2.108644 21.743438 14.054082
 340.200000 -1.436169 1.901190 24.780890 24.986548
 340.400000 -0.604485 1.464738 2.839213 1530.555897
 340.600000 -1.229796 1.188876 24.122017 199.089616
 340.800000 -1.774753 0.748141 21.510667 16.069984
 341.000000 -0.941410 0.364709 16.155662 1412.435471
 341.200000 -1.407149 0.418559 24.912747 11.295419
 341.400000 -1.964664 0.911798 21.726941 14.040290
 341.600000 -1.343699 1.046514 24.984121 2.041194
 341.800000 -0.559040 0.913426 1.135647 1262.147471
 342.000000 -1.567650 1.441510 23.683035 135.423862
 342.200000 -1.707592 1.070322 21.977396 97.871956
 342.400000 -0.962457 0.198995 16.962291 1342.265533
 342.600000 -0.595266 -0.107806 2.488442 1498.677380
 342.800000 -0.704806 -0.071489 6.882832 1609.774996
 343.000000 -0.967636 -0.052095 17.151353 1322.661964
 343.200000 -0.538977 0.045991 0.442787 1189.988883
 343.400000 -0.601586 -0.153128 2.739596 1532.046439
 343.600000 -0.742669 -0.310746 8.400343 1572.338660
 343.800000 -0.623002 -0.169144 3.588337 1602.531941
 344.000000 -0.886826 0.357321 14.089753 1536.319417
 344.200000 -1.784861 1.056696 21.457879 10.732252
 344.400000 -1.205541 1.390966 23.765877 289.928421
 344.600000 -0.659303 1.644591 5.063266 1642.800970
 344.800000 -1.125107 2.301887 22.062790 623.486563
 345.000000 -0.790441 2.367636 10.296103 1556.052229
 345.200000 -0.791976 1.943491 10.365495 1556.726356
 345.400000 -0.747806 1.636749 8.621626 1566.383214
 345.600000 -0.912387 1.907434 15.110127 1498.619460
 345.800000 -0.730223 2.036425 7.924307 1580.161861
 346.000000 -0.509413 2.027298 -0.004216 0.903304
 346.200000 -1.052397 2.008001 20.052998 937.140441
 346.400000 -0.836560 1.556306 12.137940 1568.171187
 346.600000 -1.034071 1.718918 19.479595 1021.567705
 346.800000 -1.286078 1.675924 24.773678 58.363225
 347.000000 -1.026540 0.989051 19.236830 1056.587670
 347.200000 -1.525171 0.466977 24.167708 97.070263
 347.400000 -1.037386 0.814097 19.597499 1003.011699
 347.600000 -1.433250 1.439470 24.855132 25.391326
 347.800000 -1.303604 1.284382 24.898104 32.026333
 348.000000 -1.188042 0.435675 23.466791 358.734893
 348.200000 -0.638379 -0.125884 4.258083 1643.406323
 348.400000 -0.538943 -0.078933 0.457806 1215.147831
 348.600000 -1.173278 0.223411 23.183203 417.612055
 348.800000 -1.135104 0.794806 22.334613 573.481552
 349.000000 -1.462099 1.677967 24.693704 44.167076
 349.200000 -0.816594 1.241404 11.380958 1567.257100
 349.400000 -0.862992 0.947904 13.221467 1573.479074
 349.600000 -1.600320 0.957734 23.303770 167.406998
 349.800000 -1.267111 0.695429 24.633590 99.015035
 350.000000 -1.132340 1.047860 22.277176 583.371708
 350.200000 -1.761229 1.368361 21.539572 31.566074
 350.400000 -1.364966 1.058289 25.081660 0.183526
 350.600000 -0.794684 0.313457 10.526662 1559.058870
 350.800000 -0.689375 -0.156664 6.347983 1623.574680
 351.000000 -0.364195 -0.299827 -0.000000 0.000000
 351.200000 -0.642230 -0.089412 4.447454 1655.626355
 351.400000 -1.456348 0.639912 24.753625 41.764575
 351.600000 -1.418789 1.300192 24.957400 18.813134
 351.800000 -0.505097 1.532366 -0.001588 0.142901
 352.000000 -0.499124 2.115339 -0.000379 0.008295
 352.200000 -1.155893 2.538841 22.847339 485.007875
 352.400000 -0.839468 2.198499 12.325938 1580.002861
 352.600000 -0.665295 1.798142 5.399103 1651.629416
 352.800000 -0.970591 1.364696 17.401872 1306.162107
 353.000000 -1.495240 0.861015 24.469253 72.486103
 353.200000 -1.601624 0.507660 23.297321 171.619800
 353.400000 -1.049445 0.698842 20.050680 929.348961
 353.600000 -0.667402 1.293831 5.498654 1651.379942
 353.800000 -0.760301 2.256420 9.209030 1554.066497
 354.000000 -0.868689 2.696163 13.501959 1578.960418
 354.200000 -0.505581 1.791442 -0.001858 0.197730
 354.400000 -1.562946 0.612103 23.786873 140.749955
 354.600000 -1.652853 -0.215150 22.618226 172.126846
 354.800000 -1.804551 0.187137 21.355738 4.349337
 355.000000 -1.238084 1.059901 24.338910 181.732244
 355.200000 -0.671518 1.828241 5.695255 1650.329714
 355.400000 -0.626547 2.353685 3.860870 1658.745079
 355.600000 -0.638039 2.355204 4.329686 1668.122260
 355.800000 -0.648869 1.728958 4.772126 1668.551730
 356.000000 -1.080310 1.420578 20.977819 786.514271
 356.200000 -1.537636 1.071849 24.084345 115.466920
 356.400000 -1.100542 0.523076 21.539665 699.559511
 356.600000 -0.857557 0.000987 13.103567 1586.145548
 356.800000 -0.674527 -0.642103 5.833778 1647.485575
 357.000000 -0.598864 -0.571196 2.756017 1595.679228
 357.200000 -0.684755 0.020350 6.265263 1632.784195
 357.400000 -0.762031 0.248900 9.337325 1548.649219
 357.600000 -1.148216 0.243293 22.719151 510.571096
 357.800000 -0.845631 0.456317 12.643691 1586.054193
 358.000000 -1.278775 0.973540 24.816211 75.411874
 358.200000 -1.131434 1.065145 22.337289 573.612767
 358.400000 -1.141082 0.918724 22.564583 536.665437
 358.600000 -1.548879 0.987193 23.970596 128.303603
 358.800000 -1.197237 0.928477 23.726161 324.568442
 359.000000 -1.350861 0.985444 25.155559 0.584233
 359.200000 -1.722557 1.081203 21.809709 89.907485
 359.400000 -1.123622 0.945166 22.157742 602.127972
 359.600000 -1.140553 0.857009 22.561843 537.600970
 359.800000 -1.458997 0.710479 24.795545 46.426886
 360.000000 -0.990574 0.890366 18.218038 1200.706557
 360.200000 -1.478690 1.122491 24.659760 62.039300
 360.400000 -1.386705 0.966862 25.147345 5.460747
 360.600000 -1.365741 0.706396 25.178669 0.375271
 360.800000 -1.361878 0.801616 25.180375 0.072462
 361.000000 -1.135495 1.298734 22.453493 555.243770
 361.200000 -0.836115 1.756488 12.324791 1582.635765
 361.400000 -0.731667 2.184797 8.208521 1557.259088
 361.600000 -0.565565 2.402587 1.512409 1454.535008
 361.800000 -0.869834 1.944816 13.668533 1587.368921
 362.000000 -0.540623 1.455862 0.592869 1279.126491
 362.200000 -0.848010 1.287284 12.814503 1588.595587
 362.400000 -1.528708 0.918965 24.216965 110.399045
 362.600000 -1.052272 0.309253 20.256197 889.308456
 362.800000 -1.032648 0.288275 19.655985 983.070484
 363.000000 -0.501944 0.086462 -0.000925 0.052659
 363.200000 -1.431411 0.602341 25.007692 29.298232
 363.400000 -1.262176 1.423339 24.715091 116.997128
 363.600000 -0.739574 1.331574 8.556764 1545.748849
 363.800000 -0.879238 1.730522 14.076239 1583.236907
 364.000000 -0.649531 1.961181 4.936123 1694.516187
 364.200000 -0.508628 2.008455 -0.004992 1.379178
 364.400000 -0.921351 2.154715 15.752523 1501.398244
 364.600000 -0.800812 1.843756 10.977304 1551.130565
 364.800000 -0.812518 1.773087 11.439132 1561.813969
 365.000000 -1.009011 1.511485 18.928450 1098.088989
 365.200000 -1.405860 0.955134 25.150236 14.529601
 365.400000 -1.059009 0.417553 20.501514 847.853040
 365.600000 -0.827624 0.511024 12.055974 1575.753004
 365.800000 -1.088122 0.402173 21.316656 723.420285
 366.000000 -1.642875 0.685296 22.774668 189.893987
 366.200000 -1.127606 1.359145 22.332044 570.700835
 366.400000 -0.991917 1.754167 18.388652 1183.418650
 366.600000 -0.647293 2.174225 4.899415 1709.002240
 366.800000 -0.866565 2.126606 13.626378 1593.828934
 367.000000 -0.499682 1.865362 -0.000592 0.022154
 367.200000 -1.364709 1.227588 25.267785 0.243770
 367.400000 -0.967506 0.157957 17.546895 1308.833587
 367.600000 -0.470079 -0.486350 -0.000000 0.000000
 367.800000 -0.661890 -0.402944 5.521025 1688.911932
 368.000000 -1.144216 0.248885 22.729067 509.385424
 368.200000 -0.844251 1.462211 12.774382 1590.387746
 368.400000 -0.791706 2.127064 10.695146 1539.897032
 368.600000 -0.525513 2.398711 0.094320 1125.139740
 368.800000 -1.098694 2.020956 21.636889 671.154101
 369.000000 -0.876108 0.993947 14.046586 1592.197603
 369.200000 -0.671395 -0.008495 5.951687 1672.720354
 369.400000 -0.514247 -0.889914 -0.019559 10.362945
 369.600000 -0.654012 -0.395026 5.236692 1709.600126
 369.800000 -0.669291 0.409628 5.865592 1677.619839
 370.000000 -1.515408 1.329499 24.407273 104.507411
 370.200000 -1.647177 1.663807 22.718131 195.246414
 370.400000 -1.619914 1.759154 23.102372 198.824775
 370.600000 -1.585351 1.497434 23.579838 179.209788
 370.800000 -0.718413 0.582600 7.864329 1564.426596
 371.000000 -0.844664 -0.295219 12.830792 1592.823115
 371.200000 -0.770778 -0.649144 9.936519 1522.868927
 371.400000 -0.837308 -0.094559 12.556994 1587.247851
 371.600000 -0.561618 0.612170 1.478784 1519.102144
 371.800000 -1.544298 1.326312 24.104755 138.093041
 372.000000 -1.501941 0.875943 24.558032 92.527980
 372.200000 -0.885465 0.364887 14.501251 1589.484306
 372.400000 -1.862748 0.508548 21.181796 0.361851
 372.600000 -1.730503 1.013867 21.699414 90.312547
 372.800000 -0.656163 1.200197 5.392159 1712.839127
 373.000000 -0.818959 1.863132 11.847959 1566.551330
 373.200000 -0.820838 2.515242 11.942433 1568.245937
 373.400000 -0.724093 2.304897 8.154617 1548.742077
 373.600000 -1.223371 1.693582 24.301934 237.114300
 373.800000 -1.665285 0.393523 22.473028 187.212725
 374.000000 -1.526555 -0.258860 24.323654 120.307572
 374.200000 -1.623942 0.623070 23.061623 206.322731
 374.400000 -0.879134 1.673578 14.289279 1596.097115
 374.600000 -0.624588 2.213946 4.116586 1765.598043
 374.800000 -0.680650 2.509543 6.442130 1652.544220
 375.000000 -0.737285 1.915135 8.694801 1528.802010
 375.200000 -0.525601 1.432858 0.163785 1434.208241
 375.400000 -1.558865 1.331754 23.961113 159.378922
 375.600000 -1.518623 0.604792 24.430257 113.233751
 375.800000 -0.811317 0.185458 11.609002 1553.326428
 376.000000 -0.859758 0.154320 13.535194 1600.404748
 376.200000 -0.834280 -0.022277 12.540027 1580.444021
 376.400000 -1.386185 0.419175 25.347388 5.410126
 376.600000 -1.076595 1.106575 21.161650 729.514792
 376.800000 -1.503029 1.805142 24.601612 97.011118
 377.000000 -1.368586 1.802387 25.374728 0.569611
 377.200000 -0.807326 1.607269 11.496405 1544.272904
 377.400000 -1.228154 1.650610 24.409461 222.807189
 377.600000 -1.073510 1.285959 21.091973 739.233092
 377.800000 -1.355230 0.588811 25.388916 0.319168
 378.000000 -0.899630 0.353042 15.166829 1563.648605
 378.200000 -0.864481 0.408953 13.787702 1596.843920
 378.400000 -1.315981 0.686399 25.297414 23.521217
 378.600000 -1.616587 1.391566 23.187626 212.881616
 378.800000 -0.664036 1.159999 5.856108 1711.530597
 379.000000 -1.215529 1.266747 24.224295 262.587652
 379.200000 -1.225452 0.877381 24.391852 231.365733
 379.400000 -0.838694 0.274823 12.780983 1580.089876
 379.600000 -0.974955 -0.075384 18.051518 1246.485896
 379.800000 -0.733067 -0.010199 8.650220 1528.116624
 380.000000 -0.450132 0.110611 -0.000000 0.000000
 380.200000 -1.242419 0.244217 24.646733 180.108068
 380.400000 -0.490813 0.348384 -0.000115 0.000896
 380.600000 -1.154741 0.840321 23.100183 453.803765
 380.800000 -1.608686 1.278270 23.312602 213.555869
 381.000000 -1.361266 1.094682 25.430392 0.000015
 381.200000 -1.219053 1.155165 24.315933 251.366520
 381.400000 -1.177592 0.797884 23.579383 381.960010
 381.600000 -1.482711 0.573126 24.851532 79.312652
 381.800000 -1.570117 1.198254 23.863946 181.862668
 382.000000 -1.019074 1.538920 19.564216 991.814174
 382.200000 -1.350286 1.294200 25.451990 1.279450
 382.400000 -1.547753 0.743445 24.163954 156.705925
 382.600000 -0.600551 0.262460 3.257781 1812.170244
 382.800000 -0.544431 -0.423528 0.955668 1483.951481
 383.000000 -0.631653 -0.515785 4.585239 1812.768600
 383.200000 -0.640336 -0.085541 4.976601 1801.074781
 383.400000 -1.537613 0.771939 24.298191 145.483904
 383.600000 -1.852414 1.575668 21.071974 0.156115
 383.800000 -1.416567 2.354073 25.336369 22.361406
 384.000000 -1.090299 2.581946 21.627736 659.917193
 384.200000 -0.611839 2.181644 3.780092 1840.436683
 384.400000 -0.567907 1.347660 1.921384 1693.793528
 384.600000 -1.685946 1.010912 22.198558 182.168767
 384.800000 -1.545672 0.331885 24.208643 157.369504
 385.000000 -0.561877 0.067049 1.674722 1651.614644
 385.200000 -1.456914 0.308531 25.117555 56.212520
 385.400000 -1.263824 0.748725 24.973246 122.729929
 385.600000 -1.350683 1.676080 25.496526 1.269116
 385.800000 -0.837384 2.029869 12.862412 1569.344499
 386.000000 -0.521578 2.043477 0.114960 1338.258608
 386.200000 -0.771407 2.069742 10.306202 1494.946616
 386.400000 -1.407240 1.860411 25.422245 16.389952
 386.600000 -1.568624 1.452255 23.923826 189.721757
 386.800000 -1.446787 0.523002 25.204475 47.309477
 387.000000 0.202455 -0.607041 -0.000000 0.000000
