#! FIELDS time phi psi ves.bias ves.force2
#! SET min_phi -pi
#! SET max_phi pi
#! SET min_psi -pi
#! SET max_psi pi
 0.000000 -1.498385 0.273949 27.215882 148.921278
 0.200000 -0.647361 0.946780 5.793907 1119.769255
 0.400000 -0.887229 1.885489 15.842155 1794.877979
 0.600000 -0.646165 2.107574 5.753972 1109.630015
 0.800000 -1.044912 2.260249 21.870496 1154.801821
 1.000000 -0.738449 2.053403 9.303754 1817.883680
 1.200000 -0.542901 1.495745 3.215786 530.609237
 1.400000 -1.183043 1.456986 26.137188 438.085475
 1.600000 -0.684862 0.155328 7.547263 1393.356397
 1.800000 -0.879537 -0.755064 15.619580 1786.667368
 2.000000 -0.618350 -0.281908 5.261218 969.807081
 2.200000 -0.966549 1.083208 19.303123 1607.732541
 2.400000 -1.563175 1.854642 26.176657 270.038316
 2.600000 -1.871992 2.169701 22.662829 3.932619
 2.800000 -2.229108 2.892136 24.267052 72.200531
 3.000000 3.032399 2.859466 5.562087 1922.258261
 3.200000 -3.068074 2.875653 14.952365 2235.437552
 3.400000 -2.569587 2.667655 25.657839 16.207691
 3.600000 -2.532054 2.717149 25.782630 6.470673
 3.800000 -2.675568 2.840419 25.046672 62.429625
 4.000000 3.108993 2.778841 9.407674 2922.733831
 4.200000 3.125684 3.027997 10.364450 2935.288021
 4.400000 -2.986192 2.755358 18.403846 1328.435466
 4.600000 -2.677899 2.682108 25.076736 84.601045
 4.800000 -2.693263 2.911439 24.928949 101.097427
 5.000000 3.097818 2.623305 8.862646 2842.043823
 5.200000 3.068541 3.110968 7.463603 2579.070628
 5.400000 -2.855929 2.915530 22.313950 565.117803
 5.600000 -2.619659 2.603522 25.658535 43.619233
 5.800000 -2.621133 2.852167 25.648744 44.648467
 6.000000 -2.935271 2.914724 20.143877 960.390095
 6.200000 3.102153 2.860220 9.362365 2803.667487
 6.400000 -3.130975 2.842743 12.003950 2686.292432
 6.600000 2.962344 2.584252 3.121231 980.514741
 6.800000 -2.508963 -3.124737 26.126192 1.806745
 7.000000 -2.355907 2.604242 25.189351 71.583335
 7.200000 -2.052278 2.269543 22.872478 35.549089
 7.400000 -1.487584 2.590782 27.110594 149.032011
 7.600000 -2.234483 2.530553 24.210770 52.153732
 7.800000 -2.913280 2.685170 20.886271 903.196880
 8.000000 3.137287 3.126952 11.381799 2670.838303
 8.200000 3.019870 2.616203 5.573719 2090.685877
 8.400000 -2.572660 2.887092 26.220744 13.559068
 8.600000 -2.422836 2.720833 25.805053 67.801497
 8.800000 -2.274768 2.467738 24.518046 59.318392
 9.000000 -2.076044 2.651358 22.990985 49.394851
 9.200000 -2.385290 2.889511 25.508467 81.947049
 9.400000 3.094925 2.582852 9.472495 2675.052588
 9.600000 -3.110827 3.123824 13.333357 2201.011904
 9.800000 3.140529 2.743992 11.795022 2464.570558
 10.000000 3.129921 2.525885 11.264408 2537.606692
 10.200000 -2.594469 3.075035 26.222401 30.652837
 10.400000 2.926336 2.619002 2.191425 822.249439
 10.600000 -2.904473 2.829319 21.221682 918.836994
 10.800000 -3.023896 2.884949 17.089103 1472.686202
 11.000000 -3.015476 2.899514 17.409909 1431.201392
 11.200000 -2.331610 2.823989 25.099341 60.556494
 11.400000 -2.034616 2.344835 22.651916 37.068285
 11.600000 -1.693585 2.495102 23.728583 157.026595
 11.800000 -2.067852 2.507460 22.892810 68.809239
 12.000000 -2.672978 2.882775 25.629276 102.142263
 12.200000 2.957700 2.846072 3.312230 1511.849834
 12.400000 -3.034717 2.925722 16.791230 1439.338060
 12.600000 -3.050796 2.752858 16.173763 1512.721288
 12.800000 -2.861923 2.875465 22.520345 684.388005
 13.000000 -3.058479 2.838075 15.872993 1553.135086
 13.200000 -3.033017 2.893467 16.968045 1403.541848
 13.400000 -2.959518 2.686549 19.595523 1160.248714
 13.600000 -3.055464 2.794501 16.112292 1508.414596
 13.800000 3.087182 2.964662 9.725931 2703.787087
 14.000000 -2.906446 2.884356 21.315282 925.597988
 14.200000 -2.470860 2.660535 26.304104 39.342197
 14.400000 -2.174797 2.519472 23.980749 93.513879
 14.600000 -1.805970 2.583306 22.762403 19.640402
 14.800000 -2.094919 2.579590 23.158806 99.875760
 15.000000 -2.176604 2.748772 23.998169 92.343006
 15.200000 -2.389561 2.874431 25.668537 77.812622
 15.400000 -2.989637 2.631027 18.764227 1222.262008
 15.600000 3.068507 3.101480 9.016274 2868.597132
 15.800000 2.941029 2.909833 2.766708 1429.755635
 16.000000 -2.839251 2.654229 23.251668 505.907632
 16.200000 -2.121275 2.836240 23.492205 114.074912
 16.400000 -1.906781 2.567098 22.435249 3.299972
 16.600000 -1.883427 2.346935 22.485788 6.096023
 16.800000 -1.960110 2.534141 22.402413 0.801830
 17.000000 -2.226952 2.802730 24.488918 56.390833
 17.200000 -2.744459 2.793493 24.956282 169.821375
 17.400000 3.056230 2.876006 8.603116 2991.371639
 17.600000 -3.117615 2.905561 14.054857 1882.893902
 17.800000 -2.977190 2.658474 19.353000 1164.202214
 18.000000 -2.616944 2.695431 26.278416 55.759999
 18.200000 -2.907632 2.872071 21.657624 851.752993
 18.400000 3.117295 2.874820 11.935101 2440.157831
 18.600000 -2.991742 2.888950 18.941622 1195.190293
 18.800000 -2.847174 2.611556 23.225184 503.189689
 19.000000 -2.639774 2.781237 26.118323 78.195413
 19.200000 -2.719351 2.804595 25.327307 133.909073
 19.400000 -2.988171 2.764457 19.157509 1190.546995
 19.600000 -3.043727 2.800297 17.181089 1349.122527
 19.800000 -2.773556 2.898847 24.631097 209.743338
 20.000000 -3.059288 2.489743 16.603080 1413.003791
 20.200000 -2.683860 3.048377 25.764642 103.785623
 20.400000 -3.023019 2.692948 18.043839 1283.330884
 20.600000 -3.083542 2.875891 15.784512 1545.457020
 20.800000 -3.022313 2.751532 18.069123 1281.376133
 21.000000 -2.691063 2.876763 25.690483 108.228697
 21.200000 -2.804284 2.621124 24.323379 276.794882
 21.400000 -2.589624 2.933874 26.539246 20.586300
 21.600000 -2.894614 2.652113 22.344278 747.140508
 21.800000 -2.984569 2.950387 19.525015 1174.041254
 22.000000 -3.093014 2.753556 15.539023 1621.478973
 22.200000 3.067114 2.892637 9.728254 3136.459366
 22.400000 -2.774541 3.018057 24.885973 189.330719
 22.600000 -2.802658 2.509552 24.464215 267.295973
 22.800000 -2.079435 2.763896 23.270054 99.516411
 23.000000 -1.990331 2.888800 22.601144 20.118473
 23.200000 -2.229650 2.340113 24.681177 44.758263
 23.400000 -2.246566 2.606166 24.789349 37.532192
 23.600000 -2.011892 2.894500 22.727138 37.240420
 23.800000 -2.331897 2.516092 25.284436 40.000764
 24.000000 -2.317182 2.652776 25.194230 35.419981
 24.200000 -2.178967 2.911534 24.321879 78.261130
 24.400000 -2.460262 2.451471 26.264954 53.107432
 24.600000 -2.435524 2.678523 26.074696 63.851428
 24.800000 -2.053352 3.083857 23.072428 78.850156
 25.000000 -2.630904 2.312431 26.425341 33.013306
 25.200000 -2.023816 2.517184 22.862194 54.385618
 25.400000 -1.650158 2.868619 23.836764 224.705821
 25.600000 -2.343355 2.511691 25.410263 37.927336
 25.800000 -2.512744 2.690228 26.571759 16.602481
 26.000000 -2.498195 -3.133143 26.504564 26.431992
 26.200000 -3.085312 2.495802 16.393828 1593.912386
 26.400000 -3.051468 2.804680 17.694578 1379.455245
 26.600000 -2.721103 -3.066089 25.868066 91.289182
 26.800000 -3.114484 2.485722 15.181768 1877.456769
 27.000000 -2.438584 2.871174 26.133372 57.246529
 27.200000 -2.388266 2.862524 25.789085 49.624017
 27.400000 -2.386894 2.554159 25.779440 49.200447
 27.600000 -2.179766 2.693776 24.471932 81.681654
 27.800000 -1.919061 2.949308 22.449608 2.187502
 28.000000 -2.316007 2.320133 25.345228 28.547966
 28.200000 -2.097814 2.374065 23.662824 120.462125
 28.400000 -1.763114 2.807882 22.631501 22.599983
 28.600000 -2.220749 2.544866 24.855833 51.437206
 28.800000 -2.639557 2.741758 26.597296 22.699750
 29.000000 -2.990691 2.895528 20.031883 1144.937968
 29.200000 2.957048 2.776938 3.712686 2684.537991
 29.400000 -2.928283 2.787335 22.106402 897.820104
 29.600000 -1.822089 2.934956 22.449792 1.899027
 29.800000 -1.761425 2.003065 22.622703 21.891371
 30.000000 -1.731024 1.661691 22.801223 51.074148
 30.200000 -1.573671 1.193145 24.911653 302.924566
 30.400000 -1.028007 0.427715 20.521077 1339.241306
 30.600000 -0.489873 -0.092429 1.086012 450.820257
 30.800000 -1.103425 0.237601 23.042997 891.802744
 31.000000 -0.943627 0.380190 17.220230 1691.810565
 31.200000 -1.492039 0.979393 26.158955 167.805004
 31.400000 -1.075991 1.148681 22.148061 1064.085666
 31.600000 -1.014331 1.304016 19.975180 1410.873697
 31.800000 -1.642530 1.003899 23.746835 215.232145
 32.000000 -1.012311 0.613204 19.899166 1420.791004
 32.200000 -0.526380 0.076343 1.853307 634.227178
 32.400000 -0.880613 -0.053233 14.508060 1797.846887
 32.600000 -0.738021 0.086030 8.646493 1464.409763
 32.800000 -0.975319 0.490583 18.432478 1585.356600
 33.000000 -1.730734 1.127680 22.791883 45.097874
 33.200000 -1.486962 1.313672 26.164294 158.439485
 33.400000 -0.899131 0.780616 15.272086 1777.767834
 33.600000 -1.537755 0.928659 25.422159 262.823908
 33.800000 -0.789669 0.823938 10.677800 1664.252869
 34.000000 -0.872135 0.794315 14.130233 1795.550203
 34.200000 -1.499785 0.936629 25.968942 189.853705
 34.400000 -1.427534 0.859921 26.707715 39.036335
 34.600000 -1.078548 0.867085 22.163824 1040.694360
 34.800000 -1.251673 0.721523 26.082167 164.936916
 35.000000 -1.347807 0.969900 26.837477 8.131791
 35.200000 -1.389504 1.123608 26.849102 3.689516
 35.400000 -1.101337 0.864505 22.862259 895.345502
 35.600000 -1.186737 0.730806 25.006708 406.057232
 35.800000 -1.056477 0.556885 21.419074 1175.023016
 36.000000 -0.647343 0.799542 5.352146 1110.980420
 36.200000 -1.665212 1.215217 23.425593 138.690982
 36.400000 -1.555941 0.822819 25.061954 269.757345
 36.600000 -0.964350 0.418888 17.962353 1623.776751
 36.800000 -0.757762 0.268191 9.367383 1567.408927
 37.000000 -0.968831 0.143716 18.142462 1607.587849
 37.200000 -0.665250 0.047578 5.925201 1197.352394
 37.400000 -0.706767 0.019379 7.410897 1367.209733
 37.600000 -0.792265 -0.095408 10.766353 1697.746623
 37.800000 -0.829514 0.122317 12.321891 1781.413942
 38.000000 -0.836613 0.320507 12.621951 1791.056612
 38.200000 -0.844236 0.308002 12.966820 1795.476553
 38.400000 -0.809913 0.371201 11.521652 1742.377499
 38.600000 -1.203573 0.174154 25.327994 328.265491
 38.800000 -0.533109 0.262284 1.824939 711.937830
 39.000000 -1.008992 0.397794 19.736827 1425.436748
 39.200000 -1.369706 0.950463 26.839092 0.000005
 39.400000 -1.585445 1.263238 24.554802 248.469506
 39.600000 -0.991157 0.828022 19.075740 1500.216594
 39.800000 -0.864033 0.335447 13.843535 1797.548442
 40.000000 -0.760752 -0.300863 9.546854 1601.763371
 40.200000 -0.398789 -0.631345 -0.000501 0.001241
 40.400000 -0.712231 -0.174654 7.694780 1435.821221
 40.600000 -0.688401 0.548171 6.806449 1343.859426
 40.800000 -1.602236 1.325082 24.292620 228.266802
 41.000000 -1.626818 1.321634 23.935351 192.834019
 41.200000 -0.859627 0.807948 13.754886 1779.055185
 41.400000 -1.233251 0.435596 25.807640 215.008736
 41.600000 -1.348024 0.753029 26.798253 6.057304
 41.800000 -0.795847 1.279573 11.078763 1717.655034
 42.000000 -0.941236 1.601621 17.152757 1652.706757
 42.200000 -0.643460 1.838093 5.251668 1229.149547
 42.400000 -0.775031 2.135881 10.277666 1675.687494
 42.600000 -0.963338 2.326107 18.076100 1565.981110
 42.800000 -0.434498 2.078371 -0.006576 0.486789
 43.000000 -0.849035 1.629076 13.363309 1770.283292
 43.200000 -0.886278 1.294722 14.983781 1726.557741
 43.400000 -1.281427 0.886730 26.402574 90.531242
 43.600000 -1.182463 0.593873 24.941498 406.437875
 43.800000 -1.038802 0.885188 20.926852 1214.538572
 44.000000 -1.547344 1.041953 25.134827 242.810326
 44.200000 -1.510693 1.084293 25.679415 206.194444
 44.400000 -1.260696 0.972538 26.198401 134.256384
 44.600000 -1.532438 0.963378 25.356784 231.907749
 44.800000 -1.359071 1.034517 26.820709 0.785012
 45.000000 -1.276078 0.933060 26.364156 99.310995
 45.200000 -1.409431 1.187653 26.728127 26.971630
 45.400000 -1.624214 0.808238 23.976913 183.322397
 45.600000 -1.253780 0.522002 26.146041 151.278951
 45.800000 -1.149463 0.948189 24.262153 572.862122
 46.000000 -0.945782 1.383113 17.502810 1563.733264
 46.200000 -0.978315 1.112586 18.802773 1446.354823
 46.400000 -1.571451 0.812185 24.758906 239.372969
 46.600000 -0.864186 0.400011 14.236548 1718.388846
 46.800000 -1.084840 0.724599 22.514648 947.880008
 47.000000 -1.146037 1.349001 24.210099 596.611076
 47.200000 -1.315674 1.387971 26.773159 29.138679
 47.400000 -1.197697 0.657432 25.362511 345.250043
 47.600000 -0.453206 0.179631 -0.015152 2.815817
 47.800000 -0.418760 -0.552285 -0.000239 0.000624
 48.000000 -0.670261 -0.404204 6.380187 1440.068143
 48.200000 -0.588512 -0.235551 3.445430 1165.954944
 48.400000 -0.639209 -0.028130 5.245426 1351.234133
 48.600000 -0.935938 0.284849 17.250011 1556.283679
 48.800000 -0.848919 0.762341 13.708715 1736.175218
 49.000000 -1.337739 1.497973 26.902834 7.354427
 49.200000 -1.741981 1.200821 22.776172 50.141561
 49.400000 -1.109218 0.746432 23.354031 815.573596
 49.600000 -0.711520 0.520420 8.060357 1603.798760
 49.800000 -0.986105 0.189058 19.229660 1390.867113
 50.000000 -0.628290 -0.232752 4.872680 1328.417699
 50.200000 -0.599522 -0.306948 3.865341 1243.029918
 50.400000 -0.845926 -0.222246 13.711085 1750.218032
 50.600000 -0.478334 0.125285 0.136320 623.252209
 50.800000 -0.879707 0.215516 15.111442 1682.180764
 51.000000 -0.699120 0.058223 7.607118 1579.765615
 51.200000 -0.427987 0.004774 -0.000207 0.000702
 51.400000 -0.706233 -0.118882 7.935855 1617.798733
 51.600000 -0.754968 -0.265310 9.939287 1752.462122
 51.800000 -0.608614 -0.188605 4.216034 1290.113364
 52.000000 -0.739309 0.059205 9.287051 1716.181079
 52.200000 -0.692219 0.268524 7.430363 1584.103874
 52.400000 -1.463939 0.869956 26.369579 138.861682
 52.600000 -1.700519 1.346267 23.106800 92.610085
 52.800000 -1.193237 1.046098 25.493232 376.565881
 53.000000 -1.067431 0.699274 22.187460 1028.322784
 53.200000 -1.493723 0.863880 25.994507 195.158604
 53.400000 -1.309010 1.100872 26.956272 27.466870
 53.600000 -1.454238 1.026519 26.491373 120.961372
 53.800000 -1.469412 0.755206 26.314571 150.790285
 54.000000 -1.266609 0.950982 26.625394 107.844138
 54.200000 -1.527155 1.077396 25.519119 241.643594
 54.400000 -1.171074 0.695109 25.107101 493.538951
 54.600000 -1.389838 0.851542 27.027626 19.477937
 54.800000 -1.332640 1.254428 27.088856 5.409931
 55.000000 -1.045806 1.079419 21.554517 1099.885105
 55.200000 -1.394019 0.915089 27.050882 25.046939
 55.400000 -1.623600 0.812528 24.039408 203.690924
 55.600000 -1.206593 0.833049 25.866219 324.799830
 55.800000 -1.095692 1.201544 23.165933 887.516508
 56.000000 -1.786042 0.960595 22.426977 33.952965
 56.200000 -1.065311 0.769102 22.268601 1016.073643
 56.400000 -1.445417 1.092123 26.691077 111.025857
 56.600000 -1.587884 1.212518 24.597700 250.295550
 56.800000 -1.062831 0.811429 22.189379 1025.513507
 57.000000 -0.980890 0.705084 19.398331 1287.317496
 57.200000 -1.203490 0.456550 25.910000 345.463163
 57.400000 -0.977916 0.754751 19.342250 1286.716886
 57.600000 -1.190312 1.404465 25.654226 409.036201
 57.800000 -0.899524 1.302356 16.386762 1573.472498
 58.000000 -1.027251 0.925381 21.060625 1140.825757
 58.200000 -1.174815 0.600341 25.380307 492.856558
 58.400000 -1.775016 0.894196 22.455061 46.059857
 58.600000 -1.018207 1.417354 20.804952 1159.602370
 58.800000 -0.758643 1.309858 10.486222 1857.670824
 59.000000 -0.553832 1.158557 2.433806 1234.911713
 59.200000 -1.410805 1.299355 27.144589 53.780791
 59.400000 -1.488049 0.587384 26.281782 208.167354
 59.600000 -0.859269 0.457910 14.873155 1746.627695
 59.800000 -1.050767 0.894819 21.944366 1057.811456
 60.000000 -1.211458 1.307936 26.171019 314.513664
 60.200000 -1.422825 1.102374 27.097689 77.171386
 60.400000 -1.479481 0.697806 26.443500 195.647274
 60.600000 -1.510064 1.125242 25.985568 250.376037
 60.800000 -1.172195 1.322090 25.433706 512.106200
 61.000000 -0.890982 1.035916 16.237313 1616.248689
 61.200000 -1.196825 0.869727 26.011334 388.103578
 61.400000 -1.696375 0.887814 23.148823 131.937694
 61.600000 -1.234105 1.020329 26.657123 221.989039
 61.800000 -1.000922 1.037741 20.392768 1193.133578
 62.000000 -1.288293 1.098520 27.269824 59.555620
 62.200000 -1.659730 0.927729 23.619656 191.172551
 62.400000 -1.065920 0.708078 22.609647 992.446980
 62.600000 -1.430101 1.207362 27.149479 96.238520
 62.800000 -1.744354 1.198614 22.653771 82.444903
 63.000000 -1.249791 0.835843 26.933803 166.099685
 63.200000 -0.801865 0.411979 12.616612 1947.485684
 63.400000 -0.638366 -0.087801 5.704373 1558.604702
 63.600000 -0.588539 -0.333096 3.769174 1458.310442
 63.800000 -0.760186 -0.245982 10.779213 1919.831419
 64.000000 -0.485326 0.054930 0.128340 950.040507
 64.200000 -0.924299 0.491242 17.807495 1487.120658
 64.400000 -1.329749 0.577646 27.667725 5.877444
 64.600000 -1.720089 1.307304 22.892882 118.762913
 64.800000 -0.701088 1.363837 8.287590 1747.336160
 65.000000 -0.564589 1.412263 2.881399 1416.659235
 65.200000 -0.936668 1.855014 18.344066 1430.732589
 65.400000 -0.496091 2.152728 0.463917 1083.897803
 65.600000 -0.747045 2.225259 10.297576 1901.748534
 65.800000 -0.753828 1.950427 10.594068 1919.492611
 66.000000 -0.613765 1.394553 4.806905 1541.274765
 66.200000 -1.003515 1.409854 20.804564 1161.841329
 66.400000 -1.645932 1.119176 23.895158 241.539941
 66.600000 -1.360518 0.396612 27.796393 2.530085
 66.800000 -0.774914 0.561008 11.579929 1964.045631
 67.000000 -1.635134 0.928682 24.065993 259.010101
 67.200000 -1.662619 1.088658 23.661525 221.160841
 67.400000 -0.967169 1.063799 19.593918 1289.316643
 67.600000 -1.348289 1.212462 27.861514 0.001040
 67.800000 -1.187456 0.950324 26.135346 441.347040
 68.000000 -1.584049 0.748006 24.977081 329.104606
 68.200000 -1.479749 0.715302 26.850351 228.737052
 68.400000 -0.885942 1.022319 16.526429 1700.948419
 68.600000 -1.686659 1.566532 23.337231 190.147817
 68.800000 -1.716106 1.641536 22.955499 147.370048
 69.000000 -1.814424 2.018302 22.035336 40.773860
 69.200000 -1.779580 2.441676 22.297079 78.236969
 69.400000 -2.479117 2.958264 25.943904 26.700802
 69.600000 2.871667 2.870842 -0.000082 0.000433
 69.800000 -2.814650 3.002731 24.770590 356.351850
 70.000000 -2.330285 2.673797 25.275068 19.416857
 70.200000 -1.903764 2.428808 21.732703 0.803748
 70.400000 -1.613139 2.553088 24.570338 315.492409
 70.600000 -2.600058 2.454912 26.462750 5.601579
 70.800000 2.996604 3.056430 5.268418 4072.902285
 71.000000 -2.779409 -3.097135 25.357651 244.122480
 71.200000 -2.422175 2.303793 25.612821 19.980736
 71.400000 -1.787288 2.162743 22.229763 78.481195
 71.600000 -1.547813 2.403127 25.818544 346.553291
 71.800000 -2.512958 2.402723 26.063709 27.488186
 72.000000 -2.670898 -3.023519 26.403263 14.842434
 72.200000 3.040106 2.835539 8.016620 4111.949291
 72.400000 -3.014363 2.445847 19.332717 1232.809594
 72.600000 -2.476320 3.080019 25.845076 26.095507
 72.800000 -1.736904 3.102810 22.763424 143.488465
 73.000000 -2.080108 1.990276 23.122915 147.743987
 73.200000 -1.359800 1.769194 28.142646 2.000230
 73.400000 -1.634057 1.078026 24.306986 303.222211
 73.600000 -1.176341 0.628675 26.161974 496.098704
 73.800000 -0.236783 0.155809 -0.000094 0.000061
 74.000000 -0.522343 -0.286132 1.427887 1475.445935
 74.200000 -0.925498 -0.325021 18.405592 1499.637287
 74.400000 -0.628582 -0.167215 5.747466 1661.735831
 74.600000 -0.875342 0.191055 16.370826 1791.032523
 74.800000 -1.775109 1.029679 22.356915 104.667620
 75.000000 -1.462677 1.571055 27.375523 186.872532
 75.200000 -0.950484 1.176212 19.393189 1361.923017
 75.400000 -1.559591 0.736960 25.769475 361.586418
 75.600000 -1.613212 0.838469 24.755317 340.384158
 75.800000 -0.646375 1.351798 6.507663 1666.342003
 76.000000 -0.468619 1.930467 -0.004446 1.115442
 76.200000 -1.098927 2.370130 24.278475 824.371052
 76.400000 -1.973192 2.208455 21.916540 54.867656
 76.600000 -2.952888 2.802144 21.245114 886.993855
 76.800000 2.914807 3.140291 0.429067 2290.628066
 77.000000 -3.015207 2.636426 19.226094 1238.454666
 77.200000 -2.985447 2.568508 20.213852 1055.110396
 77.400000 -2.631052 -3.131507 26.359408 0.262468
 77.600000 -2.912204 2.564434 22.374497 711.848038
 77.800000 -2.657237 2.737698 26.340285 4.178185
 78.000000 -2.414583 2.855666 25.421105 18.034123
 78.200000 -2.585836 2.382934 26.237034 14.500968
 78.400000 -2.259365 2.523015 24.685036 36.816882
 78.600000 -1.812437 2.897425 22.007012 72.238460
 78.800000 -2.323710 2.428392 25.018986 20.084433
 79.000000 -2.600642 2.483720 26.287286 8.690061
 79.200000 -2.360337 3.092130 25.157451 16.618255
 79.400000 -2.890920 2.392025 22.901381 633.107638
 79.600000 -2.499206 2.713126 25.783071 28.750247
 79.800000 -1.779791 3.041050 22.326234 120.571610
 80.000000 -2.026085 2.301767 22.356469 118.078323
 80.200000 -1.915202 2.116178 21.596935 1.912465
 80.400000 -1.701924 2.620084 23.375822 241.684692
 80.600000 -2.585811 2.834253 26.206651 15.107365
 80.800000 3.044519 3.070980 8.123684 4099.507443
 81.000000 2.968360 2.952128 3.241881 3721.142348
 81.200000 -2.806965 2.499870 24.723330 342.012405
 81.400000 -1.593792 2.661508 25.334742 379.330671
 81.600000 -1.884652 2.381130 21.601594 4.035455
 81.800000 -2.623127 2.438467 26.295421 1.939874
 82.000000 2.916507 3.138434 0.367472 2500.724767
 82.200000 2.910040 3.058720 0.035395 1180.118712
 82.400000 -2.605648 2.626125 26.247008 7.555493
 82.600000 -1.598333 2.630430 25.275857 379.158443
 82.800000 -2.000271 2.236739 22.059187 85.326057
 83.000000 -2.299768 2.640791 24.844715 26.682554
 83.200000 -2.557080 3.135940 26.037101 25.402841
 83.400000 -2.840924 2.665869 24.025520 455.474045
 83.600000 -2.431799 2.761723 25.402257 18.586966
 83.800000 -2.440550 2.825306 25.440500 19.639411
 84.000000 -2.528799 2.882183 25.887583 29.533760
 84.200000 -2.646049 2.810532 26.275485 0.512928
 84.400000 -2.177967 2.996149 23.950406 85.381630
 84.600000 -2.402408 2.337646 25.275197 16.484863
 84.800000 -1.809041 2.809959 22.052596 90.218664
 85.000000 -2.345740 2.651776 25.041720 18.986295
 85.200000 -2.260693 2.670381 24.584513 41.868272
 85.400000 -2.492726 2.723281 25.686713 27.350585
 85.600000 -2.171268 2.753148 23.873615 89.885837
 85.800000 -2.369279 2.444042 25.138127 17.165163
 86.000000 -1.673609 2.892232 23.948339 305.740975
 86.200000 -2.224083 2.460931 24.320363 59.882701
 86.400000 -2.078335 2.441550 22.864875 131.306809
 86.600000 -1.672768 2.688968 23.981571 310.235479
 86.800000 -1.913332 2.546022 21.577069 0.757095
 87.000000 -2.615830 2.505770 26.250995 3.755017
 87.200000 -2.672880 3.083427 26.206454 14.539908
 87.400000 -2.224554 2.910948 24.320682 60.171630
 87.600000 -2.406128 2.007225 25.292036 16.791006
 87.800000 -1.474613 2.711114 27.630159 202.024962
 88.000000 -2.186157 2.456587 23.998069 81.861170
 88.200000 -2.503697 3.007969 25.753801 28.855139
 88.400000 3.017319 2.940618 6.281890 4231.736909
 88.600000 -3.084860 2.942765 16.262591 1870.965206
 88.800000 -2.789415 2.961994 24.962761 286.471966
 89.000000 -2.039116 3.019071 22.421472 115.370918
 89.200000 -1.859893 2.117466 21.702192 25.003603
 89.400000 -1.808905 1.663964 22.083855 95.913320
 89.600000 -1.405866 1.396567 28.394938 43.425349
 89.800000 -0.910772 0.791139 18.265241 1609.379031
 90.000000 -1.783516 0.890126 22.358145 138.496517
 90.200000 -1.961828 1.092894 21.759005 32.852003
 90.400000 -1.253017 0.990136 27.938040 167.975211
 90.600000 -1.252616 1.017994 27.932827 169.322739
 90.800000 -1.988689 1.341894 21.943836 63.188214
 91.000000 -1.649183 1.438188 24.484552 355.452688
 91.200000 -0.668671 0.859539 7.784323 1701.508535
 91.400000 -0.718405 0.645579 9.857186 1802.370740
 91.600000 -1.723036 1.025395 23.219768 245.211084
 91.800000 -1.758925 1.072795 22.694949 182.912788
 92.000000 -0.706938 0.772720 9.372989 1764.477554
 92.200000 -0.531631 0.547852 1.875649 1966.165328
 92.400000 -0.956437 0.069965 20.059213 1320.989306
 92.600000 -0.305628 -0.764253 -0.000000 0.000000
 92.800000 -0.506208 -0.446335 0.771926 1786.038752
 93.000000 -1.000084 0.234722 21.577053 1112.215957
 93.200000 -1.061513 0.897672 23.541381 914.480716
 93.400000 -0.916138 1.269389 18.545776 1577.124261
 93.600000 -0.576022 0.994566 3.870899 1987.359078
 93.800000 -1.594908 1.011125 25.614645 395.180036
 94.000000 -2.570441 0.745060 26.132284 20.163421
 94.200000 -1.908138 0.340360 21.642508 0.001430
 94.400000 -0.481653 0.070363 -0.020115 14.804659
 94.600000 -0.564715 -0.044916 3.374049 2035.333293
 94.800000 -0.681556 -0.350727 8.365980 1705.101709
 95.000000 -0.581745 -0.579410 4.137729 1981.643197
 95.200000 -0.887103 -0.180341 17.392543 1780.323514
 95.400000 -0.779143 0.409742 12.574978 2021.512953
 95.600000 -1.365304 1.670879 28.638905 1.697990
 95.800000 -0.752255 2.471652 11.379744 1925.187809
 96.000000 -0.770469 2.142106 12.186273 1994.353826
 96.200000 -0.853360 1.931182 15.946192 1973.751813
 96.400000 -1.201978 1.237742 27.183758 368.732619
 96.600000 -1.426907 0.424408 28.345259 73.161664
 96.800000 -0.407207 -0.084073 -0.000000 0.000000
 97.000000 -0.652945 -0.412252 7.229091 1711.503044
 97.200000 -0.539500 -0.561400 2.262285 2107.444152
 97.400000 -0.536821 -0.113862 2.139401 2101.357403
 97.600000 -0.861065 0.141737 16.306197 1940.627182
 97.800000 -1.776040 0.882278 22.549848 155.907275
 98.000000 -1.506095 1.609487 27.360609 264.964241
 98.200000 -1.074507 1.200271 24.016940 868.031546
 98.400000 -1.108345 0.643632 24.984081 763.067371
 98.600000 -1.103369 0.273638 24.845856 779.823177
 98.800000 -0.514467 -0.033524 1.135141 2007.111801
 99.000000 -0.414835 -0.224488 -0.000000 0.000000
 99.200000 -0.756358 -0.382303 11.633637 1923.527324
 99.400000 -0.483795 -0.206802 -0.025627 9.545683
 99.600000 -0.564228 0.007597 3.442096 2129.690870
 99.800000 -0.868149 0.149080 16.655343 1909.720930
 100.000000 -0.480593 0.078365 -0.013570 11.646306
 100.200000 -0.642576 -0.177328 6.212450 1726.448100
 100.400000 -0.768542 -0.154946 11.490785 1968.332945
 100.600000 -0.637926 -0.121140 6.018748 1744.550202
 100.800000 -0.737958 -0.004164 10.157180 1832.511132
 101.000000 -0.627744 0.375550 5.590741 1791.218121
 101.200000 -1.386386 0.948918 27.963415 13.018517
 101.400000 -1.678004 1.056429 23.437319 344.884949
 101.600000 -1.089041 0.707479 23.798059 819.876498
 101.800000 -1.289520 0.696212 27.756902 64.824309
 102.000000 -1.502584 0.899804 26.801021 249.947231
 102.200000 -1.551242 1.113959 25.974022 362.618294
 102.400000 -1.316407 1.042315 27.947067 21.899969
 102.600000 -1.181442 0.769284 26.173024 455.765076
 102.800000 -1.535891 0.863111 26.260149 331.332581
 103.000000 -1.295809 1.166250 27.824556 52.214617
 103.200000 -0.785069 1.070763 12.315104 2008.192973
 103.400000 -1.459409 0.922540 27.450731 133.742210
 103.600000 -1.593856 0.761880 25.160407 415.699049
 103.800000 -1.367623 0.854692 28.050988 1.873336
 104.000000 -0.729523 1.092077 9.902378 1756.940515
 104.200000 -1.662832 1.015088 23.793177 381.845906
 104.400000 -1.669881 0.850302 23.656410 371.014249
 104.600000 -1.365901 0.790015 28.074250 1.296143
 104.800000 -1.183129 1.125030 26.261867 446.199472
 105.000000 -1.488630 1.167878 27.101802 206.368657
 105.200000 -1.440290 0.877352 27.707354 86.494581
 105.400000 -0.669115 0.481894 7.513833 1620.812654
 105.600000 -0.812149 -0.027567 13.593665 2063.072181
 105.800000 -0.511475 -0.613995 0.419925 2417.707332
 106.000000 -0.558916 -0.492082 2.704335 2287.330048
 106.200000 -0.863612 0.339009 15.940179 1946.803135
 106.400000 -1.587690 1.243566 25.391906 420.186670
 106.600000 -1.767309 1.571857 22.071096 182.287804
 106.800000 -1.695979 1.517657 23.214417 334.626810
 107.000000 -1.376221 0.858977 28.101570 4.893752
 107.200000 -0.932925 -0.181259 18.839633 1473.507079
 107.400000 -0.532647 -0.753685 1.493893 2388.905879
 107.600000 -0.257363 -0.631815 -0.000000 0.000000
 107.800000 -0.901390 0.663077 17.582966 1704.571387
 108.000000 -1.886644 1.690751 21.080420 8.003320
 108.200000 -2.003202 2.822160 21.385815 54.298907
 108.400000 -2.697467 -2.970052 25.215592 75.175583
 108.600000 3.084132 2.650779 9.443574 3300.928708
 108.800000 -2.425229 2.893943 24.672560 22.043323
 109.000000 -1.719343 2.602619 22.845712 294.359439
 109.200000 -2.169760 1.852527 23.038303 100.513649
 109.400000 -1.455783 2.264437 27.674598 109.965400
 109.600000 -1.812500 2.510829 21.580311 99.593662
 109.800000 -2.961343 2.758451 19.832295 1031.302977
 110.000000 3.055245 -2.988750 7.709612 3774.278166
 110.200000 3.003725 2.917101 4.402646 4287.048071
 110.400000 -3.023263 2.674334 17.632984 1465.261416
 110.600000 -2.377056 3.013272 24.447708 19.228200
 110.800000 -1.896498 2.541746 21.080324 4.207635
 111.000000 -1.933370 2.064637 21.071005 2.308316
 111.200000 -1.717107 2.044852 22.943957 310.426232
 111.400000 -1.948442 2.577756 21.113241 8.114338
 111.600000 -2.654075 2.778175 25.459748 14.868482
 111.800000 -2.982677 3.115651 19.094040 1180.640145
 112.000000 3.005372 2.631029 4.501213 4283.622480
 112.200000 2.961243 2.816455 1.640255 3914.598110
 112.400000 -2.613403 2.965259 25.519768 0.212082
 112.600000 -2.129939 2.570999 22.612250 111.229407
 112.800000 -1.736821 1.996932 22.628203 266.011098
 113.000000 -1.817952 1.956165 21.568614 91.943344
 113.200000 -1.860473 2.469855 21.259877 32.062389
 113.400000 -2.283616 2.966143 23.956022 39.627096
 113.600000 -2.558551 2.638934 25.368003 20.150769
 113.800000 -2.604461 2.668304 25.507250 1.566048
 114.000000 -2.283162 3.011862 23.953162 39.819260
 114.200000 -2.620953 2.557929 25.511572 0.167508
 114.400000 -2.320804 2.623698 24.165116 27.085738
 114.600000 -1.755599 2.912508 22.372340 223.420780
 114.800000 -2.444524 2.259375 24.745894 26.313372
 115.000000 -2.301714 2.801734 24.060940 32.798240
 115.200000 -2.423092 3.001075 24.641919 23.182338
 115.400000 -2.484995 2.689823 24.970088 32.765987
 115.600000 -2.557799 2.623623 25.366615 19.897183
 115.800000 -2.160507 3.113267 22.920087 101.421249
 116.000000 -2.776888 2.428041 24.104817 272.549719
 116.200000 -2.623859 2.886934 25.510020 0.765406
 116.400000 -2.933236 2.814290 20.602051 850.176036
 116.600000 2.917667 2.601740 -0.000098 0.002021
 116.800000 -2.308409 2.946558 24.099831 31.215905
 117.000000 -1.950681 2.271532 21.176093 7.047087
 117.200000 -1.792919 1.761282 21.922168 140.304693
 117.400000 -1.567335 1.693543 26.147727 403.471723
 117.600000 -1.650380 1.005393 24.380892 453.164936
 117.800000 -0.670956 -0.136415 7.982764 1550.561091
 118.000000 -0.454438 -0.465570 -0.000000 0.000000
 118.200000 -0.534514 -0.256821 1.837406 2618.375869
 118.400000 -0.743703 0.156938 10.905254 1727.776566
 118.600000 -0.831692 0.289053 14.773536 2035.327570
 118.800000 -0.965769 0.316265 20.262470 1240.726181
 119.000000 -0.522244 0.263720 1.209902 2603.031421
 119.200000 -0.672707 -0.173812 8.099875 1536.391128
 119.400000 -0.820794 -0.337512 14.299285 2038.998508
 119.600000 -0.506217 -0.308626 0.410417 2751.935469
 119.800000 -1.041222 0.241388 22.747627 950.496967
 120.000000 -1.254166 1.006235 27.739565 140.764539
 120.200000 -1.173032 1.633766 26.365691 489.275973
 120.400000 -0.587500 1.846469 4.522052 2215.453221
 120.600000 -0.489799 2.073248 -0.008815 8.948269
 120.800000 -0.789517 2.250624 12.915036 1964.236155
 121.000000 -0.449266 1.922230 -0.000000 0.000000
 121.200000 -0.515982 1.687261 0.955059 2635.076418
 121.400000 -0.665052 1.723898 7.857617 1542.172903
 121.600000 -0.501609 1.664156 0.204604 3019.472257
 121.800000 -0.425106 1.898892 -0.000000 0.000000
 122.000000 -1.048718 2.179933 22.999869 931.419852
 122.200000 -0.537623 2.061735 2.104763 2681.629863
 122.400000 -0.712659 1.850766 9.745762 1553.139893
 122.600000 -0.943946 1.841976 19.535423 1361.264828
 122.800000 -1.677595 1.569497 23.901687 422.865941
 123.000000 -1.796242 0.926788 21.955820 132.396597
 123.200000 -1.106503 0.341550 24.718039 782.853939
 123.400000 -0.723694 0.086059 10.211162 1588.970385
 123.600000 -0.456436 -0.151828 -0.000000 0.000000
 123.800000 -0.641609 0.070511 6.996897 1645.910425
 124.000000 -0.878756 0.144212 16.949662 1832.951035
 124.200000 -0.510961 -0.096144 0.785048 2688.165430
 124.400000 -0.528943 -0.199619 1.722887 2738.644643
 124.600000 -0.634665 -0.178018 6.753571 1692.774743
 124.800000 -0.677392 -0.003971 8.442300 1484.660586
 125.000000 -0.633662 -0.021292 6.712284 1701.363118
 125.200000 -0.493989 -0.191963 -0.018646 174.687743
 125.400000 -0.638821 -0.232757 6.968842 1650.898279
 125.600000 -0.756958 0.052369 11.629199 1759.685543
 125.800000 -0.915762 0.340674 18.512819 1552.028985
 126.000000 -1.418620 0.815908 28.246095 27.147493
 126.200000 -1.326832 1.358024 28.342730 10.449475
 126.400000 -0.452774 1.110903 -0.000000 0.000000
 126.600000 -1.459943 1.160211 27.956333 88.405930
 126.800000 -1.610707 0.798510 25.412544 483.562585
 127.000000 -1.570736 0.730412 26.264204 412.928986
 127.200000 -0.778728 0.882358 12.617634 1869.725004
 127.400000 -1.555679 1.250397 26.581531 370.077924
 127.600000 -1.712118 1.086201 23.289236 345.769260
 127.800000 -0.991514 0.537562 21.260486 1079.248302
 128.000000 -0.870242 0.212392 16.668929 1865.150097
 128.200000 -0.937885 0.470985 19.412155 1368.405013
 128.400000 -1.559623 0.879331 26.524839 381.437795
 128.600000 -1.411891 1.110745 28.307892 19.107210
 128.800000 -0.681677 0.545075 8.773191 1436.445348
 129.000000 -0.731805 -0.163293 10.701700 1577.019094
 129.200000 -0.661837 -0.664814 8.059874 1477.108122
 129.400000 -0.801791 -0.244634 13.686020 1959.356226
 129.600000 -0.802941 0.544642 13.736950 1962.999013
 129.800000 -1.694411 1.427658 23.661396 396.832864
 130.000000 -1.955738 1.605804 21.297214 3.686124
 130.200000 -1.644222 2.154316 24.745239 492.329628
 130.400000 -2.139581 2.465697 22.621068 103.018358
 130.600000 -2.681851 3.010899 25.196974 71.804986
 130.800000 3.017980 2.940511 5.121283 4149.239834
 131.000000 -2.816651 2.867131 23.178151 396.614438
 131.200000 -2.053805 2.806449 21.807190 64.428302
 131.400000 -1.861286 2.297692 21.500973 35.633090
 131.600000 -1.795988 2.198613 22.072070 133.954300
 131.800000 -2.220665 2.593205 23.404968 80.374255
 132.000000 -2.052877 3.057346 21.799765 63.742959
 132.200000 3.120089 2.668116 11.060074 2662.433518
 132.400000 2.963992 2.799111 1.612002 3952.022177
 132.600000 -3.107785 -3.013118 13.741243 2088.144932
 132.800000 -3.083664 2.571753 14.818249 1903.693155
 133.000000 -2.363446 2.630942 24.351532 23.440165
 133.200000 -1.700048 2.638902 23.614144 387.684469
 133.400000 -2.898385 2.233387 21.281233 658.603472
 133.600000 -3.058744 3.059898 15.865363 1727.794106
 133.800000 2.955532 -2.940671 1.077196 3787.620671
 134.000000 3.098249 2.317783 9.889291 2967.356649
 134.200000 -1.967629 2.811754 21.346191 5.434617
 134.400000 -1.829043 2.590862 21.780259 76.673845
 134.600000 -2.282187 2.029086 23.876600 47.682488
 134.800000 -2.263362 2.653506 23.740350 57.326398
 135.000000 -1.945863 3.072580 21.313492 0.440443
 135.200000 -2.474507 2.321043 24.898181 32.194086
 135.400000 -2.085739 2.557513 22.069256 81.789411
 135.600000 -1.956497 3.029659 21.333894 1.919831
 135.800000 -2.380991 2.369577 24.420509 22.549989
 136.000000 -2.491936 2.227181 24.998103 33.272668
 136.200000 -1.933208 2.923064 21.334621 0.240922
 136.400000 -2.063306 2.691840 21.876179 65.742551
 136.600000 -2.686738 1.839373 25.090155 87.465569
 136.800000 -1.924100 2.624264 21.342310 1.435204
 137.000000 -2.101659 2.908534 22.215464 89.517533
 137.200000 2.931165 2.350507 -0.007876 10.084645
 137.400000 3.064065 2.938803 7.906327 3498.098650
 137.600000 3.046225 -3.078403 6.830071 3778.058392
 137.800000 -2.893000 2.534836 21.357656 631.617136
 138.000000 -1.989159 2.731347 21.435726 13.127555
 138.200000 -2.047927 2.574282 21.766711 52.325218
 138.400000 -2.365591 2.494798 24.342789 23.109319
 138.600000 -2.647559 2.932415 25.347425 21.844341
 138.800000 2.890546 2.858359 -0.000000 0.000000
 139.000000 -3.001487 2.813162 18.032543 1312.998507
 139.200000 -2.276149 2.710786 23.828612 50.653381
 139.400000 -2.327002 2.544723 24.146668 30.025267
 139.600000 -2.202004 2.513855 23.207383 89.610655
 139.800000 -2.207084 2.767825 23.255177 87.398795
 140.000000 -2.192351 2.712842 23.115021 93.366051
 140.200000 -2.496442 2.722171 25.010534 32.215387
 140.400000 -2.897949 2.700878 21.189174 651.532020
 140.600000 3.074049 2.926640 8.471921 3322.314312
 140.800000 3.028674 2.835670 5.719832 4006.458328
 141.000000 -2.429030 2.835804 24.645258 24.851164
 141.200000 -2.120379 2.634049 22.412448 95.396758
 141.400000 -2.194085 2.549245 23.143761 92.509707
 141.600000 -2.371215 2.756644 24.372573 21.949718
 141.800000 -2.761111 2.964161 24.038225 280.487876
 142.000000 2.914149 2.905191 -0.000003 0.000001
 142.200000 -2.938007 2.947530 20.065701 865.294707
 142.400000 -1.913476 2.585183 21.436463 5.294277
 142.600000 -1.817364 1.963878 22.007402 93.696071
 142.800000 -1.592582 2.236978 26.063156 462.380719
 143.000000 -2.535722 2.162057 25.222314 23.950598
 143.200000 -2.836643 3.034648 22.573625 449.412279
 143.400000 2.991145 3.012329 3.295523 4215.669609
 143.600000 3.120619 2.632448 10.986602 2608.976057
 143.800000 -1.997388 3.131720 21.516100 15.131846
 144.000000 -1.885902 2.300196 21.541386 19.299488
 144.200000 -1.912630 1.569718 21.464106 5.910902
 144.400000 -1.439535 0.834584 28.265155 34.946820
 144.600000 -0.700943 -0.177106 9.960572 1347.064804
 144.800000 -0.502049 -0.524684 0.832521 3058.188446
 145.000000 -0.440974 -0.110951 -0.000000 0.000000
 145.200000 -1.237471 0.516303 27.718409 177.710952
 145.400000 -1.158078 1.192126 26.214512 581.812426
 145.600000 -1.018278 1.732280 22.232510 938.955799
 145.800000 -0.683581 1.939612 9.344990 1327.679768
 146.000000 -0.848522 2.275378 16.050642 1874.150792
 146.200000 -0.653699 1.837294 8.262757 1429.999608
 146.400000 -0.506054 1.403487 1.092499 3109.389492
 146.600000 -1.476094 1.474174 27.986907 94.516904
 146.800000 -1.905451 0.649932 21.511758 9.157340
 147.000000 -1.545507 0.187762 27.028299 315.038413
 147.200000 -1.261080 0.471638 27.996319 100.228004
 147.400000 -0.814978 1.412296 14.611352 1905.620648
 147.600000 -0.534081 2.441389 2.686651 3108.628014
 147.800000 -1.005955 2.474142 21.855650 959.461477
 148.000000 -0.447733 1.570017 -0.000000 0.000000
 148.200000 -1.271343 1.186141 28.092966 75.175138
 148.400000 -1.439427 0.747111 28.273155 32.366562
 148.600000 -1.289528 0.512291 28.230915 42.841507
 148.800000 -1.182250 0.716079 26.771496 447.869216
 149.000000 -1.925559 1.123867 21.490811 2.800208
 149.200000 -1.579888 1.044018 26.385072 428.328817
 149.400000 -0.437778 0.532899 -0.000000 0.000000
 149.600000 -1.231667 0.308302 27.647502 197.627630
 149.800000 -1.656393 0.779082 24.705125 478.814548
 150.000000 -1.423317 1.460152 28.356866 17.248808
 150.200000 -0.736205 1.834371 11.393044 1483.682273
 150.400000 -0.461511 2.093645 -0.000009 0.000015
 150.600000 -1.347724 2.300291 28.455279 2.009479
 150.800000 -2.059818 2.000036 21.920802 55.632761
 151.000000 -2.266159 2.853209 23.815429 55.184985
 151.200000 -2.962658 2.838920 19.185636 1025.466733
 151.400000 3.090955 2.797239 9.380849 2978.449269
 151.600000 -2.195802 2.691384 23.207542 94.238855
 151.800000 -1.781219 2.655302 22.527566 152.680171
 152.000000 -2.498731 2.051726 25.016547 26.983652
 152.200000 -2.129517 2.826450 22.545531 98.096130
 152.400000 -2.083048 2.863458 22.112955 72.339307
 152.600000 -2.358911 2.175457 24.360413 20.749886
 152.800000 -1.588866 2.616931 26.222116 451.324620
 153.000000 -1.254956 2.862919 27.946092 115.163115
 153.200000 -1.829356 2.007366 22.053630 72.730544
 153.400000 -2.263927 2.183828 23.809475 56.685440
 153.600000 -2.202268 3.081867 23.277135 91.625508
 153.800000 -2.371937 3.032464 24.421428 19.122030
 154.000000 3.110931 2.181003 10.427726 2669.514606
 154.200000 -2.905477 2.851984 20.803368 686.925171
 154.400000 -2.988401 3.134941 18.283453 1206.413668
 154.600000 -2.263216 2.742579 23.810816 57.081130
 154.800000 -1.536722 2.328692 27.238530 277.768602
 155.000000 -1.979489 1.776854 21.561696 3.725947
 155.200000 -1.828164 2.020997 22.090978 73.971751
 155.400000 -1.736959 2.731255 23.205090 259.711815
 155.600000 -2.713060 2.732644 24.588731 168.753718
 155.800000 3.060942 2.924537 7.657505 3457.755251
 156.000000 2.945941 2.806443 0.407315 3974.092266
 156.200000 -2.722664 2.735389 24.447135 193.954830
 156.400000 -2.400370 2.604086 24.554554 17.491021
 156.600000 -2.257031 2.717947 23.775434 60.646072
 156.800000 -2.153251 2.613896 22.808293 102.191276
 157.000000 -2.599660 2.348078 25.324186 0.040115
 157.200000 -2.188278 -3.040085 23.166431 97.264650
 157.400000 -2.554271 2.450302 25.242800 10.446655
 157.600000 -2.385618 2.698607 24.498947 17.295307
 157.800000 -1.973471 2.853079 21.583642 1.820757
 158.000000 -2.380577 2.495944 24.477922 17.516912
 158.200000 -2.562612 2.443388 25.265950 7.092728
 158.400000 -1.958914 -3.104779 21.583947 0.059320
 158.600000 -2.539616 2.498653 25.190077 14.807418
 158.800000 -2.389490 2.641335 24.523432 16.991619
 159.000000 -2.029132 3.139102 21.780678 28.095378
 159.200000 -2.117571 2.331188 22.475987 91.924056
 159.400000 -1.964886 1.907784 21.599818 0.421546
 159.600000 -1.429104 2.117866 28.359638 18.775184
 159.800000 -2.076144 2.575420 22.107593 64.567092
 160.000000 -2.887463 2.810066 21.204121 608.910840
 160.200000 -3.066013 3.111840 15.240215 1714.475198
 160.400000 2.996873 2.488224 3.635768 4206.905292
 160.600000 -2.637885 2.709365 25.211543 21.231006
 160.800000 -2.834088 2.859768 22.408465 445.911549
 161.000000 3.067122 2.836566 7.993892 3324.693773
 161.200000 -3.135918 2.717538 12.152587 2208.356282
 161.400000 -2.779959 2.962218 23.463778 331.933891
 161.600000 -3.021344 2.650227 17.003754 1435.246760
 161.800000 -2.620833 2.614063 25.268971 7.536665
 162.000000 -2.505677 2.776941 25.056529 19.828615
 162.200000 -2.678323 2.755723 24.915246 89.489412
 162.400000 -2.896331 2.827269 20.953497 645.919680
 162.600000 2.994068 3.060766 3.450679 4208.715658
 162.800000 -3.104053 2.856447 13.596850 1950.613855
 163.000000 -2.506281 2.725848 25.064222 19.233915
 163.200000 -2.017573 2.734493 21.782922 19.184080
 163.400000 -1.972697 2.456815 21.658024 1.358733
 163.600000 -2.190297 2.438269 23.234919 96.569698
 163.800000 -2.194155 2.799435 23.272716 95.299515
 164.000000 3.133817 2.743758 11.500658 2337.753162
 164.200000 2.967143 2.848694 1.714005 4045.063945
 164.400000 -2.769924 2.871519 23.620463 310.838294
 164.600000 -2.936570 2.389790 19.846404 858.112286
 164.800000 -2.425342 -3.096697 24.727088 16.645249
 165.000000 -2.855067 2.478660 21.923588 496.218222
 165.200000 -2.911760 2.855233 20.539374 717.742380
 165.400000 -3.034718 3.091391 16.464916 1527.903312
 165.600000 -3.107447 2.656273 13.427389 1970.409508
 165.800000 -1.964784 2.664719 21.677838 0.400471
 166.000000 -1.956908 2.481635 21.675040 0.006189
 166.200000 -2.271799 2.394000 23.972023 53.774964
 166.400000 -2.396223 2.950073 24.628240 16.110403
 166.600000 -2.822101 2.883362 22.618495 413.682001
 166.800000 3.098987 2.514988 9.732487 2772.204165
 167.000000 -2.616336 3.072590 25.276474 6.681035
 167.200000 -2.918530 2.581792 20.356029 751.300273
 167.400000 -2.848308 2.790871 22.064485 472.776241
 167.600000 -3.137330 2.938638 12.056213 2206.705203
 167.800000 2.955883 2.470358 1.007298 3868.571164
 168.000000 -2.619860 2.789230 25.268047 9.100066
 168.200000 -1.994723 2.933697 21.764917 7.573648
 168.400000 -2.031636 2.061616 21.913081 27.481445
 168.600000 -1.665399 2.064699 24.636634 443.267825
 168.800000 -1.959840 2.414029 21.711358 0.104514
 169.000000 -2.527089 2.971649 25.182741 13.528110
 169.200000 2.985454 2.716986 2.897822 4201.253689
 169.400000 -3.064245 2.671407 15.271524 1717.850128
 169.600000 -2.796609 2.882380 23.111012 360.741650
 169.800000 -2.916623 2.902964 20.412586 737.328698
 170.000000 -2.882484 2.496126 21.284318 577.601673
 170.200000 -2.377539 2.894691 24.590394 16.838720
 170.400000 -1.927079 2.839734 21.759921 3.167591
 170.600000 -2.090425 2.110930 22.345726 69.563289
 170.800000 -1.798151 2.316368 22.523561 107.428759
 171.000000 -1.841172 2.851428 22.146589 52.495315
 171.200000 -2.868658 2.542399 21.616481 522.274773
 171.400000 -2.938312 2.961482 19.812197 865.663618
 171.600000 -3.080841 2.934234 14.575670 1821.333493
 171.800000 -3.023737 2.361148 16.897847 1478.048421
 172.000000 -2.101326 2.772480 22.452425 75.806694
 172.200000 -1.897210 2.746742 21.864934 12.677348
 172.400000 -2.497133 2.191361 25.087211 16.826249
 172.600000 -2.609399 2.638567 25.302597 4.561094
 172.800000 3.110708 2.922401 10.333770 2593.650496
 173.000000 -2.866399 2.877393 21.673687 511.534832
 173.200000 -2.488521 2.536701 25.058501 16.966709
 173.400000 -2.139308 2.554146 22.827130 91.519393
 173.600000 -2.286417 2.610316 24.136034 46.500599
 173.800000 -2.367011 2.776328 24.571090 18.201752
 174.000000 -3.062891 2.866816 15.339451 1730.405162
 174.200000 -2.757216 3.081214 23.814026 278.945037
 174.400000 -2.719954 2.311632 24.389166 196.338518
 174.600000 -2.095838 2.525194 22.446483 70.018622
 174.800000 -1.777933 2.782548 22.770733 140.759188
 175.000000 -2.489637 2.372095 25.072687 16.439903
 175.200000 3.139808 2.770956 11.769011 2274.004654
 175.400000 2.958413 -2.964352 1.171253 3935.705377
 175.600000 3.043594 2.807485 6.595193 3674.477605
 175.800000 -2.716654 2.700584 24.436658 187.972990
 176.000000 -2.198695 3.125511 23.420407 89.663066
 176.200000 -2.270105 2.405376 24.043788 56.547142
 176.400000 -2.195117 2.437865 23.394588 89.979477
 176.600000 -2.020538 2.885164 21.978468 20.518231
 176.800000 -2.188414 2.763990 23.330759 91.317081
 177.000000 -2.667119 2.463381 24.998400 75.497181
 177.200000 -2.412174 3.020916 24.801689 14.831833
 177.400000 -2.548863 2.778514 25.300905 5.513333
 177.600000 -2.749483 2.490687 23.949268 260.572398
 177.800000 -2.508153 -3.032585 25.173407 13.584166
 178.000000 -2.937020 2.602193 19.902971 853.290751
 178.200000 -2.943579 2.742504 19.716962 898.225320
 178.400000 -2.828342 -3.103339 22.518351 403.061769
 178.600000 2.998730 2.719703 3.769904 4197.757893
 178.800000 -2.954595 2.625924 19.379663 977.870364
 179.000000 -2.717516 3.132011 24.434020 190.023939
 179.200000 2.919658 2.400817 -0.000018 0.000075
 179.400000 -2.901803 2.985899 20.881725 643.365630
 179.600000 -2.754221 2.818110 23.882247 269.918924
 179.800000 3.117376 2.603340 10.680365 2520.260910
 180.000000 -2.585242 3.049663 25.365929 0.037538
 180.200000 -2.937656 2.713688 19.917293 857.547786
 180.400000 -3.038504 2.755596 16.382225 1611.976950
 180.600000 -3.081464 3.037763 14.589359 1865.823067
 180.800000 3.075988 2.656722 8.492534 3121.153914
 181.000000 -2.853901 3.038482 22.008635 459.748904
 181.200000 -2.755846 2.691123 23.873284 271.455055
 181.400000 -2.679340 2.698940 24.914958 102.294756
 181.600000 -2.468043 3.035833 25.070376 15.102959
 181.800000 -2.707849 2.704735 24.585357 167.251525
 182.000000 -2.948735 2.784963 19.602288 936.430578
 182.200000 -3.115882 3.096123 13.077032 2081.938270
 182.400000 2.908193 2.797927 -0.000000 0.000000
 182.600000 -2.692293 3.052677 24.786039 130.354215
 182.800000 -2.810588 2.639615 22.911448 363.787786
 183.000000 -2.834600 2.957136 22.439883 409.493675
 183.200000 -3.051146 2.873083 15.902585 1708.919684
 183.400000 2.915739 2.827289 -0.000003 0.000002
 183.600000 -2.483525 2.853620 25.154601 14.327030
 183.800000 -2.031884 2.419446 22.122510 28.018628
 184.000000 -1.737708 2.093916 23.331438 225.882161
 184.200000 -1.881774 2.652983 22.013772 15.634463
 184.400000 -2.806957 2.698353 23.016868 355.643074
 184.600000 2.933243 2.996903 -0.011172 18.771813
 184.800000 3.072563 2.727153 8.317138 3183.543362
 185.000000 -2.869655 2.775367 21.731700 505.071933
 185.200000 -2.627302 2.885624 25.330778 18.149074
 185.400000 -3.121018 2.710016 12.865700 2129.653009
 185.600000 -3.124896 3.008070 12.686163 2156.921544
 185.800000 3.018624 2.921993 5.075083 4040.676786
 186.000000 -3.105443 2.481049 13.575765 2029.953978
 186.200000 -2.542397 3.089754 25.379494 5.740654
 186.400000 -2.882347 2.601614 21.478476 552.980729
 186.600000 -3.136524 2.652054 12.151889 2248.707494
 186.800000 -2.833526 -3.066578 22.536551 404.294751
 187.000000 2.990038 2.765124 3.238719 4235.273752
 187.200000 -2.991788 2.775973 18.272032 1296.359259
 187.400000 -2.834260 -3.101728 22.543050 404.161996
 187.600000 -2.908155 2.724868 20.862898 678.049010
 187.800000 -2.946788 2.716605 19.771538 934.112939
 188.000000 -2.830829 2.990977 22.611706 396.696746
 188.200000 -3.077550 2.757902 14.851597 1887.162597
 188.400000 3.052219 2.835295 7.175348 3539.029427
 188.600000 -3.052457 3.009154 15.921023 1743.340540
 188.800000 -2.762548 2.841790 23.876306 271.502229
 189.000000 -3.002436 2.639749 17.904346 1387.735982
 189.200000 -2.443188 -3.083563 25.069774 14.683910
 189.400000 -2.470178 2.662210 25.171995 13.991907
 189.600000 -2.577035 2.494269 25.458836 0.134174
 189.800000 -1.990830 3.130768 22.007142 9.670122
 190.000000 -2.426046 2.638064 25.003423 15.352767
 190.200000 -2.890902 2.666845 21.379225 588.146579
 190.400000 2.984214 3.076820 2.890090 4257.412350
 190.600000 2.971423 2.854701 2.058502 4181.266489
 190.800000 -2.821494 2.616810 22.868363 369.150282
 191.000000 -1.953982 2.938182 21.938609 0.855284
 191.200000 -1.825470 2.238862 22.350483 56.140147
 191.400000 -1.936942 2.056559 21.936446 0.009429
 191.600000 -1.863801 2.667241 22.115070 23.312341
 191.800000 -2.209498 2.842987 23.624399 82.086792
 192.000000 3.031663 2.854709 5.954793 3891.357619
 192.200000 3.111974 2.951717 10.523817 2619.362310
 192.400000 -2.329074 2.734192 24.566814 37.722593
 192.600000 -1.965747 2.108342 21.968806 3.008202
 192.800000 -1.316882 2.588297 28.097850 16.070437
 193.000000 -0.711991 2.344391 10.575076 1330.767862
 193.200000 -0.474876 1.557749 -0.026556 10.611950
 193.400000 -0.883315 1.158996 17.504149 1463.319883
 193.600000 -1.727327 0.752084 23.459883 238.160782
 193.800000 -1.812409 0.523405 22.455203 69.612738
 194.000000 -1.231567 0.860407 27.358447 196.598028
 194.200000 -1.638790 1.562455 25.099514 430.682526
 194.400000 -1.246869 1.802178 27.541123 139.045020
 194.600000 -0.463554 1.554734 -0.000457 0.037963
 194.800000 -0.505885 1.719289 1.525991 3121.103552
 195.000000 -0.896881 2.542813 18.001574 1354.776527
 195.200000 -0.844507 2.548114 15.930072 1721.237747
 195.400000 -0.641755 1.755078 8.031269 1381.545153
 195.600000 -1.451589 1.389615 27.980553 34.346646
 195.800000 -1.455449 0.834607 27.957155 39.264905
 196.000000 -0.776340 0.574972 13.055695 1717.092426
 196.200000 -1.624153 0.849504 25.390884 433.791447
 196.400000 -2.322874 1.127125 24.550329 42.874501
 196.600000 -2.025974 0.885040 22.212272 25.440430
 196.800000 -0.698346 0.573591 10.047967 1275.614987
 197.000000 -1.174800 0.718782 26.276919 506.245212
 197.200000 -1.371219 0.938434 28.147851 0.252092
 197.400000 -1.144893 1.074279 25.534204 683.006118
 197.600000 -1.395229 0.895105 28.142071 1.026307
 197.800000 -1.433671 0.686704 28.047883 16.360071
 198.000000 -1.389899 0.919635 28.146524 0.435360
 198.200000 -1.028551 1.069195 22.138177 882.808180
 198.400000 -1.335500 0.983282 28.081677 7.422330
 198.600000 -1.560728 0.913115 26.636863 323.868971
 198.800000 -0.982480 0.895600 20.767908 903.686979
 199.000000 -1.591750 1.297281 26.043494 402.135282
 199.200000 -1.779448 1.175300 22.766972 114.066213
 199.400000 -0.729086 0.328087 11.154919 1426.703139
 199.600000 -0.734688 0.135700 11.367803 1462.121290
 199.800000 -0.313504 -0.272377 -0.000000 0.000000
 200.000000 -0.766519 -0.299827 12.627051 1665.324727
 200.200000 -1.122233 0.346387 24.761285 791.873642
 200.400000 -1.613928 1.193737 25.451136 428.342152
 200.600000 -0.905973 1.233108 18.147432 1267.889049
 200.800000 -1.282283 0.888172 27.680384 53.770581
 201.000000 -1.173554 0.539295 26.080024 514.455856
 201.200000 -0.936291 0.513207 19.172845 1066.510949
 201.400000 -1.378729 0.545183 27.994420 0.017510
 201.600000 -1.390541 0.947083 27.991595 0.382894
 201.800000 -0.773395 1.172354 12.773434 1702.919202
 202.000000 -1.439753 1.117183 27.870373 20.876605
 202.200000 -1.719086 0.799985 23.434828 249.134000
 202.400000 -1.163385 0.415905 25.829974 576.480702
 202.600000 -0.569284 0.324226 4.793737 2395.908221
 202.800000 -1.407638 0.505318 27.968411 3.223683
 203.000000 -1.547715 0.729849 26.717070 283.057064
 203.200000 -0.987875 1.357361 20.759381 894.354219
 203.400000 -1.155434 2.176995 25.629544 623.711660
 203.600000 -0.430237 2.408421 -0.000000 0.000000
 203.800000 -1.394440 2.038609 27.983790 0.684034
 204.000000 -1.851702 1.253207 22.078122 26.533841
 204.200000 -1.567499 0.643878 26.360914 345.209651
 204.400000 -0.560939 0.300238 4.375432 2534.817221
 204.600000 -0.408573 -0.264142 -0.000000 0.000000
 204.800000 -0.570663 -0.561578 4.856539 2360.453310
 205.000000 -0.806213 -0.235576 14.144046 1799.580832
 205.200000 -1.220470 0.531254 26.951966 245.699314
 205.400000 -1.526766 1.238080 27.040429 214.472734
 205.600000 -0.770154 1.374877 12.630156 1690.419898
 205.800000 -0.664646 1.702692 8.681507 1259.885778
 206.000000 -0.770812 2.295318 12.657245 1693.857449
 206.200000 -0.941850 2.362579 19.328933 1030.830396
 206.400000 -0.484751 1.951834 0.252370 3443.854323
 206.600000 -0.466654 1.501096 -0.000827 0.122897
 206.800000 -0.585521 1.574415 5.558471 2082.753213
 207.000000 -1.643962 1.314027 24.813742 415.041256
 207.200000 -1.597966 0.791837 25.756985 411.508437
 207.400000 -0.549589 0.241216 3.804101 2707.484823
 207.600000 -0.313625 -0.261053 -0.000000 0.000000
 207.800000 -0.757388 -0.530802 12.108662 1619.768530
 208.000000 -0.740765 -0.105681 11.450762 1512.539254
 208.200000 -0.882760 0.616071 17.269308 1429.686196
 208.400000 -1.980588 1.293924 21.959519 8.423311
 208.600000 -1.956577 1.246069 21.905692 2.439051
 208.800000 -0.760159 1.040631 12.221914 1637.917033
 209.000000 -1.511573 1.154539 27.243678 166.772219
 209.200000 -2.125010 0.800992 22.801159 61.256622
 209.400000 -1.904805 0.147126 21.907743 2.628621
 209.600000 -0.517180 -0.578531 2.071255 3043.812169
 209.800000 0.000219 -0.642837 -0.000000 0.000000
 210.000000 1.370333 -0.860179 -0.000000 0.000000
