#! FIELDS time phi psi ves.bias ves.force2
#! SET min_phi -pi
#! SET max_phi pi
#! SET min_psi -pi
#! SET max_psi pi
 0.000000 -1.498385 0.273949 27.215882 148.921278
 0.200000 -0.350638 -0.439556 0.509926 75.659857
 0.400000 -0.536649 -0.568143 2.875439 385.613283
 0.600000 -0.628642 -0.192312 5.189986 964.006871
 0.800000 -1.021512 0.499164 21.059725 1245.830984
 1.000000 -1.105685 0.928536 23.816845 891.357350
 1.200000 -2.045805 1.310864 23.067001 24.651079
 1.400000 -1.277213 0.960669 27.373274 125.708780
 1.600000 -0.821173 0.458281 13.243688 1706.480497
 1.800000 -0.909193 0.022946 16.894864 1692.856767
 2.000000 -0.584986 -0.527912 4.471699 870.784960
 2.200000 -0.470793 -0.417786 1.828474 298.926436
 2.400000 -1.060020 0.206411 22.569250 1014.411560
 2.600000 -1.436063 0.899180 27.723473 41.208287
 2.800000 -1.222052 1.683764 26.563262 290.115206
 3.000000 -0.885192 1.895906 16.030298 1666.944434
 3.200000 -1.061797 2.257421 22.660091 982.692889
 3.400000 -0.865339 2.389267 15.330099 1677.215747
 3.600000 -0.709191 2.064823 9.021058 1484.473987
 3.800000 -0.895911 1.618033 16.575088 1634.755918
 4.000000 -1.220482 0.990550 26.560741 302.351993
 4.200000 -1.232786 0.279939 26.771559 268.453808
 4.400000 -0.561644 -0.283229 4.145471 785.594331
 4.600000 -0.271481 -0.273137 -0.026256 0.176427
 4.800000 -1.119291 0.117204 24.348212 679.482579
 5.000000 -0.810608 0.864202 13.212514 1701.409606
 5.200000 -1.609953 1.685629 25.464566 278.933592
 5.400000 -1.884085 1.921227 22.595525 2.772231
 5.600000 -1.848246 2.927041 22.697156 16.355900
 5.800000 -2.616890 2.955737 25.328695 24.738476
 6.000000 -2.926321 2.788625 20.247736 887.425617
 6.200000 -2.826640 2.921558 22.752426 452.627555
 6.400000 -3.037518 2.719912 16.200938 1900.343820
 6.600000 -2.655265 2.975085 25.068497 44.838708
 6.800000 -2.536590 2.849940 25.593505 6.857348
 7.000000 -2.785350 2.543050 23.554220 306.508997
 7.200000 -2.586493 2.988907 25.456793 15.716097
 7.400000 3.009559 2.844101 4.428316 1509.038629
 7.600000 -2.898445 2.864229 21.040743 747.230643
 7.800000 -2.915079 2.835918 20.573694 831.268977
 8.000000 -2.867230 2.770210 21.852255 609.090290
 8.200000 -2.858958 2.985571 22.167991 569.304265
 8.400000 -2.855021 3.000457 22.261213 552.014507
 8.600000 -3.137888 2.697687 11.160278 2962.624482
 8.800000 3.125595 2.921767 10.085666 2972.353465
 9.000000 -2.713382 2.926091 24.643884 107.627050
 9.200000 -2.166270 2.609389 23.483632 42.599153
 9.400000 -1.977816 2.261902 22.722482 6.699290
 9.600000 -1.823036 2.516195 22.719516 19.981862
 9.800000 -2.354164 2.654145 25.124296 65.984950
 10.000000 2.949559 2.850867 2.488159 676.060579
 10.200000 -3.110987 3.103754 12.660956 2897.527666
 10.400000 -3.120613 2.649149 12.140305 2950.918824
 10.600000 -3.006549 2.794261 17.731400 1749.034917
 10.800000 -2.233725 -3.120727 24.000373 76.646381
 11.000000 -2.536260 2.353257 25.662394 4.092787
 11.200000 -2.039143 2.731485 22.907889 9.903183
 11.400000 -2.079479 2.945214 23.046609 14.359109
 11.600000 -2.494382 2.234180 25.732130 0.032971
 11.800000 -2.746838 2.527320 24.381853 132.124045
 12.000000 -2.360054 -2.944091 25.148431 65.776802
 12.200000 -2.932685 2.508228 20.612788 1012.596913
 12.400000 3.058405 2.511035 6.706984 2369.176962
 12.600000 3.095625 -3.112149 8.605521 2803.686791
 12.800000 2.929561 2.856926 1.987639 554.842698
 13.000000 -2.301777 2.579390 24.637271 92.738125
 13.200000 -1.655629 2.621242 24.543863 287.032174
 13.400000 -2.395099 2.197814 25.462494 46.745214
 13.600000 -2.842478 2.894117 23.008497 410.623062
 13.800000 -3.082616 3.111961 14.344495 2660.952578
 14.000000 -3.124952 2.520726 12.093764 2952.021727
 14.200000 -2.483758 2.787741 25.852785 1.003591
 14.400000 -2.264114 2.874726 24.275174 93.826982
 14.600000 -2.297631 2.202810 24.607888 101.159368
 14.800000 -2.064391 2.393949 23.015343 11.281796
 15.000000 -1.780276 2.932776 22.925137 57.770379
 15.200000 -2.865591 2.723208 22.595993 520.447596
 15.400000 -3.107081 3.050119 13.223835 2821.102066
 15.600000 3.136783 2.735015 11.099061 2977.904603
 15.800000 3.029923 2.713875 5.581171 2073.746785
 16.000000 -3.047757 3.050144 16.220326 2241.668249
 16.200000 2.930763 2.685821 2.021927 697.067929
 16.400000 -2.827952 2.922778 23.407763 327.509348
 16.600000 -3.008555 2.736861 18.070560 1770.195352
 16.800000 3.008475 2.732896 4.695389 1779.634280
 17.000000 -3.094258 3.091357 13.993609 2729.698408
 17.200000 3.097736 2.420730 9.186879 2902.380999
 17.400000 -2.409892 3.084306 25.681855 40.793745
 17.600000 -1.719603 2.927108 23.553186 162.373783
 17.800000 -2.028133 1.457659 22.916851 12.681438
 18.000000 -1.153121 0.539735 25.064457 544.426658
 18.200000 -0.456465 -0.375378 1.455052 403.998419
 18.400000 -0.686794 -0.716479 8.268072 1326.231757
 18.600000 -0.601724 -0.277219 5.365645 1018.199783
 18.800000 -0.695168 0.221131 8.575014 1361.133449
 19.000000 -1.096578 0.373276 23.577585 770.295737
 19.200000 -1.108842 0.855789 23.882684 721.967526
 19.400000 -1.167549 1.462196 25.321629 482.265908
 19.600000 -0.806177 1.216411 12.970269 1730.267727
 19.800000 -1.045510 0.964419 22.041354 971.549711
 20.000000 -1.401864 0.881440 27.541040 8.505911
 20.200000 -1.143073 0.839883 24.744022 582.050041
 20.400000 -1.587694 0.922408 25.550845 258.807958
 20.600000 -1.217588 1.074241 26.281596 284.107632
 20.800000 -1.276536 1.187887 27.082546 105.490238
 21.000000 -1.522559 0.975766 26.515008 170.759040
 21.200000 -0.897405 0.489624 16.718539 1607.145469
 21.400000 -0.711348 0.125552 9.168496 1423.535002
 21.600000 -0.690502 -0.183463 8.393661 1340.254773
 21.800000 -0.667302 -0.393120 7.558602 1252.271435
 22.000000 -0.786992 -0.145883 12.161480 1687.788713
 22.200000 -0.626143 -0.001601 6.156234 1120.769500
 22.400000 -0.530807 0.220749 3.194760 793.869101
 22.600000 -1.102485 -0.127647 23.701224 749.396206
 22.800000 -0.588382 -0.431201 4.925423 1004.237379
 23.000000 -0.537947 -0.415563 3.397835 823.898935
 23.200000 -0.737403 -0.179688 10.218480 1526.424887
 23.400000 0.345493 -0.100557 -0.000000 0.000000
