#! FIELDS time phi psi ves.bias ves.force2
#! SET min_phi -pi
#! SET max_phi pi
#! SET min_psi -pi
#! SET max_psi pi
 0.000000 -1.498385 0.273949 25.037724 141.910265
 0.200000 -0.537984 -0.045605 0.016956 502.805543
 0.400000 -0.769446 0.027790 10.042224 1600.041568
 0.600000 -0.454037 -0.379720 -0.000000 0.000000
 0.800000 -0.620762 -0.829740 3.489099 2143.661275
 1.000000 -0.568659 -0.008879 1.192080 1663.446302
 1.200000 -1.377418 0.854835 25.898020 3.969848
 1.400000 -1.059145 1.396480 20.831245 825.101075
 1.600000 -0.545216 1.517430 0.559864 1589.136427
 1.800000 -0.589687 1.999939 2.487513 2171.192928
 2.000000 -1.283498 2.713382 25.502055 112.430103
 2.200000 -2.002842 2.497570 21.501314 10.527975
 2.400000 2.955322 2.218442 0.554924 1716.981303
 2.600000 -2.990730 -3.114055 16.536817 1210.794733
 2.800000 2.932044 2.864289 -0.013729 8.247506
 3.000000 -2.670633 2.352396 23.864504 63.582891
 3.200000 -0.755698 2.756254 10.148853 1456.483839
 3.400000 -0.850142 1.795340 13.601851 1345.268548
 3.600000 -0.980427 0.958798 18.478437 1280.992245
 3.800000 -1.822434 0.749420 21.001348 0.550366
 4.000000 -1.980780 0.179279 21.412138 10.311409
 4.200000 -1.151577 0.218007 23.315493 455.152711
 4.400000 -0.723679 0.717669 8.928058 1689.589568
 4.600000 -0.644656 1.803150 5.338888 2392.044882
 4.800000 -0.776778 2.891602 10.976480 1339.558627
 5.000000 -1.451204 2.345785 25.534489 97.504153
 5.200000 -2.035848 1.422163 21.591201 10.954341
 5.400000 -1.117057 0.361188 22.575326 556.478598
 5.600000 -0.531879 -0.218275 0.153095 1638.844526
 5.800000 -0.653715 -0.592738 5.839248 2367.725475
 6.000000 -0.983667 -0.216500 18.617958 1268.014067
 6.200000 -0.631912 0.269032 4.816690 2441.229202
 6.400000 -0.570802 0.613988 1.865713 2064.768641
 6.600000 -1.720752 1.055253 21.600368 120.124489
 6.800000 -0.949570 1.156649 17.422927 1371.151511
 7.000000 -0.805669 1.915575 12.154304 1278.256839
 7.200000 -0.578104 2.503714 2.308764 2160.055007
 7.400000 -0.975693 2.177041 18.426799 1258.405216
 7.600000 -0.575162 1.603683 2.172553 2126.391913
 7.800000 -1.746557 1.433447 21.372818 65.278236
 8.000000 -1.726412 0.747305 21.558161 106.134329
 8.200000 -0.531157 0.143348 0.391031 1676.721044
 8.400000 -0.684896 -0.581239 7.514667 2002.272983
 8.600000 -1.069884 -0.375074 21.430127 716.393504
 8.800000 -0.565575 0.215649 1.851719 2036.624045
 9.000000 -1.029773 0.787105 20.283102 927.591197
 9.200000 -2.073712 1.256323 21.619486 13.858979
 9.400000 -1.379269 1.518136 25.899318 1.386418
 9.600000 -0.560394 1.240030 1.735305 2001.260793
 9.800000 -0.848016 1.498963 13.918990 1361.673385
 10.000000 -1.146184 1.739514 23.222866 436.514571
 10.200000 -0.942599 1.614143 17.516756 1291.764997
 10.400000 -1.030273 1.266750 20.387563 839.431020
 10.600000 -1.868274 1.258361 21.207157 2.662605
 10.800000 -1.488259 0.846688 25.143127 137.205573
 11.000000 -0.662397 0.433562 6.685365 2113.881094
 11.200000 -0.476756 -0.359364 -0.000007 0.000004
 11.400000 -0.548066 -0.762653 1.403376 1909.812484
 11.600000 -0.490438 0.007010 -0.000289 0.006301
 11.800000 -1.578397 0.618173 23.841330 276.953429
 12.000000 -1.824320 1.566591 21.207592 0.048289
 12.200000 -1.406519 2.126798 25.784284 15.383703
 12.400000 -0.824924 2.497037 13.284576 1386.208905
 12.600000 -0.568544 2.057144 2.469942 2174.717525
 12.800000 -0.837085 1.638030 13.738221 1396.831858
 13.000000 -1.531331 0.993155 24.597431 207.475401
 13.200000 -0.891070 -0.144419 15.831191 1404.030769
 13.400000 -0.424390 -0.611834 -0.000000 0.000000
 13.600000 -0.533282 -0.650080 1.029394 1824.814354
 13.800000 -0.747543 0.164146 10.456799 1426.026126
 14.000000 -1.087390 0.937141 21.930396 560.507566
 14.200000 -1.438639 1.409507 25.616463 39.487611
 14.400000 -1.278523 0.877744 25.368417 102.692878
 14.600000 -1.724293 0.525696 21.692100 90.354236
 14.800000 -1.601862 0.964702 23.516562 306.605357
 15.000000 -1.173911 1.462858 23.784338 368.246672
 15.200000 -1.734189 1.576085 21.620934 69.558668
 15.400000 -1.748901 1.080093 21.511060 43.637825
 15.600000 -0.871303 0.154149 15.211601 1440.040635
 15.800000 -0.804419 -0.357888 12.684618 1388.497258
 16.000000 -0.887412 -0.081210 15.820745 1416.358528
 16.200000 -0.905539 0.374717 16.549454 1358.330947
 16.400000 -1.621062 1.199565 23.249915 317.301275
 16.600000 -1.725066 1.537185 21.729937 90.654940
 16.800000 -0.924652 0.686817 17.243699 1276.719908
 17.000000 -1.301202 0.498820 25.588241 57.596039
 17.200000 -0.683824 0.199779 8.281808 1596.093898
 17.400000 -1.442399 0.540235 25.686959 35.610726
 17.600000 -1.168328 1.087513 23.723804 385.897763
 17.800000 -0.830863 1.575788 13.780916 1435.360335
 18.000000 -1.084191 1.497597 21.912689 541.391747
 18.200000 -1.394755 1.163047 25.914927 2.936577
 18.400000 -1.145248 0.408677 23.286931 431.142895
 18.600000 -0.862414 0.418502 15.046728 1468.151558
 18.800000 -1.584420 0.801862 23.996257 308.746073
 19.000000 -1.302614 1.131020 25.668102 55.277601
 19.200000 -1.183529 1.252439 24.084604 354.431610
 19.400000 -1.492035 1.147624 25.389221 112.376927
 19.600000 -1.521213 0.866630 25.039389 178.387233
 19.800000 -1.149770 0.818001 23.418848 420.393830
 20.000000 -1.478198 1.122021 25.526724 86.016509
 20.200000 -1.241679 1.076370 25.109703 202.961419
 20.400000 -1.450751 0.844593 25.823177 45.019189
 20.600000 -1.372258 0.935473 26.064857 0.298547
 20.800000 -1.397172 0.878699 26.049435 3.132466
 21.000000 -1.493022 1.008967 25.452888 117.553050
 21.200000 -1.259795 0.937867 25.428443 157.016680
 21.400000 -0.880291 0.815276 15.915990 1505.588801
 21.600000 -1.629691 1.223005 23.282004 361.771347
 21.800000 -1.649141 0.947824 22.918933 331.697478
 22.000000 -0.832104 0.720890 14.028419 1526.735390
 22.200000 -1.611131 1.082695 23.703805 383.364339
 22.400000 -0.746143 0.914238 10.812250 1344.921761
 22.600000 -1.478284 1.412176 25.766392 88.437337
 22.800000 -1.431934 0.913943 26.096376 24.092624
 23.000000 -0.659687 0.513610 7.528335 1681.411591
 23.200000 -1.501275 0.827383 25.612605 138.693083
 23.400000 -1.513936 0.997355 25.455086 171.743718
 23.600000 -1.003591 1.156990 20.230089 761.073135
 23.800000 -1.173946 0.945803 24.127323 395.585300
 24.000000 -1.706366 0.925926 22.066568 192.479643
 24.200000 -1.181256 0.864956 24.325378 387.679145
 24.400000 -1.198062 0.909488 24.648229 349.306282
 24.600000 -1.590767 1.186931 24.257507 385.871019
 24.800000 -1.714963 1.063475 21.982336 176.720312
 25.000000 -1.174848 0.901445 24.198182 400.279430
 25.200000 -1.431713 0.836100 26.382888 22.455003
 25.400000 -1.722388 1.035517 21.921391 166.331867
 25.600000 -0.930145 0.993062 18.024587 1276.500907
 25.800000 -1.779094 1.149452 21.388425 37.635331
 26.000000 -1.260004 1.056316 25.724842 175.877648
 26.200000 -1.647701 0.839319 23.268913 420.407434
 26.400000 -1.757733 0.963978 21.559573 82.325471
 26.600000 -0.995152 1.104669 20.159632 800.311759
 26.800000 -0.916988 1.108925 17.595641 1383.496704
 27.000000 -1.782475 1.280105 21.370299 39.807211
 27.200000 -1.592948 1.063509 24.512767 420.014512
 27.400000 -1.072254 0.883195 22.149385 521.973554
 27.600000 -1.786469 1.453233 21.355475 41.061378
 27.800000 -1.518861 1.262937 25.804739 185.987662
 28.000000 -1.170644 0.525163 24.296322 425.591736
 28.200000 -1.256721 0.452869 25.897569 193.853162
 28.400000 -0.834868 0.640274 14.392775 1689.695982
 28.600000 -1.635254 1.387783 23.709832 468.649548
 28.800000 -2.064535 1.769472 20.730666 5.389352
 29.000000 -1.876427 2.145341 21.022751 6.180802
 29.200000 -2.306158 2.818302 22.091511 30.857733
 29.400000 2.901832 2.728224 -0.000002 0.000000
 29.600000 -2.856388 2.946647 19.510848 733.356568
 29.800000 -2.688786 2.669019 22.465309 72.759526
 30.000000 -2.677319 2.613974 22.557965 58.451136
 30.200000 -2.560822 2.985576 23.001323 1.214327
 30.400000 -2.627248 2.572315 22.815559 20.115900
 30.600000 -2.571089 2.603810 22.987257 2.677563
 30.800000 -2.552026 2.993274 23.008974 0.405361
 31.000000 -3.116897 2.650620 10.442046 2296.973018
 31.200000 -2.868101 3.102895 19.119429 790.623830
 31.400000 3.106364 2.845984 7.267047 3066.108984
 31.600000 3.136058 2.678210 8.872217 2748.506952
 31.800000 3.031040 2.879108 3.127824 2650.445587
 32.000000 -2.976649 2.983331 15.788843 1051.552727
 32.200000 -3.114775 2.603733 10.464125 2264.131961
 32.400000 -3.031689 -3.096850 13.893423 1290.832832
 32.600000 2.956069 2.954394 -0.025961 11.489795
 32.800000 -2.624211 2.579057 22.780069 19.797800
 33.000000 -1.860681 2.796956 21.062409 13.071905
 33.200000 -2.460081 2.423874 22.768980 18.510977
 33.400000 -2.721950 2.828634 22.014423 130.782605
 33.600000 3.031553 3.108477 3.118032 2657.590147
 33.800000 3.048645 2.739173 4.021526 2917.489847
 34.000000 -2.162610 2.700571 20.999812 45.007344
 34.200000 -1.784727 2.399198 21.487926 76.100491
 34.400000 -1.757356 1.949609 21.770535 144.470249
 34.600000 -2.037459 2.485523 20.484406 0.119890
 34.800000 -2.462580 2.901145 22.755551 18.996802
 35.000000 2.970472 2.809614 0.378665 1491.561476
 35.200000 3.012419 2.727425 2.167062 2287.244024
 35.400000 -3.086515 3.022446 11.691341 1834.319329
 35.600000 -2.834920 2.669773 19.951451 611.445445
 35.800000 -3.125206 2.881087 9.917601 2388.423968
 36.000000 -2.992665 3.057982 15.188483 1119.582397
 36.200000 -3.090035 2.747755 11.539173 1874.637668
 36.400000 3.118066 2.669174 7.865050 2905.071761
 36.600000 -2.993361 3.096874 15.168066 1128.352191
 36.800000 -3.052569 2.691249 13.062251 1461.976433
 37.000000 -2.543980 2.938390 22.907590 0.010954
 37.200000 -2.812430 2.675511 20.460940 465.947773
 37.400000 -3.117437 2.908275 10.313515 2259.132601
 37.600000 -2.727757 2.756250 21.858924 140.313777
 37.800000 -2.758622 2.511563 21.445042 227.137238
 38.000000 -2.950972 2.849119 16.578161 1027.931580
 38.200000 -3.078177 -3.101729 12.083053 1725.633339
 38.400000 -2.890251 2.613440 18.469406 853.120245
 38.600000 -2.378100 2.778873 22.159038 38.911995
 38.800000 -2.097912 2.625054 20.478967 12.254320
 39.000000 -2.389702 2.463325 22.231739 39.526788
 39.200000 -2.517749 2.838428 22.843365 3.889089
 39.400000 -2.920350 2.853375 17.580038 948.891644
 39.600000 3.022501 2.721683 2.713908 2551.737750
 39.800000 -2.684498 -3.115755 22.284014 69.064870
 40.000000 -2.486973 2.420488 22.752273 15.145629
 40.200000 -1.995661 2.631009 20.482246 13.205161
 40.400000 -2.062584 2.729645 20.366429 0.392450
 40.600000 -2.736594 2.507753 21.747832 157.814600
 40.800000 3.035949 3.018633 3.432943 2799.592669
 41.000000 3.004573 3.043383 1.860029 2196.396606
 41.200000 2.994922 2.470236 1.445170 2000.134411
 41.400000 -2.774518 3.051684 21.196947 275.093566
 41.600000 -2.967374 3.021163 16.126095 1053.451570
 41.800000 3.091268 2.631048 6.523300 3111.306657
 42.000000 -2.540106 2.915442 22.875677 0.414394
 42.200000 -2.345909 2.775283 21.859854 38.585129
 42.400000 -2.219116 2.401957 21.096182 42.290703
 42.600000 -1.999420 2.731120 20.453017 12.684536
 42.800000 -2.439343 2.693098 22.476450 40.565710
 43.000000 -2.967432 2.740016 16.144709 1057.602978
 43.200000 3.131347 2.878772 8.780710 2688.171217
 43.400000 -2.881598 2.916459 18.801601 791.548535
 43.600000 -2.592853 2.581581 22.823513 9.517605
 43.800000 -2.248112 2.775783 21.266530 38.155316
 44.000000 -2.176812 2.625658 20.801736 43.029181
 44.200000 -2.494061 2.616233 22.780074 17.486459
 44.400000 -2.664895 2.831748 22.447994 54.756710
 44.600000 -2.987249 2.955523 15.533018 1114.205331
 44.800000 -2.831344 2.973705 20.111807 522.511911
 45.000000 -2.641140 2.760294 22.608233 37.101707
 45.200000 -2.745294 2.722714 21.656929 170.295501
 45.400000 -2.856830 2.782628 19.517526 656.274317
 45.600000 3.006067 2.828670 2.102289 2362.756337
 45.800000 -2.644956 2.934673 22.598457 40.642229
 46.000000 -2.546260 2.438799 22.916713 0.162380
 46.200000 -2.063628 2.687053 20.293296 0.339795
 46.400000 -2.236558 2.722193 21.179881 39.430266
 46.600000 -2.638152 2.614112 22.670340 35.734878
 46.800000 3.065003 3.031565 5.276932 3122.623210
 47.000000 -3.054573 -3.029629 13.195823 1433.449522
 47.200000 -2.760587 2.411964 21.501177 211.208513
 47.400000 -2.005609 2.721275 20.365750 10.158027
 47.600000 -2.064445 2.653706 20.283591 0.549095
 47.800000 -2.309308 2.571023 21.604042 32.084830
 48.000000 -3.006469 2.806094 14.942424 1182.506332
 48.200000 3.018638 -3.083123 2.829547 2675.055775
 48.400000 -2.837335 2.459689 20.085763 546.755405
 48.600000 -2.505347 2.554400 22.872917 18.091300
 48.800000 -2.088180 2.849655 20.323761 7.461591
 49.000000 -2.602880 2.383023 22.901886 13.275345
 49.200000 -2.868601 2.774830 19.331362 719.709332
 49.400000 2.905596 3.068503 -0.000002 0.000000
 49.600000 -2.817420 2.831629 20.557050 437.249646
 49.800000 -2.406100 2.480770 22.223464 55.687715
 50.000000 -1.941107 2.727156 20.595731 15.582051
 50.200000 -2.107290 2.647843 20.405153 18.078311
 50.400000 -2.767061 2.560996 21.494542 225.958133
 50.600000 -2.908636 -3.103667 18.224882 923.908494
 50.800000 3.077619 2.998643 6.126866 3113.280110
 51.000000 -2.812009 2.593251 20.707484 405.647415
 51.200000 -2.216309 2.869991 21.082319 39.584778
 51.400000 -1.940705 2.489624 20.573978 13.155058
 51.600000 -2.332466 2.332542 21.722979 32.474831
 51.800000 -2.308866 2.875401 21.594036 27.859560
 52.000000 -2.920986 2.936105 17.886644 982.406853
 52.200000 3.065568 2.745636 5.522287 3134.269666
 52.400000 -2.570898 3.080140 23.083664 0.582399
 52.600000 -2.214955 2.441114 21.087604 39.537172
 52.800000 -2.056212 2.267042 20.300834 0.360790
 53.000000 -1.801886 2.753391 21.118657 58.751839
 53.200000 -2.868844 2.707425 19.496477 718.783507
 53.400000 -3.000339 -3.135040 15.305802 1221.030431
 53.600000 -3.008722 2.996511 15.011603 1242.769097
 53.800000 -2.980237 2.486567 16.001503 1175.224444
 54.000000 -2.740128 2.973666 21.956315 150.275001
 54.200000 -2.784072 2.902625 21.362586 268.680770
 54.400000 3.023628 2.503318 3.273986 2852.540780
 54.600000 -2.949497 3.065666 17.078230 1105.921322
 54.800000 3.134041 2.862267 9.266010 2487.832028
 55.000000 -2.592349 2.761942 23.100282 6.205754
 55.200000 -1.885846 2.609137 20.701099 6.428791
 55.400000 -1.993697 2.318789 20.394550 6.751511
 55.600000 -2.196598 2.470953 21.024238 43.314563
 55.800000 -2.626018 -3.106156 23.001515 26.340292
 56.000000 3.010615 2.641872 2.625450 2661.494284
 56.200000 -2.919313 2.818780 18.145339 1000.283139
 56.400000 -2.862450 2.820819 19.792211 668.199105
 56.600000 -3.081214 2.955159 12.380216 1640.634247
 56.800000 -2.810489 2.854000 20.964412 370.893548
 57.000000 -3.139200 2.770200 9.819603 2323.043074
 57.200000 -3.012904 3.052947 14.999870 1293.020062
 57.400000 -3.121897 2.851841 10.667592 2082.376133
 57.600000 -2.862498 2.881108 19.840346 662.698904
 57.800000 -2.738324 2.962397 22.101275 141.785605
 58.000000 -2.843099 2.607052 20.315889 541.365802
 58.200000 -2.819470 2.927324 20.872968 402.865236
 58.400000 2.922483 2.832234 -0.000098 0.000586
 58.600000 -2.603030 2.762671 23.186584 9.589723
 58.800000 -2.045597 2.609578 20.346031 0.049454
 59.000000 -1.973237 2.328354 20.465743 7.561457
 59.200000 -2.227253 2.640571 21.263396 34.006207
 59.400000 -2.870011 2.727523 19.749584 697.513417
 59.600000 3.042180 -3.097866 4.469266 3116.366846
 59.800000 3.008676 2.850678 2.651146 2709.660552
 60.000000 -2.196694 2.662159 21.071823 44.155898
 60.200000 -1.932038 2.312539 20.576760 4.675968
 60.400000 -1.852599 2.621396 20.724251 6.012913
 60.600000 -2.668321 2.674688 22.885422 59.389565
 60.800000 2.862600 2.739594 -0.000000 0.000000
 61.000000 -2.648938 2.996767 23.023481 42.397206
 61.200000 -2.211671 2.446997 21.195923 38.768543
 61.400000 -1.758928 2.286422 21.359877 180.052760
 61.600000 -2.428798 2.266317 22.422777 74.474812
 61.800000 -2.551102 3.084258 23.277204 6.734285
 62.000000 3.026128 2.904000 3.647235 3005.283546
 62.200000 3.043139 2.374995 4.624902 3161.880633
 62.400000 -1.930030 3.005476 20.590566 3.521599
 62.600000 -2.174842 2.422330 20.969401 47.857725
 62.800000 -2.301406 1.972350 21.651403 16.301908
 63.000000 -2.130708 2.536429 20.675866 36.449844
 63.200000 -1.998221 -3.035249 20.451095 3.857153
 63.400000 3.076520 2.364413 6.544563 3135.178192
 63.600000 2.972738 2.857908 1.000947 2014.488385
 63.800000 -2.921373 3.025884 18.460961 1000.447937
 64.000000 -2.405247 2.535483 22.229485 61.153895
 64.200000 -1.704586 2.450542 22.259896 465.319561
 64.400000 -2.180379 2.426340 21.057572 47.624997
 64.600000 -2.856934 2.643211 20.315683 578.340865
 64.800000 3.075855 2.955519 6.549878 3142.225780
 65.000000 3.067751 2.608132 6.093935 3186.446499
 65.200000 -2.169828 2.797869 21.007503 48.434067
 65.400000 -1.904637 2.469013 20.642900 0.934140
 65.600000 -2.037317 2.286975 20.442204 0.000573
 65.800000 -2.381509 2.951483 22.063906 42.200610
 66.000000 2.987912 2.714715 1.773233 2425.147154
 66.200000 -2.549336 2.890081 23.367805 12.798361
 66.400000 -1.890847 2.588700 20.655129 0.462758
 66.600000 -2.060996 2.240377 20.483509 2.945396
 66.800000 -2.292573 2.549443 21.680687 11.617073
 67.000000 3.105483 2.868571 8.266047 2835.490315
 67.200000 2.999772 2.931061 2.440411 2725.880720
 67.400000 -2.510550 2.890638 23.165115 54.305514
 67.600000 -2.079531 2.499568 20.554165 10.432665
 67.800000 -2.119645 2.534461 20.739312 34.132681
 68.000000 -2.401481 2.720426 22.215588 55.889374
 68.200000 -2.919447 2.772310 18.734457 987.422923
 68.400000 3.069219 2.796635 6.354415 3195.280099
 68.600000 -2.935724 2.851415 18.210274 1084.892506
 68.800000 -2.979650 2.485495 16.695987 1275.575026
 69.000000 -2.623794 2.862856 23.376067 18.541808
 69.200000 -2.742617 2.679525 22.413944 132.659405
 69.400000 -2.912604 2.559529 18.991358 941.458387
 69.600000 -2.866509 2.911144 20.275916 616.885321
 69.800000 2.993670 2.802223 2.192880 2654.263252
 70.000000 -2.578379 2.635853 23.486281 0.387201
 70.200000 -2.065593 2.535800 20.589159 7.472385
 70.400000 -2.403270 2.463682 22.242406 53.935175
 70.600000 -2.553543 2.806689 23.452519 13.407451
 70.800000 3.111915 2.637916 8.776047 2720.707559
 71.000000 3.018885 2.860797 3.585974 3090.658946
 71.200000 -2.769027 2.872703 22.147130 171.334759
 71.400000 -2.346423 2.468747 21.950088 11.804785
 71.600000 -2.055638 2.651743 20.585132 4.764744
 71.800000 -2.419889 2.776577 22.378897 69.168891
 72.000000 -2.742849 2.846647 22.466272 129.559787
 72.200000 -2.598167 2.846575 23.548565 1.990684
 72.400000 -2.901453 2.831205 19.474609 851.956567
 72.600000 3.093344 2.868503 7.871808 2950.926311
 72.800000 3.082851 2.881641 7.295808 3071.757594
 73.000000 -2.839161 2.994152 21.027322 423.073753
 73.200000 -2.759557 2.700860 22.333196 149.118046
 73.400000 -2.745265 2.869729 22.501463 129.075758
 73.600000 -2.641448 2.936259 23.417545 32.773447
 73.800000 2.911500 2.494721 -0.000026 0.000044
 74.000000 2.913131 2.835872 -0.000040 0.000104
 74.200000 -2.386086 3.109148 22.171683 32.187164
 74.400000 -2.288543 2.029901 21.887951 3.511162
 74.600000 -1.722864 1.583608 21.686491 337.737833
 74.800000 -1.257702 1.149275 25.634820 202.309194
 75.000000 -1.350089 0.821663 26.433600 13.448361
 75.200000 -1.655096 0.751610 23.177854 612.902763
 75.400000 -1.582553 0.910376 24.879194 415.305326
 75.600000 -0.669858 0.941249 6.609925 1534.836669
 75.800000 -0.768287 1.390642 10.569577 1786.725874
 76.000000 -1.026712 1.857053 20.478307 707.765848
 76.200000 -0.721608 2.063570 8.615034 1607.578355
 76.400000 -0.991389 2.116595 19.454474 885.575871
 76.600000 -0.570341 2.068290 2.625940 1572.228604
 76.800000 -0.464549 1.875524 -0.000022 0.000029
 77.000000 -0.627587 1.683455 4.908626 1573.524608
 77.200000 -1.330666 1.654690 26.253725 30.558123
 77.400000 -1.742617 0.802605 21.300111 227.982290
 77.600000 -1.789086 0.429925 20.783868 52.436253
 77.800000 -1.618262 0.414576 24.040101 561.811492
 78.000000 -1.592766 1.346515 24.617487 458.043229
 78.200000 -0.845133 1.696502 13.832289 1940.436571
 78.400000 -0.891982 2.045301 15.846069 1712.882096
 78.600000 -1.206191 2.621031 24.620094 396.821341
 78.800000 -0.671187 2.337843 6.570684 1528.578542
 79.000000 -0.285423 1.332361 -0.000000 0.000000
 79.200000 -1.171052 1.274910 23.845829 498.460980
 79.400000 -1.039732 0.713529 20.700342 662.375431
 79.600000 -0.594741 -0.115358 3.537551 1574.618480
 79.800000 -0.403520 -0.828292 -0.000000 0.000000
 80.000000 -0.402526 -0.394871 -0.000000 0.000000
 80.200000 -1.014704 0.400007 20.010344 754.959917
 80.400000 -1.429770 1.153733 26.303550 4.579649
 80.600000 -1.295323 1.084807 25.907419 91.170902
 80.800000 -1.176987 0.825487 23.952780 485.183890
 81.000000 -1.601653 0.724505 24.380463 483.832194
 81.200000 -0.921978 0.925817 16.969991 1456.612330
 81.400000 -1.637627 1.368755 23.530801 592.330426
 81.600000 -1.766234 1.134489 20.946072 125.697364
 81.800000 -1.136600 0.748959 23.007238 553.366520
 82.000000 -0.933437 0.182776 17.399396 1352.035684
 82.200000 -0.631581 -0.401458 4.946482 1532.738813
 82.400000 -0.550456 -0.431048 1.773977 1449.768957
 82.600000 -0.928678 0.183086 17.200968 1394.567593
 82.800000 -1.234494 0.764928 25.058093 292.468699
 83.000000 -1.108693 1.349747 22.323479 574.035267
 83.200000 -1.502262 1.502023 25.875027 72.937633
 83.400000 -1.092237 1.035656 21.907553 586.122450
 83.600000 -1.668283 0.761835 22.772857 583.471144
 83.800000 -1.532856 0.934470 25.553654 158.100243
 84.000000 -0.865997 1.008201 14.636266 1866.573559
 84.200000 -0.600463 1.483397 3.706999 1533.856980
 84.400000 -0.821405 2.176169 12.661499 1953.112041
 84.600000 -1.117267 2.595654 22.496099 576.661660
 84.800000 -0.876862 2.383984 15.086909 1807.615525
 85.000000 -0.613101 1.539372 4.201734 1529.847884
 85.200000 -0.768206 1.175760 10.337797 1789.912560
 85.400000 -1.525929 0.974493 25.615188 128.308614
 85.600000 -0.812042 0.350864 12.236058 1941.788372
 85.800000 -0.964373 -0.124301 18.400481 1071.227709
 86.000000 -0.552840 -0.337479 1.858973 1442.475337
 86.200000 -0.688425 -0.145280 7.111529 1505.509451
 86.400000 -1.095849 0.583267 21.952695 593.206869
 86.600000 -1.472097 1.418351 26.030280 25.271290
 86.800000 -1.024588 1.324891 20.158746 713.261488
 87.000000 -1.354959 0.834683 26.157155 7.521290
 87.200000 -1.518490 0.587489 25.672613 102.595544
 87.400000 -0.991824 0.880736 19.228124 872.306989
 87.600000 -1.393128 1.127873 26.193857 0.001141
 87.800000 -0.847516 0.764478 13.782084 1933.613718
 88.000000 -1.317499 0.385264 25.981673 39.997115
 88.200000 -0.580451 -0.071809 2.932431 1501.238146
 88.400000 -0.629292 -0.128546 4.826111 1489.762400
 88.600000 -0.851618 -0.078868 13.952548 1922.497559
 88.800000 -0.495978 0.060606 -0.027307 1.974361
 89.000000 -0.626858 -0.073630 4.732151 1491.812809
 89.200000 -0.913359 -0.126932 16.529365 1519.206981
 89.400000 -0.858682 0.100445 14.256018 1896.101985
 89.600000 -0.606694 0.153547 3.957220 1501.262628
 89.800000 -1.215336 0.524044 24.669450 366.640041
 90.000000 -1.194119 1.024615 24.240971 447.736062
 90.200000 -0.821462 1.302517 12.615218 1952.055778
 90.400000 -0.486225 1.624329 -0.005083 1.457949
 90.600000 -1.306950 2.350777 25.895343 54.285560
 90.800000 -0.586135 2.430124 3.169398 1499.142632
 91.000000 -0.521666 1.986950 0.740566 1277.521588
 91.200000 -0.906456 1.235029 16.253073 1573.686403
 91.400000 -1.460401 0.652407 26.026708 15.544157
 91.600000 -0.545458 -0.032390 1.623154 1407.098726
 91.800000 -0.498815 -0.375646 -0.014494 117.140471
 92.000000 -0.953389 0.030128 17.984324 1154.183008
 92.200000 -0.791952 0.535608 11.329701 1876.214927
 92.400000 -1.324104 1.067162 25.999033 26.980002
 92.600000 -1.696866 1.237322 22.034663 513.790122
 92.800000 -1.002221 0.674610 19.499926 813.206809
 93.000000 -1.393518 0.593882 26.148892 0.044012
 93.200000 -1.152663 1.075488 23.317349 564.995928
 93.400000 -1.212051 0.991192 24.621836 378.571234
 93.600000 -1.156850 0.706078 23.416511 557.055036
 93.800000 -1.578235 0.621237 24.777690 345.805054
 94.000000 -1.164337 1.029412 23.591960 540.749301
 94.200000 -1.236997 1.581063 25.084558 269.465693
 94.400000 -0.743975 1.207630 9.324240 1654.273700
 94.600000 -1.782115 1.071587 20.594445 87.942666
 94.800000 -1.396501 0.676559 26.138581 0.210628
 95.000000 -1.039487 0.793357 20.512706 680.803394
 95.200000 -1.540071 1.191431 25.372670 167.998820
 95.400000 -1.184706 0.751107 24.085322 483.168825
 95.600000 -0.660336 0.177031 6.078170 1442.082283
 95.800000 -0.546230 -0.636433 1.704836 1420.588939
 96.000000 -0.483535 -0.584444 -0.003698 0.821808
 96.200000 -0.983532 0.274806 18.953537 927.919693
 96.400000 -1.647401 1.208038 23.203236 627.930556
 96.600000 -1.724765 1.592167 21.395479 375.930320
 96.800000 -1.745219 1.603466 21.032505 256.990747
 97.000000 -1.991602 1.809028 20.385773 2.043245
 97.200000 -1.768918 2.266250 20.692412 141.649693
 97.400000 -2.398801 2.886993 22.221383 26.639099
 97.600000 -3.088684 2.990077 13.064355 1679.934576
 97.800000 -3.072323 3.139026 13.728331 1619.338077
 98.000000 -2.842448 2.693685 21.595419 408.201050
 98.200000 -1.998346 2.759119 20.359959 3.097223
 98.400000 -1.900805 2.549044 20.246386 1.251200
 98.600000 -2.030558 2.377057 20.440997 11.715610
 98.800000 -2.470122 2.623211 22.795344 106.758215
 99.000000 -2.758903 3.119324 22.818463 106.674488
 99.200000 3.035666 2.644194 5.167563 3330.006704
 99.400000 3.127538 2.721314 10.117291 2299.272614
 99.600000 -2.683297 2.932574 23.446820 41.065602
 99.800000 -2.178216 2.617758 21.570536 76.072232
 100.000000 -2.190925 2.383415 21.676633 63.068441
 100.200000 -2.185992 2.674779 21.492844 68.844074
 100.400000 -2.657307 2.781286 23.451476 21.977834
 100.600000 3.078972 2.788858 7.485030 2991.911853
 100.800000 3.139096 2.881455 10.525721 2145.587223
 101.000000 -2.816681 2.726913 21.939120 267.182790
 101.200000 -2.347567 2.634011 21.914660 0.538725
 101.400000 -1.922696 2.614343 20.087482 1.063145
 101.600000 -2.200315 2.520152 21.603875 53.354452
 101.800000 -2.549770 2.742080 23.373910 44.691045
 102.000000 -2.785590 2.905758 22.391638 157.636301
 102.200000 -2.856063 2.777505 21.187025 513.496065
 102.400000 -2.621828 2.748490 23.559009 1.944567
 102.600000 -2.261316 2.751683 21.887641 3.822992
 102.800000 -2.120478 2.418329 20.870270 90.796463
 103.000000 -2.030518 2.633505 20.252627 13.479756
 103.200000 -2.164915 2.676780 21.306751 89.998681
 103.400000 -2.818077 2.765416 21.939235 277.464306
 103.600000 -3.101474 2.919362 12.406388 1734.421556
 103.800000 -3.132138 3.076792 11.086334 1996.617594
 104.000000 -2.480209 2.633965 22.724441 106.704265
 104.200000 -1.863336 2.607695 20.013292 0.097643
 104.400000 -1.980354 2.304789 20.115515 2.178680
 104.600000 -2.098697 2.741415 20.672425 75.731692
 104.800000 -2.569547 2.859384 23.469711 21.612891
 105.000000 -2.659623 2.984936 23.448091 19.722420
 105.200000 -2.330787 2.753098 21.917679 0.015247
 105.400000 -2.020423 2.530384 20.201054 10.870427
 105.600000 -1.940153 2.500080 20.060246 1.099407
 105.800000 -2.077584 2.574607 20.504229 55.016504
 106.000000 -2.459294 2.719480 22.507288 93.787037
 106.200000 -2.564860 2.896963 23.442614 27.120741
 106.400000 -2.362066 2.641603 21.941792 2.394871
 106.600000 -2.211103 2.493939 21.699488 41.063770
 106.800000 -1.801668 2.731850 20.191026 46.252006
 107.000000 -2.317010 2.517641 21.926720 0.122906
 107.200000 -2.749188 2.811008 22.853302 88.389317
 107.400000 -3.065126 3.059348 13.888976 1573.722573
 107.600000 3.112702 2.773042 9.294007 2498.182757
 107.800000 -2.782904 2.907155 22.489539 153.339605
 108.000000 -2.329314 2.823351 21.930632 0.019166
 108.200000 -2.328533 2.350389 21.939608 0.017321
 108.400000 -2.518278 2.638737 23.102756 84.009384
 108.600000 -2.408964 2.885080 22.126733 33.151746
 108.800000 -2.760521 2.632744 22.754565 105.557152
 109.000000 -2.464808 2.745799 22.575108 94.913001
 109.200000 -2.070226 2.855099 20.467130 49.085259
 109.400000 -2.456195 2.415905 22.505994 86.157799
 109.600000 -2.311641 2.804201 21.958191 0.048950
 109.800000 -2.472124 2.877297 22.658953 97.123626
 110.000000 -2.495662 2.572564 22.893530 98.329409
 110.200000 -2.405358 2.648466 22.146252 28.459007
 110.400000 -2.422150 2.798350 22.248563 46.677403
 110.600000 -2.841772 2.711901 21.558383 439.710325
 110.800000 -2.570072 3.034122 23.482701 21.070682
 111.000000 -2.555043 2.792443 23.402168 37.281277
 111.200000 -2.076973 2.551163 20.520873 57.155956
 111.400000 -1.812359 2.277547 20.094751 26.653641
 111.600000 -1.929273 2.591504 20.030180 1.613329
 111.800000 -2.558015 2.672868 23.429931 33.087741
 112.000000 2.902321 2.985765 -0.000005 0.000002
 112.200000 -3.098167 2.931485 12.568807 1690.622029
 112.400000 -2.589992 2.697977 23.570798 5.952555
 112.600000 -2.148445 2.613403 21.191736 102.493875
 112.800000 -1.730945 2.694022 21.035056 338.122712
 113.000000 -2.318294 2.356609 22.021008 0.007459
 113.200000 -2.665146 2.923369 23.498614 16.938214
 113.400000 3.077498 -3.095358 7.453880 3030.956342
 113.600000 -2.895873 2.667292 20.182989 924.429361
 113.800000 -1.820974 2.743932 20.049478 15.529854
 114.000000 -1.789546 2.419545 20.241052 71.433029
 114.200000 -1.932835 2.446484 20.039162 1.738416
 114.400000 -2.454821 2.714200 22.596275 75.396476
 114.600000 -2.701031 3.089449 23.325446 38.613520
 114.800000 2.933245 2.770208 -0.023621 12.771176
 115.000000 -2.876311 2.941671 20.753980 747.849604
 115.200000 -2.467250 2.712926 22.726254 81.886037
 115.400000 -2.176153 2.387081 21.484339 89.019561
 115.600000 -1.983249 2.691693 20.119971 3.776539
 115.800000 -2.281736 2.622545 22.059455 1.851980
 116.000000 -2.626724 2.671216 23.622364 1.172179
 116.200000 -3.022798 3.084962 15.552546 1517.346188
 116.400000 3.010066 2.940681 3.606102 3234.455826
 116.600000 -2.425565 2.674204 22.413750 44.827456
 116.800000 -1.673210 2.388558 22.257514 593.920983
 117.000000 -1.845828 2.185012 19.990735 1.413126
 117.200000 -2.109835 2.585681 20.829113 92.127764
 117.400000 -2.669319 2.936402 23.528607 17.363065
 117.600000 3.104171 2.719609 8.888967 2642.307200
 117.800000 -2.587741 3.116671 23.612699 6.795362
 118.000000 -1.860558 2.526224 19.986408 0.006835
 118.200000 -1.868463 1.516165 19.993178 0.164703
 118.400000 -1.288175 0.334849 25.559108 59.607862
 118.600000 -0.503343 -0.396980 0.106113 1180.895072
 118.800000 -0.509405 -0.470336 0.330666 1375.301700
 119.000000 -0.880802 -0.192250 14.949230 1673.747619
 119.200000 -0.507583 0.012895 0.261680 1410.805402
 119.400000 -0.949703 0.365128 17.537492 1174.973050
 119.600000 -1.291969 0.647362 25.575319 51.794859
 119.800000 -1.394563 1.235843 25.821592 0.652578
 120.000000 -1.157948 1.046832 23.401670 572.030207
 120.200000 -1.561305 0.973099 24.695398 268.300667
 120.400000 -1.023051 0.836226 19.808120 819.502446
 120.600000 -1.628046 0.715579 23.316989 572.032268
 120.800000 -1.510713 0.912359 25.337139 83.878695
 121.000000 -0.691952 0.770975 7.111380 1442.244167
 121.200000 -1.386018 0.987973 25.808981 0.268466
 121.400000 -1.705085 1.009083 21.480051 450.305026
 121.600000 -0.626445 0.513762 4.653115 1389.147445
 121.800000 -1.198324 0.527942 24.282728 400.606267
 122.000000 -1.073095 0.907644 21.189048 736.227743
 122.200000 -1.559734 1.440546 24.696292 260.931616
 122.400000 -1.628923 1.288276 23.275330 568.810271
 122.600000 -1.295495 0.451876 25.581410 45.123690
 122.800000 -0.518388 0.166536 0.647292 1254.553264
 123.000000 -0.413734 -0.396650 -0.000000 0.000000
 123.200000 -0.951640 -0.490514 17.563064 1164.021056
 123.400000 -0.557822 -0.258800 2.077050 1376.369877
 123.600000 -0.546625 -0.114894 1.663487 1350.021566
 123.800000 -1.116786 -0.299266 22.346612 682.844690
 124.000000 -0.492668 -0.236511 -0.021528 10.259075
 124.200000 -0.561918 0.189884 2.227849 1379.039256
 124.400000 -1.197970 0.326610 24.266027 400.884658
 124.600000 -1.122015 0.906510 22.480273 673.594567
 124.800000 -1.178113 1.584904 23.846306 492.123705
 125.000000 -1.335305 1.848317 25.752185 6.548399
 125.200000 -1.242820 1.669413 25.030660 194.405849
 125.400000 -0.516927 1.153586 0.596841 1247.005661
 125.600000 -0.703078 0.610985 7.500636 1474.451222
 125.800000 -1.343710 0.122583 25.766567 3.582317
 126.000000 -1.727879 0.200873 21.020855 317.405778
 126.200000 -1.682409 0.955965 21.961859 535.700245
 126.400000 -0.830021 1.452095 12.740677 1853.771829
 126.600000 -0.856142 2.148183 13.857295 1788.770670
 126.800000 -0.928024 2.701727 16.714650 1335.298327
 127.000000 -1.065501 2.329236 20.970969 754.597560
 127.200000 -0.141775 1.441308 -0.000000 0.000000
 127.400000 -0.988704 1.408711 18.754024 960.674416
 127.600000 -1.312024 0.738440 25.659326 22.856637
 127.800000 -0.564604 -0.420907 2.330785 1373.100182
 128.000000 -0.365995 -0.850136 -0.000000 0.000000
 128.200000 -0.578844 -0.047760 2.863576 1382.396772
 128.400000 -1.411178 1.200017 25.756580 2.729907
 128.600000 -2.254736 2.647204 22.143841 21.733560
 128.800000 2.937137 -2.850111 -0.014784 167.282281
 129.000000 3.036898 2.660286 5.148070 3364.227520
 129.200000 -2.250367 2.380275 22.126869 26.096281
 129.400000 -0.768746 2.825058 10.115466 1735.805214
 129.600000 -1.085510 1.956378 21.527108 730.213988
 129.800000 -1.322729 0.918003 25.701674 13.600192
 130.000000 -1.894806 0.270659 20.056812 1.655188
 130.200000 -1.744593 -0.119747 20.742891 221.808331
 130.400000 -1.769798 0.635245 20.420846 113.486675
 130.600000 -0.799886 1.650864 11.430792 1833.810304
 130.800000 -0.585583 2.478141 3.122538 1380.428914
 131.000000 -1.064409 2.350466 20.955643 758.229991
 131.200000 -1.330520 1.418964 25.724283 8.797741
 131.400000 -0.494105 -0.265896 -0.027407 1.676095
 131.600000 -0.413121 -1.023256 -0.000000 0.000000
 131.800000 -0.510868 0.027966 0.407301 1298.690507
 132.000000 -1.208947 1.097956 24.478899 338.842234
 132.200000 -1.770430 1.848737 20.416517 109.484475
 132.400000 -2.052781 2.897822 20.406287 29.015843
 132.600000 -2.753673 3.017301 23.056646 101.871757
 132.800000 2.962248 2.634060 1.061410 2262.678153
 133.000000 -2.986000 2.988579 16.950245 1475.245832
 133.200000 -2.444318 2.934508 22.767552 41.432282
 133.400000 -2.185064 2.107406 21.615592 100.939572
 133.600000 -1.129259 2.209806 22.692860 647.737538
 133.800000 -0.426449 1.921142 -0.000000 0.000000
 134.000000 -0.866721 1.452579 14.289137 1754.720025
 134.200000 -1.449180 0.849403 25.636780 14.472050
 134.400000 -1.317375 0.341002 25.675630 17.295427
 134.600000 -0.972275 0.717626 18.249965 1059.810402
 134.800000 -0.809066 1.469439 11.820103 1851.568849
 135.000000 -0.827254 1.911978 12.604345 1860.912420
 135.200000 -0.686453 2.099228 6.874784 1396.013325
 135.400000 -1.022901 2.193518 19.805960 843.394421
 135.600000 -0.496452 1.815905 -0.017590 86.913984
 135.800000 -0.784630 1.618766 10.777570 1790.704991
 136.000000 -1.184427 1.035937 24.000051 448.806404
 136.200000 -1.028754 0.212065 19.981705 827.223045
 136.400000 -0.489337 -0.454594 -0.016909 9.704784
 136.600000 -0.478627 -0.671160 -0.001355 0.123028
 136.800000 -0.888822 0.034540 15.207850 1637.492027
 137.000000 -0.438467 0.397315 -0.000000 0.000000
 137.200000 -1.592635 1.016237 23.985829 419.013670
 137.400000 -1.737336 1.228476 20.847516 248.746983
 137.600000 -1.090985 0.947881 21.710037 717.298481
 137.800000 -1.533707 1.013782 24.970264 160.777474
 138.000000 -1.399014 1.013819 25.751358 1.853739
 138.200000 -0.898793 0.853480 15.617191 1573.529090
 138.400000 -1.423897 0.937262 25.702110 6.304138
 138.600000 -1.237749 0.869326 24.965310 205.365332
 138.800000 -0.760369 0.761934 9.779284 1683.765544
 139.000000 -1.649132 0.931083 22.701113 568.389210
 139.200000 -1.525464 1.037475 25.062719 134.931950
 139.400000 -0.764453 0.814395 9.952678 1700.453318
 139.600000 -1.164318 1.131456 23.573479 527.879696
 139.800000 -1.807942 0.953250 20.142124 21.458610
 140.000000 -1.119434 0.617441 22.472594 663.503665
 140.200000 -1.339674 0.805365 25.749887 4.160358
 140.400000 -1.773574 1.077309 20.390990 95.278515
 140.600000 -0.910254 0.926851 16.079785 1497.393108
 140.800000 -1.029167 0.593839 20.026175 826.241633
 141.000000 -1.403024 0.607131 25.750991 2.640575
 141.200000 -1.648841 1.337584 22.703657 560.307656
 141.400000 -0.723648 1.464092 8.333335 1506.269913
 141.600000 -0.693920 1.676891 7.202151 1397.179149
 141.800000 -0.705820 2.150802 7.649898 1435.450867
 142.000000 -1.233896 2.582152 24.919424 220.186501
 142.200000 -0.846124 2.378117 13.456109 1840.896498
 142.400000 -0.735716 1.861914 8.815514 1557.978945
 142.600000 -0.812836 1.302841 12.020910 1856.163901
 142.800000 -1.673876 0.943460 22.120034 524.386392
 143.000000 -1.604447 0.385472 23.721862 463.419589
 143.200000 -1.705689 0.595157 21.438029 401.135443
 143.400000 -1.774545 1.178688 20.399070 93.638500
 143.600000 -0.770039 1.437491 10.215053 1717.745883
 143.800000 -0.687825 1.681937 6.999522 1375.858741
 144.000000 -0.831341 2.166478 12.827564 1862.126338
 144.200000 -0.732502 2.489855 8.713174 1536.327246
 144.400000 -0.970656 2.293026 18.281705 1082.554833
 144.600000 -0.872745 1.904200 14.601859 1742.296058
 144.800000 -1.325837 1.545500 25.730257 10.794188
 145.000000 -0.933219 0.779187 16.982288 1337.438473
 145.200000 -1.012982 0.091191 19.613545 877.166730
 145.400000 -0.770909 -0.277503 10.276447 1716.156194
 145.600000 -0.396107 -0.196645 -0.000000 0.000000
 145.800000 -0.454912 -0.204301 -0.000004 0.000001
 146.000000 -1.532201 0.828671 24.970167 159.223567
 146.200000 -0.899490 1.615310 15.717672 1581.880463
 146.400000 -0.556575 2.065824 2.208894 1387.601482
 146.600000 -0.741006 2.476609 9.079258 1572.816394
 146.800000 -1.363993 2.222587 25.801239 0.083178
 147.000000 -0.744941 1.347080 9.235802 1591.533045
 147.200000 -1.581619 1.276914 24.185666 356.196254
 147.400000 -1.964428 0.739983 20.112196 0.958851
 147.600000 -1.504347 0.452390 25.269751 85.258944
 147.800000 -0.791888 0.612321 11.188388 1793.053015
 148.000000 -1.554489 1.017757 24.653093 240.717521
 148.200000 -1.291518 0.992675 25.573907 48.401513
 148.400000 -0.586588 0.436732 3.358371 1393.796216
 148.600000 -1.557907 0.359394 24.598862 253.383854
 148.800000 -1.498773 0.590785 25.318303 74.505212
 149.000000 -0.891968 1.384368 15.443658 1626.893991
 149.200000 -0.727772 1.947265 8.617741 1510.639190
 149.400000 -0.553270 2.338644 2.124088 1399.693479
 149.600000 -0.866055 2.163715 14.390162 1761.667186
 149.800000 -0.752561 1.799643 9.598679 1623.130293
 150.000000 -0.586261 1.568983 3.360733 1398.758752
 150.200000 -1.132306 2.098384 22.907119 606.719871
 150.400000 -0.538264 2.065607 1.578557 1378.170028
 150.600000 -0.905972 2.201648 16.029950 1527.623701
 150.800000 -0.796191 2.236230 11.429155 1796.041427
 151.000000 -0.521085 1.842347 0.947282 1318.405111
 151.200000 -0.756911 1.809844 9.824169 1640.805678
 151.400000 -0.845332 1.722539 13.553945 1817.273846
 151.600000 -0.704639 1.356904 7.781869 1426.098485
 151.800000 -1.001145 1.611607 19.339489 925.154976
 152.000000 -1.022399 1.311407 19.971066 845.077374
 152.200000 -0.911462 0.515204 16.282551 1481.294415
 152.400000 -1.698331 0.281316 21.663403 424.375590
 152.600000 -1.971505 0.466366 20.072065 0.923525
 152.800000 -1.303609 0.808305 25.665169 29.131140
 153.000000 -0.903023 1.558264 15.954598 1539.001190
 153.200000 -0.835863 2.186856 13.198626 1824.484862
 153.400000 -0.736086 2.543102 9.047541 1546.468076
 153.600000 -0.885252 2.128377 15.267618 1647.082346
 153.800000 -0.521358 1.549220 0.996791 1343.492229
 154.000000 -1.297731 1.504298 25.635318 36.399048
 154.200000 -1.522963 0.507415 25.083814 128.163889
 154.400000 -1.211725 0.144201 24.646565 295.785027
 154.600000 -0.858891 0.059373 14.202224 1766.669194
 154.800000 -0.468389 -0.202168 -0.000252 0.004702
 155.000000 -0.868683 -0.406279 14.611581 1727.657419
 155.200000 -0.536908 -0.356848 1.603816 1417.338730
 155.400000 1.145218 -0.391878 -0.000000 0.000000
