#! FIELDS time phi psi ves.bias ves.force2
#! SET min_phi -pi
#! SET max_phi pi
#! SET min_psi -pi
#! SET max_psi pi
 0.000000 -1.498385 0.273949 27.215882 148.921278
 0.200000 -0.631954 0.225459 5.293543 991.018238
 0.400000 -1.335363 0.901828 27.912379 20.391982
 0.600000 -1.256058 1.118054 27.186174 192.734983
 0.800000 -0.623123 0.967216 5.020622 919.668882
 1.000000 -1.278119 1.005451 27.463156 126.125517
 1.200000 -1.426895 1.002525 28.133967 40.232941
 1.400000 -1.184616 0.891945 25.970690 519.151418
 1.600000 -1.085562 0.975627 23.329265 902.532714
 1.800000 -1.012334 0.840456 20.971264 1181.065208
 2.000000 -1.583815 0.977428 25.983812 326.519501
 2.200000 -1.465418 0.988068 27.968627 106.820848
 2.400000 -0.953289 0.934397 18.883287 1542.452531
 2.600000 -0.794932 0.982333 12.036341 2062.132748
 2.800000 -1.254712 1.347183 27.519426 210.147873
 3.000000 -0.985738 0.889669 20.126323 1394.644049
 3.200000 -0.918562 0.102041 17.555068 1711.048345
 3.400000 -0.454310 -0.563425 1.335951 171.585130
 3.600000 -0.605612 -0.560143 4.527490 911.850344
 3.800000 -0.850322 0.183651 14.614510 1992.679074
 4.000000 -1.062526 1.126918 22.970310 1130.752619
 4.200000 -1.187208 1.450056 26.562802 446.173222
 4.400000 -0.886732 1.047445 16.359636 1872.655820
 4.600000 -1.174417 0.916327 26.282563 514.866488
 4.800000 -1.885443 0.800986 22.553737 0.478729
 5.000000 -1.498928 0.634009 27.752176 173.046040
 5.200000 -0.812123 1.137826 13.138459 2146.219214
 5.400000 -0.689025 1.690508 7.672216 1610.566365
 5.600000 -0.606578 2.176439 4.736069 954.302243
 5.800000 -0.742630 2.580741 9.951660 1985.376833
 6.000000 -0.869459 1.866119 15.751075 1971.427071
 6.200000 -0.690185 1.706399 7.942947 1664.914893
 6.400000 -0.797196 1.234877 12.646913 2074.774505
 6.600000 -1.298116 1.079568 28.144523 59.354767
 6.800000 -1.635869 0.637573 25.186293 447.820992
 7.000000 -0.875479 0.483493 16.149201 1874.695723
 7.200000 -0.941725 0.622646 19.008686 1548.218290
 7.400000 -1.607769 1.167962 25.820233 468.722111
 7.600000 -1.501777 0.782395 27.791189 179.343066
 7.800000 -1.007797 0.808992 21.494144 1285.991171
 8.000000 -1.591757 1.123154 26.164870 454.945668
 8.200000 -1.144402 0.934994 25.769030 588.219783
 8.400000 -1.772470 0.998377 23.047382 88.125353
 8.600000 -1.056306 0.849999 23.237315 1065.143191
 8.800000 -1.422420 1.104608 28.524737 10.308664
 9.000000 -1.411347 1.142646 28.553304 3.843688
 9.200000 -1.069632 0.786984 23.739188 1001.413979
 9.400000 -0.900981 0.482647 17.524027 1678.974510
 9.600000 -1.145196 0.316987 25.859777 580.091461
 9.800000 -0.841176 0.301050 15.003388 1866.364014
 10.000000 -1.241162 0.703674 27.644057 177.527286
 10.200000 -1.455732 1.331660 28.522259 53.697924
 10.400000 -1.198464 1.421811 27.068048 309.607321
 10.600000 -1.194233 1.281546 26.992579 326.806444
 10.800000 -1.647339 0.889601 25.120717 476.176266
 11.000000 -1.305425 0.656546 28.376627 57.477282
 11.200000 -0.826118 0.818841 14.534334 1873.820518
 11.400000 -1.693852 1.146464 24.192530 358.668477
 11.600000 -1.737616 0.883510 23.460744 207.145875
 11.800000 -0.983558 0.682604 20.924042 1404.857230
 12.000000 -1.101426 0.751403 24.903749 835.179912
 12.200000 -1.274119 0.673008 28.318622 103.254850
 12.400000 -1.017704 1.332323 22.254598 1278.072142
 12.600000 -0.793511 1.818709 13.199160 1937.458920
 12.800000 -0.617580 2.367181 5.640124 1483.290164
 13.000000 -0.870827 2.399467 16.523257 1745.450047
 13.200000 -0.528883 1.695313 2.682124 795.566279
 13.400000 -0.443558 1.551158 0.839727 225.383045
 13.600000 -0.588953 1.547579 4.625652 1305.390969
 13.800000 -1.464094 1.452339 28.703133 82.660976
 14.000000 -1.614981 0.595162 25.996455 544.438826
 14.200000 -1.954830 0.657863 22.180763 0.565465
 14.400000 -1.594645 0.866877 26.517789 526.433694
 14.600000 -0.894531 1.341686 17.674524 1660.200150
 14.800000 -0.460196 1.790635 1.092789 325.162081
 15.000000 -0.711946 2.109962 9.781067 1947.286005
 15.200000 -0.512163 2.245274 2.261923 729.897105
 15.400000 -0.438036 1.803412 0.708721 224.198902
 15.600000 -1.400763 1.381379 29.138295 2.480023
 15.800000 -1.146320 0.270127 26.411841 595.782535
 16.000000 -0.556801 -0.176859 3.617990 1124.505015
 16.200000 -0.497369 -0.252969 1.899894 640.210331
 16.400000 -0.563050 -0.461180 3.895690 1224.843678
 16.600000 -0.617044 -0.027394 5.942259 1630.280880
 16.800000 -0.564375 -0.013018 3.942176 1236.275152
 17.000000 -0.721134 -0.055939 10.407949 1952.509202
 17.200000 -0.362551 -0.030177 -0.023978 0.820964
 17.400000 -0.662729 -0.328595 7.991724 1844.139397
 17.600000 -0.580103 -0.263967 4.628962 1405.942103
 17.800000 -0.423823 -0.180765 0.496067 197.636901
 18.000000 -0.983623 0.284107 21.329892 1362.420127
 18.200000 -1.402064 0.940881 29.259884 4.449686
 18.400000 -0.966124 1.304387 20.716316 1398.465509
 18.600000 -0.657656 1.407505 7.934491 1812.181688
 18.800000 -0.661770 1.954784 8.109850 1822.387236
 19.000000 -0.939522 2.368891 19.709413 1466.308399
 19.200000 -0.578656 2.354241 4.882341 1469.377585
 19.400000 -0.884639 1.807516 17.620059 1578.960432
 19.600000 -0.596423 1.423834 5.576124 1577.366690
 19.800000 -1.569079 1.138374 27.290812 456.619564
 20.000000 -1.735690 0.566356 23.573521 313.172172
 20.200000 -1.825528 0.260365 22.402923 68.801052
 20.400000 -1.729592 0.510956 23.688200 345.359507
 20.600000 -1.552093 1.409341 27.660845 391.298853
 20.800000 -0.935796 1.257977 19.685337 1446.742376
 21.000000 -1.097299 1.220025 25.270552 883.444505
 21.200000 -1.446161 0.876840 29.135913 55.308551
 21.400000 -1.566378 0.658870 27.393044 439.876704
 21.600000 -1.098371 1.157249 25.329604 868.091852
 21.800000 -0.871424 1.365241 17.249190 1582.952635
 22.000000 -0.492101 1.578670 2.144662 848.664722
 22.200000 -1.204654 2.357759 27.942364 337.027843
 22.400000 -0.460987 2.415362 1.359954 601.667577
 22.600000 -0.738500 1.625188 11.902676 1719.582498
 22.800000 -1.435832 1.164067 29.235865 39.827333
 23.000000 -1.911746 0.479906 21.952657 4.976154
 23.200000 -1.773042 0.159883 23.042645 213.130969
 23.400000 -1.697178 0.501944 24.438637 473.307476
 23.600000 -0.990933 1.348757 21.896798 1246.247401
 23.800000 -0.571699 1.931618 5.135243 1573.152672
 24.000000 -0.817472 2.363195 15.242587 1648.862123
 24.200000 -0.656835 2.227090 8.749729 1705.465831
 24.400000 -0.443599 1.709634 1.009522 525.853757
 24.600000 -1.096145 0.964947 25.370817 865.200013
 24.800000 -1.408060 0.630495 29.419592 11.933523
 25.000000 -0.963571 0.873889 20.974241 1308.090223
 25.200000 -1.375099 1.360938 29.512189 0.051049
 25.400000 -1.481338 0.863802 28.903903 135.794436
 25.600000 -1.035480 0.650100 23.512830 1079.036157
 25.800000 -0.379028 0.519279 -0.023272 3.583735
 26.000000 -0.950971 0.480003 20.580681 1328.719313
 26.200000 -1.368152 0.813178 29.546935 0.177976
 26.400000 -1.072788 1.116479 24.744465 939.359254
 26.600000 -1.387202 1.255437 29.537307 2.068147
 26.800000 -1.575042 0.920272 27.351469 458.395196
 27.000000 -1.658341 0.792150 25.425686 548.605327
 27.200000 -1.347138 1.197749 29.561614 5.665826
 27.400000 -0.804426 1.284805 15.019152 1639.206538
 27.600000 -1.112063 1.051886 25.939523 776.293921
 27.800000 -1.361421 0.824696 29.585581 0.957285
 28.000000 -1.867695 1.058335 22.120525 50.422643
 28.200000 -1.038991 1.089900 23.788905 1024.180398
 28.400000 -0.557134 0.695372 5.072213 1648.561334
 28.600000 -0.904007 0.867508 19.045907 1465.704300
 28.800000 -1.798953 0.944953 22.821681 176.319686
 29.000000 -1.729505 0.883246 23.966411 382.825763
 29.200000 -1.028058 0.960140 23.492102 1041.335756
 29.400000 -0.757238 0.748575 13.232673 1618.249763
 29.600000 -1.722660 0.837935 24.141404 410.649127
 29.800000 -1.779758 0.766712 23.122357 233.472796
 30.000000 -0.702430 0.771428 11.045815 1575.498336
 30.200000 -0.758512 1.069853 13.338876 1619.155072
 30.400000 -1.228997 1.244520 28.663938 247.171777
 30.600000 -1.378975 0.665278 29.708980 0.871900
 30.800000 -1.049235 0.520078 24.219985 962.841115
 31.000000 -1.661735 1.250415 25.541288 553.731399
 31.200000 -1.734530 1.571517 23.989942 385.788586
 31.400000 -1.907571 1.611616 21.877694 28.887302
 31.600000 -1.778212 2.175891 23.213249 251.003317
 31.800000 -2.645471 2.814802 23.966940 43.624745
 32.000000 2.966402 -2.843995 1.817144 915.956391
 32.200000 3.109054 2.735647 8.036740 2820.290058
 32.400000 -2.885744 2.348118 20.163149 674.488180
 32.600000 -2.303402 2.875894 23.567713 75.297063
 32.800000 -1.987119 2.849018 21.636385 0.503791
 33.000000 -2.676623 2.268037 23.691992 70.906411
 33.200000 -2.938112 2.911104 18.636529 975.427110
 33.400000 -2.604952 -2.982048 24.117750 22.739006
 33.600000 -2.791922 2.415370 22.175379 312.500296
 33.800000 -2.144409 2.641588 22.157267 50.446997
 34.000000 -2.056378 2.757938 21.698710 9.253000
 34.200000 -2.080288 2.582592 21.763042 17.307570
 34.400000 -2.647992 2.489826 23.845883 45.105507
 34.600000 -2.231289 -3.065502 22.843319 82.224730
 34.800000 -2.702127 2.602602 23.394312 103.054613
 35.000000 -2.684803 2.613037 23.559453 79.784319
 35.200000 -2.576584 3.134668 24.194896 12.307075
 35.400000 3.093327 2.767750 7.124117 2703.713777
 35.600000 -2.930871 2.909341 18.802876 937.675804
 35.800000 -3.128498 2.959340 10.377919 2796.458195
 36.000000 -3.106356 2.881955 11.535770 2660.598231
 36.200000 -2.406337 2.766023 24.127095 20.380716
 36.400000 -1.944881 2.303741 21.729294 17.495461
 36.600000 -2.212263 2.369944 22.636515 75.671644
 36.800000 -2.233201 2.948156 22.821045 79.219019
 37.000000 2.911161 2.755099 0.234816 437.321575
 37.200000 -3.081742 2.835737 12.733189 2430.499175
 37.400000 -2.579198 2.880176 24.179644 11.807090
 37.600000 -2.231162 2.728198 22.787028 77.169000
 37.800000 -2.038778 2.508205 21.619416 2.508825
 38.000000 -2.299295 2.178782 23.380572 69.727173
 38.200000 -1.877957 2.962692 22.182549 74.952459
 38.400000 2.995183 2.745433 2.571146 1420.702663
 38.600000 2.964734 2.970165 1.521419 972.029150
 38.800000 -2.822342 2.900444 21.502910 415.472321
 39.000000 -2.577749 2.622575 24.180010 11.003967
 39.200000 -2.360450 2.904583 23.797902 42.176892
 39.400000 -2.323050 2.701510 23.532455 58.330212
 39.600000 -2.784022 2.568913 22.209454 293.692740
 39.800000 -2.651624 3.046935 23.796933 53.183207
 40.000000 2.894528 2.654287 -0.026398 1.113827
 40.200000 -2.866740 2.772517 20.496070 585.882044
 40.400000 -2.447261 2.820080 24.196701 8.837611
 40.600000 -2.283373 2.375154 23.200440 68.602682
 40.800000 -1.959019 2.711075 21.740299 10.452967
 41.000000 -2.646136 2.560203 23.846148 49.926051
 41.200000 2.995076 2.933169 2.529430 1479.502880
 41.400000 3.132715 2.866984 9.136718 2786.374099
 41.600000 3.002378 2.588320 2.815457 1590.069041
 41.800000 -2.936914 2.865316 18.550051 993.188444
 42.000000 -2.430925 -3.135110 24.134195 14.491998
 42.200000 -2.463883 2.599711 24.233734 6.401850
 42.400000 -2.102428 2.782188 21.884656 20.172573
 42.600000 -2.038503 2.468919 21.699605 1.517000
 42.800000 -2.311522 2.268694 23.411664 58.679988
 43.000000 -2.333136 2.916475 23.572302 51.626473
 43.200000 -2.695705 3.011202 23.426071 115.218204
 43.400000 3.082527 2.577747 6.544035 2607.662439
 43.600000 -2.866411 2.973563 20.499081 583.698422
 43.800000 -1.947550 -3.139515 21.828354 13.685119
 44.000000 -2.519356 2.106442 24.313504 0.001277
 44.200000 -2.169978 2.199402 22.306021 48.622239
 44.400000 -2.030465 3.049254 21.730307 0.576853
 44.600000 -2.927308 2.713519 18.838359 932.031790
 44.800000 -3.009218 2.940997 15.934015 1644.056061
 45.000000 -2.813948 2.934141 21.644428 384.468239
 45.200000 -3.003041 2.596083 16.178992 1579.301174
 45.400000 -3.007025 3.113744 16.019697 1618.605980
 45.600000 2.939430 2.953813 0.605609 803.753593
 45.800000 3.102931 2.636131 7.634895 2715.640226
 46.000000 -2.886396 2.873910 19.996833 686.208548
 46.200000 -3.138338 2.707338 9.850242 2693.249134
 46.400000 -2.921032 3.010189 19.036172 898.385453
 46.600000 -3.052640 2.928267 14.067737 2067.131823
 46.800000 -3.061294 2.761931 13.670345 2150.304921
 47.000000 -2.980128 2.938312 17.061909 1364.674549
 47.200000 3.030796 2.681805 4.091319 2171.138265
 47.400000 -2.918415 2.977314 19.135164 883.879348
 47.600000 -3.050572 2.773538 14.180728 2037.407744
 47.800000 -2.925058 2.925800 18.935179 929.079456
 48.000000 -2.703608 2.905526 23.362280 128.201833
 48.200000 -3.044833 2.532683 14.469337 1974.414722
 48.400000 -3.028125 3.064662 15.196612 1815.216591
 48.600000 -2.966437 2.852744 17.603387 1249.640857
 48.800000 -2.471653 2.489802 24.290124 6.723295
 49.000000 -2.125271 2.756954 22.102913 26.119422
 49.200000 -2.420858 2.872137 24.105392 22.364064
 49.400000 3.018204 2.702769 3.561526 2084.026864
 49.600000 -2.878001 -3.127408 20.309671 635.867256
 49.800000 -2.549608 2.564999 24.349589 2.245680
 50.000000 -2.557410 2.152903 24.336062 3.881432
 50.200000 -2.049553 3.019259 21.862338 3.248673
 50.400000 -2.687808 2.539586 23.561763 104.822757
 50.600000 3.067720 2.526600 6.007314 2599.961875
 50.800000 3.087981 -3.135146 7.050624 2693.375181
 51.000000 2.944147 2.821179 0.668073 1010.413004
 51.200000 -3.036458 2.200572 14.943353 1890.217168
 51.400000 -1.765257 3.065997 23.670834 324.678416
 51.600000 -2.455362 2.545702 24.257726 13.099425
 51.800000 -2.973867 2.520166 17.445231 1318.224263
 52.000000 3.061265 -3.087695 5.723910 2577.311925
 52.200000 2.978075 2.877179 1.897017 1616.844230
 52.400000 -2.452799 2.721227 24.255482 14.707547
 52.600000 -2.197695 2.701944 22.596997 49.849402
 52.800000 -2.312930 2.518532 23.447057 50.782110
 53.000000 -2.517539 2.911859 24.409192 0.502929
 53.200000 -3.077356 2.902750 13.158918 2233.021456
 53.400000 -3.061699 3.102919 13.888310 2106.584163
 53.600000 -2.859808 2.730481 20.873533 519.570197
 53.800000 -2.513268 2.714673 24.419211 1.178797
 54.000000 -2.116027 2.942788 22.126886 22.162953
 54.200000 -2.436083 2.519605 24.195299 21.566695
 54.400000 -2.260862 2.686463 23.092635 52.847723
 54.600000 3.140041 2.899741 9.944217 2626.590638
 54.800000 3.076898 2.826878 6.667626 2687.134118
 55.000000 -2.280764 2.904298 23.236421 51.379201
 55.200000 -1.974915 2.225691 21.888810 0.985112
 55.400000 -1.934080 2.141086 21.969633 9.262621
 55.600000 -2.148727 2.552500 22.342258 34.527497
 55.800000 -2.764545 -3.117587 22.678153 218.804650
 56.000000 -3.116607 2.901478 11.333899 2480.890966
 56.200000 -2.401247 2.736141 24.029832 31.449339
 56.400000 -2.159581 2.360245 22.428283 37.767002
 56.600000 -1.994055 2.782484 21.895872 0.004804
 56.800000 -2.518123 2.704064 24.483460 1.561130
 57.000000 3.042851 2.788501 5.017177 2561.415489
 57.200000 -2.921310 3.037228 19.411786 878.391895
 57.400000 -2.762732 2.607318 22.739468 212.610406
 57.600000 -2.497980 2.562630 24.470082 6.450729
 57.800000 -2.311205 2.969417 23.485403 43.921648
 58.000000 -2.389593 2.505741 23.975460 33.984347
 58.200000 -2.652061 2.590986 24.059997 74.579036
 58.400000 -2.470485 2.995592 24.405297 15.642086
 58.600000 -3.131752 2.592273 10.709571 2519.225158
 58.800000 -2.815990 2.850748 21.901138 323.422868
 59.000000 -2.473493 3.096144 24.417011 14.679183
 59.200000 -2.813189 2.370350 21.980396 313.341500
 59.400000 -2.273772 3.006533 23.270060 46.757242
 59.600000 -2.399314 2.818491 24.067929 33.960318
 59.800000 -2.483545 2.598357 24.483682 12.505574
 60.000000 -2.239308 2.804112 23.031143 48.946662
 60.200000 -2.298225 2.796955 23.464735 44.394619
 60.400000 -2.895364 2.580216 20.235214 689.799854
 60.600000 3.007926 2.957600 3.419242 2391.756490
 60.800000 2.927579 2.765367 0.031814 592.457112
 61.000000 -2.675843 2.869433 23.902060 106.289896
 61.200000 -2.246806 2.630815 23.142455 50.000348
 61.400000 -2.166613 2.592889 22.581326 43.075266
 61.600000 -2.213675 2.650107 22.906553 50.699236
 61.800000 -2.495986 2.815589 24.593508 9.379123
 62.000000 -2.973976 2.821231 17.796398 1340.564834
 62.200000 2.989705 2.918193 2.589141 2248.849791
 62.400000 -2.677569 2.848580 23.947231 111.255758
 62.600000 -2.324500 2.568809 23.701677 40.055407
 62.800000 -1.892122 2.536445 22.155940 23.863437
 63.000000 -2.022552 2.623037 21.987343 2.347292
 63.200000 -2.685363 2.698454 23.895153 121.744478
 63.400000 3.120713 2.889002 9.373456 2605.105246
 63.600000 3.076720 2.997557 7.088380 2768.848904
 63.800000 -2.657888 2.798688 24.177294 89.202959
 64.000000 -2.256757 2.632577 23.288079 48.885590
 64.200000 -1.880035 2.512626 22.211318 30.783890
 64.400000 -2.167200 2.261124 22.680142 48.119555
 64.600000 -2.151639 2.918245 22.574617 43.675716
 64.800000 -2.834158 2.725007 21.759804 369.385456
 65.000000 3.108760 2.880473 8.809129 2654.055456
 65.200000 -2.944037 3.079981 18.963692 1093.840022
 65.400000 -3.028938 2.509671 15.725469 1801.502761
 65.600000 -2.684538 2.956992 23.967316 123.318489
 65.800000 -2.811802 2.969804 22.199114 297.590864
 66.000000 2.922137 2.527322 -0.024611 8.298743
 66.200000 -2.820902 3.082194 22.074007 321.372317
 66.400000 -2.965580 2.773148 18.255054 1290.943033
 66.600000 -3.072043 2.706010 13.861816 2061.870076
 66.800000 2.981491 3.082451 2.280595 2317.119032
 67.000000 -3.136752 2.771667 10.801348 2417.869668
 67.200000 -2.811315 2.805663 22.279488 292.922691
 67.400000 -2.509589 2.725147 24.835897 7.176838
 67.600000 -2.890538 2.710993 20.613341 663.419318
 67.800000 -3.049886 2.965104 14.892680 1923.602439
 68.000000 3.029018 2.915261 4.747798 2832.029279
 68.200000 -2.978941 2.734304 17.838321 1411.442061
 68.400000 -2.670202 2.887461 24.231457 108.835560
 68.600000 -3.122768 2.734573 11.588552 2303.433547
 68.800000 2.962390 2.877592 1.419422 2090.140269
 69.000000 -2.769680 3.073107 22.975066 213.092640
 69.200000 -2.775204 2.521512 22.937130 219.064419
 69.400000 -2.465714 2.782173 24.718697 24.537031
 69.600000 -2.293801 2.952417 23.750120 38.138356
 69.800000 -2.852311 2.376275 21.592162 438.861999
 70.000000 -2.646076 2.955170 24.503702 78.068846
 70.200000 3.073933 2.951196 7.321844 2857.500017
 70.400000 2.986234 2.778338 2.616484 2602.827136
 70.600000 -2.386273 2.953537 24.308433 31.414249
 70.800000 -2.385791 2.695432 24.305737 31.398127
 71.000000 -2.497223 2.651453 24.885186 13.665799
 71.200000 -3.125962 -3.124925 11.598962 2275.130137
 71.400000 -3.042220 2.937116 15.392475 1846.122054
 71.600000 -2.404821 2.665488 24.443162 31.906116
 71.800000 -1.964882 2.590325 22.004606 0.061540
 72.000000 -1.951252 2.437920 22.005114 0.108614
 72.200000 -2.206927 2.809754 23.220896 62.926442
 72.400000 -2.708113 2.658597 23.989548 144.260664
 72.600000 2.978024 2.955211 2.247281 2585.208746
 72.800000 -3.020367 2.915715 16.353755 1718.490797
 73.000000 3.116232 2.692860 9.642889 2555.247660
 73.200000 -3.129199 2.788576 11.553298 2265.437762
 73.400000 3.100622 2.984817 8.904408 2684.371873
 73.600000 -3.132724 2.778835 11.385108 2288.957301
 73.800000 -2.724267 2.848355 23.842154 157.972483
 74.000000 -2.663319 2.686490 24.527908 93.495046
 74.200000 -2.879425 2.874017 21.223958 616.388684
 74.400000 2.854562 2.860202 -0.000000 0.000000
 74.600000 3.022485 2.867266 4.709923 3111.876334
 74.800000 -2.879834 2.884865 21.213803 619.144575
 75.000000 -2.971476 2.828416 18.358011 1368.727720
 75.200000 3.085475 2.902364 8.243535 2837.517119
 75.400000 -2.890603 -3.116333 20.990874 701.719373
 75.600000 -2.832490 2.438065 22.308335 368.784927
 75.800000 -2.433560 2.655857 24.718161 32.414486
 76.000000 -1.853749 2.842656 22.272127 42.229489
 76.200000 -2.300837 2.324874 23.984926 37.761554
 76.400000 -2.279012 2.614028 23.845696 43.954526
 76.600000 -2.514729 2.986815 25.135341 9.680373
 76.800000 3.049618 2.642569 6.348014 3146.062017
 77.000000 3.061168 2.942508 6.991947 3067.127628
 77.200000 3.138460 3.071250 11.073259 2315.477251
 77.400000 -2.781112 2.719440 23.298167 222.723217
 77.600000 -1.975590 2.800024 22.037122 1.807845
 77.800000 -1.980782 2.362075 22.044586 2.341322
 78.000000 -2.386536 2.409754 24.502483 31.689947
 78.200000 -2.406246 2.995068 24.643187 32.226302
 78.400000 3.129068 2.798715 10.686751 2384.531899
 78.600000 -3.028123 2.790100 16.287326 1707.099672
 78.800000 -3.098005 3.011797 13.292438 1977.514572
 79.000000 3.074017 2.766545 7.837681 2988.723360
 79.200000 -2.742359 3.036742 23.941726 160.801377
 79.400000 -2.905758 2.486771 20.770409 855.693622
 79.600000 -2.694915 3.006971 24.493187 111.273342
 79.800000 3.125001 2.840627 10.559335 2409.307263
 80.000000 3.033561 2.760056 5.622870 3345.590764
 80.200000 3.119494 2.974984 10.359232 2458.806876
 80.400000 -3.049056 2.853047 15.507459 1756.350863
 80.600000 -2.930067 2.633801 20.068102 1068.759877
 80.800000 3.045108 2.989543 6.352204 3317.364271
 81.000000 2.885540 2.901914 -0.000000 0.000000
 81.200000 -2.931590 2.775499 20.072417 1086.449225
 81.400000 -2.295864 2.743326 24.099750 42.787234
 81.600000 -2.118412 2.531613 22.669373 52.994225
 81.800000 -2.011874 2.493750 22.136951 8.048391
 82.000000 -2.130276 2.653464 22.758376 59.523402
 82.200000 -2.255922 2.764974 23.839596 60.284107
 82.400000 3.074375 2.620047 8.150076 3046.892579
 82.600000 2.956091 -3.098535 1.339609 2771.357025
 82.800000 -2.998585 2.809451 17.670563 1557.179654
 83.000000 -2.571810 2.607874 25.373707 1.049983
 83.200000 -1.929933 2.812559 22.014639 0.092558
 83.400000 -1.997833 2.555116 22.119459 6.821621
 83.600000 -2.307855 2.431195 24.231726 40.295850
 83.800000 -2.412915 2.906697 24.827692 30.440229
 84.000000 -3.025890 2.810773 16.626326 1658.877070
 84.200000 -3.083886 2.854781 14.267848 1806.580717
 84.400000 -3.091056 2.944033 13.961948 1833.682379
 84.600000 3.008773 2.556232 4.443693 3638.311255
 84.800000 -2.715669 3.117440 24.501308 117.953982
 85.000000 -2.751778 2.838610 24.078363 159.094471
 85.200000 -2.705220 2.553971 24.657663 105.354121
 85.400000 -2.472967 2.901823 25.207388 23.880940
 85.600000 -2.355531 2.768876 24.578847 31.128105
 85.800000 -2.378817 2.682485 24.706646 29.443211
 86.000000 -2.513977 2.646487 25.379797 10.991802
 86.200000 -2.234649 3.042834 23.762727 76.708056
 86.400000 -2.719091 2.397897 24.559547 118.112159
 86.600000 -2.315856 2.887374 24.380072 40.721327
 86.800000 -2.717714 2.646581 24.574466 116.693984
 87.000000 -2.981435 2.591169 18.542052 1459.493971
 87.200000 -2.691705 2.994949 24.889371 90.185774
 87.400000 -2.283068 2.978009 24.187497 56.424407
 87.600000 -2.187718 2.197899 23.355443 85.983333
 87.800000 -1.838989 1.579428 22.200962 40.477872
 88.000000 -0.889422 0.975199 18.268225 1733.445926
 88.200000 -1.660707 0.654541 25.141447 508.050603
 88.400000 -1.919278 0.836284 22.004512 0.559308
 88.600000 -1.479979 1.003533 28.227505 108.232245
 88.800000 -0.459991 0.888365 0.285453 1811.808113
 89.000000 -1.569959 1.511392 26.997306 298.059896
 89.200000 -2.340114 1.589176 24.644753 36.252781
 89.400000 -1.743967 2.433133 23.347614 336.697794
 89.600000 -1.948162 3.000930 22.045700 4.053006
 89.800000 -3.097871 2.638824 13.971079 1798.282237
 90.000000 3.117511 3.076641 10.898309 2431.945876
 90.200000 3.063901 2.971237 8.086508 3351.691510
 90.400000 -2.824248 2.727100 23.270945 343.081832
 90.600000 -2.174828 2.859022 23.294742 89.927724
 90.800000 -2.066581 2.541467 22.471242 28.368777
 91.000000 -2.017830 2.473732 22.253590 13.909558
 91.200000 -2.371226 2.652628 24.897777 30.118620
 91.400000 -2.657847 2.948187 25.354476 53.201273
 91.600000 -3.053542 2.759496 15.904174 1652.090171
 91.800000 2.928739 2.745972 0.024866 1210.158534
 92.000000 -2.898289 3.023533 21.583048 820.926104
 92.200000 -2.869800 2.541868 22.383648 601.712724
 92.400000 -2.751282 2.772449 24.464875 155.271921
 92.600000 -2.621023 3.000504 25.612148 19.981037
 92.800000 -2.772573 2.651968 24.185645 190.802530
 93.000000 -2.936095 2.737491 20.442574 1140.006634
 93.200000 2.910119 3.090891 -0.000211 0.006434
 93.400000 -3.080448 2.709622 14.899867 1690.713583
 93.600000 -2.402710 2.715283 25.139019 27.638616
 93.800000 -1.851949 2.685337 22.081200 17.109287
 94.000000 -2.187011 2.323655 23.479016 99.159496
 94.200000 -2.134328 2.471147 23.003929 73.288531
 94.400000 -2.025488 2.953087 22.330062 17.359847
 94.600000 -2.401502 2.401392 25.166475 27.766588
 94.800000 -2.244585 2.920554 24.074756 90.467375
 95.000000 -2.461311 2.807373 25.475025 24.698103
 95.200000 -2.291764 2.579110 24.518517 62.267333
 95.400000 -2.394735 2.521516 25.165538 28.243909
 95.600000 -1.965564 3.101183 22.130802 9.252733
 95.800000 -2.590299 2.388885 25.827066 3.157545
 96.000000 -2.165478 2.949321 23.313545 93.886269
 96.200000 -2.224663 2.791137 23.939218 102.179627
 96.400000 -2.212970 2.435261 23.820160 104.870168
 96.600000 -2.158621 2.586421 23.272701 91.288431
 96.800000 -2.091309 2.769657 22.720193 44.835276
 97.000000 -2.747997 2.595303 24.683350 146.203151
 97.200000 2.870262 2.975821 -0.000000 0.000000
 97.400000 -3.128089 -3.106512 13.076165 1916.120890
 97.600000 -2.969562 2.547510 19.468209 1398.097310
 97.800000 -2.314121 2.819105 24.764516 51.348738
 98.000000 -1.885667 2.916778 22.002501 0.097669
 98.200000 -2.336078 2.192004 24.952037 41.702976
 98.400000 -2.134732 2.434211 23.118221 77.075905
 98.600000 -2.076855 2.811847 22.683475 38.976098
 98.800000 -2.371634 2.652850 25.165414 31.713145
 99.000000 -2.783292 2.665473 24.300614 205.749923
 99.200000 3.039753 2.916103 7.074810 3992.551331
 99.400000 -2.780808 3.057530 24.375955 199.145770
 99.600000 -2.592329 2.550340 25.971046 4.161421
 99.800000 -2.415154 2.789618 25.441129 27.425232
 100.000000 -1.901354 2.768567 22.019014 1.319740
 100.200000 -2.101917 2.560606 22.327321 55.297835
 100.400000 -2.017586 2.432266 21.832895 21.746198
 100.600000 -2.128881 2.793294 22.543614 73.897186
 100.800000 -2.364353 2.752204 24.610038 33.836900
 101.000000 -3.022033 2.523038 16.950893 1582.664670
 101.200000 -2.970132 3.138727 19.017580 1415.010166
 101.400000 -2.855922 2.932614 22.532669 507.956624
 101.600000 -2.192786 2.535607 23.201766 106.468011
 101.800000 -1.720479 2.511854 22.994938 377.450587
 102.000000 -2.294216 2.454677 24.176624 65.047037
 102.200000 -2.498674 2.991979 25.377857 15.094703
 102.400000 -2.969133 2.854078 19.102683 1414.001608
 102.600000 2.980691 2.730622 2.692105 4417.756265
 102.800000 -3.043506 3.068237 16.181040 1601.281136
 103.000000 3.001864 2.826120 4.111694 4522.734633
 103.200000 -2.982801 2.917520 18.629240 1487.363060
 103.400000 -3.131882 2.990958 12.603524 1910.869658
 103.600000 3.027675 2.896365 5.872633 4315.971561
 103.800000 -3.030096 2.900449 16.763421 1594.563420
 104.000000 -3.010491 2.835009 17.544043 1572.315134
 104.200000 3.013108 3.045170 4.944444 4540.272070
 104.400000 3.005237 2.937264 4.412276 4596.676029
 104.600000 -2.835604 2.755961 23.110487 381.159702
 104.800000 -2.729112 2.827310 24.627616 112.298188
 105.000000 -2.623617 2.787318 25.461750 21.556866
 105.200000 -2.567596 2.742221 25.638805 0.082487
 105.400000 -2.528842 2.747938 25.596978 5.402786
 105.600000 -2.580565 2.778765 25.628622 1.663112
 105.800000 -2.537346 2.727047 25.614620 3.303247
 106.000000 -2.730182 2.767749 24.656734 111.939210
 106.200000 -2.733306 2.811876 24.664509 115.412830
 106.400000 -2.999827 2.804656 18.119586 1556.918914
 106.600000 3.022383 2.890633 5.656795 4499.202481
 106.800000 -2.888998 3.009006 21.964354 752.652849
 107.000000 -2.838453 2.664657 23.151515 389.301746
 107.200000 -2.897184 2.840060 21.790951 823.243477
 107.400000 -2.943721 2.934533 20.294131 1246.804044
 107.600000 2.994514 2.879854 3.796430 4750.166961
 107.800000 3.085280 3.029563 9.593829 3059.574578
 108.000000 3.109849 2.757885 10.887578 2509.830627
 108.200000 3.115258 2.899302 11.212374 2395.856475
 108.400000 2.924897 2.912601 -0.000920 0.185344
 108.600000 -3.062041 2.759203 15.732663 1604.170585
 108.800000 -2.951233 2.711994 20.082468 1314.895127
 109.000000 2.904433 2.868419 -0.000000 0.000000
 109.200000 2.982983 2.812427 3.087796 4801.772482
 109.400000 2.940218 2.757955 0.240363 4524.063584
 109.600000 -2.797726 3.033585 23.998057 212.219206
 109.800000 -2.370764 2.774489 25.012495 37.121005
 110.000000 -2.064704 2.305241 22.394995 39.458860
 110.200000 -1.789986 2.474973 21.835188 101.663691
 110.400000 -2.407718 2.641698 25.265365 32.960575
 110.600000 3.051270 2.869801 7.774634 3961.977703
 110.800000 2.930320 3.050588 -0.013625 25.099165
 111.000000 3.077193 2.853001 9.331178 3254.505444
 111.200000 -2.939044 2.690449 20.684599 1231.002031
 111.400000 -2.609988 2.974747 25.828536 16.377843
 111.600000 -2.715493 2.823259 25.045661 96.709120
 111.800000 -2.426691 2.837074 25.410685 32.274086
 112.000000 -2.475114 2.832894 25.672257 24.622423
 112.200000 -2.578794 2.735774 25.961396 2.094128
 112.400000 -2.272590 2.986128 24.372744 84.765756
 112.600000 -2.590524 2.661760 25.938406 6.112302
 112.800000 -2.351684 2.912431 24.991837 43.839520
 113.000000 -2.405409 2.682166 25.324815 35.078173
 113.200000 -2.226564 2.690937 23.946988 108.826972
 113.400000 -2.380218 2.750653 25.215101 39.000839
 113.600000 -2.552925 2.710221 26.022168 0.476932
 113.800000 -2.982240 2.855556 19.167474 1559.418721
 114.000000 2.977665 2.967139 2.914363 4978.389344
 114.200000 -2.623525 2.896700 25.901134 30.153799
 114.400000 -2.482598 2.408698 25.860646 24.447756
 114.600000 -1.745959 2.693312 22.364273 250.171170
 114.800000 -2.023879 2.473451 22.261410 35.184013
 115.000000 -2.325668 2.761945 24.885475 56.974213
 115.200000 -2.880434 2.792899 22.698814 653.647385
 115.400000 3.072365 3.038039 9.370609 3348.377014
 115.600000 -2.823875 2.961977 23.874487 272.668327
 115.800000 -2.184165 2.629733 23.552610 109.732516
 116.000000 -1.723670 2.315930 22.730309 327.472332
 116.200000 -1.975218 2.476762 22.002405 37.349696
 116.400000 -2.517571 2.786313 26.115631 10.292635
 116.600000 2.996943 2.866004 4.436422 5164.458715
 116.800000 3.066012 2.882197 9.056519 3532.997054
 117.000000 -3.093063 3.045578 14.849296 1570.576605
 117.200000 -3.066589 2.741088 15.937672 1581.680359
 117.400000 -2.498732 2.852331 26.097274 18.790264
 117.600000 -2.210276 2.506139 23.884983 118.389739
 117.800000 -1.888716 2.564830 21.548257 11.858796
 118.000000 -1.963519 2.650669 21.944347 38.145024
 118.200000 -2.249743 2.715456 24.337878 109.691721
 118.400000 -2.628175 2.891626 26.051018 40.851603
 118.600000 3.123267 2.751156 12.156643 2078.500533
 118.800000 2.943921 3.100338 0.776880 4451.960037
 119.000000 2.973774 2.809451 2.860348 5191.245024
 119.200000 -2.755918 2.752622 24.918635 115.945152
 119.400000 -2.164803 2.610348 23.447243 105.771408
 119.600000 -1.867455 2.626536 21.506833 2.886928
 119.800000 -2.233696 2.267934 24.195361 118.558714
 120.000000 -2.369037 2.644486 25.404127 49.749060
 120.200000 -2.294451 2.945240 24.845531 84.937675
 120.400000 -2.859671 2.538865 23.427118 459.350167
 120.600000 -2.879616 2.967038 22.963210 631.454815
 120.800000 -2.996413 2.975513 18.904853 1677.692824
 121.000000 -3.114522 2.540806 14.160852 1582.525747
 121.200000 -2.883847 3.085589 22.903717 670.616380
 121.400000 3.116913 3.090272 12.013209 2139.734957
 121.600000 3.122798 2.567085 12.281994 2034.394521
 121.800000 -2.891826 2.794356 22.690895 753.292535
 122.000000 -2.114364 3.047246 23.018430 70.892422
 122.200000 -2.244353 2.218276 24.403918 120.733513
 122.400000 -1.490078 2.206382 26.552741 114.544072
 122.600000 -1.944857 2.306395 21.898084 40.720378
 122.800000 -2.125527 2.831672 23.135387 80.151476
 123.000000 -2.866860 2.747911 23.365177 510.704303
 123.200000 3.089935 2.724775 10.789076 2744.245727
 123.400000 -3.006951 3.133773 18.595445 1718.503951
 123.600000 -2.919891 2.700445 21.943673 1076.298075
 123.800000 -2.908979 2.727446 22.290683 947.152263
 124.000000 -2.887180 3.017731 22.915284 702.356569
 124.200000 3.004546 2.836143 5.398962 5339.254266
 124.400000 -2.649697 2.856957 26.135537 69.592939
 124.600000 -2.175795 2.747538 23.687250 121.117725
 124.800000 -1.714708 2.188096 22.783178 316.921267
 125.000000 -1.853562 1.959530 21.518709 0.428855
 125.200000 -1.790857 1.971817 21.751270 67.801740
 125.400000 -1.770462 2.332744 21.950410 126.867435
 125.600000 -2.168443 2.740799 23.630997 118.330233
 125.800000 -2.587081 2.864637 26.557221 11.675119
 126.000000 2.895694 2.661907 -0.000000 0.000000
 126.200000 2.940232 3.112644 0.782093 4716.428402
 126.400000 2.947161 2.660098 1.263771 4954.841713
 126.600000 -2.991093 2.816527 19.387501 1716.344792
 126.800000 -3.122646 3.003088 14.093250 1565.790233
 127.000000 3.051737 2.667200 8.746020 3978.860293
 127.200000 3.039139 2.900498 7.985411 4430.958683
 127.400000 -2.887266 -2.995416 23.115814 694.116107
 127.600000 3.045965 2.535035 8.433563 4188.333713
 127.800000 -2.424784 2.900595 26.126989 47.092876
 128.000000 -1.916312 2.804016 21.788765 34.428339
 128.200000 -1.916668 2.257651 21.803918 34.936914
 128.400000 -1.601934 2.269183 24.832629 294.254122
 128.600000 -2.032576 2.507606 22.552464 41.131353
 128.800000 -2.014898 2.770196 22.439663 40.620685
 129.000000 -2.704081 2.506013 25.760033 96.938329
 129.200000 -2.857147 2.869373 23.907414 405.690336
 129.400000 3.042573 3.042971 8.324098 4318.097789
 129.600000 3.059596 2.739600 9.401068 3691.842733
 129.800000 -3.006665 2.798927 18.874777 1762.517381
 130.000000 -3.002069 2.946771 19.067638 1759.374657
 130.200000 3.085758 2.730356 10.945021 2800.526156
 130.400000 -3.118808 2.903352 14.428167 1515.875828
 130.600000 -2.839466 3.052693 24.276136 286.824546
 130.800000 -3.058505 2.409380 16.778118 1607.334688
 131.000000 -2.822730 3.033645 24.538420 210.104373
 131.200000 2.919636 2.921161 -0.006170 8.388332
 131.400000 2.988543 2.577244 4.552965 5766.496907
 131.600000 2.932545 2.827993 0.417282 5024.651174
 131.800000 3.077544 3.042089 10.558980 3056.978099
 132.000000 -3.095077 2.644444 15.395317 1483.678465
 132.200000 -2.972658 2.874685 20.437504 1645.389798
 132.400000 2.978513 3.007223 3.842657 5834.970462
 132.600000 3.049581 2.808675 8.956671 4068.366567
 132.800000 3.012082 2.892561 6.373391 5370.122311
 133.000000 -2.982363 3.082160 20.040035 1705.952541
 133.200000 2.933771 2.529741 0.582972 4895.597960
 133.400000 -2.963254 2.985446 20.870798 1566.888658
 133.600000 2.905199 2.820179 -0.000006 0.000009
 133.800000 3.001693 2.742161 5.663751 5642.840110
 134.000000 3.043637 3.095172 8.637081 4297.553704
 134.200000 -2.722130 2.737971 25.755133 96.462205
 134.400000 -1.774655 2.686325 21.919646 88.262661
 134.600000 -1.760331 2.006778 22.068327 128.637830
 134.800000 -1.727886 2.139794 22.499550 226.387479
 135.000000 -2.034851 2.498794 22.657208 40.959584
 135.200000 -2.012856 2.996152 22.531312 39.982785
 135.400000 -2.613790 2.391825 26.771206 41.675683
 135.600000 -2.469892 2.860315 26.688855 36.540772
 135.800000 -2.306549 2.950952 25.443562 94.770378
 136.000000 -1.913630 2.429178 21.884088 36.622996
 136.200000 -1.804710 2.047750 21.715043 23.304873
 136.400000 -1.575794 2.375267 25.047011 223.174365
 136.600000 -2.544451 2.613497 27.004690 0.624690
 136.800000 2.821863 3.115725 -0.000000 0.000000
 137.000000 2.933590 2.927562 0.698184 4979.533358
 137.200000 3.076333 2.439490 10.874928 3039.174759
 137.400000 -2.680165 -3.132542 26.253372 101.144789
 137.600000 -2.883367 2.618899 23.679367 582.613382
 137.800000 -2.429057 2.702917 26.473666 48.900450
 138.000000 -2.085814 2.963261 23.053868 59.641814
 138.200000 -1.773877 2.375554 21.939625 80.610595
 138.400000 -1.863079 1.791879 21.688893 7.683642
 138.600000 -1.237767 1.485820 25.801598 307.296925
 138.800000 -1.298497 0.901585 26.621212 82.653676
 139.000000 -1.372272 0.629190 26.887127 2.244331
 139.200000 -1.280532 0.796192 26.400711 140.075150
 139.400000 -1.032053 1.293141 20.907252 766.895029
 139.600000 -1.547150 1.372905 25.372971 176.658229
 139.800000 -1.219047 0.693498 25.420246 381.542846
 140.000000 -1.089537 0.383664 22.415781 634.847927
 140.200000 -0.704468 0.093309 8.335852 1362.250026
 140.400000 -0.730127 0.207891 9.295532 1445.265474
 140.600000 -0.893949 0.285774 16.137817 1701.599288
 140.800000 -0.867896 0.505741 15.040599 1834.578172
 141.000000 -1.469633 1.369723 26.236521 92.774595
 141.200000 -1.603142 1.345500 24.507941 249.160354
 141.400000 -1.383619 0.734632 26.784066 7.668203
 141.600000 -0.750213 0.188805 10.040816 1545.356475
 141.800000 -0.701285 0.281246 8.185532 1360.356102
 142.000000 -1.596442 0.606122 24.612763 240.395544
 142.200000 -1.170554 1.484839 24.302108 525.230013
 142.400000 -0.944484 1.671819 18.041742 1318.608249
 142.600000 -0.511844 1.820019 0.359697 2256.779583
 142.800000 -0.813958 2.091546 12.647836 1848.104919
 143.000000 -0.525139 2.232898 0.967816 2060.416230
 143.200000 -0.689320 2.036720 7.685810 1356.207608
 143.400000 -0.986490 1.901337 19.443241 1011.304302
 143.600000 -0.818053 1.349579 12.798643 1856.261990
 143.800000 -1.308442 0.785832 26.567174 59.355684
 144.000000 -1.866699 0.773129 21.765102 11.651700
 144.200000 -1.312483 0.816052 26.572176 50.677339
 144.400000 -0.846049 1.243210 13.988536 1872.909149
 144.600000 -1.524639 1.558143 25.538926 147.416383
 144.800000 -1.435666 0.943714 26.435225 57.354609
 145.000000 -1.013401 0.412421 20.239564 860.678111
 145.200000 -0.668713 0.048458 6.874306 1383.216520
 145.400000 -0.603298 -0.339075 4.327280 1713.295605
 145.600000 -0.735087 -0.494713 9.356985 1484.891288
 145.800000 -0.654017 -0.086018 6.324254 1422.481348
 146.000000 -0.656123 0.151941 6.403591 1415.399451
 146.200000 -1.545490 0.686606 25.236449 169.051694
 146.400000 -1.265809 1.522930 26.028132 196.020595
 146.600000 -0.512243 1.841429 0.267484 2352.138037
 146.800000 -0.643578 2.306861 5.906359 1469.345822
 147.000000 -0.890082 2.147341 15.817029 1709.010022
 147.200000 -0.509151 1.984381 0.096386 1910.816642
 147.400000 -0.861057 1.421512 14.573351 1828.014051
 147.600000 -1.198072 1.235669 24.790446 445.928449
 147.800000 -1.761387 0.712182 22.081535 90.210763
 148.000000 -0.558055 0.197569 2.323595 2005.439633
 148.200000 -0.523051 0.292437 0.721500 2038.144169
 148.400000 -1.479759 0.242279 25.965223 104.057731
 148.600000 -1.879331 0.625516 21.861106 21.142160
 148.800000 -1.023589 1.033079 20.446421 820.925656
 149.000000 -0.837391 1.286900 13.541218 1854.498027
 149.200000 -0.967009 1.732292 18.665409 1148.331568
 149.400000 -1.060038 1.928729 21.428120 699.151961
 149.600000 -0.508998 2.008225 0.051409 1380.596778
 149.800000 -1.252491 2.384367 25.759919 247.699697
 150.000000 -0.991921 2.350930 19.477877 984.602159
 150.200000 -0.734352 2.103029 9.268472 1492.031565
 150.400000 -0.827884 1.592162 13.109669 1838.431515
 150.600000 -1.475052 0.941610 25.979531 99.342127
 150.800000 -1.710788 0.573656 22.685320 199.492092
 151.000000 -1.627829 0.807050 23.976079 248.083773
 151.200000 -0.862446 1.305208 14.579100 1801.114858
 151.400000 -1.390030 1.695135 26.561718 10.321072
 151.600000 -1.698798 1.599983 22.855577 217.965411
 151.800000 -1.480439 0.517021 25.909277 104.515971
 152.000000 -0.429524 -0.232247 -0.000000 0.000000
 152.200000 -0.270138 -0.455419 -0.000000 0.000000
 152.400000 -0.931530 -0.282686 17.353976 1404.667556
 152.600000 -0.491651 0.324176 -0.000503 0.032849
 152.800000 -1.150175 0.592826 23.616644 547.695529
 153.000000 -1.563381 1.091829 24.905039 183.815914
 153.200000 -1.130456 1.321346 23.132390 575.860169
 153.400000 -1.176788 1.196953 24.207158 493.735981
 153.600000 -1.661110 0.728254 23.428638 247.954526
 153.800000 -1.053688 0.699652 21.197754 714.262413
 154.000000 -0.496169 0.778777 -0.002160 0.558840
 154.200000 -1.236013 1.575794 25.383922 309.313788
 154.400000 -1.960567 1.781694 22.399184 43.941681
 154.600000 -1.710857 2.639221 22.677445 191.890989
 154.800000 -2.349459 2.943846 26.165763 69.105250
 155.000000 2.947142 2.590846 2.337547 6149.771505
 155.200000 -3.094614 3.041963 16.362531 1438.502387
 155.400000 -2.762193 2.773416 25.794207 75.805660
 155.600000 -2.185399 2.307494 24.251233 171.948887
 155.800000 -1.191664 2.358857 24.497375 453.720807
 156.000000 -0.538816 2.137023 1.302174 2053.302498
 156.200000 -1.416918 1.475072 26.369540 33.633324
 156.400000 -1.383267 0.697811 26.507441 5.024143
 156.600000 -0.544340 -0.202612 1.535914 2053.783254
 156.800000 -0.546097 -0.616004 1.615525 2052.232609
 157.000000 -0.982247 0.060387 19.075899 1039.073297
 157.200000 -0.882083 0.710702 15.351808 1701.596381
 157.400000 -1.192095 1.460590 24.473364 450.090211
 157.600000 -0.789826 1.239911 11.458571 1727.013157
 157.800000 -0.908547 1.064378 16.420330 1551.595783
 158.000000 -1.650683 1.190746 23.573932 241.901553
 158.200000 -1.779171 0.887569 21.954764 43.858911
 158.400000 -0.923107 0.873525 16.977623 1451.109138
 158.600000 -1.468762 1.388365 25.945756 89.778878
 158.800000 -1.711422 1.569138 22.663468 184.763910
 159.000000 -1.450133 1.021732 26.112075 69.632325
 159.200000 -1.174753 0.696949 24.070877 488.032305
 159.400000 -1.489367 1.120724 25.731304 109.698312
 159.600000 -1.066475 1.219502 21.468668 673.413333
 159.800000 -1.182436 0.926818 24.239098 470.643916
 160.000000 -1.252067 0.636336 25.569179 249.025602
 160.200000 -1.017300 0.677594 20.116747 844.629920
 160.400000 -1.500895 1.088883 25.600844 119.945537
 160.600000 -1.191524 1.099442 24.424092 446.909057
 160.800000 -1.113393 0.701935 22.635631 586.550341
 161.000000 -1.617172 0.890704 24.079146 224.040701
 161.200000 -1.176115 1.142434 24.084018 482.071262
 161.400000 -1.241048 1.368717 25.368658 288.738358
 161.600000 -1.265133 1.152277 25.745296 201.781904
 161.800000 -1.417536 0.825157 26.319434 32.519184
 162.000000 -1.301897 0.999777 26.177895 84.921131
 162.200000 -1.315312 1.350827 26.282650 53.142404
 162.400000 -1.154474 1.137652 23.595000 522.070232
 162.600000 -1.283821 0.814255 25.981964 138.252526
 162.800000 -1.295407 0.703745 26.108934 103.034933
 163.000000 -1.359935 1.188977 26.464500 0.885830
 163.200000 -1.379596 1.160898 26.455403 2.502717
 163.400000 -1.052230 0.707792 21.081506 714.684816
 163.600000 -1.260428 0.387551 25.669300 217.625030
 163.800000 -0.625144 0.289725 4.958085 1663.327365
 164.000000 -1.211301 0.413890 24.815088 386.903967
 164.200000 -1.255564 1.013037 25.597693 233.716462
 164.400000 -1.168277 1.149630 23.912808 494.802234
 164.600000 -1.007465 0.905736 19.815124 904.202897
 164.800000 -1.409504 0.756953 26.355616 24.019736
 165.000000 -1.282715 0.511480 25.967268 140.533848
 165.200000 -0.887149 0.780000 15.507229 1673.489383
 165.400000 -1.731663 1.148228 22.408089 141.786262
 165.600000 -1.232593 0.979649 25.222194 313.810882
 165.800000 -1.356023 0.888986 26.458462 2.157585
 166.000000 -1.512597 0.956251 25.460961 130.702809
 166.200000 -1.010439 0.859619 19.905394 899.694492
 166.400000 -0.672926 0.748972 6.809913 1484.707940
 166.600000 -1.742767 1.127465 22.280344 117.582392
 166.800000 -1.616711 0.951750 24.077917 222.785834
 167.000000 -0.635635 0.622555 5.345577 1620.070825
 167.200000 -1.405746 0.770468 26.382823 20.403933
 167.400000 -1.603050 0.949053 24.280512 213.140648
 167.600000 -1.089403 0.966230 22.065943 634.517944
 167.800000 -1.382922 1.208399 26.457675 3.905744
 168.000000 -1.760013 0.896847 22.108456 80.425918
 168.200000 -0.893861 0.599403 15.764998 1643.282408
 168.400000 -1.126731 0.707885 22.989306 568.091920
 168.600000 -1.503590 1.266818 25.574089 123.948758
 168.800000 -1.119817 1.180878 22.823643 579.936805
 169.000000 -1.472902 0.968202 25.894256 93.508406
 169.200000 -1.168114 0.606890 23.954429 490.683892
 169.400000 -1.319823 0.963490 26.332353 43.055726
 169.600000 -1.520015 1.267886 25.392521 139.921580
 169.800000 -1.150171 0.720746 23.549536 527.014194
 170.000000 -1.189382 0.485939 24.413520 439.880527
 170.200000 -0.978622 0.923376 18.904362 1104.418722
 170.400000 -1.569240 1.419553 24.771569 187.292608
 170.600000 -1.350626 1.197930 26.477818 4.975589
 170.800000 -0.929694 0.404971 17.164417 1431.401333
 171.000000 -0.784399 -0.140853 11.166967 1708.452406
 171.200000 -0.528773 -0.459046 0.606595 2085.893457
 171.400000 -0.621307 -0.155971 4.699295 1723.287463
 171.600000 -0.600505 -0.019491 3.820128 1850.550826
 171.800000 -0.855306 0.212160 14.151479 1783.033793
 172.000000 -1.335624 0.566470 26.440088 18.628274
 172.200000 -1.147466 1.271445 23.529739 535.567649
 172.400000 -0.792198 1.392008 11.483860 1734.318099
 172.600000 -0.787954 1.760629 11.307415 1721.781241
 172.800000 -1.063879 2.184468 21.449065 719.611478
 173.000000 -0.584108 2.430926 3.093900 1950.824998
 173.200000 -0.686368 1.954944 7.273985 1501.355156
 173.400000 -0.739943 1.689465 9.361474 1568.252055
 173.600000 -1.072594 1.360260 21.690652 698.654366
 173.800000 -1.653114 0.510121 23.527756 246.023811
 174.000000 -1.686593 0.151302 23.011117 224.502312
 174.200000 -1.639341 0.527371 23.745017 247.169720
 174.400000 -1.092220 1.389155 22.211689 651.867219
 174.600000 -0.986460 1.749918 19.172560 1075.567447
 174.800000 -0.589493 2.127573 3.311198 1931.024204
 175.000000 -1.063116 2.262601 21.447828 729.789029
 175.200000 -0.493205 1.935543 -0.000047 0.000310
 175.400000 -0.751260 1.918345 9.817514 1607.382843
 175.600000 -0.838465 1.811368 13.442779 1797.764954
 175.800000 -0.928032 2.126851 17.103121 1453.251760
 176.000000 -0.615201 1.950157 4.412126 1783.474534
 176.200000 -0.824468 2.169229 12.855723 1793.868980
 176.400000 -0.870074 2.148829 14.781244 1742.029359
 176.600000 -0.542923 1.990501 1.194126 2085.285602
 176.800000 -0.679345 1.905071 7.001023 1527.243340
 177.000000 -0.815858 1.842118 12.491505 1784.658374
 177.200000 -0.528310 1.881296 0.517896 2145.663558
 177.400000 -0.978773 2.058258 18.938153 1129.152928
 177.600000 -0.656560 2.165062 6.106108 1593.281508
 177.800000 -0.572983 2.015958 2.556013 2034.893741
 178.000000 -0.972471 2.046674 18.724554 1168.042248
 178.200000 -0.761236 1.819586 10.250390 1645.043085
 178.400000 -0.941980 1.918592 17.648752 1362.319723
 178.600000 -0.538816 1.925983 0.991678 2093.815982
 178.800000 -0.984360 2.011973 19.132675 1095.840088
 179.000000 -0.956741 2.062873 18.183957 1267.327582
 179.200000 -0.535327 1.931026 0.826590 2099.445261
 179.400000 -0.849293 2.072990 13.945321 1777.128366
 179.600000 -1.132737 1.813310 23.268871 567.349793
 179.800000 -0.859022 1.158850 14.354530 1759.870586
 180.000000 -1.450907 0.768571 26.211897 70.208598
 180.200000 -1.757090 0.411813 22.094247 91.922122
 180.400000 -1.474663 0.797299 26.001070 99.843724
 180.600000 -1.043074 1.384029 20.952220 808.258563
 180.800000 -0.805673 1.679294 12.122205 1760.943792
 181.000000 -0.502270 1.902531 -0.000918 0.112280
 181.200000 -0.996970 2.564817 19.574131 1021.714101
 181.400000 -0.682629 2.398817 7.183690 1561.944379
 181.600000 -0.476465 1.642599 -0.000000 0.000000
 181.800000 -1.144059 1.251103 23.555660 541.891971
 182.000000 -1.124495 0.416303 23.091447 584.196378
 182.200000 -0.406131 -0.462056 -0.000000 0.000000
 182.400000 -0.359995 -0.442532 -0.000000 0.000000
 182.600000 -0.989238 0.023052 19.337543 1063.157500
 182.800000 -0.520851 0.317308 0.125670 2238.249793
 183.000000 -1.492888 0.540524 25.824300 123.115782
 183.200000 -2.084758 0.708082 23.039130 55.820439
 183.400000 -1.631736 0.675089 23.878778 260.537556
 183.600000 -0.499204 0.591134 -0.000249 0.008755
 183.800000 -1.262007 1.044751 25.860793 197.632017
 184.000000 -1.713709 1.017214 22.600924 192.365106
 184.200000 -0.990205 0.766087 19.396991 1055.138117
 184.400000 -1.519579 0.826060 25.521642 155.819282
 184.600000 -1.737492 1.311522 22.291578 140.747759
 184.800000 -0.852456 1.156637 14.167646 1752.732880
 185.000000 -0.931522 1.414490 17.340139 1411.452030
 185.200000 -1.384470 1.013338 26.620665 3.779959
 185.400000 -1.397604 0.604510 26.585068 11.964908
 185.600000 -1.198525 0.763346 24.781699 400.509345
 185.800000 -1.476493 1.235515 26.019706 104.229371
 186.000000 -0.982334 1.062147 19.153563 1098.317897
 186.200000 -1.116104 0.775242 22.946202 596.630906
 186.400000 -1.508460 0.998537 25.672610 143.988518
 186.600000 -0.999318 0.941458 19.719472 1002.580254
 186.800000 -1.514520 1.369809 25.598997 151.173382
 187.000000 -1.579737 1.137427 24.705066 224.427779
 187.200000 -1.047563 0.653100 21.171847 784.785143
 187.400000 -1.621816 0.741334 24.052877 261.786287
 187.600000 -1.459181 1.155547 26.207513 82.690204
 187.800000 -0.806368 0.941635 12.290518 1751.248586
 188.000000 -1.357392 1.306742 26.649511 2.176589
 188.200000 -1.707634 0.891181 22.684936 211.473368
 188.400000 -0.715886 0.300447 8.621266 1588.300067
 188.600000 -0.984903 0.053188 19.289495 1079.160977
 188.800000 -0.541507 -0.429017 1.090134 2199.670105
 189.000000 -0.510230 -0.292039 -0.010195 9.801583
 189.200000 -0.507301 0.291066 -0.003736 1.708909
 189.400000 -1.344135 0.559404 26.642691 10.859721
 189.600000 -1.013474 1.153344 20.210611 925.603780
 189.800000 -0.667832 1.592254 6.709822 1662.451189
 190.000000 -0.513262 2.143524 -0.022070 19.423748
 190.200000 -0.956417 2.508847 18.355696 1247.898210
 190.400000 -0.632066 2.172285 5.229918 1842.352712
 190.600000 -0.777597 1.844270 11.156116 1699.795704
 190.800000 -1.560401 1.366229 25.023270 209.949285
 191.000000 -1.744407 0.590777 22.199818 131.723395
 191.200000 -0.908186 0.435097 16.575441 1535.988284
 191.400000 -0.791392 0.449844 11.748818 1728.239203
 191.600000 -0.999124 0.230865 19.802619 994.835537
 191.800000 -1.710259 0.454263 22.646787 211.605576
 192.000000 -1.489974 1.078305 25.945538 124.877379
 192.200000 -0.581060 1.422913 2.963872 2177.298852
 192.400000 -0.589485 1.787401 3.354986 2132.416709
 192.600000 -0.923935 2.615751 17.203916 1445.775703
 192.800000 -1.725714 2.365237 22.430864 179.744939
 193.000000 -2.236597 2.437869 24.730600 200.765972
 193.200000 -2.973880 2.890410 21.642620 1618.623717
 193.400000 -2.994760 -2.946884 20.778299 1791.393081
 193.600000 -3.017510 2.629678 19.804467 1850.733216
 193.800000 -2.494158 2.664601 27.124688 33.109080
 194.000000 -1.841097 2.851054 21.641630 0.105522
 194.200000 -1.836154 2.300024 21.635253 0.085577
 194.400000 -1.767038 2.031333 21.957747 83.092653
 194.600000 -1.640644 2.362853 23.778813 283.524857
 194.800000 -2.201921 2.719743 24.209325 200.354516
 195.000000 3.007274 2.866741 7.638655 5653.848001
 195.200000 2.886773 -3.053135 -0.000002 0.000001
 195.400000 -2.553974 2.739141 27.314865 0.427091
 195.600000 -1.615384 2.256521 24.207090 273.380206
 195.800000 -1.454806 1.673084 26.348901 78.233107
 196.000000 -1.322891 0.885178 26.606215 40.215172
 196.200000 -0.553855 0.191809 1.699122 2310.820903
 196.400000 -0.594196 -0.594955 3.613438 2153.809920
 196.600000 -0.702141 -0.588187 8.226833 1616.674164
 196.800000 -0.515042 0.026805 -0.027571 2.192254
 197.000000 -1.069121 1.015054 21.895976 691.490947
 197.200000 -1.770524 1.567178 21.926553 77.894664
 197.400000 -1.664566 2.037744 23.390892 283.213839
 197.600000 -1.939303 2.255083 22.008766 34.545175
 197.800000 -2.065647 2.778763 22.732655 41.729085
 198.000000 -2.655047 3.009609 26.797217 87.505036
 198.200000 -3.016974 2.537032 19.814847 1851.792232
 198.400000 2.864469 2.878299 -0.000000 0.000000
 198.600000 -2.851995 3.012462 24.969261 190.028998
 198.800000 -2.826512 2.349224 25.269709 101.447536
 199.000000 -2.179949 2.756995 23.852235 180.379222
 199.200000 -1.576107 2.469427 24.872136 240.010887
 199.400000 -1.994819 1.904403 22.310033 30.083610
 199.600000 -1.697405 2.323674 22.862575 248.509018
 199.800000 -1.938700 2.732593 21.989540 33.620818
 200.000000 -2.537237 2.710321 27.248716 5.925553
 200.200000 -3.003911 2.700628 21.108787 1831.911098
 200.400000 -3.102483 3.033906 17.062481 1416.838388
 200.600000 3.098024 2.731508 13.816613 2054.739307
 200.800000 -2.893986 2.647541 24.937039 521.069206
 201.000000 -2.071869 2.811782 23.476606 44.682871
 201.200000 -1.961335 2.280581 22.837873 32.781310
 201.400000 -1.350205 2.333703 27.515000 7.755501
 201.600000 -2.064700 2.152717 23.416726 40.399053
 201.800000 -2.084158 2.842246 23.549070 53.227863
 202.000000 -2.414881 3.028318 27.221919 58.052834
 202.200000 -2.573740 2.421693 27.962442 2.656762
 202.400000 -2.443633 2.759916 27.423070 53.567006
 202.600000 -1.786867 3.002560 22.528827 49.044970
 202.800000 -2.240759 2.275745 25.391794 198.911325
 203.000000 -1.786317 2.283101 22.532698 50.053069
 203.200000 -1.809234 2.576171 22.400869 17.032565
 203.400000 -2.171972 2.686050 24.420962 167.641711
 203.600000 -2.836930 2.611804 25.851863 124.733367
 203.800000 -3.022747 2.939658 20.291427 1853.865057
 204.000000 -2.992184 2.970097 21.599599 1769.650029
 204.200000 -2.849525 2.629662 25.689854 171.093480
 204.400000 -2.054875 2.840849 23.329889 36.034340
 204.600000 -2.124964 2.403253 23.871006 98.183944
 204.800000 -1.827635 2.509875 22.343214 3.398583
 205.000000 -2.511467 2.736276 27.829034 21.742120
 205.200000 -2.339225 -3.094397 26.537432 91.571313
 205.400000 -2.552069 2.491996 27.935183 0.746853
 205.600000 -1.894714 2.524866 22.447208 18.567249
 205.800000 -1.621341 2.522919 24.896404 287.738546
 206.000000 -2.062960 2.591597 23.372719 39.569242
 206.200000 -2.981042 2.677752 22.053702 1671.695411
 206.400000 2.905496 -2.791282 0.577757 4369.108959
 206.600000 -2.548776 2.567631 27.921844 1.472141
 206.800000 -1.573448 1.771561 25.681391 241.050014
 207.000000 -0.357787 0.719931 -0.000000 0.000000
 207.200000 -0.914769 0.112508 17.782958 1487.262815
 207.400000 -0.804953 -0.354003 13.284934 1732.104781
 207.600000 0.609013 -0.695285 -0.000000 0.000000
