#! FIELDS time phi psi ves.bias ves.force2
#! SET min_phi -pi
#! SET max_phi pi
#! SET min_psi -pi
#! SET max_psi pi
 0.000000 -1.498385 0.273949 27.215882 148.921278
 0.200000 -0.486077 -0.085311 2.008534 221.563084
 0.400000 -0.558340 -0.393630 3.327571 487.889558
 0.600000 -0.517742 -0.518056 2.522821 313.072292
 0.800000 -0.514920 -0.263815 2.473277 303.473762
 1.000000 -1.506378 0.555311 27.115851 164.365775
 1.200000 -1.893220 1.478771 22.684942 0.620889
 1.400000 -1.217092 2.092759 26.509659 346.809983
 1.600000 -0.720256 2.389003 8.920867 1472.721156
 1.800000 -0.986461 2.263471 19.938705 1327.088896
 2.000000 -0.834819 1.836879 13.725099 1921.287175
 2.200000 -0.886630 1.349196 16.063431 1762.210616
 2.400000 -1.320341 0.973467 27.794463 39.092388
 2.600000 -0.823899 0.101563 13.371080 1875.618849
 2.800000 -0.612076 -0.243902 5.432511 859.931196
 3.000000 -0.635027 -0.312317 6.125986 968.391384
 3.200000 -0.832426 -0.041010 13.828685 1843.840068
 3.400000 -0.798090 0.756324 12.361672 1792.246132
 3.600000 -1.177526 1.664157 25.723025 529.488236
 3.800000 -0.795890 1.875555 12.268611 1785.974194
 4.000000 -0.815455 2.220227 13.100995 1829.566743
 4.200000 -0.877202 2.379855 15.897050 1764.977681
 4.400000 -0.964048 2.192533 19.339049 1354.090641
 4.600000 -0.865986 2.095567 15.423600 1797.023985
 4.800000 -1.360446 1.782377 28.007186 0.735247
 5.000000 -0.842148 1.318790 14.406712 1835.406185
 5.200000 -1.515816 0.847659 26.859785 188.127020
 5.400000 -1.629144 0.703261 25.058548 277.369203
 5.600000 -0.925126 0.833422 18.078701 1539.439556
 5.800000 -1.538619 1.366773 26.532478 223.449229
 6.000000 -1.718627 1.281787 23.716310 155.689684
 6.200000 -1.118821 0.634790 24.373806 691.064305
 6.400000 -0.684492 -0.063448 8.291259 1252.230543
 6.600000 -0.614696 -0.438907 5.985478 958.193356
 6.800000 -0.615517 -0.560917 6.010902 960.913902
 7.000000 -1.073041 0.136761 23.126256 795.382936
 7.200000 -0.857186 0.432759 15.536987 1931.068809
 7.400000 -1.569426 1.337508 26.186828 243.620992
 7.600000 -1.666409 1.651778 24.563550 277.272603
 7.800000 -1.559507 1.191644 26.339407 229.571455
 8.000000 -0.934323 0.486044 18.742437 1465.136238
 8.200000 -0.949304 0.159727 19.437835 1338.949082
 8.400000 -0.828708 -0.058414 14.380464 2001.586262
 8.600000 -0.489372 -0.087766 2.601328 590.937942
 8.800000 -0.913714 0.126661 18.066160 1633.406749
 9.000000 -0.979324 0.513728 20.486670 1110.556900
 9.200000 -1.321374 1.097081 27.992814 24.622793
 9.400000 -0.983312 0.886115 20.749646 1046.805638
 9.600000 -0.761563 0.662854 11.575832 1728.285476
 9.800000 -1.748403 0.647280 23.379529 172.404159
 10.000000 -1.788455 0.677772 22.932627 83.103532
 10.200000 -0.623603 0.775830 6.688300 1045.776044
 10.400000 -1.420189 1.101613 27.944764 31.556498
 10.600000 -2.044324 1.281657 22.746074 9.989893
 10.800000 -1.553201 0.969120 26.648307 193.923501
 11.000000 -0.870574 0.584019 16.511689 1963.956414
 11.200000 -1.896823 0.901752 22.473657 0.018033
 11.400000 -1.676275 0.949595 24.593408 344.838590
 11.600000 -0.739068 0.988899 10.843653 1581.468955
 11.800000 -1.657524 1.449603 24.943924 351.286445
 12.000000 -1.734370 1.302919 23.591660 232.635170
 12.200000 -1.112111 0.985759 24.406951 597.819258
 12.400000 -0.537576 0.317611 4.067745 956.326803
 12.600000 -1.013508 -0.300808 21.903033 767.764486
 12.800000 -0.589250 -0.445108 5.709117 1042.390711
 13.000000 -0.152196 -0.097125 -0.000223 0.000163
 13.200000 -0.969337 0.284230 20.647012 1028.870903
 13.400000 -1.712828 0.845396 24.035316 295.799033
 13.600000 -1.078842 1.577979 23.613742 599.296834
 13.800000 -0.599566 1.633127 6.123338 1062.766643
 14.000000 -0.442690 2.201477 1.526908 463.066136
 14.200000 -1.284903 2.195700 27.888947 105.261298
 14.400000 -2.103674 2.013342 22.868157 14.684003
 14.600000 -2.600284 2.869813 24.998209 21.787262
 14.800000 2.989809 3.003850 3.337526 1211.328425
 15.000000 3.036512 2.639354 5.206421 2016.887986
 15.200000 -2.459903 2.601432 25.239714 2.196276
 15.400000 -2.387010 2.742940 24.974164 33.259150
 15.600000 -2.366220 2.591477 24.842833 46.860843
 15.800000 -2.573820 2.765996 25.081618 14.546575
 16.000000 -2.904179 2.846340 20.439511 784.282837
 16.200000 -2.849811 2.893772 21.795948 535.297520
 16.400000 -2.747680 2.706972 23.682715 191.977949
 16.600000 -2.824393 2.493408 22.354783 433.839271
 16.800000 -2.974796 2.905028 18.176948 1250.647208
 17.000000 2.958582 2.963778 2.308578 787.988385
 17.200000 -2.262982 2.777257 23.891613 87.187340
 17.400000 -1.639808 2.119983 25.541847 353.712590
 17.600000 -0.901754 1.097824 18.433189 1633.984647
 17.800000 -0.886500 0.008379 17.801593 1792.388507
 18.000000 -0.657993 -0.995889 8.344174 1130.534538
 18.200000 -0.193839 -0.148693 -0.002564 0.010823
 18.400000 -1.455720 1.255607 27.884115 45.888991
 18.600000 -1.743548 1.538368 23.655361 238.917269
 18.800000 -1.350842 1.611407 28.271484 0.464814
 19.000000 -0.914389 1.463884 18.975768 1471.442783
 19.200000 -1.817278 1.416106 22.831339 52.910009
 19.400000 -1.582388 0.986534 26.572103 232.142758
 19.600000 -0.271951 0.017911 -0.015505 0.036956
 19.800000 -0.731138 -0.376201 11.065537 1548.640217
 20.000000 -0.596245 -0.624567 6.382315 1115.554204
 20.200000 -0.309073 -0.098913 -0.022549 0.098728
 20.400000 -1.061715 0.656179 23.239602 545.831778
 20.600000 -1.717495 1.391016 24.129613 310.362214
 20.800000 -1.758891 2.009798 23.472556 192.473967
 21.000000 -2.415961 2.562082 25.045796 28.648264
 21.200000 2.845410 -3.062946 0.084259 81.993381
 21.400000 3.126050 2.917605 9.643667 2784.329702
 21.600000 -2.380054 2.370382 24.791186 54.779136
 21.800000 -1.650430 2.413865 25.431264 363.136693
 22.000000 -1.878558 2.657199 22.594341 6.611013
 22.200000 3.063822 2.408613 6.444782 2388.112870
 22.400000 2.951456 -2.837182 1.992731 809.772084
 22.600000 -2.999129 2.924113 17.161690 1567.085013
 22.800000 -3.004296 2.283131 16.955589 1615.805569
 23.000000 -2.034998 3.121180 22.528031 1.048064
 23.200000 -2.354913 2.898479 24.543014 74.259094
 23.400000 -2.714843 2.442548 24.032755 123.394935
 23.600000 -2.506120 2.905414 25.259060 0.033760
 23.800000 -2.594307 2.822641 25.002722 28.103463
 24.000000 -2.792706 2.685479 22.946254 296.123015
 24.200000 -2.265377 -3.109459 23.692521 83.143378
 24.400000 -2.395559 2.271847 24.856280 52.456327
 24.600000 -2.155633 2.314551 22.867199 30.140018
 24.800000 -1.735777 2.876440 23.990333 247.174154
 25.000000 -2.946614 2.724685 19.073657 1133.320321
 25.200000 -2.826611 3.107825 22.318668 421.717556
 25.400000 -3.115780 2.889001 11.794897 2581.109363
 25.600000 2.974069 2.545944 2.688565 1177.580190
 25.800000 -2.697554 3.033252 24.220567 101.947842
 26.000000 -2.561989 2.554422 25.174451 14.926030
 26.200000 -2.444860 2.498416 25.184905 20.009802
 26.400000 -2.105750 3.073278 22.624469 12.626502
 26.600000 -2.593665 2.404289 25.039000 31.482617
 26.800000 -3.050156 2.353636 14.969195 2042.319568
 27.000000 3.010340 -3.020885 4.078845 1725.893072
 27.200000 2.972838 3.109451 2.650616 1209.527190
 27.400000 -2.819559 2.434226 22.485497 398.850905
 27.600000 -1.773776 2.694800 23.556020 154.865291
 27.800000 -2.095058 2.404073 22.583538 10.409688
 28.000000 -2.568939 2.469343 25.187379 19.506152
 28.200000 -2.747832 -3.136668 23.683065 179.375886
 28.400000 3.129485 2.797991 9.917015 2668.914102
 28.600000 -2.475608 2.936749 25.338033 4.923252
 28.800000 -2.073545 2.417801 22.516126 6.452899
 29.000000 -1.947320 2.215406 22.466506 3.248075
 29.200000 -1.816814 2.474392 23.142020 86.385128
 29.400000 -2.518177 2.867124 25.388884 1.287983
 29.600000 2.967889 2.841800 2.500349 1198.355406
 29.800000 -3.061967 2.870929 14.470124 2102.559757
 30.000000 -2.826334 2.561023 22.369160 435.861185
 30.200000 -2.683204 2.806660 24.458713 90.542290
 30.400000 -2.393749 2.951843 24.928582 70.773348
 30.600000 -2.699274 2.518774 24.299345 106.833383
 30.800000 -2.772037 2.691538 23.372260 242.806171
 31.000000 -3.107364 3.064619 12.326027 2443.760268
 31.200000 -2.833032 2.749092 22.267588 468.889552
 31.400000 -1.994653 2.646055 22.417631 0.001029
 31.600000 -2.042941 2.349092 22.460189 3.082577
 31.800000 -2.000117 2.665700 22.418043 0.033218
 32.000000 -2.768307 2.854693 23.456529 233.860527
 32.200000 3.091805 2.876902 8.101306 2585.559080
 32.400000 -3.002497 -3.115781 17.075440 1584.767795
 32.600000 -2.815090 2.557037 22.665899 391.351754
 32.800000 -2.562753 2.611014 25.375456 17.149912
 33.000000 -2.170067 2.963471 22.963030 33.134136
 33.200000 -2.653275 2.216095 24.831633 69.478723
 33.400000 -2.489348 2.659716 25.514769 2.550564
 33.600000 -2.240027 2.922091 23.458862 67.696287
 33.800000 -2.685267 2.447762 24.543201 94.830092
 34.000000 -2.435606 2.781214 25.301562 39.080873
 34.200000 -2.346586 3.082872 24.527576 115.689938
 34.400000 -2.425470 2.179413 25.272882 52.556030
 34.600000 -1.809526 2.178262 23.277107 102.666485
 34.800000 -1.469754 2.402085 27.708455 52.049528
 35.000000 -1.983612 2.353507 22.445206 0.000263
 35.200000 -2.639374 2.780910 25.017212 61.437864
 35.400000 -3.097293 3.067114 12.911654 2318.392738
 35.600000 2.979002 2.556148 2.987257 1511.256966
 35.800000 -2.263226 2.857199 23.691503 84.000225
 36.000000 -2.065258 2.649501 22.595855 9.006573
 36.200000 -1.909087 2.010789 22.578974 15.103998
 36.400000 -1.890405 2.069802 22.662904 26.030447
 36.600000 -1.907915 2.692951 22.583573 15.696808
 36.800000 3.078974 2.701276 7.580269 2515.481739
 37.000000 2.913412 3.107024 0.840376 687.637507
 37.200000 -2.682086 2.867801 24.708702 90.297125
 37.400000 -2.437573 2.379209 25.508709 40.690883
 37.600000 -1.776044 2.713405 23.672902 147.273362
 37.800000 -2.506208 2.436385 25.717095 0.088178
 38.000000 2.998495 2.930918 3.821749 1821.718162
 38.200000 -3.065600 -3.040469 14.449528 2055.655054
 38.400000 -2.987057 2.554542 17.745461 1476.477209
 38.600000 -2.739632 2.557775 24.099443 168.621495
 38.800000 -2.376581 -3.004483 25.014221 118.096936
 39.000000 -2.269400 2.393937 23.814283 95.406091
 39.200000 -1.906399 2.225196 22.632057 14.739304
 39.400000 -1.793587 2.507676 23.490077 122.313100
 39.600000 -2.350156 2.868175 24.758212 140.420744
 39.800000 3.002427 2.717950 4.037972 1922.376978
 40.000000 3.107662 2.841841 9.132619 2555.856226
 40.200000 -2.633668 2.858908 25.197337 60.718543
 40.400000 -2.644008 2.598106 25.115210 65.509454
 40.600000 -2.041633 2.813657 22.669056 7.712033
 40.800000 -2.258352 2.638730 23.758320 90.479853
 41.000000 -2.174235 2.630154 23.158887 25.512325
 41.200000 -2.249956 2.737821 23.712522 82.736359
 41.400000 -2.249785 2.749496 23.710964 82.546324
 41.600000 -2.570778 2.624279 25.653766 31.552190
 41.800000 -3.006623 2.888844 17.046824 1605.813622
 42.000000 2.983089 3.102376 3.249964 1743.322518
 42.200000 -2.462700 2.853177 25.875203 11.701696
 42.400000 -1.812341 2.274500 23.328271 94.765965
 42.600000 -1.832664 1.816323 23.142189 73.243848
 42.800000 -1.818107 1.895425 23.273061 88.602542
 43.000000 -1.973507 2.571609 22.599127 0.415472
 43.200000 -2.342571 3.115295 24.848349 154.073244
 43.400000 3.086816 2.575720 8.230915 2550.316486
 43.600000 -3.107644 2.940320 12.638924 2283.899725
 43.800000 -2.849864 3.024781 22.192930 599.788783
 44.000000 -3.050224 2.496373 15.267584 1899.944770
 44.200000 -2.491917 2.936907 26.006853 0.004590
 44.400000 -2.731621 2.681547 24.352350 153.873999
 44.600000 -2.914300 2.753663 20.406473 983.246194
 44.800000 2.966884 3.015671 2.626034 1629.301758
 45.000000 -3.010866 2.841067 16.944415 1610.729206
 45.200000 -2.598369 2.551245 25.602835 48.881091
 45.400000 -2.274754 2.785021 24.113232 118.432249
 45.600000 -2.424221 2.650702 25.797524 54.550199
 45.800000 -2.445315 2.694126 25.929766 26.238832
 46.000000 -2.337278 2.893480 24.867343 158.546841
 46.200000 -2.444515 2.646679 25.976673 26.109379
 46.400000 -2.333089 2.834227 24.867675 160.798176
 46.600000 -2.106912 2.732255 23.066559 13.702326
 46.800000 -2.211925 2.560954 23.588024 51.239972
 47.000000 -2.582417 2.665149 25.745312 42.520949
 47.200000 3.019331 2.979525 5.041886 2332.620991
 47.400000 -3.083300 2.943151 13.938963 2066.407948
 47.600000 -2.668440 2.808757 25.103359 83.257994
 47.800000 -1.928859 2.624031 22.765411 4.445490
 48.000000 -1.939944 2.127550 22.746012 1.944992
 48.200000 -2.196602 1.761792 23.573611 43.657953
 48.400000 -1.566445 2.194727 26.382932 162.521481
 48.600000 -1.174002 2.456342 25.219815 534.503820
 48.800000 -0.417861 2.276429 0.227431 683.142589
 49.000000 -1.032393 1.301232 21.891162 518.501242
 49.200000 -1.553204 0.418654 26.521636 153.318155
 49.400000 -1.525321 0.226103 26.851280 125.225884
 49.600000 -1.471736 0.744852 27.366783 61.610144
 49.800000 -1.066252 1.547434 22.631562 530.046980
 50.000000 -0.406942 2.066084 -0.014103 49.446696
 50.200000 -0.600555 2.392587 6.276055 1084.055876
 50.400000 -0.789463 2.052856 13.400218 2087.792738
 50.600000 -0.618637 1.463488 6.867065 1057.627123
 50.800000 -1.492745 1.127287 27.172458 85.496682
 51.000000 -1.564513 0.649309 26.366357 162.771110
 51.200000 -0.743006 0.534705 11.327921 1785.110349
 51.400000 -1.473082 0.934076 27.328426 60.307288
 51.600000 -1.658756 1.363903 25.113472 163.472692
 51.800000 -1.098601 0.790811 23.337948 566.780987
 52.000000 -1.079549 0.669514 22.888423 546.332123
 52.200000 -1.520603 0.834107 26.876199 118.308905
 52.400000 -0.979525 0.950536 20.527336 640.698988
 52.600000 -1.295547 1.411664 27.227192 104.905438
 52.800000 -1.013423 1.158870 21.344524 539.106164
 53.000000 -1.567626 0.565186 26.312293 165.761248
 53.200000 -2.077017 0.447520 23.121162 14.505613
 53.400000 -2.099780 0.249644 23.212150 17.499462
 53.600000 -0.525300 0.255665 3.598964 1333.079012
 53.800000 -0.448277 -0.004622 0.911370 939.513300
 54.000000 -0.834450 -0.262825 15.414080 2003.763228
 54.200000 -0.642365 -0.574753 7.576646 1077.196084
 54.400000 0.729749 -0.931333 -0.000000 0.000000
