#! FIELDS time phi psi ves.bias ves.force2
#! SET min_phi -pi
#! SET max_phi pi
#! SET min_psi -pi
#! SET max_psi pi
 0.000000 -1.498385 0.273949 25.037724 141.910265
 0.200000 -1.721988 0.628590 21.824040 135.081525
 0.400000 -1.563930 0.908871 24.166533 211.044196
 0.600000 -0.942473 1.229449 16.883364 1491.573807
 0.800000 -1.605635 1.573440 23.535621 243.762512
 1.000000 -1.448541 0.765384 25.564833 81.690713
 1.200000 -0.602290 0.146899 2.537891 2002.026440
 1.400000 -0.479390 -0.279152 -0.000000 0.000000
 1.600000 -0.694875 -0.415328 6.816302 2046.371301
 1.800000 -0.578002 0.182610 1.485500 1737.903004
 2.000000 -0.870391 0.301005 14.094411 1602.486142
 2.200000 -1.257286 0.462594 25.314220 246.099595
 2.400000 -1.264616 0.927229 25.425665 216.425433
 2.600000 -1.083254 1.576764 21.445124 695.425586
 2.800000 -0.758548 1.595882 9.762059 1476.514221
 3.000000 -0.752461 1.678142 9.527422 1496.242122
 3.200000 -0.686049 2.106071 6.978843 1828.998617
 3.400000 -0.703593 2.202529 7.713792 1683.487535
 3.600000 -0.567134 1.873842 1.514323 1945.783766
 3.800000 -1.327877 1.545133 26.125449 20.767192
 4.000000 -1.328438 0.455459 26.127981 19.961735
 4.200000 -0.377159 -0.361123 -0.000000 0.000000
 4.400000 -0.485041 -0.338103 -0.000001 0.000000
 4.600000 -1.250149 0.347886 25.327927 277.876708
 4.800000 -1.287922 1.669504 25.858962 126.265303
 5.000000 -0.508363 2.098705 -0.000743 0.043834
 5.200000 -0.829523 2.484115 12.666606 1434.068686
 5.400000 -0.877482 2.134890 14.540770 1603.772788
 5.600000 -0.583938 1.337110 2.597029 2266.223633
 5.800000 -0.882060 0.872729 14.724351 1612.031196
 6.000000 -1.704775 0.890310 22.109618 263.585031
 6.200000 -2.052733 0.516805 21.576598 7.350187
 6.400000 -1.265105 0.440709 25.652329 209.944051
 6.600000 -0.674852 0.656281 7.000012 1821.043612
 6.800000 -1.785662 1.321409 21.128809 35.821027
 7.000000 -1.591317 1.208887 24.121458 276.570341
 7.200000 -0.841745 0.696161 13.342766 1468.690384
 7.400000 -1.791011 0.760778 21.097921 32.604702
 7.600000 -1.576316 0.928078 24.393020 238.558578
 7.800000 -0.545362 0.907492 1.061085 1963.098605
 8.000000 -0.584926 1.062849 2.913904 2352.104018
 8.200000 -1.460220 1.349377 25.816431 79.557074
 8.400000 -1.411010 0.818938 26.185637 33.906003
 8.600000 -0.853356 0.380862 13.866935 1501.950458
 8.800000 -0.444179 0.202266 -0.000000 0.000000
 9.000000 -0.937043 -0.313757 17.144803 1437.373405
 9.200000 -0.488487 -0.395417 -0.000043 0.000153
 9.400000 -0.372427 -0.284751 -0.000000 0.000000
 9.600000 -1.152135 0.102495 23.361359 561.121322
 9.800000 -0.817971 1.031565 12.620087 1370.828702
 10.000000 -1.080781 1.758568 21.633885 624.792214
 10.200000 -0.494924 2.078545 -0.000456 0.018417
 10.400000 -0.908083 2.280637 16.217386 1517.661330
 10.600000 -0.735466 2.232035 9.750362 1311.191888
 10.800000 -0.613560 1.743922 4.609874 2356.347582
 11.000000 -0.899797 1.391056 15.893398 1538.660016
 11.200000 -1.412236 1.165813 26.229836 31.546933
 11.400000 -0.452821 -0.393426 -0.000000 0.000000
 11.600000 -0.463113 -0.921710 -0.000000 0.000000
 11.800000 -0.727713 -0.022595 9.563770 1332.311117
 12.000000 -1.222645 0.697421 24.963903 394.449363
 12.200000 -1.707304 1.558198 22.109237 266.612004
 12.400000 -1.555764 1.534984 24.785877 214.368271
 12.600000 -0.991108 0.661210 19.373325 954.357282
 12.800000 -1.789054 0.624694 21.157422 41.117011
 13.000000 -1.560781 0.821148 24.711536 224.847156
 13.200000 -1.116078 1.117070 22.623411 528.650367
 13.400000 -1.251191 1.255546 25.498488 269.269183
 13.600000 -1.285607 0.664066 25.980152 130.547868
 13.800000 -1.349533 0.446970 26.388739 2.399193
 14.000000 -0.584237 0.457639 3.520282 2482.591765
 14.200000 -1.035501 0.379315 20.759647 673.560797
 14.400000 -1.194941 0.176665 24.455461 460.120840
 14.600000 -0.819148 0.220891 13.104381 1420.998181
 14.800000 -1.220552 0.601663 24.983478 385.375357
 15.000000 -1.345239 1.309454 26.413849 4.732236
 15.200000 -0.811327 1.963041 12.879450 1379.983606
 15.400000 -0.571439 2.312642 3.034482 2506.601577
 15.600000 -0.583912 1.918506 3.660183 2518.222877
 15.800000 -1.091818 1.716183 22.213032 542.673099
 16.000000 -1.207967 0.940530 24.806870 412.023687
 16.200000 -1.182690 0.320062 24.365968 456.888844
 16.400000 -1.369676 0.599880 26.480566 1.337087
 16.600000 -1.445752 1.463357 26.123499 57.340200
 16.800000 -1.671816 1.746139 22.815569 359.134392
 17.000000 -1.986455 1.691793 21.013998 3.777763
 17.200000 -1.776229 2.234184 21.265449 86.753992
 17.400000 -2.175686 2.702214 21.797375 39.080424
 17.600000 2.949683 2.976853 -0.026871 5.917728
 17.800000 3.057875 2.768229 5.038617 3216.295844
 18.000000 -2.438870 2.736447 23.333889 24.847192
 18.200000 -2.073305 2.366264 21.185858 18.252554
 18.400000 -1.745811 2.718264 21.621116 168.675700
 18.600000 -2.696516 2.559834 22.777816 79.416910
 18.800000 2.974146 2.966994 0.792586 1656.368529
 19.000000 -2.885901 -3.121195 19.100440 915.475015
 19.200000 3.049802 2.289794 4.528771 3095.983877
 19.400000 -2.456897 2.903833 23.341405 17.510626
 19.600000 -2.427047 2.952241 23.197461 28.848487
 19.800000 -2.758485 2.278828 22.007965 222.252169
 20.000000 -2.876829 2.855385 19.337711 867.777952
 20.200000 2.850905 2.928420 -0.000000 0.000000
 20.400000 -2.912377 2.627579 18.234335 1022.826881
 20.600000 -2.134993 2.794678 21.437149 34.729964
 20.800000 -2.413431 2.465431 23.106665 33.595678
 21.000000 -2.570681 2.636326 23.391595 8.421482
 21.200000 -3.067587 3.128961 12.822822 1545.085896
 21.400000 -2.855395 2.932161 19.943562 750.725929
 21.600000 -2.782486 2.798823 21.586275 302.377411
 21.800000 -2.818299 2.875045 20.872112 506.683964
 22.000000 3.114805 2.862719 8.137626 2878.132190
 22.200000 3.107402 2.904584 7.731243 2941.200623
 22.400000 -2.198262 2.947599 21.782688 34.746187
 22.600000 -2.003196 2.061124 20.817931 4.384727
 22.800000 -1.653244 1.795056 23.211990 361.055315
 23.000000 -1.715197 1.298203 22.116084 245.206394
 23.200000 -0.934664 0.416188 17.881624 1422.523571
 23.400000 -0.542930 -0.332856 1.956215 2355.428940
 23.600000 -0.451403 -0.665680 -0.000000 0.000000
 23.800000 -0.848858 -0.230390 14.536107 1490.934583
 24.000000 -0.594063 0.389801 4.505198 2475.616434
 24.200000 -1.538480 1.172869 25.216366 202.623052
 24.400000 -1.661526 1.236935 23.077580 340.041624
 24.600000 -1.170025 0.824895 24.485143 421.869069
 24.800000 -1.486457 0.647742 25.857909 108.818796
 25.000000 -1.862684 0.863970 20.819192 11.727794
 25.200000 -1.202651 1.082296 25.134038 323.976235
 25.400000 -0.600719 0.912964 4.893711 2417.268573
 25.600000 -1.658044 1.150459 23.163125 340.591132
 25.800000 -1.694639 1.013481 22.511369 286.587060
 26.000000 -0.895682 0.604735 16.384393 1534.285327
 26.200000 -1.214104 0.628111 25.346690 281.417019
 26.400000 -1.442729 0.888039 26.246847 49.459394
 26.600000 -1.254619 1.025929 25.939818 152.508305
 26.800000 -1.227195 1.131693 25.557748 238.710027
 27.000000 -1.396651 0.782877 26.492277 12.467189
 27.200000 -1.041604 0.678932 21.441680 806.308679
 27.400000 -2.117670 0.991455 21.215542 36.484529
 27.600000 -1.424131 1.101128 26.376688 30.934323
 27.800000 -0.490376 0.642205 -0.017714 14.535179
 28.000000 -0.918831 0.460623 17.296540 1472.514931
 28.200000 -1.559171 0.573117 24.997299 235.104997
 28.400000 -1.111724 1.301423 23.285481 572.665088
 28.600000 -1.086358 1.800017 22.659957 645.733201
 28.800000 -0.798319 1.552493 12.729921 1271.522506
 29.000000 -1.001994 1.733964 20.257701 1024.384350
 29.200000 -1.722417 1.803279 22.176680 234.193212
 29.400000 -2.222890 1.738862 21.748841 25.097794
 29.600000 -1.953771 2.624796 20.563072 0.020931
 29.800000 -2.216646 3.057514 21.717539 25.202977
 30.000000 2.996282 2.700286 1.783211 2091.422130
 30.200000 -2.966603 3.067757 16.289757 1242.588122
 30.400000 -2.901626 2.734049 18.526904 1080.544368
 30.600000 -2.783121 2.511573 21.531537 256.940007
 30.800000 -2.397698 3.018287 22.837185 49.523285
 31.000000 -2.543957 2.566917 23.185658 9.135874
 31.200000 -2.707861 2.473235 22.334975 48.761752
 31.400000 -2.337733 -3.115991 22.382009 51.999986
 31.600000 -2.716821 2.487842 22.269575 58.289032
 31.800000 -2.820000 2.621118 20.818546 490.441402
 32.000000 3.058878 3.000005 4.961215 2962.397200
 32.200000 2.976675 2.897016 0.922461 1636.090064
 32.400000 -2.379493 2.834363 22.686243 55.048565
 32.600000 -1.960876 2.488951 20.507772 0.003009
 32.800000 -1.902926 2.271557 20.602050 10.647641
 33.000000 -2.091824 2.489850 20.966559 34.657062
 33.200000 -2.493006 2.951599 23.203067 0.168102
 33.400000 3.071178 2.678768 5.610060 2963.321739
 33.600000 -2.934512 2.912411 17.395629 1213.092255
 33.800000 -2.942942 2.705898 17.100846 1231.537062
 34.000000 -2.848231 2.979996 20.123309 709.934726
 34.200000 -2.595331 2.818503 22.888350 23.527263
 34.400000 -2.722297 2.489806 22.195387 60.333116
 34.600000 -2.177054 2.835669 21.431240 28.507405
 34.800000 -1.972134 3.035991 20.508962 0.477790
 35.000000 -2.449242 2.213190 23.094895 15.608391
 35.200000 -2.446207 2.679885 23.076435 16.975407
 35.400000 -2.666266 -3.132091 22.539800 25.617204
 35.600000 2.995211 2.508433 1.738279 2027.274279
 35.800000 -2.715823 2.886811 22.248098 52.173394
 36.000000 -2.989796 2.797334 15.432403 1305.436077
 36.200000 -2.850516 2.826451 20.096565 721.450499
 36.400000 -2.379479 2.803041 22.679738 54.908371
 36.600000 -2.203244 2.364369 21.540529 27.476633
 36.800000 -2.027886 2.608056 20.631798 12.304131
 37.000000 -2.158529 2.826238 21.301328 30.278969
 37.200000 3.047267 2.603937 4.336226 2798.696563
 37.400000 3.085246 3.102962 6.370490 2864.723828
 37.600000 -2.574661 2.830154 22.988614 19.853837
 37.800000 -2.309769 2.044095 22.167309 48.906845
 38.000000 -1.820779 2.570090 21.034396 64.628506
 38.200000 -2.355069 2.643648 22.511490 59.151638
 38.400000 2.937510 2.853299 -0.006872 2.232334
 38.600000 -3.039186 -3.116690 13.599326 1440.765462
 38.800000 3.057361 2.742641 4.882001 2849.214754
 39.000000 -2.895047 2.841742 18.796296 1069.283583
 39.200000 -2.646669 3.076802 22.651066 23.829708
 39.400000 -2.655857 2.457135 22.606157 24.014272
 39.600000 -2.063906 2.849883 20.779277 21.582437
 39.800000 -2.142858 2.577075 21.199146 31.061835
 40.000000 -2.422910 2.500545 22.999573 32.403720
 40.200000 -2.429717 3.008054 23.043304 28.000847
 40.400000 -2.498531 3.073774 23.224909 0.041851
 40.600000 -3.051424 2.399143 13.136872 1500.106859
 40.800000 3.021047 2.757205 3.025668 2490.211113
 41.000000 -2.559867 -2.926752 23.080324 16.426706
 41.200000 -2.732161 2.431509 22.176070 70.385452
 41.400000 -2.055846 2.457183 20.751835 20.670794
 41.600000 -1.938776 2.823159 20.514818 0.776178
 41.800000 -2.166585 2.608915 21.349096 30.430944
 42.000000 -3.009956 2.608757 14.716660 1390.992370
 42.200000 3.086906 -2.923044 6.514655 2807.737643
 42.400000 -2.411045 2.805712 22.962090 42.644764
 42.600000 -1.816944 1.634718 21.033549 66.512792
 42.800000 -1.081324 0.696479 22.582507 709.810838
 43.000000 -1.297098 0.235675 26.341857 40.424967
 43.200000 -0.764398 0.233264 11.476852 1203.405708
 43.400000 -1.195884 0.639489 25.122849 301.177111
 43.600000 -1.082657 1.348407 22.605945 708.604780
 43.800000 -1.598018 1.483550 24.404751 314.810967
 44.000000 -1.608528 1.342702 24.215781 331.157238
 44.200000 -1.052009 0.407375 21.744757 847.579107
 44.400000 -0.554159 -0.331575 2.757397 2278.358942
 44.600000 -0.714670 -0.636592 9.714084 1295.710440
 44.800000 -0.446695 -0.386948 -0.000000 0.000000
 45.000000 -0.860982 0.288180 14.962528 1455.978528
 45.200000 -1.458069 0.998437 26.153868 50.313717
 45.400000 -1.701322 1.514668 22.498621 291.971878
 45.600000 -1.647145 1.551389 23.483527 352.664658
 45.800000 -1.829313 1.373780 20.927907 51.616054
 46.000000 -1.268895 0.857796 26.094659 85.372751
 46.200000 -1.361538 0.593717 26.490544 0.000528
 46.400000 -1.662330 0.940059 23.213408 343.608010
 46.600000 -1.020503 1.256995 20.759708 1013.303891
 46.800000 -0.571900 1.274894 3.601953 2292.982039
 47.000000 -0.604359 1.648723 5.142876 2178.075650
 47.200000 -0.446558 2.038663 -0.000001 0.000000
 47.400000 -1.530339 2.576354 25.428648 159.135742
 47.600000 -3.002306 2.515308 15.023694 1397.921336
 47.800000 3.134557 -2.991192 8.964166 2361.573184
 48.000000 -3.117867 3.083518 10.402179 2014.865364
 48.200000 -2.842609 2.217456 20.434413 657.314324
 48.400000 -2.009303 2.854037 20.592486 9.293494
 48.600000 -1.932381 2.688469 20.502241 0.755932
 48.800000 -2.507515 2.289039 23.338174 0.264346
 49.000000 -2.574636 2.644478 23.154134 19.243767
 49.200000 -2.300100 -2.896166 22.134231 52.736451
 49.400000 3.036966 2.218277 3.907842 2682.555443
 49.600000 -2.894451 2.665129 18.905781 1078.883921
 49.800000 -3.008481 -3.032880 14.788157 1407.997367
 50.000000 3.014359 2.755165 2.765495 2402.143898
 50.200000 -1.858756 2.535609 20.723560 29.986336
 50.400000 -1.623785 2.160893 23.971657 325.261369
 50.600000 -1.930357 1.954941 20.500525 0.866380
 50.800000 -2.242170 2.499696 21.758625 33.920543
 51.000000 -2.320270 3.095947 22.288899 60.884165
 51.200000 2.992635 2.429504 1.758389 2023.921279
 51.400000 -2.604254 2.739471 23.051969 23.951253
 51.600000 -2.254026 2.825796 21.834487 37.774941
 51.800000 -2.395409 2.359853 22.900459 57.016386
 52.000000 -2.065227 2.611274 20.814811 22.720052
 52.200000 -2.592650 2.695282 23.119630 21.611648
 52.400000 2.913826 2.947207 -0.000050 0.000118
 52.600000 -2.931019 3.061293 17.675167 1267.978586
 52.800000 -2.288107 2.456246 22.073528 50.283308
 53.000000 -1.846506 2.185178 20.795160 41.269279
 53.200000 -1.757492 2.562980 21.694845 192.878328
 53.400000 -2.619130 2.594186 23.003944 25.346883
 53.600000 2.837401 2.951008 -0.000000 0.000000
 53.800000 -2.601124 3.104571 23.092496 22.872616
 54.000000 -2.480400 2.409045 23.353716 3.592243
 54.200000 -2.105121 2.598634 21.020596 28.228050
 54.400000 -2.007558 2.756194 20.591940 8.832382
 54.600000 -3.019894 2.329087 14.396103 1454.920416
 54.800000 -3.082494 -2.923287 11.925293 1715.333172
 55.000000 3.037150 -2.982879 3.953080 2650.164015
 55.200000 -2.574117 2.315100 23.240347 15.261600
 55.400000 -1.777959 2.147752 21.433909 153.281278
 55.600000 -1.494619 2.366367 25.741215 81.685818
 55.800000 -1.765204 2.465959 21.598615 180.556212
 56.000000 -2.744850 2.552027 22.192839 115.473934
 56.200000 2.975462 3.040859 1.068249 1697.671924
 56.400000 -2.826482 2.850900 20.857623 521.789126
 56.600000 -2.428868 2.522409 23.185365 30.270166
 56.800000 -2.063222 2.648964 20.820840 21.692963
 57.000000 -1.805666 2.547491 21.126448 100.854913
 57.200000 -2.705607 2.257184 22.569854 56.079648
 57.400000 -2.787212 3.089002 21.638115 274.667456
 57.600000 -2.993849 3.055739 15.412361 1422.784316
 57.800000 -2.465356 2.466607 23.348233 8.830486
 58.000000 -1.781219 2.358235 21.402374 148.391951
 58.200000 -2.014335 2.297853 20.636362 10.528942
 58.400000 -2.367698 2.845772 22.792833 59.261923
 58.600000 2.958792 2.913646 0.431571 1494.740165
 58.800000 -2.558463 3.049405 23.331988 9.226073
 59.000000 -2.255277 2.425775 21.939485 46.774878
 59.200000 -1.713172 2.471000 22.417502 284.600083
 59.400000 -2.117397 2.503882 21.114196 29.751673
 59.600000 -2.398931 2.703761 23.037023 45.811758
 59.800000 -3.039038 2.904467 13.696714 1532.995202
 60.000000 -2.998482 2.957510 15.258211 1441.424248
 60.200000 -2.498933 2.955875 23.440217 0.305567
 60.400000 -2.785280 2.370318 21.711290 269.983958
 60.600000 -2.474410 3.081726 23.405596 5.190710
 60.800000 -2.897313 2.951475 18.915202 1063.809439
 61.000000 3.119684 2.652067 8.261062 2451.349845
 61.200000 -2.992795 2.876346 15.499060 1439.722144
 61.400000 2.868378 2.744421 -0.000000 0.000000
 61.600000 -2.771987 2.904225 21.936453 213.401698
 61.800000 -2.563817 2.593639 23.367422 9.072682
 62.000000 -2.517835 2.427176 23.455105 0.395438
 62.200000 -2.245535 2.940696 21.918037 47.633386
 62.400000 -2.870856 2.522718 19.772135 866.436607
 62.600000 3.047435 2.727351 4.558586 2669.629337
 62.800000 -2.905831 -3.086338 18.669177 1116.844883
 63.000000 -3.137886 2.577196 9.510153 2214.871549
 63.200000 -3.088524 2.946218 11.726860 1807.389328
 63.400000 3.026875 2.968458 3.520661 2509.378970
 63.600000 -2.931673 2.871725 17.801913 1259.458701
 63.800000 -2.465384 2.575483 23.423290 9.170063
 64.000000 -2.161161 2.506612 21.397003 33.417608
 64.200000 -1.964184 2.627916 20.568275 2.466644
 64.400000 -2.290327 2.511317 22.268574 58.591315
 64.600000 -2.644142 2.717654 23.117825 25.788219
 64.800000 2.988331 2.791802 1.704849 1959.264625
 65.000000 -2.764239 3.017453 22.116185 189.032439
 65.200000 -2.454755 2.575038 23.414476 14.881326
 65.400000 -2.003065 2.515654 20.670079 10.039821
 65.600000 -1.910535 2.589363 20.558720 1.712933
 65.800000 -2.424080 2.604596 23.268256 31.548311
 66.000000 -2.995211 2.891435 15.496461 1462.828113
 66.200000 3.067305 3.063984 5.647064 2713.721958
 66.400000 -2.875721 2.696455 19.723592 900.939069
 66.600000 -2.487722 2.691952 23.522338 3.201100
 66.800000 -2.473408 2.774459 23.490076 7.389175
 67.000000 -2.645428 2.628345 23.172748 25.430915
 67.200000 -2.741631 2.928865 22.483031 125.647536
 67.400000 3.104134 2.743394 7.562944 2566.560042
 67.600000 -3.077082 2.944570 12.276349 1752.759591
 67.800000 -3.018531 2.865552 14.635249 1527.046984
 68.000000 3.044023 2.736662 4.455420 2652.813131
 68.200000 -2.546734 3.001681 23.574247 2.197864
 68.400000 -2.712672 2.824805 22.799981 73.552252
 68.600000 3.103873 2.677490 7.570453 2571.922066
 68.800000 -3.122343 -3.126304 10.323644 2087.629436
 69.000000 3.135704 3.013615 9.144961 2311.588233
 69.200000 -2.570939 2.771245 23.556613 5.907893
 69.400000 -2.099749 2.746765 21.143688 24.730216
 69.600000 -2.277434 2.626437 22.224071 56.857462
 69.800000 -2.504130 3.017463 23.610206 1.129663
 70.000000 -2.902709 2.968164 18.951412 1091.408246
 70.200000 -2.699679 2.909131 22.978667 60.082008
 70.400000 -2.470551 2.572795 23.560985 10.750714
 70.600000 -2.309043 2.599337 22.480841 63.731572
 70.800000 -2.101375 2.785695 21.166349 24.768965
 71.000000 -2.656387 2.380518 23.259022 29.242863
 71.200000 -2.565373 3.023292 23.638312 3.723555
 71.400000 -3.111588 2.789349 10.886529 2009.940460
 71.600000 2.964297 2.653111 0.789968 1577.294525
 71.800000 -2.765448 3.123050 22.308579 208.295931
 72.000000 -2.378121 2.772691 23.048155 57.357233
 72.200000 -1.944043 2.203886 20.577660 2.630973
 72.400000 -1.966584 2.418610 20.626399 7.063019
 72.600000 -2.225733 2.858523 21.903656 43.572721
 72.800000 3.111928 2.717818 8.069561 2528.756902
 73.000000 -3.083602 3.099946 12.135638 1812.105165
 73.200000 -2.976981 3.020016 16.404652 1418.137431
 73.400000 -2.376331 2.526990 23.068077 57.591649
 73.600000 -1.846427 2.763922 20.742597 34.477221
 73.800000 -2.149781 2.255332 21.464834 30.123320
 74.000000 -2.342583 2.726054 22.803161 64.296397
 74.200000 -2.955975 2.839853 17.210846 1344.759087
 74.400000 2.942497 2.868049 0.010838 422.848527
 74.600000 -2.496001 2.760012 23.724141 5.123852
 74.800000 -2.075229 2.611369 21.092502 24.266654
 75.000000 -1.850664 2.176171 20.714178 29.178291
 75.200000 -1.909667 2.565487 20.555827 0.032846
 75.400000 -3.004746 2.969513 15.400396 1485.017829
 75.600000 2.972787 -3.046351 1.194103 1768.495387
 75.800000 -2.464144 2.863968 23.645894 16.938617
 76.000000 -2.053054 2.381312 20.999090 22.901885
 76.200000 -1.900420 2.429012 20.562783 0.630926
 76.400000 -2.053462 2.785265 21.015389 23.453272
 76.600000 3.120556 2.825714 8.604373 2477.539189
 76.800000 -2.866431 -3.022981 20.235763 834.538609
 77.000000 -2.534140 2.623110 23.830415 0.204422
 77.200000 -2.228911 2.518374 22.020862 46.949804
 77.400000 -1.852201 2.822811 20.704461 25.368592
 77.600000 -2.628001 2.461568 23.700648 15.385105
 77.800000 2.936294 3.114235 -0.027161 2.533902
 78.000000 3.108662 2.985375 8.034189 2576.532073
 78.200000 -2.460369 2.357653 23.693406 20.065271
 78.400000 -1.651996 2.337790 23.304078 268.154693
 78.600000 -1.786801 2.585780 21.247420 129.602388
 78.800000 -3.028040 2.696048 14.578502 1544.620691
 79.000000 -3.004957 -3.089616 15.474557 1471.612621
 79.200000 -3.126237 2.746609 10.445171 2158.682395
 79.400000 -2.641857 2.420705 23.714384 21.342547
 79.600000 -1.723689 3.099197 22.116629 244.616912
 79.800000 -2.313470 2.219755 22.702802 63.846388
 80.000000 -1.978499 2.552865 20.728914 12.654724
 80.200000 -2.084505 2.690167 21.225307 26.269244
 80.400000 -2.145381 2.804089 21.553030 32.436239
 80.600000 -2.602412 2.482514 23.888451 6.125357
 80.800000 -1.898029 3.114742 20.604285 0.616815
 81.000000 -2.661742 2.522262 23.646114 34.291348
 81.200000 -2.422938 2.665515 23.559566 37.665822
 81.400000 -2.502086 3.023079 23.913314 6.851227
 81.600000 -2.194996 2.816511 21.878239 41.486469
 81.800000 -2.441366 2.195946 23.666287 29.481392
 82.000000 -1.748238 2.834134 21.746487 196.835440
 82.200000 -2.619669 2.647352 23.909415 11.219079
 82.400000 -2.715982 2.613415 23.275613 110.591092
 82.600000 -2.629387 3.011065 23.874181 15.251248
 82.800000 -2.723018 2.934610 23.199131 126.052285
 83.000000 -2.728046 2.510836 23.141365 138.127873
 83.200000 -2.541490 2.847211 24.048442 0.535213
 83.400000 -1.893035 3.031647 20.640093 1.138661
 83.600000 -2.335438 2.180423 22.978892 63.787313
 83.800000 -1.769929 2.524174 21.463480 150.016697
 84.000000 -2.172667 2.517811 21.788625 37.540463
 84.200000 -2.249192 2.936271 22.332273 54.259123
 84.400000 -3.032037 2.592817 14.584722 1539.395432
 84.600000 3.066257 3.123894 5.992668 2817.298441
 84.800000 -3.071517 2.904165 12.989683 1740.747922
 85.000000 -2.429106 2.556992 23.688435 36.328745
 85.200000 -1.892108 2.494924 20.661173 1.121777
 85.400000 -1.984504 2.442750 20.840188 16.947638
 85.600000 -2.065388 2.590249 21.235565 28.450752
 85.800000 -2.432369 2.877129 23.737575 35.288821
 86.000000 2.984813 2.767057 1.874543 2082.814754
 86.200000 -2.704001 2.914659 23.523357 99.046527
 86.400000 -2.249695 2.599971 22.395897 54.422178
 86.600000 -2.274054 2.392930 22.579708 59.312065
 86.800000 -1.851859 2.829722 20.786066 21.093248
 87.000000 -2.476331 2.583262 23.993248 17.470331
 87.200000 -2.728345 2.770165 23.278309 157.740249
 87.400000 2.992947 2.800029 2.277898 2232.729961
 87.600000 2.997302 2.813964 2.485285 2302.622893
 87.800000 -2.418875 2.864436 23.714435 41.713503
 88.000000 -2.126561 2.630770 21.630912 33.586516
 88.200000 -1.805988 2.541729 21.107339 75.711396
 88.400000 -2.258003 2.239527 22.523799 55.856760
 88.600000 -2.362634 3.015704 23.342336 59.408717
 88.800000 3.050505 2.623682 5.222107 2817.105859
 89.000000 -2.780759 2.731128 22.485841 350.809424
 89.200000 -2.432475 2.908239 23.861557 36.387177
 89.400000 -2.454256 2.587551 23.984445 27.376811
 89.600000 -2.075099 2.624983 21.394157 32.450959
 89.800000 -2.133426 2.670013 21.732627 35.251588
 90.000000 -2.055887 2.725511 21.285500 31.453473
 90.200000 -2.485261 2.492759 24.161257 15.226151
 90.400000 -2.539520 2.923915 24.302206 1.498433
 90.600000 3.098727 2.747098 7.808586 2714.836515
 90.800000 3.093108 2.917287 7.514854 2749.310543
 91.000000 -2.685351 2.997392 23.823534 75.408381
 91.200000 -2.217201 2.469596 22.327595 47.118621
 91.400000 -1.768029 2.429385 21.498136 128.386612
 91.600000 -1.775924 2.272562 21.410817 116.261269
 91.800000 -2.207748 2.753351 22.263403 45.124160
 92.000000 -2.932139 2.749729 18.422964 1155.713335
 92.200000 -3.111434 2.935309 11.432377 2081.270484
 92.400000 -2.781727 2.819871 22.556383 368.720123
 92.600000 -2.684588 2.442305 23.891702 76.628930
 92.800000 -2.633705 2.857682 24.227443 21.147435
 93.000000 -2.905801 2.758379 19.313899 1033.131822
 93.200000 -2.693745 2.719862 23.841755 93.900807
 93.400000 -2.440666 2.917935 24.052985 33.284477
 93.600000 -2.654046 2.564284 24.155164 38.417793
 93.800000 -2.362550 3.117037 23.510371 61.052955
 94.000000 -2.705885 2.958231 23.716969 118.316715
 94.200000 3.011224 2.680341 3.277354 2535.384814
 94.400000 2.948552 2.742689 0.459859 1545.757774
 94.600000 -3.083258 3.076099 12.723464 1850.258543
 94.800000 -2.479374 2.654587 24.284354 17.616455
 95.000000 -1.837700 2.668844 20.922641 27.396240
 95.200000 -1.889897 2.301039 20.785017 0.167777
 95.400000 -2.433099 2.308412 24.080883 37.384464
 95.600000 -2.571370 3.004506 24.500852 0.273302
 95.800000 3.047470 2.958689 5.187132 2833.948172
 96.000000 -2.351296 2.557657 23.486329 64.938149
 96.200000 -1.372409 2.449847 25.320605 0.261663
 96.400000 -0.765396 2.230248 10.098631 1329.476517
 96.600000 -1.391011 1.528250 25.296830 4.091939
 96.800000 -1.292777 0.360749 25.064074 52.812709
 97.000000 -0.652721 -0.098326 5.880881 1507.847017
 97.200000 -1.103755 -0.086100 21.719301 730.362552
 97.400000 -0.647713 0.392512 5.650112 1514.432331
 97.600000 -1.597896 1.385055 23.639370 145.959397
 97.800000 -1.301387 1.582152 25.090263 40.411530
 98.000000 -0.707511 0.960342 7.931536 1397.723434
 98.200000 -1.665963 0.791994 22.749707 172.698215
 98.400000 -1.246281 0.775287 24.544103 153.207085
 98.600000 -0.995318 1.318392 18.329417 1166.256701
 98.800000 -1.603903 1.498713 23.541531 147.670480
 99.000000 -1.741627 1.148987 21.785532 137.980580
 99.200000 -0.939372 0.616716 16.329808 1286.660470
 99.400000 -1.073721 0.169917 20.812201 872.776947
 99.600000 -0.850960 0.157515 13.121223 1325.798713
 99.800000 -0.436059 0.010138 -0.000000 0.000000
 100.000000 -1.011796 0.081175 18.853393 1118.537452
 100.200000 -0.913558 0.422306 16.165367 1309.387127
 100.400000 -0.880728 0.569445 14.973767 1322.393027
 100.600000 -1.777898 0.999303 22.190226 91.627321
 100.800000 -1.167980 1.551136 23.976699 434.786632
 101.000000 -0.999638 1.309325 19.208385 1157.862369
 101.200000 -1.488124 1.135939 25.442925 63.589538
 101.400000 -0.762861 0.167807 10.656032 1346.724993
 101.600000 -0.457123 -0.708709 -0.004542 0.821225
 101.800000 -0.807430 -0.532875 12.283205 1323.701853
 102.000000 -1.198801 0.805798 24.534362 306.936839
 102.200000 -0.971006 2.061706 18.152361 1225.430110
 102.400000 -0.972720 2.719195 18.212321 1221.977275
 102.600000 -1.165933 2.152063 23.870152 442.063411
 102.800000 -0.617011 0.779725 5.077911 1526.991806
 103.000000 -0.465975 -0.465199 -0.019926 7.344970
 103.200000 -0.966809 -0.724614 17.976057 1230.179857
 103.400000 -0.322113 0.092808 -0.000000 0.000000
 103.600000 -1.344890 1.132019 25.880078 4.741181
 103.800000 -1.285590 1.169565 25.580037 64.928627
 104.000000 -0.998045 0.631312 19.056926 1160.138555
 104.200000 -1.608228 0.664014 24.143543 137.867918
 104.400000 -1.163472 1.102101 23.765636 452.028896
 104.600000 -1.137234 1.848182 23.171734 575.279787
 104.800000 -1.562455 2.941551 24.658587 114.303755
 105.000000 -2.672765 2.895105 25.140360 68.555859
 105.200000 2.987661 2.978993 3.037261 2243.547957
 105.400000 2.992067 2.919072 3.247672 2315.154613
 105.600000 -2.812951 2.726318 22.917570 575.928392
 105.800000 -2.335936 2.718479 24.339328 74.381110
 106.000000 -2.090435 2.908287 22.625728 39.403404
 106.200000 -2.221248 2.407677 23.435122 46.247008
 106.400000 -2.171234 2.564319 23.117660 36.070695
 106.600000 -1.832296 2.802018 21.751898 26.259157
 106.800000 -2.313907 2.583554 24.157592 73.601785
 107.000000 -2.380339 2.633670 24.725000 66.948698
 107.200000 -2.348441 2.877155 24.469635 74.107437
 107.400000 -2.249047 2.679946 23.646707 55.364632
 107.600000 -2.403698 2.347253 24.922988 57.583346
 107.800000 -1.842862 2.927233 21.697437 17.350604
 108.000000 -2.470774 2.370057 25.350742 24.805013
 108.200000 -2.334491 2.900842 24.368479 74.603489
 108.400000 -2.361661 2.850264 24.601354 71.409540
 108.600000 -2.319646 2.624002 24.240390 74.020700
 108.800000 -2.102526 2.680107 22.726279 40.259600
 109.000000 -1.856506 2.712970 21.645226 8.580659
 109.200000 -2.300945 2.488881 24.106550 71.920359
 109.400000 -2.302121 2.777486 24.116527 72.144552
 109.600000 -2.636462 2.913922 25.445587 25.561810
 109.800000 -2.973047 2.467722 17.945902 1303.005317
 110.000000 -2.458486 2.955931 25.319974 28.994295
 110.200000 -2.327515 2.582642 24.364060 74.919450
 110.400000 -2.138895 2.391931 22.975529 39.022753
 110.600000 -1.778621 2.798284 22.112631 78.202396
 110.800000 -2.308866 2.505188 24.203021 73.820867
 111.000000 -3.078862 2.668214 13.834173 1794.566546
 111.200000 3.032336 -3.060641 5.301574 2784.693201
 111.400000 3.110727 2.876570 9.451907 2625.458394
 111.600000 -2.276607 2.088473 23.961445 68.970028
 111.800000 -1.019308 2.420160 19.550653 1102.968126
 112.000000 -0.559924 1.954220 2.655945 1327.807280
 112.200000 -0.965108 1.524413 17.673009 1210.012865
 112.400000 -1.507512 0.636100 25.007702 76.386620
 112.600000 -0.482993 -0.323630 0.068374 685.109699
 112.800000 -0.443673 -0.500374 -0.000090 0.000340
 113.000000 -0.729406 -0.227756 9.139108 1459.034847
 113.200000 -0.901655 0.217106 15.418770 1250.200623
 113.400000 -1.013131 0.771780 19.289235 1122.002649
 113.600000 -1.699384 1.298206 22.904176 127.505356
 113.800000 -1.181840 1.369935 23.908262 361.785779
 114.000000 -0.999400 1.346900 18.825885 1154.211245
 114.200000 -1.702114 1.429503 22.860503 124.760857
 114.400000 -1.171274 0.856634 23.676835 408.019151
 114.600000 -1.231952 0.658673 24.694601 179.722131
 114.800000 -1.350680 1.323558 25.581358 3.872663
 115.000000 -1.608094 1.513902 23.931691 126.069344
 115.200000 -1.102758 0.782464 22.012808 757.575886
 115.400000 -1.035512 0.335227 19.978181 1056.330359
 115.600000 -0.867369 0.310984 14.166728 1263.442128
 115.800000 -1.411447 0.877995 25.526126 8.532306
 116.000000 -1.099315 1.423764 21.917512 775.427116
 116.200000 -0.721779 1.453674 8.765405 1491.584423
 116.400000 -1.245466 1.930355 24.821349 142.401409
 116.600000 -1.003780 2.512619 18.903000 1142.849431
 116.800000 -0.680210 2.353963 7.148265 1528.245440
 117.000000 -0.871287 1.627565 14.289999 1256.722467
 117.200000 -1.315289 1.103653 25.392208 26.558741
 117.400000 -1.425090 0.479563 25.445837 15.016926
 117.600000 -0.595712 0.256745 3.852240 1427.448073
 117.800000 -1.038906 0.363301 20.047419 1047.792679
 118.000000 -1.432992 0.854457 25.412974 19.706269
 118.200000 -1.009076 1.521930 19.044835 1133.041071
 118.400000 -0.745300 1.617790 9.643166 1467.480081
 118.600000 -0.342768 2.027301 -0.000000 0.000000
 118.800000 -1.571430 2.136723 24.268112 113.292194
 119.000000 -2.166588 2.261833 23.231113 51.496862
 119.200000 -2.653766 2.803770 25.424388 39.548286
 119.400000 -3.004765 -3.093329 16.734776 1381.220818
 119.600000 3.134136 2.467314 10.621996 2411.354595
 119.800000 -2.870706 2.714587 21.329377 942.119902
 120.000000 -2.930505 2.914173 19.381203 1165.988410
 120.200000 -2.847520 2.788698 22.017050 831.242749
 120.400000 -2.629039 2.746531 25.556264 17.325306
 120.600000 -2.941733 2.686834 18.990101 1198.219893
 120.800000 -2.488338 2.977453 25.602300 6.917732
 121.000000 -2.516823 2.685734 25.661477 2.355946
 121.200000 -2.271001 2.346804 24.120325 86.006136
 121.400000 -1.844519 2.679454 21.619185 13.401294
 121.600000 -1.822610 2.633490 21.719167 29.557609
 121.800000 -2.805954 2.311435 23.133155 604.534800
 122.000000 2.984728 -3.093994 2.884243 2220.119342
 122.200000 -3.030997 2.974255 15.736894 1484.122834
 122.400000 -2.471424 2.239158 25.575622 9.956094
 122.600000 -1.262063 2.680492 24.897171 102.470388
 122.800000 -0.459221 2.255232 -0.000874 0.033832
 123.000000 -0.775213 1.199736 10.736464 1419.373977
 123.200000 -1.461531 0.460248 25.176643 39.361606
 123.400000 -1.805326 0.290319 21.809867 44.125294
 123.600000 -1.277843 0.628909 25.026755 74.158269
 123.800000 -0.735334 1.452088 9.198370 1511.182034
 124.000000 -0.818258 2.371678 12.319259 1318.063741
 124.200000 -0.756687 2.615877 10.013225 1471.304506
 124.400000 -0.721240 1.944385 8.636315 1541.420707
 124.600000 -1.168308 1.205022 23.448411 415.100297
 124.800000 -1.036918 0.249437 19.866331 1061.497241
 125.000000 -0.544811 -0.613092 1.880115 1180.764487
 125.200000 0.426548 -1.182284 -0.000000 0.000000
