#! FIELDS time phi psi ves.bias ves.force2
#! SET min_phi -pi
#! SET max_phi pi
#! SET min_psi -pi
#! SET max_psi pi
 0.000000 -1.498385 0.273949 27.215882 148.921278
 0.200000 -0.931447 0.684385 17.665749 1606.160487
 0.400000 -1.385385 1.314156 27.997181 1.172737
 0.600000 -1.249862 1.010316 27.097848 214.020092
 0.800000 -0.947553 0.573781 18.304261 1537.710053
 1.000000 -0.607882 0.165795 4.573655 802.348884
 1.200000 -0.663031 -0.147835 6.353251 1350.456783
 1.400000 -0.443859 -0.404671 1.348422 138.835891
 1.600000 -0.811607 -0.086641 12.594146 1924.821441
 1.800000 -0.883970 0.343403 15.721002 1799.717104
 2.000000 -1.006017 0.885453 20.719430 1523.737284
 2.200000 -1.513809 1.296580 27.185703 242.532216
 2.400000 -1.428638 0.843247 28.136883 38.013219
 2.600000 -0.859509 0.336508 14.923537 1730.408136
 2.800000 -0.629871 -0.346648 5.488039 1155.140276
 3.000000 -0.500257 -0.666847 2.185406 304.754521
 3.200000 -0.523660 -0.199751 2.693050 446.332422
 3.400000 -0.869435 0.295036 15.462039 1600.606279
 3.600000 -1.515433 1.083520 27.199251 277.334632
 3.800000 -1.406788 1.430776 28.338887 11.615047
 4.000000 -1.011966 0.905191 21.002924 1402.331614
 4.200000 -1.110583 0.454501 24.389568 898.516535
 4.400000 -0.723715 -0.124776 9.567835 1738.193333
 4.600000 -0.574257 -0.269149 4.076550 832.734696
 4.800000 -0.593533 -0.064487 4.656716 981.211265
 5.000000 -1.096814 0.427507 23.966524 989.498629
 5.200000 -1.253876 0.940371 27.481739 184.583375
 5.400000 -1.476002 1.207566 27.979814 145.662556
 5.600000 -1.667743 1.530698 24.408063 303.637601
 5.800000 -1.233785 0.864306 27.190023 239.576772
 6.000000 -1.042161 0.163484 22.170243 1280.128492
 6.200000 -0.489782 -0.025784 2.183994 408.291783
 6.400000 -0.470749 -0.156371 1.819213 329.140200
 6.600000 -1.076357 0.241512 23.419823 1085.511165
 6.800000 -1.026569 0.808969 21.684863 1323.715913
 7.000000 -1.517628 1.200539 27.442786 289.802773
 7.200000 -1.306047 0.985983 28.124218 80.943516
 7.400000 -1.223904 0.637402 27.105791 258.734465
 7.600000 -1.623773 0.704314 25.357578 440.044805
 7.800000 -1.510903 1.081323 27.621769 259.957742
 8.000000 -0.805864 1.292454 13.340255 1633.350402
 8.200000 -1.084843 1.305097 23.818850 1015.259765
 8.400000 -1.397914 1.028876 28.617649 0.004959
 8.600000 -1.114798 0.476963 24.728453 827.809209
 8.800000 -0.770727 -0.272667 11.991106 1714.687411
 9.000000 -0.576796 -0.434357 4.517917 967.930887
 9.200000 -0.707143 -0.255883 9.443548 1697.463530
 9.400000 -0.593945 0.131451 5.137316 1115.109915
 9.600000 -1.176479 0.410455 26.335953 453.554354
 9.800000 -1.300683 1.014257 28.185629 88.551815
 10.000000 -0.832907 1.111794 14.602361 1570.912325
 10.200000 -1.191275 1.302365 26.700258 379.729704
 10.400000 -1.551157 1.300101 27.117406 400.375560
 10.600000 -0.785641 0.269221 12.796748 1670.362670
 10.800000 -0.538436 -0.453239 3.494710 776.603017
 11.000000 -0.624499 -0.388123 6.294126 1349.786309
 11.200000 -1.012109 -0.112347 21.576172 1309.339165
 11.400000 -0.427080 0.569538 1.107739 241.398185
 11.600000 -1.719717 1.179154 23.651335 262.417473
 11.800000 -1.796354 1.085361 22.692110 79.254326
 12.000000 -1.090003 0.742051 24.217281 951.411373
 12.200000 -1.497363 1.069669 28.149349 199.035305
 12.400000 -1.810301 1.154525 22.563212 63.579343
 12.600000 -1.195915 0.682702 26.916256 352.014762
 12.800000 -0.582423 0.141945 4.992709 1133.598896
 13.000000 -0.587879 -0.478116 5.177840 1169.205122
 13.200000 -0.411978 -0.755978 0.869055 213.454819
 13.400000 -0.748473 -0.305573 11.576870 1678.157387
 13.600000 -0.922446 0.473330 18.393275 1423.168348
 13.800000 -1.720237 1.039754 23.704796 281.661886
 14.000000 -1.587504 1.703771 26.480735 494.116383
 14.200000 -1.869674 1.323418 22.190597 15.818167
 14.400000 -1.559076 0.900584 27.145621 414.886408
 14.600000 -0.589940 0.376844 5.451228 1242.771106
 14.800000 -0.535850 -0.316872 3.678894 902.842280
 15.000000 -0.560224 -0.567101 4.442480 1060.474931
 15.200000 -0.622854 -0.214430 6.769269 1429.793594
 15.400000 -0.405751 0.111604 0.783138 216.640781
 15.600000 -2.062535 0.675625 22.494508 29.822098
 15.800000 -1.829022 0.933410 22.429521 63.692255
 16.000000 -0.732475 0.774107 11.119961 1632.664176
 16.200000 -0.867337 0.574094 16.483285 1452.505038
 16.400000 -1.634745 0.736199 25.616345 479.683631
 16.600000 -1.619773 1.140888 25.945133 483.056415
 16.800000 -0.885879 1.207747 17.188171 1438.330842
 17.000000 -0.539718 0.931625 3.971882 998.928905
 17.200000 -1.477068 1.130021 28.535139 112.952605
 17.400000 -1.411215 0.504415 28.949897 4.144410
 17.600000 -0.741622 0.537955 11.663390 1574.980540
 17.800000 -2.033281 0.859300 22.289016 21.858219
 18.000000 -1.592677 1.283305 26.587943 449.133896
 18.200000 -0.505771 0.747483 3.071773 851.857208
 18.400000 -0.944187 0.733125 19.510192 1390.346421
 18.600000 -1.467407 1.108420 28.660892 87.186026
 18.800000 -0.517302 0.867763 3.415727 927.725132
 19.000000 -1.280276 1.392063 28.332354 122.038534
 19.200000 -1.995492 1.636289 22.111583 11.145609
 19.400000 -1.849830 1.912031 22.306311 56.556206
 19.600000 -1.684642 2.515749 24.738327 414.739259
 19.800000 -2.469604 2.808206 25.054313 0.153774
 20.000000 -3.138044 2.972042 10.561081 2912.114774
 20.200000 3.033634 2.737125 4.836237 1938.027268
 20.400000 -2.011705 2.769831 22.174966 13.557872
 20.600000 -1.944133 2.292000 22.017886 0.268435
 20.800000 -1.670991 2.530000 25.071859 431.988931
 21.000000 -2.592398 2.650093 24.744560 16.458973
 21.200000 3.016511 2.935066 4.086099 1661.679757
 21.400000 -3.012404 2.876483 16.553626 1617.259374
 21.600000 -3.083612 2.671367 13.333891 2485.303879
 21.800000 -3.057989 2.903633 14.571781 2178.385316
 22.000000 -3.092205 2.975846 12.901478 2577.526255
 22.200000 3.110438 2.540744 8.625292 2852.718272
 22.400000 3.098065 2.993216 7.968579 2776.142423
 22.600000 -2.877725 2.875116 20.834474 630.202686
 22.800000 -3.109205 2.632891 12.023563 2729.142917
 23.000000 -3.067207 2.876119 14.132434 2287.595002
 23.200000 -2.869259 2.971981 21.031712 584.343675
 23.400000 -3.099321 2.418743 12.565994 2639.429290
 23.600000 -3.091242 2.868557 12.977872 2557.973372
 23.800000 3.067550 -3.095127 6.422998 2483.672860
 24.000000 -2.956099 2.664318 18.599926 1051.729363
 24.200000 -2.427696 2.432044 24.785756 9.161294
 24.400000 -1.813044 2.831393 22.772517 135.637852
 24.600000 -2.288643 2.367095 23.805366 87.511408
 24.800000 -2.746606 2.680662 23.362530 192.053364
 25.000000 2.993228 3.014118 3.181489 1377.148958
 25.200000 3.116318 2.812969 9.069786 2916.145330
 25.400000 -3.131012 2.837967 11.005420 2867.284801
 25.600000 3.109103 2.947353 8.680907 2892.497609
 25.800000 3.133738 2.726035 10.012212 2926.347134
 26.000000 3.015253 2.859618 4.064405 1773.112981
 26.200000 -3.028095 3.136810 16.065779 1722.259604
 26.400000 -3.110059 2.584653 12.195690 2711.897025
 26.600000 -2.973561 2.905441 18.111333 1135.773095
 26.800000 -2.962357 3.057514 18.480885 1041.993385
 27.000000 3.127629 2.402001 9.762263 2945.513317
 27.200000 -3.088301 -3.113483 13.398913 2479.399301
 27.400000 3.110763 2.759811 8.930866 2956.976609
 27.600000 -2.754357 2.806366 23.209596 203.955931
 27.800000 -2.708273 2.772392 23.776874 107.291710
 28.000000 -2.814958 2.771160 22.193918 365.429926
 28.200000 -3.088469 2.700979 13.492802 2466.745062
 28.400000 3.077937 2.980368 7.254756 2804.179433
 28.600000 -2.710239 2.795192 23.750119 111.333256
 28.800000 -1.962218 2.482413 22.142759 1.588993
 29.000000 -1.989727 2.391343 22.190861 4.606397
 29.200000 -2.085316 2.683339 22.424868 7.088130
 29.400000 -2.841763 2.739579 21.668307 419.308439
 29.600000 2.951556 2.956711 1.792114 968.200491
 29.800000 3.113944 2.923006 9.298781 3026.492161
 30.000000 -2.329206 2.463056 24.049661 77.171910
 30.200000 -1.973684 2.346257 22.175077 2.301013
 30.400000 -1.910083 2.511807 22.171594 3.767891
 30.600000 -2.708853 2.682239 23.758641 108.475747
 30.800000 2.879632 3.045186 0.079386 217.387445
 31.000000 -3.019995 2.966906 16.726475 1505.932558
 31.200000 -3.070372 2.432163 14.660344 2171.631474
 31.400000 -2.835082 3.115794 21.821166 384.335748
 31.600000 2.960703 2.952409 2.113470 1198.092215
 31.800000 -2.393323 2.656738 24.473717 26.008042
 32.000000 -1.690084 2.397659 24.822890 390.299395
 32.200000 -1.830795 2.222121 22.627298 89.587283
 32.400000 -2.557796 2.612936 24.562787 4.569004
 32.600000 -3.060983 -3.077101 15.189942 2014.193444
 32.800000 3.046004 2.773310 5.897871 2655.684641
 33.000000 -2.834719 2.824240 21.839333 373.838212
 33.200000 -2.279089 3.052561 23.520743 92.549806
 33.400000 -2.394103 2.279601 24.451222 25.094007
 33.600000 -1.906876 2.574509 22.212660 4.002970
 33.800000 -2.062265 2.656569 22.374556 3.443346
 34.000000 -2.391759 2.729683 24.439291 26.736564
 34.200000 -2.828866 2.772460 21.966578 342.353651
 34.400000 -3.136939 2.817792 11.576241 2953.153275
 34.600000 -2.605989 2.976869 24.418516 12.507069
 34.800000 -2.080472 2.479885 22.419400 3.341881
 35.000000 -1.695537 2.116144 24.696235 376.044231
 35.200000 -2.067699 1.679940 22.407568 2.815229
 35.400000 -1.681023 2.055136 24.973092 388.897524
 35.600000 -2.060949 2.606179 22.396295 2.772878
 35.800000 -2.654621 2.883351 24.183413 37.696322
 36.000000 -2.949202 2.941136 19.352508 718.384162
 36.200000 -2.482157 2.607778 24.622870 0.068359
 36.400000 -2.323940 2.421883 23.975254 77.888485
 36.600000 -2.160275 2.688920 22.656367 18.769899
 36.800000 -2.330317 2.788768 24.030684 73.133643
 37.000000 -2.918010 2.507675 20.173903 545.366852
 37.200000 -2.676901 3.031618 24.024788 59.067145
 37.400000 -2.837761 2.669837 21.848194 333.995334
 37.600000 -2.636898 2.571755 24.275423 24.621345
 37.800000 -1.882636 2.761238 22.335803 12.663177
 38.000000 -2.231178 2.302674 23.131343 71.380331
 38.200000 -2.209042 2.502472 22.974894 53.733519
 38.400000 -2.442384 2.863750 24.620487 1.540123
 38.600000 -2.893353 2.652972 20.790756 444.245824
 38.800000 3.062227 2.843969 7.179670 3090.373781
 39.000000 -2.937529 3.035996 19.783429 615.787707
 39.200000 -2.775128 2.478064 22.931387 218.659395
 39.400000 -2.182794 2.502201 22.825130 34.335384
 39.600000 -1.910924 2.827667 22.312833 1.018144
 39.800000 -2.364555 2.471897 24.356371 39.195676
 40.000000 -2.843498 2.696898 21.797056 332.014489
 40.200000 -2.933188 3.119952 19.972815 582.828359
 40.400000 2.971336 2.816656 2.676892 1844.249618
 40.600000 -2.942977 2.877352 19.731485 633.908261
 40.800000 -2.322874 2.982757 24.074581 75.113457
 41.000000 -2.153092 2.261762 22.699610 16.757555
 41.200000 -1.748187 2.459185 23.705546 260.388620
 41.400000 -2.099962 2.591502 22.572900 3.147765
 41.600000 -2.511065 2.979347 24.618776 1.829453
 41.800000 3.140701 2.769497 11.783693 2979.979984
 42.000000 3.084502 3.012315 8.620279 3254.860461
 42.200000 -2.679678 2.821214 24.071360 54.887096
 42.400000 -2.186361 2.567876 22.929549 42.030020
 42.600000 -1.782588 2.601131 23.194093 168.346721
 42.800000 -2.563844 2.463276 24.535856 3.660464
 43.000000 -3.006265 2.940787 17.964901 1142.354179
 43.200000 3.132707 3.085809 11.475198 3027.179152
 43.400000 -3.095330 2.696050 14.342903 2341.183984
 43.600000 -1.907049 2.605751 22.406739 0.410130
 43.800000 -1.968881 2.370356 22.450181 2.143548
 44.000000 -2.153221 2.408008 22.775734 19.409451
 44.200000 -2.573362 2.878247 24.535502 3.487088
 44.400000 2.851684 2.972886 -0.000318 0.001279
 44.600000 3.129244 2.590543 11.351755 3046.219122
 44.800000 -2.743229 3.074101 23.491478 150.606414
 45.000000 -2.676128 2.704010 24.138505 48.465837
 45.200000 -2.476200 2.700403 24.683441 1.117862
 45.400000 -2.496345 2.737838 24.659018 1.774144
 45.600000 -2.801327 2.797475 22.702399 250.744205
 45.800000 -2.857393 3.016613 21.737657 344.383915
 46.000000 -2.645375 2.674053 24.334971 21.252325
 46.200000 -2.381414 2.738337 24.622277 13.960486
 46.400000 -2.413926 2.544033 24.705183 2.076348
 46.600000 -2.612562 2.930275 24.480315 7.721886
 46.800000 -2.778530 2.813590 23.089967 209.968408
 47.000000 -2.667983 2.930762 24.243503 36.998691
 47.200000 -2.464300 2.599301 24.743047 0.826141
 47.400000 -2.480661 2.682365 24.725267 1.524337
 47.600000 -2.573657 2.815250 24.590471 2.722666
 47.800000 -2.841471 2.665882 22.111641 319.296140
 48.000000 -2.699154 2.824229 24.055396 71.402746
 48.200000 -2.602959 2.753124 24.571189 5.019678
 48.400000 -2.514431 2.641843 24.714362 2.257450
 48.600000 -2.439947 2.951825 24.797372 0.019894
 48.800000 -3.013204 2.556686 17.953021 1175.189561
 49.000000 -2.750672 3.063828 23.561318 157.788101
 49.200000 -2.783188 2.736930 23.167752 222.455971
 49.400000 -2.572750 2.558794 24.673788 2.248715
 49.600000 -2.157091 2.921231 22.924174 23.904052
 49.800000 -2.383332 2.669070 24.754634 12.800215
 50.000000 -2.673584 2.612696 24.345732 38.813349
 50.200000 -2.762095 2.992700 23.523736 185.681282
 50.400000 -2.768700 3.075184 23.432156 198.822309
 50.600000 -3.117203 2.545811 13.629449 2513.829059
 50.800000 -2.328588 -3.095815 24.474060 66.217571
 51.000000 -2.233277 2.619065 23.523264 99.508617
 51.200000 -2.201495 2.294976 23.249304 70.007039
 51.400000 -1.891950 2.557177 22.545984 0.129812
 51.600000 -2.281532 2.801601 24.060776 113.360059
 51.800000 3.086367 2.686205 9.328774 3341.052312
 52.000000 -2.998827 -2.974004 18.538460 1024.151309
 52.200000 -2.703478 2.683298 24.319296 77.691585
 52.400000 -2.221290 2.544788 23.455880 93.760697
 52.600000 -1.816589 2.768343 22.825719 56.290746
 52.800000 -2.638631 2.372007 24.705815 11.754444
 53.000000 -2.652637 2.902141 24.651153 19.373348
 53.200000 3.127390 3.045730 11.734092 3010.892970
 53.400000 3.098777 2.487708 10.125611 3292.425538
 53.600000 -2.178284 2.801203 23.127617 45.170971
 53.800000 -1.979159 2.640381 22.694743 3.648713
 54.000000 -1.970967 2.098346 22.678699 4.001506
 54.200000 -2.149655 2.381220 22.996191 19.655494
 54.400000 -2.231468 3.011874 23.616774 106.014368
 54.600000 3.074906 2.765634 8.777579 3451.598209
 54.800000 -3.095801 2.918648 14.847703 2196.842478
 55.000000 3.100520 3.001551 10.267464 3295.587014
 55.200000 2.851137 2.619379 -0.000012 0.000002
 55.400000 -1.749921 2.789617 23.536365 190.348471
 55.600000 -1.866242 2.168254 22.610258 3.840248
 55.800000 -2.179076 2.156267 23.194607 45.567994
 56.000000 -2.236413 2.947618 23.700349 110.094645
 56.200000 -2.509036 3.111057 25.069473 0.980401
 56.400000 2.997320 2.180738 4.325079 3083.610399
 56.600000 -2.756727 -2.992104 23.960051 199.225908
 56.800000 -2.835695 2.921810 22.622590 367.080228
 57.000000 -2.711127 2.344193 24.504574 92.928198
 57.200000 -1.920122 2.934840 22.641385 3.418198
 57.400000 -2.048302 2.665056 22.904266 1.184663
 57.600000 -2.412551 2.372189 25.144999 2.058480
 57.800000 -2.656584 3.082466 24.936054 17.201644
 58.000000 3.066179 2.879838 8.384035 3552.894422
 58.200000 -2.751561 2.908592 24.149412 192.142101
 58.400000 -2.180181 2.734771 23.316536 46.836211
 58.600000 -2.068881 2.332226 22.958490 1.221293
 58.800000 -2.003560 2.551596 22.864085 4.363127
 59.000000 -2.429307 2.846386 25.194700 0.181950
 59.200000 2.964145 2.709515 2.589392 2568.564679
 59.400000 3.032786 2.994468 6.448882 3570.004099
 59.600000 -2.575651 2.812735 25.168751 0.000240
 59.800000 -2.119095 2.251803 23.083181 6.816472
 60.000000 -1.583761 2.524008 26.296388 302.896881
 60.200000 -2.249774 2.504523 24.041020 114.475103
 60.400000 -2.736015 2.823955 24.465884 156.433181
 60.600000 2.980893 3.042704 3.482698 2953.645300
 60.800000 2.998114 2.744088 4.442521 3247.913788
 61.000000 -2.559353 3.058011 25.212408 0.029480
 61.200000 -2.534308 2.570099 25.251703 0.000077
 61.400000 -2.607835 2.606337 25.261962 0.230119
 61.600000 -2.176230 3.056698 23.424095 42.922491
 61.800000 -2.577155 2.554049 25.262218 0.085612
 62.000000 -2.499102 2.673867 25.262307 0.339767
 62.200000 -2.608478 3.022194 25.322807 0.226718
 62.400000 2.959855 2.576520 2.409167 2584.674315
 62.600000 -2.909346 3.088075 21.303742 526.403999
 62.800000 -2.831668 2.816090 22.959462 393.413037
 63.000000 -2.750447 2.374372 24.375971 202.634965
 63.200000 -2.109619 3.032500 23.213139 7.101752
 63.400000 -2.512488 2.524831 25.358456 0.008282
 63.600000 -2.454186 2.563250 25.376132 0.020364
 63.800000 -2.304689 3.062725 24.735237 92.490487
 64.000000 -2.448165 2.394533 25.376561 0.000036
 64.200000 -2.152121 2.543403 23.416839 25.860369
 64.400000 -1.851976 2.841122 22.700973 5.333829
 64.600000 -2.507699 2.332036 25.414394 0.000681
 64.800000 -2.932003 2.759201 20.846579 604.723228
 65.000000 -2.933910 3.119857 20.799540 611.532925
 65.200000 -3.018565 2.421791 18.384539 1169.582842
 65.400000 -2.458563 2.857110 25.473804 0.012493
 65.600000 -2.265129 2.810844 24.419431 109.242697
 65.800000 -2.121360 2.485736 23.329333 12.532771
 66.000000 -2.016720 2.534315 23.054286 8.392553
 66.200000 -2.174060 2.773264 23.645236 45.297357
 66.400000 -2.789860 2.660255 23.939230 310.837524
 66.600000 -3.063884 2.826301 16.710565 1693.357268
 66.800000 -2.597856 3.110990 25.569678 0.039231
 67.000000 -2.705447 2.505440 25.117024 92.207119
 67.200000 -2.308288 2.648423 24.940362 81.028046
 67.400000 -1.960337 2.985273 22.890934 13.442806
 67.600000 -2.349767 2.329342 25.262245 40.390730
 67.800000 -2.197839 2.743409 23.876054 67.615873
 68.000000 -2.280511 2.903926 24.674556 100.119646
 68.200000 -2.694312 2.647445 25.324492 73.206636
 68.400000 -2.968571 2.802412 20.051392 803.560084
 68.600000 -2.687487 -3.021111 25.380291 60.778810
 68.800000 -2.863693 2.464751 22.589085 451.043548
 69.000000 -2.198264 2.676564 23.941060 68.619026
 69.200000 -1.652884 2.841678 24.819054 288.830219
 69.400000 -2.308741 2.153517 25.045359 74.940477
 69.600000 -2.397532 2.394045 25.568229 8.945929
 69.800000 -2.173588 -2.999817 23.811914 49.782063
 70.000000 -2.736567 2.765987 24.916074 174.003515
 70.200000 -2.940260 2.362809 20.906935 673.531560
 70.400000 -2.137883 2.927416 23.646666 29.507810
 70.600000 -2.129414 2.658401 23.602208 25.720140
 70.800000 -2.120298 2.066174 23.557605 22.294766
 71.000000 -1.705299 2.659269 23.964612 209.170202
 71.200000 -2.016851 2.660739 23.181010 16.661074
 71.400000 -2.813327 2.423276 23.755042 356.286757
 71.600000 -2.778250 3.112800 24.381855 280.675617
 71.800000 3.086715 2.793699 10.067614 3522.093721
 72.000000 -3.117652 2.654678 14.388737 2460.550380
 72.200000 -2.377777 2.876979 25.626598 17.290202
 72.400000 -1.973004 2.479617 23.016590 18.364897
 72.600000 -1.932348 1.970279 22.854993 12.149263
 72.800000 -1.554403 1.784810 26.431980 260.390963
 73.000000 -0.764373 0.933159 11.752440 1373.066416
 73.200000 -1.305972 0.539617 27.306589 101.587085
 73.400000 -0.900846 0.107389 16.810802 1385.646987
 73.600000 -0.655583 0.172236 7.664048 1442.564897
 73.800000 -0.870004 -0.111157 15.658551 1402.889201
 74.000000 -0.661621 -0.321609 7.892932 1431.354615
 74.200000 -0.659638 -0.210427 7.788665 1436.328155
 74.400000 -0.738275 -0.018629 10.719511 1368.079586
 74.600000 -0.905563 0.622813 16.953539 1375.959485
 74.800000 -1.007462 1.424755 20.608257 1154.170942
 75.000000 -0.513560 1.701324 2.092361 1389.079725
 75.200000 -0.775892 2.216644 12.089827 1378.449293
 75.400000 -0.920363 2.416034 17.471455 1355.136156
 75.600000 -0.507953 2.050772 1.850328 1354.203855
 75.800000 -0.766184 1.617342 11.729610 1374.729954
 76.000000 -0.897438 1.070963 16.623656 1378.486957
 76.200000 -1.549388 0.355267 26.415069 250.627628
 76.400000 -1.806927 0.576382 22.916669 22.280896
 76.600000 -1.561796 1.180019 26.214494 271.313186
 76.800000 -0.809276 1.322917 13.317371 1392.132794
 77.000000 -1.337130 1.812731 27.466757 50.658317
 77.200000 -0.696271 1.247223 9.101633 1394.704315
 77.400000 -1.115856 0.810660 23.814550 676.692991
 77.600000 -1.271264 0.524269 26.774765 159.293518
 77.800000 -0.626370 0.424563 6.442328 1516.865288
 78.000000 -1.072771 0.520799 22.611862 883.605694
 78.200000 -1.593091 1.077187 25.648616 302.507904
 78.400000 -0.862690 1.123698 15.287038 1383.980762
 78.600000 -1.387135 1.280152 27.628809 3.560676
 78.800000 -1.091531 0.552211 23.133558 795.634258
 79.000000 -0.909331 0.494023 17.012021 1347.047012
 79.200000 -1.290939 1.091581 26.958253 120.166044
 79.400000 -1.605593 1.285688 25.416294 306.513031
 79.600000 -1.051353 0.566646 21.914943 981.229731
 79.800000 -0.775152 -0.330517 12.009314 1392.892486
 80.000000 -0.758044 -0.806219 11.371213 1389.500248
 80.200000 -0.688967 -0.223580 8.777323 1415.207393
 80.400000 -0.880924 0.659053 15.946337 1366.846439
 80.600000 -1.648742 1.768203 24.661730 277.035307
 80.800000 -1.996493 2.338286 23.268929 24.978369
 81.000000 -2.116922 -3.137574 23.944469 43.965193
 81.200000 3.139631 2.711916 13.189721 2799.203663
 81.400000 -2.984594 2.891373 19.980483 1065.789434
 81.600000 -2.791942 3.081222 24.526575 293.968842
 81.800000 -2.749211 2.497946 25.202970 206.989279
 82.000000 -2.208864 2.611064 24.700484 77.395467
 82.200000 -1.953508 2.742131 23.089263 20.632416
 82.400000 -1.877487 2.668370 22.841129 2.205819
 82.600000 -2.543783 2.262187 26.350612 2.993250
 82.800000 -2.090913 3.073299 23.832368 39.505726
 83.000000 -2.724919 2.949361 25.556834 155.837650
 83.200000 -3.119734 2.462421 14.428506 2489.106408
 83.400000 -3.118208 3.136351 14.504459 2469.904512
 83.600000 -3.048021 3.006650 17.683532 1672.722358
 83.800000 2.982720 2.448264 3.774635 3700.478135
 84.000000 -2.504101 -3.064985 26.300061 5.850249
 84.200000 -3.058144 2.554477 17.277242 1785.493827
 84.400000 -3.096468 2.741111 15.567081 2208.401594
 84.600000 2.997622 -3.098685 4.696571 3908.652590
 84.800000 2.939259 2.697326 1.287716 2733.220572
 85.000000 -2.328984 2.748242 25.741936 32.914556
 85.200000 -1.783736 2.674510 23.022530 31.840481
 85.400000 -2.353931 2.117213 25.895569 21.458108
 85.600000 -2.009948 2.517423 23.420590 30.023489
 85.800000 -2.315893 2.968270 25.689370 38.860575
 86.000000 -2.739321 2.612789 25.451526 188.126019
 86.200000 3.023831 2.778815 6.375154 4063.853863
 86.400000 2.915730 -3.093371 0.084577 1901.510462
 86.600000 -3.084225 2.595291 16.166364 2069.550642
 86.800000 -2.496824 2.559175 26.371055 7.342857
 87.000000 -1.597320 2.875492 25.489025 309.384869
 87.200000 -2.019935 2.337590 23.515292 32.621963
 87.400000 -2.545596 2.273771 26.520192 3.803114
 87.600000 -2.474037 -3.117705 26.334699 7.926422
 87.800000 2.926240 2.714052 0.598689 2480.707756
 88.000000 2.942213 2.774022 1.425141 2910.308947
 88.200000 3.029149 2.987130 6.752210 4082.434203
 88.400000 3.070907 2.818086 9.370604 3721.315088
 88.600000 -3.048413 2.947965 17.753331 1704.436100
 88.800000 -3.094742 2.824714 15.713604 2186.781760
 89.000000 -2.809902 2.825752 24.404271 320.664695
 89.200000 -2.557798 2.664474 26.611881 2.458829
 89.400000 -2.486932 2.621640 26.430153 9.078083
 89.600000 -2.616190 2.699076 26.596730 6.346531
 89.800000 -2.755866 2.770765 25.318791 223.863307
 90.000000 -3.008406 2.734383 19.329254 1332.951247
 90.200000 2.958350 2.953596 2.358155 3457.226795
 90.400000 2.915912 2.812212 0.068526 1819.204109
 90.600000 -2.706547 2.870486 25.999646 130.435979
 90.800000 -2.290065 2.693214 25.650376 49.492484
 91.000000 -1.871422 2.529414 22.898009 3.596677
 91.200000 -1.837492 2.291284 22.873216 0.089360
 91.400000 -1.837929 2.576500 22.873093 0.070483
 91.600000 -2.349167 2.696746 26.017440 21.747819
 91.800000 2.980820 2.885856 3.746038 3929.159524
 92.000000 3.072030 -3.128255 9.530285 3686.597806
 92.200000 -2.865838 2.830457 23.420341 436.994059
 92.400000 -1.984640 2.573191 23.401409 30.920581
 92.600000 -1.594899 2.352614 25.456759 302.218107
 92.800000 -1.822131 2.158691 22.891151 1.938054
 93.000000 -2.224396 2.584235 25.168589 77.502854
 93.200000 -2.714726 3.007985 25.979485 157.653401
 93.400000 -2.596388 2.887097 26.798922 1.110717
 93.600000 -1.774620 2.367345 23.059609 32.253388
 93.800000 -1.401395 1.963556 27.330087 1.073639
 94.000000 -1.644360 1.398442 24.593707 276.739666
 94.200000 -1.162268 0.512874 24.596087 470.493429
 94.400000 -0.600686 -0.108936 5.067279 1640.369079
 94.600000 -0.643470 -0.277519 6.771256 1533.180817
 94.800000 -0.974804 -0.076991 19.089758 1181.897750
 95.000000 -1.002893 0.254293 20.043665 1122.494234
 95.200000 -0.796132 0.919992 12.579069 1433.324185
 95.400000 -1.641077 1.357248 24.637023 277.739292
 95.600000 -1.686873 1.532544 23.929669 193.669649
 95.800000 -0.701363 0.724174 8.980211 1451.038383
 96.000000 -0.639467 0.034091 6.593083 1543.357429
 96.200000 -0.811348 -0.563677 13.141338 1427.471998
 96.400000 -0.584760 -0.199569 4.375179 1680.192662
 96.600000 -0.570046 0.107689 3.770092 1699.482626
 96.800000 -1.429100 0.695974 27.258603 4.133046
 97.000000 -1.216121 1.230790 25.582071 273.320682
 97.200000 -0.564298 1.845394 3.516354 1707.897496
 97.400000 -0.728352 2.229299 9.974129 1447.384016
 97.600000 -0.826262 2.473918 13.692648 1416.953735
 97.800000 -0.724075 1.755212 9.811400 1447.513408
 98.000000 -0.907495 1.267248 16.684539 1287.762226
 98.200000 -1.464663 0.919830 27.078395 39.265363
 98.400000 -1.724920 0.471995 23.459094 108.495284
 98.600000 -0.977279 0.864646 19.116697 1154.902092
 98.800000 -1.032990 1.295190 20.958442 1021.697256
 99.000000 -0.971348 1.174548 18.914631 1166.303011
 99.200000 -0.933097 0.554817 17.584676 1231.488169
 99.400000 -0.864687 0.151063 15.120552 1363.695486
 99.600000 -0.482019 0.113444 0.190621 1529.625397
 99.800000 -1.102499 0.125719 23.021527 751.893959
 100.000000 -1.142791 0.261491 24.054771 565.089422
 100.200000 -0.718527 0.729287 10.369193 1455.843051
 100.400000 -1.715318 1.638399 24.357854 127.407129
 100.600000 -1.808217 2.401064 23.745319 3.815981
 100.800000 -2.412691 2.909241 27.258036 15.259529
 101.000000 3.071159 2.678251 10.509965 3616.811861
 101.200000 -2.780788 2.888802 25.904333 272.333182
 101.400000 -2.553250 2.792820 27.829246 5.175088
 101.600000 -2.689939 2.489026 27.227317 135.536741
 101.800000 -2.028338 2.957570 24.575386 36.515858
 102.000000 -2.081095 2.584429 24.915188 48.283905
 102.200000 -1.962859 2.495668 24.202082 30.534994
 102.400000 -2.081836 2.545746 24.924702 48.510440
 102.600000 -2.067341 2.663117 24.826119 44.161210
 102.800000 -2.337325 2.652113 26.951112 25.810451
 103.000000 -2.670128 2.762602 27.454053 97.227687
 103.200000 -2.849242 2.964341 24.705988 361.244926
 103.400000 3.020210 2.647619 7.321988 4302.730438
 103.600000 -2.359466 3.138633 27.065262 20.179954
 103.800000 -2.187190 2.358321 25.800288 85.132169
 104.000000 -1.625785 2.357615 25.633410 279.929263
 104.200000 -1.933515 2.395124 24.063924 27.576668
 104.400000 -2.568380 2.774299 27.919318 1.363112
 104.600000 2.921023 2.828963 1.082294 2845.968326
 104.800000 2.917083 -3.087354 0.874755 2705.638971
 105.000000 -2.821926 2.524900 25.209092 312.582203
 105.200000 -1.780696 2.768983 23.807812 18.341283
 105.400000 -1.899216 2.357052 23.903905 19.993783
 105.600000 -1.965143 2.498213 24.247617 31.656428
 105.800000 -2.430687 2.826344 27.387017 18.935826
 106.000000 -2.999611 2.774460 20.679273 1351.412941
 106.200000 -2.778285 3.095326 25.956586 275.064648
 106.400000 -2.331406 2.828778 26.957896 28.534473
 106.600000 -1.718271 2.352529 24.273513 115.460565
 106.800000 -1.901222 2.101004 23.924052 21.394013
 107.000000 -1.648167 2.369333 25.231478 253.444535
 107.200000 -2.478691 2.646707 27.640054 24.544409
 107.400000 -3.052556 2.858359 18.569562 1826.916899
 107.600000 -2.968146 2.976523 21.781211 1058.993138
 107.800000 -2.598455 2.798976 27.970152 3.856305
 108.000000 -2.888963 2.611350 23.916952 482.364666
 108.200000 -2.269675 3.051084 26.569012 61.866177
 108.400000 -2.263438 2.596898 26.519221 65.607695
 108.600000 -2.316079 2.268979 26.889596 35.288299
 108.800000 -1.962010 2.848764 24.270429 31.267751
 109.000000 -1.912556 2.921920 24.003794 25.207047
 109.200000 -2.642763 2.391257 27.795181 57.258400
 109.400000 -2.935282 2.868044 22.791161 770.625126
 109.600000 3.116510 -3.065274 13.133921 2832.192404
 109.800000 2.940195 2.750461 2.154372 3624.582783
 110.000000 -2.495975 2.847627 27.757532 24.933489
 110.200000 -1.859516 2.803141 23.806853 8.614382
 110.400000 -1.962067 2.242690 24.294689 30.867890
 110.600000 -1.897159 2.249996 23.952869 21.600813
 110.800000 -1.857343 2.673138 23.800616 7.860670
 111.000000 -2.026577 2.791958 24.655355 32.469281
 111.200000 -2.961399 2.409226 22.034788 1004.688075
 111.400000 3.038060 3.008882 8.549487 4092.630363
 111.600000 3.086495 3.108176 11.487261 3265.392595
 111.800000 -2.851680 2.495281 24.698093 348.360502
 112.000000 -1.817645 2.870288 23.754976 0.004093
 112.200000 -1.780868 2.508426 23.825290 12.269108
 112.400000 -1.939903 2.134777 24.208658 29.809531
 112.600000 -1.802178 2.728707 23.773789 1.850000
 112.800000 -2.080170 2.670667 25.006014 42.840337
 113.000000 -2.973677 2.325608 21.643658 1127.899654
 113.200000 -2.537266 -3.089496 28.009913 13.853022
 113.400000 -2.809400 2.841732 25.458770 291.046450
 113.600000 -2.898491 2.394692 23.756460 517.350140
 113.800000 -1.892524 2.879042 23.984239 21.601010
 114.000000 -1.392016 2.510158 27.645266 4.118818
 114.200000 -2.057733 1.632050 24.896363 35.174256
 114.400000 -1.341948 1.417855 27.410037 38.143860
 114.600000 -0.571688 0.821699 4.228003 1773.871068
 114.800000 -0.745414 0.554999 11.132755 1523.942669
 115.000000 -1.396643 0.612980 27.627617 2.620675
 115.200000 -0.505806 0.816942 1.447048 1607.899343
 115.400000 -0.418954 1.653707 -0.000002 0.000000
 115.600000 -0.868634 2.488827 15.871458 1376.704099
 115.800000 -0.957917 2.381662 19.024959 1132.352669
 116.000000 -0.583247 1.893957 4.687798 1748.169502
 116.200000 -0.406714 1.393019 -0.000000 0.000000
 116.400000 -0.843519 1.349216 14.913176 1444.755532
 116.600000 -1.585956 0.796040 26.098102 237.505516
 116.800000 -0.805283 0.155527 13.439529 1517.974405
 117.000000 -0.669508 0.013470 8.139920 1523.532776
 117.200000 -0.964366 -0.056906 19.206244 1112.078350
 117.400000 -0.479668 -0.412927 0.385423 1482.846394
 117.600000 -0.280937 -0.450202 -0.000002 0.000000
 117.800000 -0.733558 -0.323045 10.617626 1526.330780
 118.000000 -1.414241 0.142765 27.571675 0.000576
 118.200000 -1.437180 0.935832 27.524433 5.243384
 118.400000 -0.929077 1.629338 17.994718 1193.001942
 118.600000 -0.573913 2.153547 4.239608 1780.549765
 118.800000 -0.990768 2.601646 20.059408 1055.028716
 119.000000 -0.612613 2.190573 5.846795 1662.231380
 119.200000 -0.467872 1.528082 -0.022919 39.663428
 119.400000 -1.323170 1.383847 27.157755 57.700775
 119.600000 -1.148977 0.325367 24.588898 528.693557
 119.800000 -0.585688 -0.401682 4.721187 1753.267679
 120.000000 -0.515811 -0.444417 1.770329 1702.504513
 120.200000 -0.848982 -0.127058 15.079614 1429.801393
 120.400000 -0.815304 0.566489 13.787710 1507.260253
 120.600000 -1.685504 1.075930 24.594203 146.977252
 120.800000 -0.913026 1.010259 17.416854 1233.789610
 121.000000 -0.894247 0.999029 16.749745 1290.988949
 121.200000 -1.715759 0.919899 24.265746 85.679380
 121.400000 -1.646020 0.419150 25.120710 213.553445
 121.600000 -0.164960 -0.044111 -0.019879 0.002933
 121.800000 -0.581601 -0.090464 4.531200 1771.072650
 122.000000 -1.041303 -0.090635 21.615904 934.535983
 122.200000 -0.474712 0.128565 0.093010 1258.840006
 122.400000 -0.500067 0.190396 1.089360 1602.520054
 122.600000 -1.201113 0.257554 25.591176 311.155744
 122.800000 -1.008593 0.587905 20.584943 1005.487648
 123.000000 -0.894465 1.199275 16.745487 1287.756693
 123.200000 -1.581286 1.244947 26.088030 223.008526
 123.400000 -1.371296 0.825638 27.354803 17.181757
 123.600000 -1.141304 0.309618 24.341642 555.037159
 123.800000 -0.929292 0.096927 17.963211 1181.409652
 124.000000 -1.388628 0.869287 27.414368 7.331012
 124.200000 -1.397592 1.318432 27.418426 3.832735
 124.400000 -0.710929 0.844188 9.679276 1511.177792
 124.600000 0.067705 0.198230 -0.000000 0.000000
