#! FIELDS time phi psi ves.bias ves.force2
#! SET min_phi -pi
#! SET max_phi pi
#! SET min_psi -pi
#! SET max_psi pi
 0.000000 -1.498385 0.273949 25.037724 141.910265
 0.200000 -0.768912 0.487253 10.020851 1601.615220
 0.400000 -1.342829 1.384663 25.976220 6.658872
 0.600000 -1.517775 1.251943 24.798202 163.255929
 0.800000 -0.670708 0.406267 5.811868 2111.309313
 1.000000 -0.682472 -0.611191 6.348827 2053.500630
 1.200000 -0.526613 -0.696427 -0.010492 5.463418
 1.400000 -0.924805 0.445689 16.364820 1601.252036
 1.600000 -1.735435 1.368278 21.663137 147.221035
 1.800000 -1.759810 2.108776 21.402292 84.769031
 2.000000 -1.845282 -3.103849 21.069316 0.626645
 2.200000 3.132868 2.541294 10.033207 2569.495304
 2.400000 -2.747407 -2.978157 23.019213 200.664991
 2.600000 3.043203 2.738598 5.043395 3314.679555
 2.800000 3.093277 2.736936 7.915809 3127.535885
 3.000000 -2.616804 2.927110 24.202176 21.513467
 3.200000 -2.718044 2.464145 23.419205 126.064235
 3.400000 -2.522310 2.937586 24.341527 2.351694
 3.600000 -2.999644 2.787959 16.256427 1221.330246
 3.800000 3.030193 2.874617 4.405801 3283.547993
 4.000000 -2.926826 2.796002 18.735822 1075.610002
 4.200000 -2.417303 2.797928 23.920202 26.408594
 4.400000 -2.271884 2.319451 23.102962 47.326894
 4.600000 -1.676120 2.888939 22.602765 208.559345
 4.800000 -2.544196 2.451219 24.406201 1.367702
 5.000000 -2.933442 2.768499 18.577598 1090.927552
 5.200000 -2.801605 -3.140624 22.308479 448.467207
 5.400000 -3.081059 2.687320 13.378191 1578.613832
 5.600000 -2.074992 2.680278 21.724187 13.880811
 5.800000 -1.668425 2.454425 22.698410 204.130842
 6.000000 -1.904298 2.264381 21.392135 2.755109
 6.200000 -1.915895 2.443925 21.470162 3.624117
 6.400000 -2.293151 3.012047 23.244327 51.630273
 6.600000 3.048977 2.508654 5.638776 3458.340272
 6.800000 -3.104878 3.039989 12.456504 1851.316453
 7.000000 -3.125581 2.807676 11.531806 2148.906820
 7.200000 3.045385 2.610918 5.502091 3504.076311
 7.400000 -2.872628 2.933474 20.551046 866.954785
 7.600000 -3.047272 3.108199 14.787495 1291.690125
 7.800000 3.093928 2.726442 8.338590 3191.436802
 8.000000 -2.636419 2.871899 24.426988 19.836609
 8.200000 -2.390949 2.679907 23.877331 31.271048
 8.400000 -2.386630 2.574926 23.853067 31.844068
 8.600000 -2.468191 2.581284 24.278088 22.037738
 8.800000 -2.726738 2.691080 23.712573 164.483092
 9.000000 3.137761 2.818331 10.773063 2467.639339
 9.200000 -2.827429 3.008399 21.875037 591.176297
 9.400000 -2.840409 2.682738 21.550353 660.491044
 9.600000 -2.973139 2.763447 17.511068 1095.283357
 9.800000 2.915005 3.048117 -0.000551 0.020803
 10.000000 2.934751 2.677173 -0.018575 97.272109
 10.200000 -2.738394 2.758428 23.592874 188.009376
 10.400000 -2.454884 2.838655 24.318757 18.795646
 10.600000 -2.241158 2.467355 22.840968 95.498676
 10.800000 -2.005622 2.700989 21.754280 0.020218
 11.000000 -2.187082 2.549300 22.332550 73.649840
 11.200000 -2.470322 2.686761 24.439564 15.482554
 11.400000 -2.824208 2.892605 22.078588 501.183328
 11.600000 2.970049 2.830183 1.577545 2387.975584
 11.800000 -2.699437 3.025889 24.057180 97.163072
 12.000000 -2.771865 2.620187 23.101732 280.412986
 12.200000 -2.618033 2.770573 24.604898 10.788915
 12.400000 -2.270966 3.065122 23.189223 98.642116
 12.600000 -2.398818 2.519070 24.173277 29.156997
 12.800000 -2.167553 2.806447 22.200766 57.826912
 13.000000 -2.548644 2.567903 24.682674 0.688346
 13.200000 -2.518014 2.918187 24.685287 3.435024
 13.400000 -3.086577 2.788007 13.722340 1719.585837
 13.600000 2.929450 2.993850 -0.027582 1.797072
 13.800000 -2.612858 2.832086 24.652219 8.680772
 14.000000 -2.236156 2.456532 22.892900 107.071157
 14.200000 -1.741796 2.390819 21.552431 59.573333
 14.400000 -2.006560 2.602689 21.774874 1.194521
 14.600000 -2.662534 2.812169 24.465969 38.876043
 14.800000 2.944156 2.957319 0.496490 1866.579735
 15.000000 2.986852 2.873311 2.553972 2847.373215
 15.200000 -2.621534 2.755277 24.697966 12.994592
 15.400000 -2.288519 2.611841 23.550851 99.664106
 15.600000 -1.722309 2.717334 21.705849 86.490207
 15.800000 -2.004712 2.139698 21.769977 2.054653
 16.000000 -1.869779 2.576583 21.352689 11.234759
 16.200000 -2.279091 2.638510 23.500201 107.967242
 16.400000 -2.486708 2.851300 24.780313 5.382761
 16.600000 -2.948972 2.700906 18.919473 1111.587554
 16.800000 2.979994 3.001882 2.283265 2728.322897
 17.000000 -2.626306 2.972111 24.711573 15.518049
 17.200000 -2.432890 2.498660 24.654018 15.671824
 17.400000 -2.004745 2.637696 21.811632 2.780649
 17.600000 -1.864503 2.782689 21.360188 10.387593
 17.800000 -2.271000 2.358373 23.465767 112.640182
 18.000000 -2.490207 2.755636 24.828319 4.563459
 18.200000 -2.786956 3.056634 23.230425 284.848007
 18.400000 2.970615 2.726317 1.867513 2533.194987
 18.600000 2.977595 2.992673 2.224483 2697.674907
 18.800000 -2.981489 2.896897 17.906988 1237.663888
 19.000000 -3.037894 2.711646 15.848480 1439.985094
 19.200000 -2.716210 2.998435 24.195685 100.666740
 19.400000 -3.109982 2.559950 12.942898 2000.047296
 19.600000 -3.127263 2.952891 12.150052 2215.778382
 19.800000 2.963067 3.020270 1.538918 2376.261258
 20.000000 -3.043391 2.589407 15.683481 1469.756766
 20.200000 -2.123992 3.001423 22.202971 31.678651
 20.400000 -1.973503 2.594800 21.781977 7.061339
 20.600000 -1.706055 2.105821 21.790754 75.482419
 20.800000 -1.624180 2.187994 22.667047 147.848427
 21.000000 -1.682999 2.602678 22.006976 100.356169
 21.200000 -2.567215 2.732898 25.030112 1.784595
 21.400000 2.984440 2.894680 2.759081 2947.574145
 21.600000 3.116779 3.025156 10.328575 2743.749476
 21.800000 -2.816755 2.811478 22.808670 393.701900
 22.000000 -2.522110 2.746983 25.045688 0.359933
 22.200000 -2.030161 2.702786 21.952511 3.053999
 22.400000 -2.133170 2.544860 22.298499 38.102863
 22.600000 -2.215872 2.747468 23.023467 116.226705
 22.800000 -2.532504 2.730973 25.079594 0.016882
 23.000000 -2.716253 2.911649 24.285719 93.393458
 23.200000 3.124200 2.813016 10.829310 2593.051598
 23.400000 3.097963 3.097238 9.442805 2991.994951
 23.600000 -2.651855 2.665917 24.793031 31.662675
 23.800000 -2.078858 2.512327 22.102332 8.809699
 24.000000 -1.769727 2.679221 21.416936 8.415947
 24.200000 -1.955076 2.295007 21.840762 11.162917
 24.400000 -2.107198 2.415894 22.245006 19.336786
 24.600000 -2.347028 2.733241 24.444471 67.917395
 24.800000 -2.771372 2.960171 23.680439 205.830733
 25.000000 2.928919 2.646359 0.218814 2017.016600
 25.200000 -3.129822 3.135037 12.349711 2137.162587
 25.400000 -2.987808 2.750683 17.978595 1274.734659
 25.600000 -2.837754 2.696065 22.505508 489.963242
 25.800000 -2.866730 2.798837 21.810835 665.047674
 26.000000 -2.976490 2.709202 18.379945 1239.956821
 26.200000 -3.117874 2.780203 12.944634 1972.667454
 26.400000 3.140502 3.045910 11.800951 2290.757799
 26.600000 2.955513 2.448239 1.532500 2436.236642
 26.800000 -2.399154 2.899971 24.895140 31.911857
 27.000000 -2.157951 2.858276 22.611331 56.729012
 27.200000 -2.061135 2.167613 22.199772 5.537086
 27.400000 -1.841899 2.486574 21.473695 8.059648
 27.600000 -1.737907 2.715572 21.531443 18.365848
 27.800000 -2.407697 2.372484 24.976459 27.220630
 28.000000 -2.871184 2.741744 21.769486 691.225820
 28.200000 3.024311 -3.085255 5.540016 3569.828586
 28.400000 3.138816 2.632995 11.853632 2243.649487
 28.600000 -2.480871 2.819164 25.251869 2.390952
 28.800000 -2.385787 2.829027 24.878782 42.030960
 29.000000 -2.749035 2.479391 24.081010 138.107911
 29.200000 -2.662034 2.916529 24.848818 37.737639
 29.400000 -2.764872 2.975428 23.910923 171.229434
 29.600000 3.049875 2.624273 7.152662 3492.396295
 29.800000 3.004896 2.960348 4.469168 3495.190815
 30.000000 3.041076 2.982639 6.630299 3552.971183
 30.200000 -2.786452 2.861133 23.636607 234.657128
 30.400000 -2.509352 2.794311 25.356849 0.011715
 30.600000 -2.418123 2.583669 25.132786 24.589623
 30.800000 -2.184043 2.838750 22.931703 74.121955
 31.000000 -2.348216 2.643210 24.645042 79.613785
 31.200000 -2.484189 2.736510 25.387641 1.873397
 31.400000 -2.984647 2.745477 18.278271 1267.707304
 31.600000 2.879586 2.995496 -0.000005 0.000002
 31.800000 -2.641872 2.801265 25.021130 30.558731
 32.000000 -2.169144 2.285610 22.840043 57.942645
 32.200000 -1.557497 2.328061 22.940481 143.360097
 32.400000 -0.579939 2.269648 0.733811 1184.166349
 32.600000 -0.967463 1.819887 16.386038 1387.142280
 32.800000 -0.579140 1.538027 0.706345 1177.307441
 33.000000 -1.713120 1.412726 21.586579 23.616979
 33.200000 -1.251567 0.755006 23.545747 258.048960
 33.400000 -0.606027 0.100534 1.644465 1444.417803
 33.600000 -0.545319 -0.475579 -0.009079 3.101876
 33.800000 -0.899323 -0.358131 13.695386 1586.421130
 34.000000 -0.634944 0.073721 2.791505 1687.957784
 34.200000 -1.453098 0.510715 24.103394 102.624474
 34.400000 -1.644959 1.250050 21.993011 65.698175
 34.600000 -0.683536 1.281981 4.821500 1849.064021
 34.800000 -0.548237 1.343098 -0.014086 6.031092
 35.000000 -1.183146 1.552013 22.253810 400.919146
 35.200000 -1.173257 0.720407 22.012875 418.274438
 35.400000 -0.835488 -0.061109 11.083164 1596.738141
 35.600000 -0.439350 -0.400351 -0.000000 0.000000
 35.800000 -0.735682 0.161339 7.024524 1760.147687
 36.000000 -1.524577 1.310985 23.230411 147.943737
 36.200000 -1.202326 1.853034 22.555190 369.039785
 36.400000 -0.460995 1.871125 -0.000000 0.000000
 36.600000 -0.724612 1.851652 6.546659 1775.699473
 36.800000 -0.727761 1.997941 6.679209 1768.023392
 37.000000 -0.578892 1.833978 0.634889 1161.706073
 37.200000 -1.074085 2.019757 19.652218 716.426374
 37.400000 -1.016570 2.006209 17.945720 1066.647613
 37.600000 -0.645805 1.944998 3.207590 1736.080885
 37.800000 -0.740699 2.041628 7.223435 1722.778960
 38.000000 -0.642977 1.916500 3.089990 1721.871710
 38.200000 -0.759246 1.993846 7.998836 1653.630109
 38.400000 -0.987301 2.208056 16.928649 1258.211360
 38.600000 -0.507114 1.937016 -0.000003 0.000000
 38.800000 -0.722196 2.057254 6.468803 1757.964999
 39.000000 -0.975852 1.889500 16.516989 1326.565034
 39.200000 -0.558471 1.660012 0.000187 237.940083
 39.400000 -0.803717 1.725573 9.791869 1552.526865
 39.600000 -0.756220 1.798505 7.898918 1640.509003
 39.800000 -0.584025 2.032500 0.845212 1247.755745
 40.000000 -0.791295 2.303989 9.301459 1565.894719
 40.200000 -0.607125 2.063217 1.732096 1510.710266
 40.400000 -0.605473 1.767677 1.668044 1495.139062
 40.600000 -0.905359 1.578457 13.810462 1548.591853
 40.800000 -1.157011 1.038961 21.530472 437.347950
 41.000000 -1.030675 0.146528 18.354084 957.947345
 41.200000 -0.487581 -0.350967 -0.000000 0.000000
 41.400000 -0.560145 -0.418294 0.060801 789.672996
 41.600000 -0.876005 -0.055497 12.671723 1530.452022
 41.800000 -0.703467 0.631791 5.820295 1790.253545
 42.000000 -1.346174 1.188369 24.270381 13.962603
 42.200000 -1.716742 1.069074 21.379606 23.135354
 42.400000 -0.757852 0.530738 8.125759 1581.948218
 42.600000 -1.541671 0.405426 22.840457 123.739151
 42.800000 -1.268700 1.013818 23.511329 203.443381
 43.000000 -1.278492 1.478726 23.645940 174.584244
 43.200000 -0.940704 1.431264 15.209348 1437.644513
 43.400000 -1.475266 1.131955 23.568505 116.133462
 43.600000 -1.521783 0.612621 23.045573 128.762330
 43.800000 -0.866920 0.408572 12.371068 1472.523134
 44.000000 -1.100126 0.536772 20.228553 570.907971
 44.200000 -1.657943 0.649980 21.715571 59.158603
 44.400000 -1.056286 0.922215 19.102314 777.792568
 44.600000 -1.173562 1.159197 21.810114 389.498142
 44.800000 -1.742349 1.378365 21.226501 11.302220
 45.000000 -1.074713 1.027880 19.598847 677.517922
 45.200000 -1.107174 0.517065 20.398873 536.476307
 45.400000 -1.458073 0.524645 23.710458 92.451927
 45.600000 -1.153224 1.110453 21.398268 419.074775
 45.800000 -0.727980 1.549910 7.100477 1681.599849
 46.000000 -0.713080 2.250633 6.482660 1756.591156
 46.200000 -1.107872 2.480993 20.420923 529.934253
 46.400000 -0.773059 1.948089 8.945841 1474.658883
 46.600000 -0.870245 1.557874 12.594062 1423.395608
 46.800000 -1.055941 1.327613 19.108783 771.836362
 47.000000 -1.514394 0.728789 23.111787 120.081623
 47.200000 -0.806874 0.177527 10.283418 1381.730501
 47.400000 -0.747357 0.313720 8.008573 1581.487657
 47.600000 -1.365883 0.819349 24.156859 0.516556
 47.800000 -1.492054 1.292096 23.353402 112.896422
 48.000000 -0.917856 0.908915 14.431750 1425.275745
 48.200000 -1.526939 0.922897 22.982541 116.846149
 48.400000 -1.013872 0.736757 17.879988 1024.608316
 48.600000 -1.505136 1.231802 23.218046 115.360101
 48.800000 -1.574697 1.115029 22.477845 104.318980
 49.000000 -0.880208 0.696917 13.054538 1395.130734
 49.200000 -1.460187 0.811942 23.682448 83.366031
 49.400000 -1.290818 0.990715 23.672013 124.247787
 49.600000 -1.078366 1.064033 19.744419 637.552305
 49.800000 -1.693029 0.823290 21.417866 52.592324
 50.000000 -1.229404 0.690449 22.805795 271.423034
 50.200000 -1.358374 1.042094 24.129668 4.275979
 50.400000 -1.614090 1.306513 22.107547 96.892248
 50.600000 -0.821050 0.680756 10.976027 1337.535096
 50.800000 -1.141785 0.534284 21.191338 417.284564
 51.000000 -1.481969 1.139548 23.490886 100.561111
 51.200000 -1.035493 1.173233 18.612038 867.803865
 51.400000 -1.392678 0.799996 24.128585 6.218429
 51.600000 -1.084191 0.619389 19.924793 603.287973
 51.800000 -1.312471 0.942397 23.891417 71.442097
 52.000000 -1.123276 1.189452 20.821470 461.967999
 52.200000 -1.389579 1.075539 24.156039 4.217239
 52.400000 -1.268309 0.977454 23.426323 177.714772
 52.600000 -1.309870 0.874706 23.889743 76.274077
 52.800000 -1.464647 0.974253 23.704813 82.043158
 53.000000 -1.101612 1.005994 20.362621 533.791370
 53.200000 -1.524315 1.228273 23.126476 118.706641
 53.400000 -1.246827 0.830342 23.151931 226.172290
 53.600000 -1.145750 0.757817 21.348168 411.013575
 53.800000 -1.522801 1.028093 23.142959 118.308205
 54.000000 -0.926577 0.938431 14.980928 1338.076263
 54.200000 -1.496145 0.986507 23.467253 107.816479
 54.400000 -1.264617 0.853173 23.438797 182.172564
 54.600000 -1.160408 0.794007 21.679090 381.466954
 54.800000 -1.324712 0.879563 24.059817 45.391434
 55.000000 -1.225070 1.205288 22.843924 268.491542
 55.200000 -1.440693 1.086184 24.015697 51.963532
 55.400000 -1.173108 0.781231 21.968332 356.783405
 55.600000 -1.130193 0.730548 21.110515 449.873864
 55.800000 -1.705664 1.124441 21.229536 65.770573
 56.000000 -0.941493 1.157107 15.591511 1307.986492
 56.200000 -1.288079 1.080540 23.809290 123.490269
 56.400000 -1.590174 0.894882 22.464280 145.429461
 56.600000 -0.976396 0.522398 16.864804 1200.630549
 56.800000 -1.312709 0.713859 24.049176 68.855974
 57.000000 -1.254079 0.993849 23.375583 202.948459
 57.200000 -1.061542 1.395377 19.565563 736.994384
 57.400000 -1.211627 1.265253 22.757428 285.585221
 57.600000 -1.283981 0.868606 23.807770 133.106992
 57.800000 -1.096852 0.369787 20.463762 566.813786
 58.000000 -1.132271 0.611086 21.256917 445.374866
 58.200000 -1.531995 1.055724 23.245401 150.110653
 58.400000 -1.239818 1.197754 23.265586 229.288173
 58.600000 -0.656410 0.607585 4.433455 2188.173435
 58.800000 -1.634318 0.735837 21.944866 153.069737
 59.000000 -1.582514 0.900884 22.605249 166.443600
 59.200000 -0.919444 1.029195 14.933760 1357.787608
 59.400000 -1.565968 1.201703 22.854160 172.854905
 59.600000 -1.262904 0.883413 23.647147 178.169401
 59.800000 -1.154803 0.797912 21.838412 386.452835
 60.000000 -1.652042 0.710855 21.732861 149.574628
 60.200000 -1.309472 0.965161 24.216980 75.762737
 60.400000 -0.732054 0.927426 7.882947 1805.394845
 60.600000 -1.798955 1.139546 20.695428 0.137590
 60.800000 -1.466188 0.754308 24.078382 86.609561
 61.000000 -0.890839 0.523280 13.916861 1357.247970
 61.200000 -1.629625 0.766807 22.053844 185.480437
 61.400000 -1.279948 0.942242 23.961983 136.746266
 61.600000 -0.535210 0.910865 -0.002059 0.259171
 61.800000 -1.684943 1.302332 21.353723 127.197245
 62.000000 -1.484468 0.910498 23.950799 111.740236
 62.200000 -0.944052 0.619972 15.958849 1347.533957
 62.400000 -1.395077 0.819618 24.601910 3.848856
 62.600000 -1.006963 0.970281 18.176706 1098.360890
 62.800000 -0.756909 1.476299 8.964384 1647.155928
 63.000000 -0.668237 1.921383 5.030753 2234.068773
 63.200000 -0.725915 2.344375 7.687659 1901.091662
 63.400000 -0.960372 2.404155 16.598263 1310.658308
 63.600000 -1.073100 1.917539 20.207140 706.703869
 63.800000 -0.662073 1.390994 4.749555 2264.628741
 64.000000 -1.159856 1.380668 22.168948 371.931069
 64.200000 -1.778122 1.050444 20.638205 7.451092
 64.400000 -0.995992 0.481604 17.901003 1165.289969
 64.600000 -0.682478 0.193783 5.740273 2223.458223
 64.800000 -0.644963 -0.381470 3.951783 2275.175756
 65.000000 -0.558635 -0.581600 0.187122 1554.652935
 65.200000 -0.529035 -0.114671 -0.000420 0.011042
 65.400000 -1.158323 0.608151 22.239689 373.383244
 65.600000 -1.502297 1.186478 23.954385 138.397168
 65.800000 -0.861540 1.224024 13.046084 1345.718880
 66.000000 -1.347972 0.777390 24.687343 16.503005
 66.200000 -1.130499 0.549304 21.724728 452.920828
 66.400000 -1.246066 0.858043 23.753320 198.170887
 66.600000 -1.574400 1.182187 23.022987 221.959467
 66.800000 -1.244608 0.889577 23.732731 200.957224
 67.000000 -1.566690 0.811912 23.137126 216.303309
 67.200000 -1.660954 0.911246 21.737890 211.139324
 67.400000 -0.573023 0.815732 0.776972 1582.884224
 67.600000 -1.573323 1.270027 23.081666 228.344699
 67.800000 -1.602508 0.926794 22.632417 242.774628
 68.000000 -0.505619 0.351519 -0.000002 0.000000
 68.200000 -1.506319 0.290807 24.061714 147.884674
 68.400000 -0.825678 0.738762 11.855491 1363.454713
 68.600000 -1.176482 1.438710 22.734943 327.277780
 68.800000 -0.775572 1.417958 9.950754 1565.945674
 69.000000 -1.081572 1.180110 20.679987 674.158467
 69.200000 -1.709647 0.897582 21.114469 139.300011
 69.400000 -1.369783 0.526141 24.931532 2.283461
 69.600000 -1.179129 0.683775 22.839318 321.286066
 69.800000 -1.723485 1.231185 20.960516 108.585421
 70.000000 -1.092415 1.076286 21.008708 621.033891
 70.200000 -1.055618 0.611632 20.071303 835.492760
 70.400000 -1.530587 0.851470 23.848639 187.755313
 70.600000 -1.173948 1.226405 22.803944 333.168498
 70.800000 -1.415359 1.283581 24.923944 14.912794
 71.000000 -1.455406 0.802050 24.683534 64.424727
 71.200000 -0.981033 0.613419 17.692692 1261.090161
 71.400000 -1.463895 1.087739 24.667353 76.536200
 71.600000 -0.982410 0.958990 17.741530 1255.480660
 71.800000 -1.122631 0.693678 21.830370 492.307504
 72.000000 -1.352745 0.752816 24.985412 12.507078
 72.200000 -1.095949 1.117893 21.262619 616.333940
 72.400000 -1.144928 1.427003 22.364397 414.271065
 72.600000 -1.376388 0.906887 25.088462 0.633297
 72.800000 -0.981952 0.332805 17.772920 1261.401146
 73.000000 -1.244356 0.786195 24.050294 188.850860
 73.200000 -1.263815 1.439755 24.363093 149.634822
 73.400000 -0.497810 1.087797 -0.000000 0.000000
 73.600000 -0.737322 0.878161 8.538519 1923.932042
 73.800000 -1.666068 1.069439 21.789901 268.227632
 74.000000 -1.832067 0.823427 20.439468 3.921529
 74.200000 -0.856700 0.703047 13.250344 1352.153135
 74.400000 -1.622447 1.185805 22.567555 314.118619
 74.600000 -1.244446 1.197542 24.174837 183.507025
 74.800000 -0.833408 0.881997 12.391764 1371.396819
 75.000000 -1.755067 0.925669 20.644772 65.846657
 75.200000 -1.745552 0.717348 20.721566 92.591941
 75.400000 -0.885583 0.697025 14.355104 1365.984246
 75.600000 -1.680225 1.177090 21.590751 264.963394
 75.800000 -1.365508 1.296611 25.239760 4.530342
 76.000000 -0.701107 0.808327 6.931847 2280.879948
 76.200000 -1.025075 0.567147 19.441935 1068.271760
 76.400000 -1.805399 0.473547 20.375796 2.659009
 76.600000 -1.598215 0.677171 23.078663 323.310064
 76.800000 -0.960652 0.849510 17.183873 1350.645127
 77.000000 -1.084008 1.246268 21.192567 705.931100
 77.200000 -1.402286 1.083614 25.355272 3.980332
 77.400000 -1.124120 0.561931 22.233020 507.118396
 77.600000 -1.165406 0.412981 23.086128 358.475317
 77.800000 -1.102315 0.885896 21.718469 610.403190
 78.000000 -1.487978 1.079818 24.789171 119.375143
 78.200000 -0.798842 0.803320 11.233110 1511.154486
 78.400000 -1.731931 0.887687 20.869082 145.516810
 78.600000 -1.155657 0.906453 22.963714 390.930128
 78.800000 -1.402826 0.995620 25.414084 4.208985
 79.000000 -1.231462 1.051997 24.246197 202.853883
 79.200000 -1.236009 0.651368 24.380319 192.903406
 79.400000 -0.929372 0.424140 16.153350 1401.066863
 79.600000 -1.525573 0.913705 24.427668 207.864347
 79.800000 -1.317353 1.446243 25.250665 51.008087
 80.000000 -1.122621 0.990578 22.327261 524.036661
 80.200000 -1.240105 0.510823 24.510770 184.158288
 80.400000 -1.129032 0.885709 22.539983 501.758017
 80.600000 -1.279128 1.283343 24.982410 110.966986
 80.800000 -1.376058 1.087010 25.558434 0.789645
 81.000000 -1.404332 0.735103 25.538957 5.152782
 81.200000 -1.218370 1.154093 24.282853 230.269955
 81.400000 -1.275418 1.394262 25.025664 115.993718
 81.600000 -0.944377 0.900739 16.796945 1404.340918
 81.800000 -1.052872 0.332815 20.587150 940.028595
 82.000000 -0.864140 0.134400 13.794010 1383.897850
 82.200000 -0.856764 -0.136741 13.554079 1394.128308
 82.400000 -0.479446 -0.027949 -0.000000 0.000000
 82.600000 -0.791099 0.132359 11.043592 1593.410291
 82.800000 -0.889103 0.450650 14.761905 1401.837427
 83.000000 -1.454989 0.789294 25.408705 65.096809
 83.200000 -1.653064 1.349916 22.233399 400.018259
 83.400000 -1.146775 1.255803 23.154038 449.446679
 83.600000 -1.454579 1.194946 25.471857 66.822506
 83.800000 -1.629381 0.794820 22.713278 416.099308
 84.000000 -1.215459 0.941524 24.406562 239.165803
 84.200000 -0.912236 1.180323 15.719838 1435.736439
 84.400000 -1.258462 1.310426 25.078667 144.973890
 84.600000 -1.078522 0.907824 21.539815 807.547309
 84.800000 -1.603272 0.754768 23.278750 411.488476
 85.000000 -1.302869 0.911405 25.527842 65.540682
 85.200000 -0.774453 1.268948 10.442864 1745.268476
 85.400000 -1.012532 1.442329 19.498094 1224.425874
 85.600000 -0.857566 0.953031 13.695174 1424.421494
 85.800000 -1.579910 0.791226 23.786995 380.872882
 86.000000 -1.616061 0.876802 23.052956 435.280039
 86.200000 -1.140089 1.274787 23.239582 492.082022
 86.400000 -1.413271 1.400232 25.916273 15.417516
 86.600000 -1.230847 0.876748 24.880121 202.776168
 86.800000 -1.058169 0.487734 21.068875 955.220630
 87.000000 -0.836826 0.699262 12.943171 1461.209146
 87.200000 -1.500181 0.899402 25.222834 175.784796
 87.400000 -1.569327 1.103386 24.086996 370.099914
 87.600000 -0.903559 0.730497 15.523954 1465.563537
 87.800000 -1.676446 0.878602 21.849444 404.353193
 88.000000 -1.650410 1.061071 22.390869 454.215578
 88.200000 -0.792936 0.868705 11.274013 1662.085636
 88.400000 -0.870490 0.933604 14.301333 1466.211457
 88.600000 -1.540414 1.076617 24.666986 293.320582
 88.800000 -1.604164 0.937714 23.425308 453.593345
 89.000000 -0.863528 0.805682 14.034735 1466.642066
 89.200000 -1.041221 1.106071 20.724362 1084.895264
 89.400000 -1.033683 1.177654 20.473379 1132.247299
 89.600000 -1.292590 0.814153 25.836787 73.739777
 89.800000 -0.931005 0.336709 16.679756 1496.092138
 90.000000 -1.463852 0.749734 25.759968 93.046147
 90.200000 -1.178018 1.225120 24.332519 360.456771
 90.400000 -1.447520 1.188929 25.964158 64.205809
 90.600000 -1.287514 0.805155 25.872706 80.993461
 90.800000 -1.391342 0.588279 26.245922 3.955236
 91.000000 -1.192361 1.132239 24.595500 312.871448
 91.200000 -1.106398 1.407987 22.801924 689.763192
 91.400000 -0.555245 1.120058 0.153885 1600.990137
 91.600000 -1.514116 1.319572 25.256641 223.759634
 91.800000 -1.682758 0.689896 21.804998 441.827703
 92.000000 -0.559374 0.144302 0.323723 1689.441473
 92.200000 -0.547220 -0.074844 -0.027350 3.166671
 92.400000 -0.850482 -0.073494 13.679540 1544.881987
 92.600000 -0.730834 -0.001324 8.620229 2230.568888
 92.800000 -0.752222 0.207885 9.607512 2033.673124
 93.000000 -0.777053 0.411221 10.698136 1832.423960
 93.200000 -1.192619 0.767203 24.859837 318.378422
 93.400000 -1.740630 1.091133 20.761423 224.096970
 93.600000 -1.276464 0.965548 26.023628 96.195297
 93.800000 -1.028644 0.698829 20.572953 1195.969610
 94.000000 -1.858551 0.818002 20.081889 5.170363
 94.200000 -1.693794 1.155015 21.625577 440.752888
 94.400000 -0.555917 0.876604 0.198619 1690.711711
 94.600000 -1.804894 1.275387 20.119356 23.310213
 94.800000 -1.824775 1.026394 20.053336 3.503499
 95.000000 -0.704953 0.426845 7.394171 2476.182610
 95.200000 -1.137462 0.054364 23.882331 549.298929
 95.400000 -0.644563 -0.120660 4.314217 2644.851758
 95.600000 -0.297450 -0.233187 -0.000000 0.000000
 95.800000 -0.692717 -0.286060 6.793167 2570.903019
 96.000000 -0.685497 -0.482823 6.425600 2612.094405
 96.200000 -0.005207 -0.655670 -0.000000 0.000000
 96.400000 1.184561 -0.855187 -0.000000 0.000000
