#! FIELDS time phi psi ves.bias ves.force2
#! SET min_phi -pi
#! SET max_phi pi
#! SET min_psi -pi
#! SET max_psi pi
 0.000000 -1.498385 0.273949 27.215882 148.921278
 0.200000 -0.489091 0.094960 2.053750 228.847709
 0.400000 -0.630485 0.194754 5.247441 979.004378
 0.600000 -0.905985 0.189797 16.628045 1716.045939
 0.800000 -0.649095 0.083715 5.852123 1134.498935
 1.000000 -0.767464 -0.025242 10.563853 1943.139897
 1.200000 -0.816774 0.263435 13.321141 1864.568132
 1.400000 -1.118384 0.488139 24.239588 820.293950
 1.600000 -1.050464 0.774022 22.134191 1083.063214
 1.800000 -1.302256 1.192842 27.662124 59.665851
 2.000000 -1.314441 1.305774 27.747833 40.305049
 2.200000 -0.999082 0.837396 20.623701 1297.248697
 2.400000 -1.218564 0.548107 26.760661 281.728335
 2.600000 -1.781838 0.809883 23.090317 63.156428
 2.800000 -1.075717 1.201241 23.225612 994.570249
 3.000000 -0.813128 1.246745 13.212206 1852.918221
 3.200000 -0.849495 1.269329 14.811073 1779.437801
 3.400000 -1.661302 0.891305 24.577827 240.293158
 3.600000 -1.283988 0.495069 27.675629 73.947069
 3.800000 -0.992917 0.681039 20.521833 1367.086874
 4.000000 -1.607574 1.263446 25.452571 280.152273
 4.200000 -1.663323 1.220484 24.596315 259.967164
 4.400000 -0.977726 0.646810 20.092951 1431.767716
 4.600000 -1.248321 0.625287 27.371540 156.889363
 4.800000 -1.008058 0.982143 21.216102 1308.715826
 5.000000 -1.652427 1.205831 24.774204 272.821047
 5.200000 -1.364014 0.906969 28.147007 0.035979
 5.400000 -1.335042 0.806999 28.101946 8.604734
 5.600000 -1.815648 0.841475 22.803312 45.915425
 5.800000 -1.101376 1.036575 24.450454 832.893521
 6.000000 -0.576871 0.997542 4.137810 854.639059
 6.200000 -1.739506 1.402578 23.617913 185.916279
 6.400000 -1.861032 1.252036 22.538415 15.213422
 6.600000 -0.457332 0.669509 1.434770 245.144995
 6.800000 -1.697734 0.820264 24.241208 257.887168
 7.000000 -1.851096 0.787328 22.581130 22.094605
 7.200000 -1.595746 0.608280 26.106544 281.873460
 7.400000 -0.735500 0.723676 9.999566 1777.556708
 7.600000 -1.718129 1.322798 24.039922 234.886375
 7.800000 -1.573215 1.544666 26.476238 255.197035
 8.000000 -1.362198 1.260123 28.270863 0.274369
 8.200000 -1.088399 0.714412 24.358710 880.135004
 8.400000 -1.674487 0.932901 24.898191 291.527972
 8.600000 -1.122359 1.131910 25.302100 668.777640
 8.800000 -1.004721 1.057840 21.521220 1426.121920
 9.000000 -1.208346 0.885727 27.097849 253.710334
 9.200000 -1.871864 0.928554 22.613050 19.778326
 9.400000 -1.140753 1.093377 25.844010 559.327489
 9.600000 -1.549172 1.160596 27.042632 182.050942
 9.800000 -1.456045 0.719453 28.012976 50.794755
 10.000000 -0.783070 0.697141 12.071726 1903.214909
 10.200000 -1.019386 0.398160 22.234561 1356.137532
 10.400000 -2.078572 0.492304 22.869661 19.975243
 10.600000 -2.380944 0.722605 25.182797 35.679968
 10.800000 -1.577656 0.650204 26.752193 216.231626
 11.000000 -0.272749 0.735526 -0.017080 0.168360
 11.200000 -0.741866 1.413948 10.322348 1774.506327
 11.400000 -0.498354 1.912252 2.054124 487.567798
 11.600000 -0.510121 2.235689 2.322690 555.277314
 11.800000 -1.072261 2.105439 24.114440 980.494745
 12.000000 -0.874901 1.302773 16.208546 2041.729585
 12.200000 -0.974864 0.719804 20.637072 1687.521629
 12.400000 -1.174609 0.365102 26.753645 359.829300
 12.600000 -0.704123 0.307017 8.804295 1617.573409
 12.800000 -1.170260 0.376101 26.670047 379.275247
 13.000000 -1.561601 0.970471 27.141710 183.779552
 13.200000 -0.444145 1.465965 1.056087 254.317072
 13.400000 -0.760072 2.238314 11.181007 1847.643437
 13.600000 -0.741396 2.611615 10.385940 1776.289649
 13.800000 -0.659585 1.878677 7.110849 1421.567723
 14.000000 -1.234768 1.297204 27.727884 147.401220
 14.200000 -1.627804 0.794171 26.221457 290.033779
 14.400000 -1.514243 0.524205 27.813761 108.183721
 14.600000 -0.699747 0.715677 8.756749 1609.756574
 14.800000 -1.089013 1.292321 24.825808 838.091199
 15.000000 -0.953789 1.445558 19.887215 1820.810997
 15.200000 -0.680198 1.251002 8.048484 1536.398288
 15.400000 -1.307551 1.147439 28.405205 28.008181
 15.600000 -1.696902 0.873294 25.033842 335.561878
 15.800000 -1.272617 0.899971 28.169320 68.069140
 16.000000 -0.844794 0.943687 15.098953 2053.927713
 16.200000 -0.917468 1.090451 18.476960 1972.120204
 16.400000 -1.396717 1.387957 28.596816 2.041466
 16.600000 -1.404788 0.666159 28.582928 4.051059
 16.800000 -0.672224 0.228891 7.806460 1514.065087
 17.000000 -0.948412 0.466614 19.828935 1836.411612
 17.200000 -0.980260 0.250436 21.238798 1617.225336
 17.400000 -0.606801 0.171662 5.448169 1210.209701
 17.600000 -0.894318 0.015845 17.541343 2022.727186
 17.800000 -0.637987 -0.477115 6.568765 1370.784019
 18.000000 0.206505 -0.659449 -0.000000 0.000000
