#! FIELDS time phi psi ves.bias ves.force2
#! SET min_phi -pi
#! SET max_phi pi
#! SET min_psi -pi
#! SET max_psi pi
 0.000000 -1.498385 0.273949 27.215882 148.921278
 0.200000 -0.355400 -0.301500 0.551483 76.701975
 0.400000 -0.519865 -0.290162 2.560607 320.496255
 0.600000 -1.340070 0.168046 27.932367 15.825747
 0.800000 -1.235438 0.958536 26.874311 267.765141
 1.000000 -1.640330 1.342915 25.011513 263.344277
 1.200000 -0.654968 0.670830 6.242239 1119.881979
 1.400000 -0.990541 0.162727 20.093144 1261.291744
 1.600000 -0.546538 -0.397118 3.266500 475.359716
 1.800000 -0.627839 -0.767142 5.376645 921.482790
 2.000000 -0.802272 -0.174482 12.232615 2060.391553
 2.200000 -1.103382 0.866204 23.775815 909.602890
 2.400000 -0.861883 1.487316 15.058465 1826.507720
 2.600000 -0.520847 1.936420 2.852087 439.363036
 2.800000 -1.092287 2.466391 23.438321 940.761910
 3.000000 -0.801265 2.208034 12.423941 1907.544333
 3.200000 -0.500149 1.715304 2.480007 383.999566
 3.400000 -1.764270 1.626760 23.188294 92.057184
 3.600000 -1.816406 0.734871 22.791572 31.685053
 3.800000 -0.754242 0.308946 10.580512 1763.095676
 4.000000 -0.865318 0.185218 15.367039 1820.993785
 4.200000 -0.749746 -0.350805 10.546304 1731.918955
 4.400000 -0.531967 -0.487661 3.247441 542.556717
 4.600000 -0.563554 0.001825 4.034045 703.000980
 4.800000 -0.947341 0.481147 18.779511 1451.443137
 5.000000 -1.217938 1.481732 26.784168 378.070536
 5.200000 -1.728721 1.974208 23.549460 126.498954
 5.400000 -2.306847 2.617012 24.830655 78.448467
 5.600000 -3.133916 3.073620 11.445189 2920.262726
 5.800000 -3.049375 2.788596 15.698619 2042.305584
 6.000000 -2.403931 2.681217 25.530063 23.038906
 6.200000 -1.875042 2.680484 22.619457 4.190643
 6.400000 -1.911768 2.409202 22.577478 0.072682
 6.600000 -2.210961 2.548047 23.963369 70.925158
 6.800000 -2.599528 2.826358 25.394630 20.313253
 7.000000 3.132865 2.908994 10.531126 2936.306441
 7.200000 -2.680341 2.881047 24.898021 69.054607
 7.400000 -2.373874 2.614590 25.376159 36.382187
 7.600000 -2.038231 2.560350 22.882316 12.266937
 7.800000 -1.951063 2.673518 22.683521 1.111562
 8.000000 -2.159544 2.474637 23.539153 55.401130
 8.200000 -2.564616 2.803565 25.526729 8.341445
 8.400000 3.048358 2.887998 6.150967 2154.731113
 8.600000 -2.815226 2.929363 22.979109 427.414085
 8.800000 -2.780314 2.761487 23.646820 307.483115
 9.000000 -2.597014 2.740016 25.418190 14.865160
 9.200000 -2.693175 2.908916 24.864859 94.766599
 9.400000 -3.084327 2.690731 13.917670 2465.156857
 9.600000 3.055692 3.103250 6.507941 2254.083294
 9.800000 -3.025604 3.031672 16.624660 1784.142800
 10.000000 -2.479040 2.668951 25.712923 0.002816
 10.200000 -2.041818 2.492432 23.064099 6.856742
 10.400000 -1.908956 2.669919 22.818482 1.167863
 10.600000 -2.435072 2.524498 25.688750 7.240836
 10.800000 -3.019494 2.815603 16.887152 1713.123408
 11.000000 3.112633 -2.928363 9.429787 2787.490122
 11.200000 -2.930694 2.823691 20.064940 945.200991
 11.400000 -2.234655 2.634090 24.227735 86.574960
 11.600000 -1.871462 2.543039 22.820800 0.168251
 11.800000 -1.872778 2.482332 22.821371 0.208257
 12.000000 -2.331047 2.388288 25.118669 67.779834
 12.200000 -2.457351 2.926582 25.804664 6.262527
 12.400000 3.119814 2.748217 9.881419 2753.326099
 12.600000 -3.022946 2.997233 16.750933 1746.824343
 12.800000 -3.044952 2.948333 15.800211 1988.362303
 13.000000 -3.024598 2.692487 16.681674 1764.680494
 13.200000 -2.897835 2.834973 21.066423 767.256885
 13.400000 -3.049173 2.969803 15.663010 2017.473355
 13.600000 -2.902762 2.965544 20.928938 790.580493
 13.800000 -2.892992 2.696334 21.199597 745.156822
 14.000000 -3.067106 2.696069 14.838305 2211.871290
 14.200000 2.938667 3.064875 2.226189 762.098345
 14.400000 -2.855597 2.804085 22.223419 591.090993
 14.600000 -2.360411 2.479314 25.375802 53.074319
 14.800000 -2.124145 2.764650 23.482469 23.467354
 15.000000 -2.274903 2.755291 24.643809 86.637469
 15.200000 -2.715688 2.687113 24.914467 169.390678
 15.400000 3.111590 2.961855 9.699182 2735.786704
 15.600000 3.003214 2.991342 4.479374 1688.255713
 15.800000 -2.925038 2.846232 20.400639 914.272800
 16.000000 -2.631866 2.688896 25.714996 39.377263
 16.200000 -2.177442 2.629284 23.842426 47.664271
 16.400000 -2.332302 2.654569 25.165695 72.212061
 16.600000 -2.474052 2.642073 26.005939 7.716670
 16.800000 -2.922006 2.857718 20.537097 908.720190
 17.000000 2.899974 2.840119 1.246836 461.172771
 17.200000 -2.942278 2.925362 19.951757 1035.834774
 17.400000 -2.736193 2.613264 24.722385 215.769253
 17.600000 -2.787198 2.848930 23.868009 353.788221
 17.800000 2.977724 2.920191 3.582452 1474.117257
 18.000000 -3.057670 2.839960 15.531159 1987.526125
 18.200000 -3.066283 2.681402 15.215557 2030.806085
 18.400000 -3.098934 2.978343 13.693543 2311.554145
 18.600000 -2.924980 3.089463 20.550667 940.204249
 18.800000 -2.715530 2.571942 25.070755 165.352401
 19.000000 -2.736163 2.712807 24.788167 211.311503
 19.200000 -2.746044 2.814901 24.699146 231.646177
 19.400000 -3.132985 2.802168 12.124704 2525.283547
 19.600000 -3.005489 3.048045 17.841919 1489.132080
 19.800000 -3.057689 2.666129 15.688128 1928.058975
 20.000000 -2.497415 2.910514 26.183247 4.857681
 20.200000 -2.235202 2.719002 24.397542 68.197545
 20.400000 -2.148133 2.345775 23.763893 36.380854
 20.600000 -2.006677 2.460981 23.220095 5.000275
 20.800000 -2.003629 2.738637 23.213325 4.869389
 21.000000 -2.720549 2.630661 25.117284 174.487712
 21.200000 2.998654 2.924654 4.674955 2078.411062
 21.400000 3.102807 2.998393 9.930036 2727.931202
 21.600000 3.095936 2.575930 9.570803 2739.144363
 21.800000 -2.875935 3.000825 22.139596 674.932925
 22.000000 -3.083503 2.815243 14.736149 2097.475461
 22.200000 3.074420 2.796802 8.564561 2779.077155
 22.400000 -2.923285 2.930421 20.879880 896.860962
 22.600000 -2.896472 2.794012 21.650765 759.794033
 22.800000 -3.013074 2.569679 17.816026 1477.336809
 23.000000 -2.826157 2.964265 23.376989 466.744042
 23.200000 3.048000 2.773541 7.284842 2749.480682
 23.400000 -2.817622 2.890445 23.614153 431.969056
 23.600000 -2.336853 2.611243 25.296817 61.813432
 23.800000 -2.256158 2.446575 24.648952 64.128547
 24.000000 -1.808870 2.933162 22.798882 0.153797
 24.200000 -1.902866 2.618542 22.994399 8.933951
 24.400000 -2.462998 2.246261 26.160831 25.901908
 24.600000 -2.555509 2.835482 26.419135 0.001731
 24.800000 3.029306 2.988872 6.398303 2678.198669
 25.000000 3.059055 2.650552 7.967558 2858.234196
 25.200000 -2.252426 2.792809 24.675832 64.560841
 25.400000 -2.329685 2.584520 25.286464 58.238844
 25.600000 -2.108389 2.524660 23.666422 26.429301
 25.800000 -2.192525 2.626709 24.206315 55.848705
 26.000000 -2.303567 2.813028 25.084071 61.722063
 26.200000 -2.731335 2.641306 25.269007 212.910772
 26.400000 -2.891959 2.971491 22.017706 669.292604
 26.600000 -2.981978 2.854245 19.346003 1145.908199
 26.800000 -2.948624 2.613227 20.420666 938.726627
 27.000000 -2.600380 2.801368 26.442765 9.439903
 27.200000 -2.786866 2.682580 24.396905 347.954335
 27.400000 -3.010247 2.739771 18.444633 1338.158782
 27.600000 3.108227 3.000481 10.909904 2883.518588
 27.800000 -2.869943 2.983482 22.626967 576.934567
 28.000000 -2.652212 2.569140 26.225800 59.851188
 28.200000 -2.121030 2.720695 23.774716 40.273951
 28.400000 -2.044105 2.753702 23.403233 11.926323
 28.600000 -2.283970 2.484483 25.077507 62.381773
 28.800000 -2.405030 2.860927 25.909010 36.657029
 29.000000 -2.596189 2.927241 26.565177 4.330901
 29.200000 -2.987403 2.557692 19.419715 1131.853000
 29.400000 3.056245 2.886895 8.229620 3091.439768
 29.600000 -2.920433 3.065974 21.454968 752.318222
 29.800000 -2.940958 2.511753 20.874654 849.524303
 30.000000 -2.170641 2.867966 24.158309 66.871621
 30.200000 -2.142636 2.612691 23.955444 56.621500
 30.400000 -2.001467 2.392396 23.282936 7.823259
 30.600000 -2.179248 2.492266 24.252700 74.194145
 30.800000 -1.908652 2.804734 22.999392 13.254725
 31.000000 -2.646027 2.540353 26.482518 45.159165
 31.200000 -2.940802 2.649047 21.037846 818.669996
 31.400000 -2.976239 -2.965103 19.964217 1029.001891
 31.600000 -2.959637 2.887771 20.482528 923.083021
 31.800000 -2.074909 2.430268 23.568176 22.772559
 32.000000 -1.254818 2.242305 26.321549 189.314190
 32.200000 -0.456312 1.714718 0.929468 386.015517
 32.400000 -0.809298 1.767381 12.636439 1833.105247
 32.600000 -0.825982 1.917252 13.347946 1800.855038
 32.800000 -0.878647 1.794113 15.525875 1602.115146
 33.000000 -0.795792 2.022081 12.057174 1843.869344
 33.200000 -0.832809 2.315902 13.610623 1780.312733
 33.400000 -0.692560 2.186955 7.752225 1476.179374
 33.600000 -0.699234 1.925241 8.010432 1517.418375
 33.800000 -0.776552 1.696687 11.204926 1836.043849
 34.000000 -0.554119 1.570688 3.231292 752.239761
 34.200000 -1.107958 1.769880 23.133803 731.343663
 34.400000 -0.844886 1.659584 14.113791 1728.335763
 34.600000 -0.643962 1.280843 5.971284 1180.573200
 34.800000 -1.296957 1.582629 26.681506 87.719148
 35.000000 -1.479192 0.764844 26.392108 166.943135
 35.200000 -1.055494 0.266981 21.594702 910.099913
 35.400000 -1.104639 0.503529 23.010639 746.181934
 35.600000 -1.614827 1.044487 24.026948 301.448036
 35.800000 -1.577097 1.202601 24.711891 346.504915
 36.000000 -0.808429 0.693823 12.575948 1827.855809
 36.200000 -1.727503 0.957818 22.646331 29.117200
 36.400000 -1.168818 1.277606 24.583406 494.769019
 36.600000 -1.464973 1.327210 26.504141 128.558734
 36.800000 -1.590359 1.181333 24.439336 340.997569
 37.000000 -1.098841 0.719036 22.823948 768.991971
 37.200000 -1.515178 0.886548 25.785863 269.774409
 37.400000 -1.488822 1.192549 26.188460 196.316422
 37.600000 -0.860335 1.238438 14.750613 1629.982720
 37.800000 -1.324219 1.359994 26.820081 40.252258
 38.000000 -1.415675 0.913560 26.896015 24.981929
 38.200000 -1.044743 0.666660 21.200818 936.410076
 38.400000 -1.383514 0.875446 26.978825 0.514524
 38.600000 -1.104233 1.176717 22.932810 751.083083
 38.800000 -0.394753 0.997899 -0.015849 1.310514
 39.000000 -1.078736 1.317227 22.213880 837.569570
 39.200000 -1.525522 1.072716 25.619576 294.504695
 39.400000 -0.590678 0.041132 4.207400 937.130505
 39.600000 -0.563573 -0.454690 3.402387 830.548794
 39.800000 -0.614554 -0.213968 4.959073 1048.879328
 40.000000 -0.934607 0.172244 17.568349 1262.765086
 40.200000 -1.051674 0.852171 21.390655 909.883702
 40.400000 -1.401731 1.411451 26.954226 8.698637
 40.600000 -1.515967 1.257507 25.786474 272.983809
 40.800000 -0.946738 0.478457 17.994423 1208.107604
 41.000000 -0.621994 -0.176104 5.209614 1094.647880
 41.200000 -0.742341 -0.356396 9.793744 1773.986845
 41.400000 -0.643195 -0.279029 5.939125 1219.917922
 41.600000 -0.629119 0.249757 5.455697 1140.607974
 41.800000 -1.190703 0.613398 24.983816 410.023468
 42.000000 -1.575293 1.178509 24.714666 365.919054
 42.200000 -1.504790 1.416549 25.993289 247.776231
 42.400000 -1.337695 0.755377 26.889978 28.134279
 42.600000 -0.778825 -0.017753 11.364514 1829.880179
 42.800000 -0.403177 -0.589085 -0.013226 1.354153
 43.000000 -0.451476 -0.568088 0.527059 447.155789
 43.200000 -0.766691 -0.093479 10.867120 1806.396603
 43.400000 -1.135454 0.737809 23.730385 623.691849
 43.600000 -1.327380 1.232872 26.833168 43.901075
 43.800000 -0.702586 0.892053 8.216476 1568.587098
 44.000000 -1.222209 1.003277 25.568690 294.987005
 44.200000 -1.641647 0.866275 23.500130 273.125626
 44.400000 -1.333707 0.684279 26.883472 35.840309
 44.600000 -0.967368 0.722558 18.704444 1135.729041
 44.800000 -1.638775 1.031075 23.547981 281.877887
 45.000000 -0.835705 0.996016 13.794823 1685.147554
 45.200000 -0.524399 0.898228 2.331695 801.427488
 45.400000 -1.593078 1.180311 24.399866 384.836958
 45.600000 -1.701835 0.871055 22.704158 91.815729
 45.800000 -0.831531 0.488862 13.636755 1688.509897
 46.000000 -1.860283 0.876175 22.586980 24.104658
 46.200000 -1.625365 1.063016 23.798368 327.289633
 46.400000 -0.567597 0.785815 3.629617 951.990006
 46.600000 -1.420515 1.317059 26.976400 25.157305
 46.800000 -1.613262 0.967141 24.022224 356.068010
 47.000000 -0.815821 0.174238 13.010285 1722.013633
 47.200000 -0.941970 -0.126802 17.839394 1201.254284
 47.400000 -0.771989 -0.107829 11.203762 1755.673928
 47.600000 -0.590083 -0.199831 4.366130 1035.480941
 47.800000 -0.618190 -0.128876 5.290862 1133.532709
 48.000000 -0.722794 -0.170207 9.170171 1633.202388
 48.200000 -0.643623 -0.259777 6.217954 1247.473080
 48.400000 -0.502092 -0.214898 1.727951 788.558382
 48.600000 -0.655277 -0.202144 6.633925 1301.096401
 48.800000 -0.769204 -0.273826 11.126995 1737.988100
 49.000000 -0.544523 -0.432655 2.975158 930.168456
 49.200000 -0.513420 -0.476014 2.071688 860.798572
 49.400000 -0.711715 -0.022217 8.833868 1568.434859
 49.600000 -0.853340 0.403306 14.607662 1531.477432
 49.800000 -1.703857 0.609280 22.711455 93.708585
 50.000000 -1.794441 1.003103 22.342290 0.676617
 50.200000 -0.710942 0.957010 8.867840 1556.277635
 50.400000 -0.782634 1.036482 11.788044 1705.629312
 50.600000 -1.375862 1.145615 27.107201 1.562660
 50.800000 -1.517011 0.832063 25.932216 293.956154
 51.000000 -1.388037 0.837858 27.112860 0.109389
 51.200000 -1.244830 0.994370 25.997885 226.974584
 51.400000 -1.149163 1.284661 24.115767 584.592728
 51.600000 -1.474528 0.975784 26.581644 152.059937
 51.800000 -1.107638 0.490331 23.040860 754.009232
 52.000000 -0.959995 0.588588 18.491028 1105.888509
 52.200000 -1.294649 0.710928 26.647060 106.051177
 52.400000 -1.734979 0.916641 22.492029 34.422448
 52.600000 -1.061075 1.132711 21.712280 903.789302
 52.800000 -1.318048 1.273333 26.860955 63.403917
 53.000000 -1.634457 1.114221 23.706760 311.202519
 53.200000 -1.076489 0.636977 22.187163 860.626575
 53.400000 -1.130572 0.521863 23.684823 664.215808
 53.600000 -1.144506 0.968125 24.035916 605.537769
 53.800000 -1.115344 1.567034 23.283311 725.802735
 54.000000 -0.773098 1.531734 11.541743 1665.696707
 54.200000 -0.744638 1.601374 10.432512 1622.938774
 54.400000 -0.871058 1.440786 15.450272 1387.670962
 54.600000 -1.611848 0.958395 24.159159 369.495477
 54.800000 -1.438002 0.383967 26.999262 53.296473
 55.000000 -1.627009 0.875866 23.874611 333.469927
 55.200000 -1.070352 1.166714 22.065581 876.418654
 55.400000 -0.627413 1.324364 6.052680 1243.923302
 55.600000 -0.859309 1.752814 15.044672 1429.732149
 55.800000 -0.526266 1.974439 2.604357 1078.793743
 56.000000 -0.787291 2.243017 12.207350 1637.670164
 56.200000 -0.754791 2.081699 10.945672 1618.847591
 56.400000 -1.123983 1.611067 23.601023 683.353395
 56.600000 -1.285430 0.764033 26.629190 124.289247
 56.800000 -1.788705 0.273771 22.335452 0.923285
 57.000000 -1.657857 0.376822 23.394176 244.623037
 57.200000 -1.416344 1.198692 27.185058 16.905038
 57.400000 -0.985156 1.597637 19.481516 1046.616685
 57.600000 -0.505149 1.533306 1.937904 1065.222931
 57.800000 -0.549764 1.866025 3.442191 1186.318610
 58.000000 -1.133065 2.056482 23.866480 641.561540
 58.200000 -0.347064 2.141219 -0.000002 0.000000
 58.400000 -1.286263 2.130890 26.674712 120.624028
 58.600000 -0.754511 1.869173 11.050959 1597.693956
 58.800000 -0.832894 1.678125 14.161802 1494.886103
 59.000000 -0.960386 1.920626 18.708476 1092.165247
 59.200000 -0.875464 2.085097 15.807356 1334.280689
 59.400000 -0.718512 2.236123 9.688759 1521.832362
 59.600000 -0.970777 2.110375 19.091777 1075.684820
 59.800000 -0.775732 1.909815 11.956553 1592.730758
 60.000000 -0.495873 1.702493 1.653437 1080.104015
 60.200000 -0.820680 1.837935 13.787611 1507.721823
 60.400000 -0.710632 1.597149 9.451331 1496.399540
 60.600000 -0.703555 1.258473 9.178358 1478.801531
 60.800000 -1.418791 1.032046 27.227353 18.526136
 61.000000 -1.759234 0.566593 22.427616 21.945788
 61.200000 -0.952937 0.639245 18.593825 1113.226680
 61.400000 -1.417440 1.001326 27.246680 16.652391
 61.600000 -1.229553 1.244260 25.967689 247.202027
 61.800000 -1.141616 0.585462 24.223807 574.733825
 62.000000 -1.696343 0.664752 22.957339 141.706918
 62.200000 -1.649042 1.051273 23.662240 283.635094
 62.400000 -0.903211 1.440620 16.940767 1235.239289
 62.600000 -1.279107 1.632923 26.658542 128.636682
 62.800000 -0.730526 1.259200 10.362655 1520.734355
 63.000000 -1.319914 1.121610 27.048462 59.267225
 63.200000 -1.126616 0.535021 23.939911 623.277472
 63.400000 -0.521847 0.021329 2.619931 1329.821284
 63.600000 -0.446084 -0.531578 0.083663 713.145976
 63.800000 -0.372219 -0.622938 -0.000003 0.000000
 64.000000 -0.531506 -0.050549 2.973919 1355.077246
 64.200000 -1.461383 0.648176 26.987753 106.939589
 64.400000 -1.712085 1.279574 22.825814 113.899405
 64.600000 -0.704907 1.293287 9.506628 1460.319525
 64.800000 -1.134824 1.486914 24.183392 579.511704
 65.000000 -1.792567 1.059028 22.307078 6.564589
 65.200000 -1.470683 0.647430 26.906924 134.447704
 65.400000 -0.840079 0.528906 14.785042 1416.336134
 65.600000 -1.266923 0.565728 26.582705 147.231977
 65.800000 -0.994823 0.693117 20.177068 1046.497290
 66.000000 -1.672860 0.812505 23.348906 222.464621
 66.200000 -1.598592 0.939304 24.697261 391.881759
 66.400000 -1.101508 0.908815 23.426966 709.900962
 66.600000 -1.157491 1.529091 24.782669 468.911685
 66.800000 -1.734305 1.444540 22.640975 75.172319
 67.000000 -1.331291 0.838637 27.211557 41.940339
 67.200000 -0.594163 -0.114849 5.527043 1466.658225
 67.400000 -0.462377 -0.778089 0.573742 1085.757483
 67.600000 -0.567424 -0.585563 4.495397 1507.905449
 67.800000 -0.520095 0.152987 2.656842 1475.483932
 68.000000 -1.416500 1.141783 27.371226 15.063035
 68.200000 -1.652635 1.419593 23.757313 285.871326
 68.400000 -1.234900 1.033081 26.238980 208.849426
 68.600000 -1.436275 0.702860 27.287863 44.692255
 68.800000 -1.618166 0.946615 24.380305 363.015593
 69.000000 -0.917457 1.136570 17.730476 1216.467539
 69.200000 -1.266812 1.199474 26.687481 140.776267
 69.400000 -1.321943 0.966829 27.218970 53.108109
 69.600000 -1.058251 0.486016 22.353656 866.162547
 69.800000 -1.601587 0.896627 24.736117 383.371783
 70.000000 -1.467446 1.154294 27.037423 121.651367
 70.200000 -1.083452 1.154694 23.121972 765.548620
 70.400000 -1.524724 1.038636 26.239007 299.588578
 70.600000 -1.521450 0.781659 26.295236 290.350110
 70.800000 -1.044157 1.131930 21.981950 913.690842
 71.000000 -1.428197 1.422409 27.391180 30.971859
 71.200000 -1.787338 1.035847 22.343076 26.528381
 71.400000 -1.086661 0.664881 23.261473 748.548429
 71.600000 -1.393298 0.880809 27.535059 0.645223
 71.800000 -1.598640 1.173257 24.866930 383.255377
 72.000000 -0.955212 0.948553 19.170050 1146.430593
 72.200000 -1.366677 0.778829 27.552103 6.356099
 72.400000 -1.432248 0.708971 27.440867 38.187012
 72.600000 -0.850861 0.917477 15.497411 1388.374838
 72.800000 -1.533533 1.237927 26.156426 321.414662
 73.000000 -1.392840 0.956907 27.576098 0.558743
 73.200000 -0.859826 0.380485 15.868702 1375.431099
 73.400000 -0.702115 0.249474 9.925032 1381.295708
 73.600000 -1.593483 0.647022 25.046804 388.678627
 73.800000 -1.128654 1.238457 24.437448 555.808221
 74.000000 -0.821132 1.383745 14.417267 1432.680325
 74.200000 -0.971440 1.310904 19.874411 1130.825168
 74.400000 -1.493773 0.929090 26.892045 206.464717
 74.600000 -1.018266 0.207222 21.404266 999.167866
 74.800000 -0.850060 0.116123 15.547886 1399.100083
 75.000000 -0.447713 0.077024 0.042513 675.996912
 75.200000 -1.191299 0.271931 25.821216 313.549789
 75.400000 -1.109584 0.709770 24.076551 627.312255
 75.600000 -1.261259 1.395830 26.864840 150.393338
 75.800000 -1.034405 1.270259 21.967652 941.585030
 76.000000 -1.158746 0.780906 25.198589 423.473949
 76.200000 -1.774910 0.761010 22.444280 61.059008
 76.400000 -1.139970 1.047195 24.850789 489.736354
 76.600000 -1.266715 1.270685 26.975405 141.112973
 76.800000 -1.125225 1.092817 24.514561 550.986793
 77.000000 -1.846284 0.879490 22.101916 3.660076
 77.200000 -1.595191 0.753092 25.161261 397.919001
 77.400000 -1.481302 1.001456 27.194703 172.439415
 77.600000 -1.790901 1.149247 22.329093 45.308670
 77.800000 -1.163055 0.904863 25.392861 396.496948
 78.000000 -1.125474 0.689869 24.581157 543.019431
 78.200000 -1.704815 0.853277 23.252228 204.915653
 78.400000 -1.586771 1.354775 25.371724 401.965229
 78.600000 -1.101805 1.301138 24.066964 639.271197
 78.800000 -1.369461 0.965600 27.850239 5.166775
 79.000000 -1.824474 0.876093 22.139702 17.469212
 79.200000 -1.078174 0.908187 23.509459 740.246742
 79.400000 -1.035307 1.068730 22.270536 929.650625
 79.600000 -1.378544 1.166513 27.919945 1.223283
 79.800000 -0.745187 0.469223 11.776647 1401.965165
 80.000000 -0.779325 -0.377653 13.065625 1447.806845
 80.200000 -0.503976 -0.814884 2.208462 1837.632162
 80.400000 -0.529016 -0.246349 3.296921 1918.985370
 80.600000 -0.857043 0.541026 16.082775 1456.246162
 80.800000 -1.859911 1.328814 22.005347 3.190653
 81.000000 -1.550586 2.007727 26.178550 373.977717
 81.200000 -1.657755 2.563507 24.115549 327.706820
 81.400000 -2.962048 2.737501 20.513192 774.145398
 81.600000 3.024125 -3.103583 6.140917 3680.312961
 81.800000 -2.767607 2.938652 24.591841 346.241284
 82.000000 -2.780237 2.374260 24.354269 360.385525
 82.200000 -2.263418 3.126569 24.336045 89.935116
 82.400000 -2.057600 2.911510 22.609406 35.790973
 82.600000 -2.286308 1.924610 24.545465 76.863054
 82.800000 -1.714380 2.094572 23.216441 212.132233
 83.000000 -1.820984 2.466638 22.124654 31.703481
 83.200000 -2.694329 2.722717 25.716563 151.865909
 83.400000 -3.125706 -3.105195 13.783320 2735.940131
 83.600000 3.012867 2.925592 5.407058 3649.126704
 83.800000 -2.246356 2.434706 24.144808 96.445491
 84.000000 -1.610682 2.366275 25.098169 404.775536
 84.200000 -2.137427 2.346106 23.108418 62.421242
 84.400000 -2.884123 2.827928 22.263655 409.360909
 84.600000 3.026749 -3.025906 6.227338 3689.239858
 84.800000 -3.088851 2.636816 15.607113 2295.497524
 85.000000 -2.409785 2.685598 25.273821 21.470619
 85.200000 -1.884985 2.678451 21.886337 0.407460
 85.400000 -1.965634 2.219720 22.057579 17.956903
 85.600000 -2.172969 2.100312 23.385903 80.750998
 85.800000 -1.852641 2.946396 21.952224 12.155521
 86.000000 -2.517814 2.666708 25.820835 36.225870
 86.200000 3.019376 2.574550 5.742905 3686.592222
 86.400000 -2.681274 2.872988 25.792852 109.226791
 86.600000 -2.343508 2.543143 24.881967 39.011214
 86.800000 -2.201320 2.326357 23.631811 93.105546
 87.000000 -1.871903 2.829427 21.893786 3.654298
 87.200000 -2.436406 2.401798 25.324642 21.822005
 87.400000 -2.527388 2.566576 25.826134 35.073002
 87.600000 -2.281752 2.937329 24.392071 80.235246
 87.800000 -2.810729 2.424841 23.628151 370.758846
 88.000000 -2.861046 2.503825 22.657160 379.616162
 88.200000 -2.567331 -3.031738 26.016387 18.389017
 88.400000 -2.830599 2.472215 23.227486 369.948331
 88.600000 -2.378542 2.849414 25.042353 24.043567
 88.800000 -2.044024 2.830360 22.417358 33.530733
 89.000000 -1.957641 2.336075 21.982000 14.728553
 89.200000 -1.975510 2.255990 22.045611 19.945211
 89.400000 -1.884082 2.731711 21.854328 1.347077
 89.600000 -2.868371 2.751900 22.481611 385.054377
 89.800000 2.951870 3.053828 1.744303 2888.134512
 90.000000 -3.086602 3.030343 15.597543 2263.736159
 90.200000 -2.852846 2.250449 22.768638 372.733494
 90.400000 -1.741137 2.922106 22.985835 200.684306
 90.600000 -2.109195 2.565754 22.803218 48.588803
 90.800000 -2.458804 2.645801 25.379288 25.333145
 91.000000 -2.836743 2.805679 23.078389 368.338269
 91.200000 -2.479970 -3.073972 25.476097 30.796297
 91.400000 -2.792120 2.615466 23.920017 363.859354
 91.600000 -2.172581 2.781928 23.296010 80.847927
 91.800000 -1.728401 2.526520 23.187786 230.955725
 92.000000 -2.176688 1.931968 23.333194 83.091369
 92.200000 -1.988810 2.414557 22.088153 22.307194
 92.400000 -1.999352 2.958983 22.139265 24.653604
 92.600000 -2.844618 2.658526 22.901637 368.974541
 92.800000 -3.132812 2.769409 13.212486 2766.092864
 93.000000 -2.821294 -3.090165 23.348790 367.246221
 93.200000 2.957431 2.301225 1.965775 3072.692484
 93.400000 -2.274547 2.890337 24.264919 84.126545
 93.600000 -1.849995 2.755527 21.955297 22.109053
 93.800000 -1.994877 2.139899 22.112828 23.405771
 94.000000 -1.925246 2.321131 21.862700 3.331161
 94.200000 -2.058166 2.880162 22.450938 33.937346
 94.400000 2.947073 2.667901 1.382790 2854.868412
 94.600000 3.009509 3.052664 5.018645 3712.318520
 94.800000 3.012318 3.005298 5.189864 3720.107177
 95.000000 -2.674469 2.589847 25.743830 91.068560
 95.200000 -1.638355 2.845393 24.872560 394.943438
 95.400000 -1.996791 2.088983 22.119061 23.747028
 95.600000 -2.321061 1.836208 24.626088 48.747542
 95.800000 -1.703938 2.836294 23.652704 290.067039
 96.000000 -2.158944 3.040845 23.153031 72.298452
 96.200000 -3.133757 2.256718 13.102232 2743.202312
 96.400000 2.853666 3.071253 -0.000000 0.000000
 96.600000 -3.140728 3.121494 12.734878 2810.849888
 96.800000 -2.922852 2.539145 21.250785 541.622388
 97.000000 -2.303613 2.786093 24.488563 60.616565
 97.200000 -1.885013 2.603210 21.861003 2.661139
 97.400000 -2.238929 1.741230 23.901342 94.779238
 97.600000 -1.751061 1.612013 22.951209 199.469906
 97.800000 -0.856765 1.007335 16.546712 1584.928438
 98.000000 -1.062390 0.598310 23.828146 766.507980
 98.200000 -1.945227 0.543998 21.915871 8.496496
 98.400000 -1.948067 0.684556 21.924372 9.427413
 98.600000 -1.039443 0.694958 23.189893 891.972175
 98.800000 -0.819676 1.113891 15.085574 1563.061762
 99.000000 -1.005548 1.779856 22.125270 1081.999757
 99.200000 -0.864969 1.428119 16.903412 1592.348432
 99.400000 -0.544888 1.344480 4.175978 2271.861812
 99.600000 -1.218678 1.883952 27.084435 217.466821
 99.800000 -0.688379 1.644208 10.145514 1348.004443
 100.000000 -0.410985 1.976259 -0.000001 0.000000
 100.200000 -1.134452 2.193615 25.063857 426.986508
 100.400000 -1.172526 2.396639 25.790909 310.787493
 100.600000 -0.424482 2.029204 -0.000000 0.000000
 100.800000 -1.079596 1.860594 23.790496 669.320687
 101.000000 -0.939605 1.097993 19.274415 1411.269262
 101.200000 -1.434604 0.353150 27.852151 49.890058
 101.400000 -0.353252 -0.246157 -0.000000 0.000000
 101.600000 -0.452761 -0.303566 -0.001174 0.151101
 101.800000 -1.305263 0.246623 27.609333 85.156339
 102.000000 -1.512061 1.282724 26.900499 280.233372
 102.200000 -1.118959 1.529465 24.796553 482.477312
 102.400000 -0.945850 1.366122 19.569195 1392.563825
 102.600000 -1.919776 1.378764 21.325859 1.379533
 102.800000 -1.380263 0.918156 28.035868 0.844533
 103.000000 -0.371879 0.060918 -0.000000 0.000000
 103.200000 -0.482245 -0.484898 0.630437 2140.968243
 103.400000 -0.480339 -0.508672 0.542167 2153.549490
 103.600000 -0.427033 -0.250307 -0.000000 0.000000
 103.800000 -0.791111 0.238484 13.498418 1516.766977
 104.000000 -1.335462 0.645667 27.885724 40.723829
 104.200000 -1.219769 1.227717 26.650878 206.170506
 104.400000 -0.691171 1.454893 9.784419 1346.929914
 104.600000 -1.021244 1.392713 22.244772 996.349549
 104.800000 -1.172098 0.977561 25.897378 302.426191
 105.000000 -1.460702 0.567536 27.682917 114.736918
 105.200000 -1.622542 0.908512 24.837982 414.008608
 105.400000 -1.010989 1.392422 21.950100 1057.372332
 105.600000 -1.024481 1.923148 22.380563 978.522149
 105.800000 -0.522761 2.427791 2.592748 2421.222716
 106.000000 -1.239394 2.229236 26.947221 174.101431
 106.200000 -1.881955 1.605734 21.380372 4.985153
 106.400000 -1.740559 0.781281 22.687519 238.160826
 106.600000 -0.560453 0.076210 4.443565 2268.486551
 106.800000 -0.195268 -0.433273 -0.000012 0.000001
 107.000000 -0.659913 -0.605780 8.668707 1435.657474
 107.200000 -1.209821 -0.024832 26.586996 215.700135
 107.400000 -0.871033 1.059651 16.794691 1622.841376
 107.600000 -1.059377 2.040205 23.481220 774.736347
 107.800000 -0.559619 2.633893 4.423042 2287.360219
 108.000000 -1.352610 2.085136 28.055139 19.925357
 108.200000 -2.031986 1.302695 21.799345 26.936682
 108.400000 -1.373898 0.284515 28.141747 3.424703
 108.600000 -0.369574 -0.307415 -0.000000 0.000000
 108.800000 -0.294338 -0.488611 -0.000000 0.000000
 109.000000 -1.077406 -0.119305 24.000687 674.021483
 109.200000 -0.452951 0.093434 -0.001135 0.152119
 109.400000 -0.332030 -0.218657 -0.000000 0.000000
 109.600000 -1.016627 -0.358758 22.269027 1025.410334
 109.800000 -0.390521 -0.395099 -0.000000 0.000000
 110.000000 -0.371285 -0.004231 -0.000000 0.000000
 110.200000 -1.251162 0.405397 27.219952 147.905969
 110.400000 -1.890768 1.166471 21.398859 2.053824
 110.600000 -1.359013 1.756120 28.136542 13.427531
 110.800000 -0.644816 1.585329 8.189434 1512.462172
 111.000000 -0.875344 1.996367 17.059038 1635.352708
 111.200000 -0.773447 2.551586 13.007635 1486.640764
 111.400000 -1.668155 2.004473 24.048130 385.234676
 111.600000 -2.059445 1.452901 21.949493 27.895459
 111.800000 -1.901519 0.634318 21.397876 0.238367
 112.000000 -0.394410 -0.136024 -0.000000 0.000000
 112.200000 -1.226728 -0.079356 26.956405 178.449140
 112.400000 -0.537295 0.167415 3.436714 2500.966895
 112.600000 -0.293090 0.709608 -0.000000 0.000000
 112.800000 -1.777397 1.312004 22.235150 165.297895
 113.000000 -2.113317 1.492359 22.256524 38.889167
 113.200000 -1.230361 1.857286 27.029075 171.021926
 113.400000 0.056691 1.563741 -0.000000 0.000000
 113.600000 0.887028 0.391830 -0.000000 0.000000
