40264.602000
37438.602000
40514.602000
34728.802000
42136.202000
46445.202000
26787.002000
37092.402000
29062.402000
43078.202000
40985.402000
34911.602000
42061.202000
24633.602000
35900.002000
40030.202000
33649.402000
41571.802000
41009.202000
40180.002000
36013.402000
24099.202000
45812.802000
37447.802000
33437.802000
36114.002000
43721.602000
36177.002000
21523.802000
41180.402000
39709.602000
41847.202000
21071.802000
40238.202000
34982.802000
33106.002000
34252.202000
42270.802000
35406.402000
37695.402000
37591.202000
36223.202000
33091.802000
38300.402000
22689.802000
35110.202000
34787.802000
39492.402000
37671.402000
22216.602000
33020.602000
44136.002000
38794.402000
42798.402000
42565.802000
41608.202000
31817.002000
43616.402000
38604.402000
35776.002000
