#! FIELDS time phi psi ves.bias ves.force2
#! SET min_phi -pi
#! SET max_phi pi
#! SET min_psi -pi
#! SET max_psi pi
 0.000000 -1.498385 0.273949 25.037724 141.910265
 0.200000 -1.633531 0.614359 23.096034 249.954201
 0.400000 -1.279273 1.013352 25.522118 134.541742
 0.600000 -0.518924 1.318305 -0.001608 0.162119
 0.800000 -0.928232 2.168885 16.328773 1539.073043
 1.000000 -0.517213 2.508942 -0.001046 0.069185
 1.200000 -0.765501 1.839466 10.155411 1751.065541
 1.400000 -1.302475 0.754383 25.761914 53.915534
 1.600000 -2.034946 0.146907 21.649735 12.456877
 1.800000 -1.607023 -0.063656 23.781083 221.592048
 2.000000 -0.988191 0.901203 18.683172 1091.029735
 2.200000 -0.842661 2.218927 13.379892 1537.387145
 2.400000 -0.785183 2.905878 11.075430 1696.312626
 2.600000 -0.751521 1.807743 9.658830 1855.457948
 2.800000 -0.631392 0.320392 4.067121 2308.445186
 3.000000 -0.546833 -0.938002 0.350947 1556.590313
 3.200000 -0.437963 -0.541985 -0.000000 0.000000
 3.400000 -1.230876 0.973626 24.809488 294.126001
 3.600000 -1.319378 1.421199 25.803409 23.484423
 3.800000 -0.574866 0.725865 1.584283 1863.891686
 4.000000 -1.176007 0.401124 23.723292 482.348279
 4.200000 -0.934583 0.076743 17.121533 1205.536643
 4.400000 -0.538371 0.089538 0.243357 1645.016298
 4.600000 -0.654564 -0.171831 5.521924 2368.783285
 4.800000 -0.494083 -0.553034 -0.000013 0.000009
 5.000000 -0.490632 -0.341725 -0.000006 0.000002
 5.200000 -0.911136 0.228391 16.373329 1316.872570
 5.400000 -1.372188 1.374503 25.887541 9.453281
 5.600000 -1.184425 1.568143 23.960434 486.181017
 5.800000 -0.763611 1.029086 10.598799 1716.798516
 6.000000 -1.505460 0.883834 24.917977 92.965277
 6.200000 -1.287079 0.880521 25.749357 85.870942
 6.400000 -0.679897 1.011244 7.069438 2101.571614
 6.600000 -1.810816 1.490566 21.367303 10.865853
 6.800000 -1.709265 1.681040 22.227968 172.431219
 7.000000 -1.091728 1.543484 21.796623 614.979225
 7.200000 -0.859911 1.127601 14.561286 1516.423935
 7.400000 -1.439748 0.683042 25.560232 77.230838
 7.600000 -0.620221 0.493087 4.363478 2309.201159
 7.800000 -0.579524 0.528475 2.431957 2135.539641
 8.000000 -1.161104 0.424266 23.527055 558.207217
 8.200000 -1.894382 0.828646 21.318777 1.328122
 8.400000 -0.987470 1.295673 19.136373 906.324750
 8.600000 -1.386703 1.158924 26.006101 29.092708
 8.800000 -1.410241 0.824591 25.854210 54.705469
 9.000000 -0.448064 0.374246 -0.000000 0.000000
 9.200000 -0.563714 0.029360 1.891142 2046.020058
 9.400000 -0.839787 -0.200227 13.862483 1548.344975
 9.600000 -0.487552 -0.130002 -0.000036 0.000091
 9.800000 -0.702122 -0.073480 8.324287 1848.878865
 10.000000 -1.084287 0.323948 21.791756 604.467039
 10.200000 -1.301521 1.081726 26.054053 48.044120
 10.400000 -1.568114 1.491959 24.287150 181.496969
 10.600000 -1.049389 0.653999 20.981567 658.860321
 10.800000 -1.187135 0.354804 24.280799 480.869273
 11.000000 -0.824217 0.377769 13.305344 1555.974535
 11.200000 -0.898474 0.445875 16.270403 1450.713016
 11.400000 -1.353139 0.818378 26.238749 1.080701
 11.600000 -1.377430 1.512794 26.176728 15.691052
 11.800000 -0.787697 1.202923 11.918052 1549.036702
 12.000000 -1.219024 1.079952 25.000260 357.369082
 12.200000 -1.461551 0.783187 25.626601 95.454443
 12.400000 -1.056667 0.842061 21.335071 643.175955
 12.600000 -1.406028 1.238837 26.090205 43.621454
 12.800000 -1.283288 1.054263 26.013753 95.477692
 13.000000 -1.317309 0.711067 26.251543 17.881308
 13.200000 -1.228426 0.934083 25.339946 317.578584
 13.400000 -1.071503 1.181489 21.786128 622.287303
 13.600000 -1.462341 1.234881 25.719620 103.789107
 13.800000 -1.331784 0.895874 26.402277 4.618280
 14.000000 -0.545379 0.136612 1.357086 1942.345992
 14.200000 -0.538915 -0.556929 1.110536 1869.511525
 14.400000 -0.563738 -0.641395 2.227130 2158.203992
 14.600000 -0.404566 0.062957 -0.000000 0.000000
 14.800000 -1.612858 0.897033 23.695591 301.460697
 15.000000 -1.469678 1.288041 25.752499 116.003325
 15.200000 -0.862682 0.808196 15.106955 1582.533818
 15.400000 -1.573052 0.615367 24.426228 277.435768
 15.600000 -1.615247 0.951156 23.688279 327.160555
 15.800000 -1.018145 1.132823 20.497716 782.300461
 16.000000 -1.127721 1.121076 23.295962 588.761545
 16.200000 -1.226802 0.802771 25.576973 337.803326
 16.400000 -1.447047 0.566572 26.180518 91.780031
 16.600000 -1.469300 0.970965 25.951562 120.581010
 16.800000 -1.324464 1.347585 26.673529 12.306308
 17.000000 -1.119623 1.067371 23.165864 604.569067
 17.200000 -1.433189 0.621344 26.435018 72.989965
 17.400000 -1.082556 0.636539 22.323441 645.833973
 17.600000 -1.548896 1.380648 24.971728 275.345891
 17.800000 -1.571026 1.698286 24.589690 320.166895
 18.000000 -1.948244 1.450992 21.052410 0.907491
 18.200000 -0.939443 0.961457 18.143298 1265.573202
 18.400000 -1.089002 0.293253 22.571900 662.433434
 18.600000 -1.151710 -0.199371 24.143012 584.531440
 18.800000 -0.516843 -0.568739 0.373901 1801.550164
 19.000000 -0.539242 -0.105721 1.324861 1925.690431
 19.200000 -1.372381 0.937260 26.989145 4.768334
 19.400000 -1.556765 1.539471 25.017365 342.230242
 19.600000 -1.685004 1.678733 22.448042 315.052357
 19.800000 -1.808763 1.447855 21.164540 11.482690
 20.000000 -0.957426 0.888333 18.811084 1165.561869
 20.200000 -1.179317 0.303664 24.988356 505.709432
 20.400000 -0.487645 -0.176248 -0.001147 0.107591
 20.600000 -0.469494 -0.410110 -0.000007 0.000003
 20.800000 -0.705543 -0.212553 8.910764 1692.511111
 21.000000 -0.746516 0.146303 10.567091 1598.172677
 21.200000 -0.753973 0.328381 10.894963 1598.929973
 21.400000 -1.591064 1.033323 24.479542 477.222493
 21.600000 -1.566107 1.176726 25.008177 415.590077
 21.800000 -1.098558 0.855163 23.079700 693.054209
 22.000000 -1.529678 0.845976 25.694908 294.360523
 22.200000 -1.317944 0.852636 27.116222 25.921982
 22.400000 -1.232301 1.156053 26.191249 272.981716
 22.600000 -1.417866 1.069414 27.065350 31.123591
 22.800000 -1.491713 0.802083 26.377070 176.135820
 23.000000 -1.368319 0.830570 27.222216 0.480112
 23.200000 -1.234702 1.104387 26.327415 258.813610
 23.400000 -1.166294 1.127754 24.960345 542.023273
 23.600000 -1.602656 1.081026 24.337835 552.318234
 23.800000 -1.387336 0.670865 27.289428 5.807925
 24.000000 -1.170258 0.907022 25.052012 527.597560
 24.200000 -1.285603 1.073929 27.083174 83.158648
 24.400000 -1.403950 0.984016 27.344852 15.310123
 24.600000 -1.127640 0.386106 24.117464 678.302241
 24.800000 -0.581870 0.116035 3.497875 2200.972119
 25.000000 -0.701833 -0.321888 8.853396 1707.952457
 25.200000 -0.467989 -0.499374 -0.000012 0.000011
 25.400000 -0.180557 -0.182408 -0.000000 0.000000
 25.600000 -0.624186 0.058978 5.492499 2105.002110
 25.800000 -1.162583 0.503721 25.106236 572.516205
 26.000000 -1.151551 1.183161 24.837298 615.796901
 26.200000 -0.817294 1.601660 13.605750 1673.619032
 26.400000 -0.547798 1.632058 1.983561 2035.003682
 26.600000 -0.787891 2.040427 12.406126 1653.047222
 26.800000 -0.711455 2.345354 9.304151 1687.499316
 27.000000 -0.676183 2.226991 7.829262 1823.286187
 27.200000 -0.787687 1.891057 12.444479 1649.500477
 27.400000 -0.524233 1.434870 0.997729 1805.907233
 27.600000 -0.593187 1.339666 4.140709 2192.351261
 27.800000 -0.787726 1.396650 12.446081 1649.530430
 28.000000 -1.285400 1.102876 27.385247 74.441381
 28.200000 -1.549490 0.736287 25.856679 516.020795
 28.400000 -1.710164 1.030156 21.998624 288.545215
 28.600000 -1.370969 1.356246 27.782001 0.264274
 28.800000 -0.633489 1.185130 6.077655 2038.382031
 29.000000 -1.786366 1.122012 21.154753 35.160400
 29.200000 -1.455225 0.775573 27.457388 90.371191
 29.400000 -1.658529 0.987506 23.088873 601.605133
 29.600000 -0.880726 1.177293 16.295419 1564.373576
 29.800000 -1.176224 1.113958 25.854498 525.200174
 30.000000 -1.634125 0.788122 23.713801 701.099355
 30.200000 -1.980418 0.605854 20.416307 9.514849
 30.400000 -1.343294 0.560235 27.904285 3.104913
 30.600000 -1.052071 1.143481 22.414348 1026.284222
 30.800000 -1.045253 1.386146 22.195139 1040.793145
 31.000000 -1.018515 0.963480 21.320870 1098.510224
 31.200000 -1.386364 0.382557 27.959864 3.687599
 31.400000 -1.884775 0.763016 20.743011 11.725584
 31.600000 -1.341780 1.256691 27.963858 3.036156
 31.800000 -0.697029 1.156810 8.972890 1686.588461
 32.000000 -1.394186 1.428417 27.942212 6.748281
 32.200000 -1.971434 0.809529 20.368546 13.441460
 32.400000 -1.372084 0.175403 28.035350 0.580076
 32.600000 -0.536101 0.058467 1.783734 2043.224105
 32.800000 -0.602362 0.468582 4.874671 2165.584940
 33.000000 -1.586231 0.878022 25.160992 744.635787
 33.200000 -2.069061 1.250480 20.259845 8.908908
 33.400000 -1.577947 2.145279 25.441302 727.279470
 33.600000 -2.161371 2.634223 20.778326 50.007444
 33.800000 2.893532 2.828271 -0.000000 0.000000
 34.000000 -2.944063 3.137094 16.424522 1012.895095
 34.200000 -3.139057 2.667827 8.865760 2690.812883
 34.400000 -2.856810 2.712095 19.042836 795.783522
 34.600000 -2.882240 3.056965 18.300007 904.366780
 34.800000 -2.800591 2.822588 20.453117 460.748300
 35.000000 -1.873505 2.700194 20.740413 14.575844
 35.200000 -1.797984 2.304553 21.058744 36.102336
 35.400000 -2.638920 2.060554 22.267631 23.742013
 35.600000 -2.546671 3.101436 22.576239 2.547239
 35.800000 -3.046526 2.987611 12.928112 1371.135864
 36.000000 -2.963230 2.760620 15.731165 1016.531722
 36.200000 -2.324986 3.033514 21.689230 38.287762
 36.400000 -2.230258 2.509953 21.121284 38.614230
 36.600000 -2.051152 2.436569 20.124553 1.819472
 36.800000 -2.082144 2.756928 20.205459 14.486528
 37.000000 -2.785670 2.660492 20.687050 373.016951
 37.200000 3.046201 2.909094 3.343525 2832.547428
 37.400000 -3.084464 3.047017 11.365078 1841.675382
 37.600000 -2.854841 2.525044 18.990961 785.551989
 37.800000 -2.497607 2.599055 22.520915 1.534574
 38.000000 -2.171500 2.828268 20.707928 46.022646
 38.200000 -2.896743 2.264868 17.724735 936.665282
 38.400000 -2.884824 2.969285 18.086645 905.690055
 38.600000 2.948693 3.103106 -0.000683 0.023692
 38.800000 3.078681 2.348467 5.109443 3190.068287
 39.000000 -2.028336 2.917953 20.076825 0.359311
 39.200000 -2.252559 2.676440 21.173229 32.618946
 39.400000 -2.164635 2.529427 20.622745 45.172297
 39.600000 -2.459447 2.554567 22.368460 13.980626
 39.800000 -2.450182 3.043290 22.331412 18.083019
 40.000000 -3.039715 2.491905 13.093621 1309.838861
 40.200000 3.040197 2.929506 2.964399 2722.950403
 40.400000 3.101657 2.998847 6.377205 3202.663631
 40.600000 -2.627931 2.867036 22.183003 20.518029
 40.800000 -1.761862 2.448767 21.366245 116.335429
 41.000000 -1.835699 1.695651 20.853394 21.647413
 41.200000 -1.691770 1.031058 22.535078 516.034722
 41.400000 -0.943102 0.364952 18.969853 1441.395890
 41.600000 -0.558554 -0.168771 3.089613 2195.916160
 41.800000 -0.783040 -0.453769 12.621603 1595.882418
 42.000000 -0.793735 -0.337657 13.049602 1606.832407
 42.200000 -0.385281 -0.106958 -0.000000 0.000000
 42.400000 -1.033166 0.599004 22.310579 1302.024476
 42.600000 -1.614514 1.248254 24.671149 904.509718
 42.800000 -1.781443 1.393347 21.183706 71.386217
 43.000000 -1.832290 1.422757 20.860363 25.093909
 43.200000 -1.303979 1.095963 28.272597 11.817721
 43.400000 -1.091148 0.671728 24.362107 1113.516642
 43.600000 -1.077843 0.673710 23.911538 1178.332219
 43.800000 -1.600056 0.971695 25.123406 889.669866
 44.000000 -1.608714 1.108426 24.863942 904.543137
 44.200000 -1.470139 1.142310 27.943086 109.286585
 44.400000 -1.502083 0.751918 27.519974 260.946899
 44.600000 -1.048081 0.682532 22.889453 1294.187773
 44.800000 -0.676865 0.774097 8.410219 1674.555139
 45.000000 -1.377666 1.232072 28.377023 0.588360
 45.200000 -1.588933 1.074376 25.507244 849.075797
 45.400000 -1.672609 0.691366 23.082230 666.848848
 45.600000 -1.778446 0.898504 21.251301 86.407863
 45.800000 -1.413492 1.408451 28.330171 10.231407
 46.000000 -0.845031 0.936737 15.134885 1622.667814
 46.200000 -1.265387 0.643195 28.154473 50.869805
 46.400000 -1.742391 0.798544 21.705127 213.229516
 46.600000 -1.723453 1.435587 22.011011 314.623019
 46.800000 -0.777273 1.162646 12.415750 1587.313470
 47.000000 -0.604148 0.933298 5.294003 2058.484836
 47.200000 -1.497603 1.074177 27.671198 224.894603
 47.400000 -1.847142 0.905248 20.785341 37.239970
 47.600000 -1.150532 0.812176 26.296775 700.149083
 47.800000 -1.112696 1.187049 25.190988 1004.560297
 48.000000 -1.736446 1.075983 21.831555 250.117288
 48.200000 -1.742238 0.695523 21.781829 229.986716
 48.400000 -0.563874 0.041038 3.463329 2154.585676
 48.600000 -0.916408 0.090028 18.012925 1525.876851
 48.800000 -0.781178 0.029246 12.591893 1603.875474
 49.000000 -0.368518 -0.340777 -0.000000 0.000000
 49.200000 -0.533859 -0.236622 2.101440 2056.092182
 49.400000 -0.707461 -0.191338 9.675763 1584.352920
 49.600000 -0.517193 -0.028209 1.357334 1921.398844
 49.800000 -0.554338 -0.022788 3.041017 2139.130503
 50.000000 -1.392033 0.238249 28.464587 2.536765
 50.200000 -1.310891 1.020484 28.457974 5.573835
 50.400000 -1.515767 1.655565 27.460024 319.775088
 50.600000 -0.883782 1.153637 16.767994 1588.916795
 50.800000 -1.552975 1.090830 26.672868 586.903926
 51.000000 -1.951690 0.776720 20.078847 33.429444
 51.200000 -1.739951 0.646511 21.936477 261.045346
 51.400000 -1.180555 1.048884 27.127458 454.189455
 51.600000 -0.991935 1.503413 20.967422 1414.220217
 51.800000 -0.476747 1.468175 -0.019183 13.946704
 52.000000 -0.834477 1.762628 14.804744 1651.193729
 52.200000 -0.668242 1.905817 8.143604 1676.192441
 52.400000 -0.642756 2.183366 7.083358 1791.619544
 52.600000 -0.667441 2.238641 8.110802 1679.219711
 52.800000 -0.837493 1.794392 14.955509 1657.935688
 53.000000 -0.705330 1.586839 9.637662 1586.151359
 53.200000 -1.186500 1.656086 27.300969 410.853453
 53.400000 -0.936171 0.931242 18.910305 1472.934597
 53.600000 -0.836331 0.064465 14.943822 1663.887171
 53.800000 -0.481150 -0.449018 -0.011921 198.206138
 54.000000 -0.534078 -0.512871 2.230988 2063.027098
 54.200000 -1.127441 0.146890 25.819992 909.536033
 54.400000 -0.896928 0.888125 17.423731 1555.933169
 54.600000 -1.109058 1.983485 25.244382 1048.661502
 54.800000 -0.685744 2.290345 8.909549 1615.941203
 55.000000 -0.573057 2.410018 4.060596 2112.617946
 55.200000 -1.009886 1.657144 21.751660 1367.913157
 55.400000 -0.662708 0.892477 8.008034 1681.187512
 55.600000 -1.354010 0.384427 28.614905 0.000827
 55.800000 -2.136851 0.454648 20.220223 45.624406
 56.000000 -2.051892 0.809597 19.756591 7.744157
 56.200000 -1.164151 0.860602 26.876847 592.371292
 56.400000 -0.690955 1.181006 9.184858 1599.525486
 56.600000 -1.016122 1.998980 22.017257 1354.170502
 56.800000 -0.608812 2.377635 5.757468 1946.463535
 57.000000 -0.660959 2.318281 7.972374 1679.837018
 57.200000 -0.746286 1.436914 11.427527 1612.268051
 57.400000 -1.564788 0.839239 26.558396 634.670096
 57.600000 -1.960370 0.333208 19.867330 37.367748
 57.800000 -2.112545 0.276628 20.016255 43.152624
 58.000000 -1.783776 0.488790 21.486753 148.875110
 58.200000 -1.156385 1.079070 26.725251 655.885252
 58.400000 -0.807671 2.012818 13.969546 1704.720415
 58.600000 -0.458116 2.423114 -0.000479 0.021037
 58.800000 -0.859140 2.105201 16.087017 1656.572856
 59.000000 -0.711867 1.097288 10.091333 1576.217401
 59.200000 -0.488074 -0.260522 0.444806 1845.493945
 59.400000 -0.623248 -0.879034 6.520322 1841.958686
 59.600000 -0.477027 -0.288207 0.001578 413.138288
 59.800000 -0.766066 0.448925 12.307975 1658.905561
 60.000000 -1.356875 0.916630 28.669468 0.088493
 60.200000 -1.759957 1.377438 21.864522 223.004793
 60.400000 -1.675755 1.588865 23.560741 646.584825
 60.600000 -1.828089 1.546854 21.027874 111.593271
 60.800000 -1.377294 0.995365 28.666338 1.192479
 61.000000 -1.067587 0.333964 23.985855 1227.887501
 61.200000 -0.341852 -0.217233 -0.000000 0.000000
 61.400000 -0.366177 -0.778081 -0.000000 0.000000
 61.600000 -0.628842 -0.391018 6.856493 1792.949888
 61.800000 -0.595947 0.397220 5.426167 1990.462840
 62.000000 -1.653348 1.233492 24.185257 747.258530
 62.200000 -2.352958 1.782734 21.092693 27.895957
 62.400000 -2.698640 -3.110088 21.039955 76.035593
 62.600000 -2.751107 -2.863073 20.438138 213.091791
 62.800000 -2.959926 2.069334 15.197077 895.252449
 63.000000 -1.956248 2.719486 19.791287 49.143847
 63.200000 -2.225577 2.735008 20.557285 15.767909
 63.400000 -2.957037 2.560572 15.252373 887.079836
 63.600000 -3.130692 -2.980162 8.604039 2727.679720
 63.800000 2.938163 -3.138050 -0.000002 0.000000
 64.000000 -2.593606 2.526265 21.594427 11.716213
 64.200000 -1.715940 2.470982 22.763819 413.739047
 64.400000 -2.137442 2.447102 20.053610 46.687487
 64.600000 -2.971145 2.676034 14.801637 905.725042
 64.800000 -2.884300 -2.861487 17.349444 813.004515
 65.000000 3.082990 2.363294 4.699978 3228.986171
 65.200000 -2.129087 2.537070 19.978622 47.909269
 65.400000 -1.750938 2.592481 22.153127 269.876082
 65.600000 -2.510725 2.329075 21.667237 0.280910
 65.800000 3.031487 3.072718 1.906545 2406.067381
 66.000000 3.105480 -3.049593 5.959251 3259.160560
 66.200000 -2.556039 2.386269 21.604026 3.554638
 66.400000 -1.710411 2.280330 22.936786 435.815053
 66.600000 -1.900376 2.575611 20.247035 125.049719
 66.800000 2.966375 2.658763 -0.000722 0.031885
 67.000000 -2.810998 -3.058995 19.213585 516.584667
 67.200000 3.132234 2.445961 7.431861 3037.156952
 67.400000 -2.923431 2.633560 16.137379 855.048173
 67.600000 -2.587985 3.099093 21.496976 9.331052
 67.800000 -3.058894 2.565024 11.802679 1517.839775
 68.000000 -1.810542 2.769791 21.349865 169.513167
 68.200000 -2.141285 1.993916 20.015857 46.302565
 68.400000 -2.126366 2.200767 19.912559 49.031367
 68.600000 -2.134680 2.790653 19.970500 47.920880
 68.800000 -2.643223 2.729084 21.257928 23.443722
 69.000000 3.040974 2.815345 2.335832 2620.324594
 69.200000 2.944740 2.943774 -0.000004 0.000001
 69.400000 -2.810077 2.798516 19.184582 515.293595
 69.600000 -2.971112 2.638826 14.695322 893.739354
 69.800000 -2.817694 3.019854 19.008155 557.472839
 70.000000 3.085924 2.642336 4.783178 3250.989433
 70.200000 -3.059296 2.699307 11.750124 1514.068173
 70.400000 -2.219142 3.012294 20.412965 13.150332
 70.600000 -2.633769 2.340806 21.261596 18.495665
 70.800000 -2.077075 2.624136 19.572152 32.051186
 71.000000 -2.179061 2.868577 20.234546 28.642915
 71.200000 -2.702184 2.550657 20.830773 74.651494
 71.400000 -3.084912 3.089152 10.686322 1908.300474
 71.600000 3.114098 2.972939 6.377628 3224.318147
 71.800000 -2.409683 2.534373 21.162648 29.327329
 72.000000 -1.940787 2.545069 19.785582 92.350517
 72.200000 -2.622473 2.552480 21.279112 14.269709
 72.400000 2.955361 2.829455 -0.000026 0.000035
 72.600000 -2.999182 -3.110138 13.814927 978.126435
 72.800000 3.127044 2.398473 7.102182 3107.951432
 73.000000 -2.545079 2.777227 21.476958 1.285075
 73.200000 -2.408950 2.976285 21.112311 29.078562
 73.400000 -2.598958 2.352680 21.345011 8.916863
 73.600000 -2.465737 2.937168 21.372266 11.310006
 73.800000 -2.672162 2.993359 21.032118 36.436737
 74.000000 3.115101 2.534183 6.431653 3233.499202
 74.200000 3.121213 2.960515 6.779607 3191.523686
 74.400000 3.073371 3.073499 4.040652 3200.716829
 74.600000 -2.666988 2.667981 21.061284 32.478235
 74.800000 -1.690007 2.617834 23.508656 495.704893
 75.000000 -2.261660 2.055598 20.494677 5.759043
 75.200000 -2.431122 2.649455 21.192653 25.301431
 75.400000 -2.860656 3.076947 17.862533 758.882279
 75.600000 3.055813 2.699797 3.067308 2974.643236
 75.800000 -2.285794 2.814710 20.539812 6.333154
 76.000000 -2.110842 2.578735 19.759535 52.192105
 76.200000 -2.212306 2.497588 20.344775 11.794207
 76.400000 -2.380688 2.923293 20.905397 29.262443
 76.600000 -3.114092 2.749318 9.358846 2436.842438
 76.800000 -2.961550 2.920477 14.943912 860.397209
 77.000000 -2.293953 2.968014 20.550541 6.879431
 77.200000 -2.419229 2.223058 21.108640 29.462640
 77.400000 -1.974101 2.643395 19.451328 38.814187
 77.600000 -2.206848 2.801759 20.324445 13.397022
 77.800000 3.067867 2.600361 3.748692 3187.233652
 78.000000 -3.106844 2.938407 9.722671 2290.970788
 78.200000 -2.741765 2.989886 20.375802 177.972567
 78.400000 -2.999419 2.429711 13.809433 942.423657
 78.600000 -2.384721 2.966534 20.912618 30.370709
 78.800000 -2.563139 2.641077 21.417195 2.595498
 79.000000 -2.852296 2.414613 18.075484 731.752073
 79.200000 3.085118 3.136642 4.756049 3359.423834
 79.400000 -3.128534 -3.141025 8.665462 2698.565172
 79.600000 -2.895330 2.457376 16.862449 834.481952
 79.800000 -2.247519 3.008970 20.438672 4.738745
 80.000000 -2.184727 2.818093 20.231274 23.785515
 80.200000 -2.467299 2.306923 21.336611 14.059893
 80.400000 -2.296913 2.948420 20.543717 6.347596
 80.600000 -2.864506 2.892589 17.740935 773.690004
 80.800000 -2.962103 2.946755 14.925151 848.517288
 81.000000 -2.988528 2.811805 14.147243 894.430273
 81.200000 -2.783556 2.747056 19.699508 368.153567
 81.400000 -2.926425 2.949720 15.964906 845.893771
 81.600000 -3.065137 2.904973 11.582033 1526.486583
 81.800000 -2.502644 2.672675 21.439627 2.512966
 82.000000 -2.254067 2.571201 20.452321 4.150069
 82.200000 -2.448904 2.691386 21.276048 22.115512
 82.400000 2.959376 2.752170 -0.000028 0.000048
 82.600000 -2.620501 3.007488 21.270493 14.036027
 82.800000 -2.258667 2.335370 20.461536 4.078840
 83.000000 -2.173955 2.207517 20.176074 30.865910
 83.200000 -1.914495 2.815876 19.964374 163.791267
 83.400000 -2.793169 3.039884 19.526388 419.096551
 83.600000 3.114267 2.708032 6.513042 3309.616298
 83.800000 -2.942313 2.774061 15.514020 845.972761
 84.000000 -2.684960 2.898082 20.944498 48.754501
 84.200000 -2.872834 2.745202 17.539356 804.286400
 84.400000 -3.040631 3.019290 12.516603 1199.582524
 84.600000 -2.966768 2.923021 14.810442 850.925828
 84.800000 -2.806078 2.686058 19.259608 492.387126
 85.000000 -2.728440 2.846388 20.556911 128.904084
 85.200000 -2.943706 2.772890 15.498999 848.416137
 85.400000 3.061265 2.994889 3.464272 3234.478152
 85.600000 -2.933354 2.868444 15.800769 851.055334
 85.800000 -2.732608 2.701276 20.513526 139.278836
 86.000000 -2.728836 2.783552 20.557147 128.426502
 86.200000 -2.366099 2.893122 20.845545 30.119681
 86.400000 -2.653269 2.507130 21.144083 26.055305
 86.600000 -2.380669 2.900270 20.928518 34.476680
 86.800000 -2.747061 2.580252 20.339656 184.443612
 87.000000 -2.979395 2.773905 14.477509 871.443582
 87.200000 -2.970582 2.989750 14.758485 863.722605
 87.400000 -2.978553 2.601292 14.523584 873.946714
 87.600000 -2.630841 2.825438 21.258792 19.158631
 87.800000 -2.448240 2.719643 21.336905 24.650790
 88.000000 -2.604258 2.615480 21.365047 13.147431
 88.200000 -2.586385 2.771211 21.445475 10.249960
 88.400000 -2.565009 2.976694 21.505287 5.546543
 88.600000 3.095406 2.598203 5.497392 3466.710408
 88.800000 -3.048290 3.126940 12.322392 1288.780836
 89.000000 2.987286 2.782825 -0.027448 2.125123
 89.200000 -2.824795 2.468339 18.916292 569.721299
 89.400000 -1.935599 2.917038 19.628670 122.064832
 89.600000 -2.452131 2.415644 21.396836 25.461228
 89.800000 -2.430929 2.706642 21.278944 36.021484
 90.000000 -2.646528 2.868450 21.215541 26.698302
 90.200000 2.945485 2.451860 -0.000001 0.000000
 90.400000 -2.592066 2.948353 21.476537 13.173319
 90.600000 -2.153991 2.799191 20.046409 50.493690
 90.800000 -2.159685 2.099347 20.085947 45.952977
 91.000000 -1.948529 2.700745 19.480067 90.904352
 91.200000 -2.564229 2.825195 21.590683 6.426804
 91.400000 3.078219 2.702070 4.529063 3488.975432
 91.600000 3.048799 2.959527 2.828870 3124.624688
 91.800000 3.074428 2.692665 4.305507 3465.249326
 92.000000 -2.471778 2.813642 21.537548 16.316035
 92.200000 -1.924243 2.824266 19.715401 146.730914
 92.400000 -2.114115 2.151903 19.728679 73.484529
 92.600000 -2.010142 2.624674 19.144181 0.066667
 92.800000 -2.186111 2.850181 20.248689 26.399635
 93.000000 -2.993779 2.726993 14.209855 919.514297
 93.200000 -3.104786 3.011533 10.118860 2215.046260
 93.400000 -2.853420 -3.102958 18.274376 691.147606
 93.600000 -2.778208 2.290008 19.941617 300.792730
 93.800000 -2.362817 2.678778 20.892651 39.133049
 94.000000 -2.016924 2.962503 19.144012 0.818849
 94.200000 -2.706133 2.397860 20.879816 80.967955
 94.400000 -2.896691 2.791739 17.099944 819.184563
 94.600000 -3.138150 3.077396 8.460491 2891.692432
 94.800000 3.071852 2.799187 4.218764 3490.023506
 95.000000 -2.874487 2.633511 17.726298 767.113897
 95.200000 -2.813392 2.892291 19.285770 477.854261
 95.400000 -2.965761 2.822117 15.117946 865.671838
 95.600000 -3.068117 2.785330 11.754692 1554.093852
 95.800000 -2.839297 2.823416 18.679669 616.514978
 96.000000 3.053997 2.816166 3.201009 3291.476254
 96.200000 -3.093591 2.952588 10.716529 1988.052207
 96.400000 3.027982 2.797481 1.786157 2758.632909
 96.600000 3.125067 2.811027 7.412590 3249.441402
 96.800000 -3.084478 3.104466 11.114121 1821.134994
 97.000000 -2.962421 2.769066 15.251038 865.181115
 97.200000 -2.763106 2.535971 20.251470 222.100602
 97.400000 -2.853743 2.771441 18.371478 672.635063
 97.600000 3.017765 2.901818 1.285866 2515.062462
 97.800000 -3.073054 2.794829 11.625522 1623.746959
 98.000000 -2.591437 2.702568 21.640835 18.823829
 98.200000 -2.292670 2.733126 20.594460 8.333169
 98.400000 -2.425084 2.714010 21.402199 56.008584
 98.600000 -2.881762 2.686317 17.653550 774.929153
 98.800000 -3.088472 -3.079026 11.020282 1877.986024
 99.000000 3.102949 2.929222 6.206227 3533.380109
 99.200000 3.044522 2.605930 2.778171 3230.763399
 99.400000 -1.992552 2.970620 19.129396 4.459488
 99.600000 -2.139705 2.417548 19.994103 64.796653
 99.800000 -2.363197 2.302344 20.943239 47.978732
 100.000000 -2.623385 3.007547 21.512656 30.932107
 100.200000 -3.089512 2.855601 8.857268 1877.398616
 100.400000 -2.711998 2.606293 18.716832 82.580005
 100.600000 -2.593310 2.597535 19.490087 22.113752
 100.800000 -2.357135 2.780709 18.719124 45.365965
 101.000000 3.100099 2.527348 3.926362 3576.863466
 101.200000 -3.064941 3.006252 9.916349 1473.720116
 101.400000 -2.872238 3.106431 15.855901 741.497065
 101.600000 -3.094853 2.466664 8.681424 1967.694470
 101.800000 -2.473281 -3.091121 19.604257 22.956674
 102.000000 -2.372529 2.830429 18.864996 57.739900
 102.200000 -2.429017 2.199382 19.364874 61.401445
 102.400000 -1.846172 2.701361 18.493894 221.199210
 102.600000 -2.464986 2.884382 19.610339 30.795866
 102.800000 3.109053 2.697889 4.586203 3501.679601
 103.000000 3.015680 3.086102 -0.000165 0.005530
 103.200000 3.118320 2.642374 5.196620 3373.640772
 103.400000 -2.115036 2.723149 17.665134 82.451389
 103.600000 -2.059739 2.558937 17.186101 52.590468
 103.800000 -2.533423 2.635524 19.814656 1.252123
 104.000000 -2.898139 2.996258 15.246519 822.568691
 104.200000 -2.990837 3.066890 12.557681 919.924444
 104.400000 -2.928876 2.713306 14.403464 870.011769
 104.600000 -2.598804 2.823402 19.624028 28.743382
 104.800000 -2.894544 2.688568 15.403502 815.786685
 105.000000 -3.112814 2.852778 8.042332 2299.752153
 105.200000 -3.120712 3.023963 7.722812 2463.106689
 105.400000 -2.732732 2.836557 18.715230 104.783812
 105.600000 -2.210124 2.618375 18.335056 12.052489
 105.800000 -2.112809 2.616715 17.689025 84.223818
 106.000000 -2.536708 2.805896 19.904697 2.503442
 106.200000 3.047264 2.960334 1.102075 3507.109295
 106.400000 -3.039909 2.983106 11.108151 1156.858430
 106.600000 -2.693506 2.643505 19.095420 56.740085
 106.800000 -2.143375 2.728225 17.976960 64.006485
 107.000000 -2.069864 2.703959 17.324900 66.812241
 107.200000 -2.687431 2.452460 19.178387 52.699129
 107.400000 -3.012093 3.077894 12.068765 978.804368
 107.600000 3.006506 2.968644 -0.000018 0.000066
 107.800000 -3.025232 2.524167 11.651222 1045.290986
 108.000000 -2.493426 2.903149 19.977045 8.076534
 108.200000 -2.228778 2.727884 18.464935 7.572891
 108.400000 -2.357390 2.313153 19.010429 61.507809
 108.600000 -2.236754 2.672010 18.486026 6.510562
 108.800000 -2.418776 2.841644 19.550508 78.184667
 109.000000 3.052617 2.455374 1.531211 3654.766064
 109.200000 3.069405 3.020897 2.616040 3833.376416
 109.400000 -3.057368 -3.077738 10.674634 1309.620929
 109.600000 -2.762985 2.284712 18.535212 170.535788
 109.800000 -1.841475 2.929770 18.574209 209.222756
 110.000000 -2.538041 2.576437 20.088456 4.065021
 110.200000 -3.094759 2.628740 9.257219 1878.429215
 110.400000 -2.904882 3.132575 15.433393 841.459770
 110.600000 -2.837994 2.855011 17.219355 545.382872
 110.800000 -2.703634 2.423265 19.168307 59.711127
 111.000000 -2.209547 3.036761 18.456727 13.408530
 111.200000 -2.237044 2.599177 18.568902 7.539844
 111.400000 -2.377193 2.163904 19.303855 82.847410
 111.600000 -1.866714 2.751302 18.219427 194.072407
 111.800000 -2.472467 2.922227 20.087287 25.387418
 112.000000 3.037203 2.473579 0.766917 3512.888091
 112.200000 -3.027427 -3.067068 11.861577 1029.218664
 112.400000 3.020897 2.780437 -0.027836 0.141413
 112.600000 -2.435817 2.630559 19.884943 68.151800
 112.800000 -1.867031 2.702473 18.217788 191.595537
 113.000000 -2.593612 2.467064 19.972918 35.045875
 113.200000 3.067595 2.937363 2.737770 3938.748184
 113.400000 3.056356 -2.934077 2.035306 3861.903103
 113.600000 -3.074643 2.737643 10.265897 1502.501703
 113.800000 -2.021178 2.604466 17.160518 12.407271
 114.000000 -1.917348 2.306282 17.588658 118.196369
 114.200000 -2.124041 2.428157 18.002703 85.116120
 114.400000 -2.421979 2.849095 19.851607 82.669816
 114.600000 -2.655234 2.855691 19.648973 42.282705
 114.800000 -2.771834 2.798133 18.647715 184.196526
 115.000000 -2.764449 2.955372 18.744317 158.734565
 115.200000 -2.856134 2.762308 17.038938 646.583696
 115.400000 -2.744951 2.875628 19.009708 104.873926
 115.600000 -2.832861 2.862860 17.597369 504.360816
 115.800000 -2.660087 2.720862 19.654441 42.047480
 116.000000 -2.246021 2.892301 18.714732 8.131245
 116.200000 -2.310778 2.651269 18.991160 30.382124
 116.400000 -2.279440 2.578543 18.849545 13.385011
 116.600000 -2.319557 2.885460 19.042271 37.640755
 116.800000 -2.532675 2.756371 20.396343 3.952511
 117.000000 -2.985820 2.569705 13.343471 885.382913
 117.200000 3.111408 3.094731 5.700484 3609.824558
 117.400000 -3.028122 3.035744 12.106918 1001.820054
 117.600000 -3.018405 2.596947 12.410695 955.047174
 117.800000 -2.059585 2.846271 17.469422 66.092982
 118.000000 -1.984464 2.468235 17.191322 2.832248
 118.200000 -2.026082 2.412201 17.271583 20.767578
 118.400000 -2.158767 2.835072 18.393668 55.464516
 118.600000 -2.472433 2.914064 20.399379 24.517155
 118.800000 -3.030410 2.660745 12.087911 1009.882413
 119.000000 -3.069253 2.983052 10.760173 1383.038786
 119.200000 -2.616192 2.903395 20.107091 42.099681
 119.400000 -2.689304 2.545024 19.636594 43.446591
 119.600000 -1.937756 2.912319 17.453473 65.267657
 119.800000 -2.456566 2.434274 20.351270 43.797965
 120.000000 -2.088398 2.583581 17.777282 94.650493
 120.200000 -2.346154 2.812371 19.397177 68.635407
 120.400000 -2.557570 2.663878 20.485091 18.807408
 120.600000 -2.854774 2.707256 17.323150 638.016414
 120.800000 -3.128324 2.804779 8.299100 2571.389376
 121.000000 3.093314 2.947442 4.758254 3952.424713
 121.200000 -3.023225 2.674423 12.469873 960.479563
 121.400000 -2.568771 2.825927 20.471556 26.038886
 121.600000 -2.502153 2.618154 20.622045 1.708904
 121.800000 -2.269163 2.636349 18.989408 13.911339
 122.000000 -2.378511 2.809196 19.736061 95.470430
 122.200000 -2.622911 2.667809 20.184940 41.857062
 122.400000 -2.620215 2.873842 20.202387 41.881280
 122.600000 -2.792297 2.737013 18.728245 260.734224
 122.800000 -2.476670 2.841987 20.595543 18.870216
 123.000000 -2.452192 2.592099 20.455872 48.710528
 123.200000 -1.971647 2.868220 17.319947 8.172696
 123.400000 -2.208933 2.457496 18.836481 19.751382
 123.600000 -2.176181 2.514991 18.660487 41.231603
 123.800000 -2.413404 2.746893 20.174928 92.331589
 124.000000 -2.301548 2.870398 19.215210 30.805052
 124.200000 -2.844569 2.584097 17.772925 577.315121
 124.400000 -2.850312 2.834710 17.632792 613.579392
 124.600000 -2.641983 3.137194 20.152052 39.737549
 124.800000 -3.098228 2.660365 9.927881 1849.933033
 125.000000 -2.599470 2.957724 20.423503 39.406508
 125.200000 -2.325280 2.713367 19.455181 53.009723
 125.400000 -2.253170 2.495362 19.081700 14.236804
 125.600000 -2.122023 2.590122 18.276519 94.548823
 125.800000 -2.349459 2.777531 19.649997 77.154500
 126.000000 -2.417975 2.848969 20.313610 88.458732
 126.200000 -2.783568 2.615342 19.062825 219.765343
 126.400000 -2.361698 2.951436 19.808298 88.666723
 126.600000 -2.628866 2.449514 20.329871 40.351087
 126.800000 -2.041549 2.864269 17.550510 50.683949
 127.000000 -2.322256 2.492773 19.478556 50.935686
 127.200000 -2.192333 2.592333 18.894596 31.871511
 127.400000 -2.383145 2.747967 20.067236 100.597113
 127.600000 -2.471816 2.726960 20.811259 23.037767
 127.800000 -2.736816 2.635596 19.658178 80.281327
 128.000000 -2.530182 2.921668 20.888679 4.110553
 128.200000 -3.059071 2.629905 11.630682 1209.099503
 128.400000 -3.056577 3.007757 11.716904 1181.899012
 128.600000 -2.439450 3.133385 20.654639 64.193315
 128.800000 -2.311562 2.222902 19.502609 43.315638
 129.000000 -1.648068 2.279391 21.774912 513.103772
 129.200000 -2.004844 2.597969 17.426461 8.276694
 129.400000 -3.023355 2.786360 12.831120 938.419558
 129.600000 -2.947346 -2.935225 15.089930 890.787581
 129.800000 3.117306 2.540417 6.687191 3563.230235
 130.000000 3.008789 2.492148 -0.027171 7.404488
 130.200000 -3.096347 -3.001651 10.293842 1787.422573
 130.400000 3.039990 2.934550 1.779218 4083.100474
 130.600000 -2.268875 2.470556 19.362538 21.364249
 130.800000 -1.674410 2.610097 21.170226 439.075694
 131.000000 -2.268182 2.492355 19.359344 21.168938
 131.200000 -2.880261 2.780904 17.155202 796.402860
 131.400000 -2.888851 -2.898266 16.910083 831.003750
 131.600000 -3.123506 2.722747 9.101996 2420.461384
 131.800000 -2.383070 2.661537 20.280315 103.095684
 132.000000 -1.814545 2.691770 18.897200 168.886138
 132.200000 -2.094759 2.448366 18.197773 113.638824
 132.400000 -2.559963 2.665797 21.035918 22.410915
 132.600000 3.085233 3.077954 4.826239 4217.796753
 132.800000 2.981361 2.900402 -0.000000 0.000000
 133.000000 -2.328760 2.677614 19.822628 64.396293
 133.200000 -1.959334 2.141842 17.495106 9.987091
 133.400000 -1.981892 2.581993 17.459697 0.002551
 133.600000 -2.446439 2.859380 20.971070 54.089405
 133.800000 3.011466 2.873824 0.112654 3608.184029
 134.000000 -3.007562 2.755156 13.469040 878.495032
 134.200000 -2.205608 2.731184 19.218136 31.664037
 134.400000 -1.834857 2.287881 18.627905 150.757180
 134.600000 -1.878985 2.516955 18.114227 116.403095
 134.800000 -2.921504 2.658155 16.066443 906.218212
 135.000000 3.029579 -3.119209 1.282182 3973.740418
 135.200000 -2.779360 2.925301 19.547987 206.982173
 135.400000 -1.992549 2.274277 17.509433 3.226856
 135.600000 -1.617904 1.925851 22.364476 534.069344
 135.800000 -1.862617 1.931726 18.301194 129.061508
 136.000000 -2.321569 2.393599 19.901927 60.760494
 136.200000 -2.040762 -2.825827 17.776336 62.728780
 136.400000 -2.704209 2.657956 20.332524 45.843492
 136.600000 3.064455 2.161861 3.645194 4423.799663
 136.800000 3.081943 -2.933196 4.802937 4308.427655
 137.000000 -3.106583 3.043450 10.135698 1967.516026
 137.200000 -2.495709 2.409984 21.387862 2.810747
 137.400000 -1.854067 2.592681 18.408325 129.355472
 137.600000 -2.335349 2.667438 20.104488 75.815385
 137.800000 -2.740121 2.811893 20.091782 87.322454
 138.000000 -2.990915 3.113813 14.115204 854.992666
 138.200000 -3.140243 2.781310 8.590500 2848.875790
 138.400000 -1.884578 2.768550 18.089489 98.229626
 138.600000 -2.015994 2.090116 17.662520 27.157494
 138.800000 -2.095372 2.360437 18.369224 120.014757
 139.000000 -2.319809 2.900990 20.020952 61.696299
 139.200000 -2.956684 2.904038 15.198464 886.144408
 139.400000 -3.096377 2.840734 10.715047 1721.704615
 139.600000 -2.966097 2.924285 14.919292 872.933807
 139.800000 -2.734277 2.561636 20.227259 77.313814
 140.000000 -2.635755 2.844603 20.886191 40.504512
 140.200000 -2.658304 3.039940 20.788424 37.493844
 140.400000 3.060170 2.634650 3.541056 4497.188927
 140.600000 -2.947355 3.017066 15.515501 899.131609
 140.800000 -2.266103 2.853704 19.757503 29.852139
 141.000000 -2.107356 2.280554 18.556653 120.782333
 141.200000 -1.744124 2.441879 19.806166 223.127814
 141.400000 -2.638438 2.592360 20.955352 39.807405
 141.600000 3.109909 -2.992193 6.833070 3787.946659
 141.800000 -2.976683 3.070940 14.685277 859.187972
 142.000000 -2.450551 2.273125 21.361897 46.188184
 142.200000 -1.349865 2.248058 25.327709 0.365421
 142.400000 -0.457849 2.047075 -0.000000 0.000000
 142.600000 -0.918842 1.839873 15.997252 1176.766642
 142.800000 -0.475462 1.441161 -0.000033 0.000118
 143.000000 -1.455738 1.323593 24.968727 55.412754
 143.200000 -1.650493 0.703770 21.514955 473.138766
 143.400000 -1.873876 0.194162 18.248881 94.258598
 143.600000 -1.754334 0.692364 19.646046 198.631647
 143.800000 -1.436884 1.443248 25.070258 31.050879
 144.000000 -0.580522 1.785281 2.845564 1313.272723
 144.200000 -0.617423 2.240148 4.155394 1284.644462
 144.400000 -0.904344 2.205269 15.454750 1237.332506
 144.600000 -0.912149 1.889656 15.727272 1202.086664
 144.800000 -0.816811 1.535732 12.088427 1719.712024
 145.000000 -1.112106 1.697512 22.271412 901.054704
 145.200000 -1.320233 1.400604 25.262936 0.936240
 145.400000 -1.648430 0.797133 21.540167 470.427420
 145.600000 -1.184954 0.425252 24.085742 376.781572
 145.800000 -1.181935 1.156417 24.026326 397.936901
 146.000000 -1.693354 1.426515 20.629180 346.415658
 146.200000 -1.693643 0.918920 20.617288 342.695745
 146.400000 -1.006105 0.453569 18.801456 1070.444809
 146.600000 -0.657339 0.121613 5.573386 1363.000535
 146.800000 -0.731314 -0.224471 8.462286 1699.923791
 147.000000 -0.723073 -0.287735 8.124283 1664.135226
 147.200000 -0.926549 -0.074148 16.173252 1143.316901
 147.400000 -0.830870 0.497865 12.624534 1650.280007
 147.600000 -1.867261 1.441789 18.351011 91.750854
 147.800000 -2.050943 2.585310 18.121321 82.941939
 148.000000 -3.021041 -3.019522 13.601166 875.274621
 148.200000 -3.094177 2.896709 11.167586 1624.233513
 148.400000 -2.283595 2.593030 20.150843 43.474273
 148.600000 -1.594425 2.488682 22.701405 476.601021
 148.800000 -2.051974 2.322454 18.150333 84.812533
 149.000000 -1.899006 2.690558 18.082406 60.622012
 149.200000 -2.312170 2.778364 20.388016 62.103264
 149.400000 -2.864154 2.745561 18.295226 740.356712
 149.600000 -2.870004 3.043040 18.134244 773.730801
 149.800000 -2.880887 3.011287 17.826088 828.238348
 150.000000 -2.931586 2.540641 16.306982 924.152812
 150.200000 -2.651319 2.837144 21.206528 38.436073
 150.400000 -2.608397 2.942488 21.478782 40.701838
 150.600000 -2.877937 2.581829 17.944390 814.736289
 150.800000 -2.110462 2.901198 18.818085 126.861788
 151.000000 -1.668719 2.403736 21.079155 402.263991
 151.200000 -2.020492 1.620645 17.968806 37.817065
 151.400000 -1.406777 1.636785 25.065244 12.261073
 151.600000 -0.611437 1.248127 3.856954 1263.864495
 151.800000 -1.051765 1.776280 20.219089 1067.993448
 152.000000 -0.682171 1.671874 6.446846 1469.201302
 152.200000 -0.503544 1.883091 -0.013107 157.955302
 152.400000 -1.060731 2.206075 20.495794 1055.445769
 152.600000 -1.323610 1.998158 25.157314 0.905777
 152.800000 -1.904717 2.204972 18.085255 48.004044
 153.000000 -2.941318 2.775089 16.107934 919.187680
 153.200000 3.003635 -3.129826 0.325001 4172.024180
 153.400000 -3.036553 2.640284 13.320388 930.431781
 153.600000 -1.971719 2.626045 17.855086 0.029810
 153.800000 -1.730803 2.392644 19.974625 227.815176
 154.000000 -2.091080 2.432818 18.665039 123.844009
 154.200000 2.990282 2.697382 -0.006650 7.553898
 154.400000 -3.093505 -2.887905 11.389507 1588.491925
 154.600000 -2.834770 2.554219 19.199201 544.442496
 154.800000 -2.205213 1.989295 19.801464 52.830761
 155.000000 -0.752475 2.148757 9.257022 1772.203680
 155.200000 -1.186901 2.234754 23.912784 367.290584
 155.400000 -1.579347 1.907837 22.925499 421.592518
 155.600000 -2.352379 1.608878 20.928823 96.694330
 155.800000 -1.674648 2.451166 20.933178 370.174694
 156.000000 -2.058774 2.950498 18.369943 93.687148
 156.200000 -2.880132 2.365117 18.065250 826.444555
 156.400000 -2.218718 2.845881 19.938043 47.509309
 156.600000 -1.777193 2.830904 19.350537 144.243254
 156.800000 -2.209053 2.058574 19.870006 51.826351
 157.000000 -1.866872 2.352509 18.428943 74.660303
 157.200000 -2.010035 2.844676 18.048789 25.889234
 157.400000 -3.118383 2.712667 10.412291 2136.016399
 157.600000 -2.838279 -3.103948 19.204080 568.513108
 157.800000 -2.883850 2.790254 17.986341 843.757128
 158.000000 -2.521410 2.680077 22.090691 1.766233
 158.200000 -2.278569 2.868736 20.386674 50.127149
 158.400000 -2.346977 2.577224 20.960499 94.759239
 158.600000 -2.539833 2.595883 22.076046 9.724629
 158.800000 -2.659368 3.074155 21.398157 38.030938
 159.000000 3.040241 2.711651 2.852252 4587.214421
 159.200000 -2.929206 2.757381 16.679678 937.606175
 159.400000 -2.609566 2.885165 21.740338 40.213837
 159.600000 -3.008321 2.427659 14.321194 852.320500
 159.800000 -2.691648 3.036448 21.225587 41.599393
 160.000000 -2.667633 2.769334 21.375781 37.880825
 160.200000 -2.851757 2.654234 18.964795 659.497733
 160.400000 -2.941387 2.839137 16.340379 932.040495
 160.600000 2.975599 2.757217 -0.000031 0.000200
 160.800000 -2.785656 2.603143 20.331012 236.599670
 161.000000 -2.335411 2.521936 20.908935 87.928162
 161.200000 -2.599562 2.713626 21.860954 38.484160
 161.400000 -3.128812 2.901883 10.032982 2398.821155
 161.600000 -2.832806 3.127515 19.461912 526.026844
 161.800000 -2.700215 2.434490 21.228883 44.667699
 162.000000 -2.247015 2.617768 20.246809 46.205751
 162.200000 -2.132320 2.654109 19.305240 112.263375
 162.400000 -2.176948 2.519962 19.740748 77.321486
 162.600000 -2.328090 2.917263 20.896767 83.840430
 162.800000 -2.373161 2.984031 21.340302 105.240704
 163.000000 -2.516738 2.758705 22.236056 0.653324
 163.200000 -2.784122 2.865039 20.455172 225.466479
 163.400000 -2.575629 3.052299 22.062070 29.928844
 163.600000 3.094440 2.619470 6.666862 4158.273882
 163.800000 -3.021675 2.984774 14.044299 883.464148
 164.000000 -2.835301 2.943511 19.475125 541.236367
 164.200000 -2.757389 2.488986 20.837359 125.653330
 164.400000 -1.971653 2.910718 18.074986 0.749880
 164.600000 -1.744816 2.616659 19.757500 178.059072
 164.800000 -2.066321 2.086377 18.635372 99.506201
 165.000000 -1.944187 2.360706 18.093018 4.506674
 165.200000 -1.867612 2.775470 18.506670 57.966122
 165.400000 -2.768840 2.619111 20.734710 161.060894
 165.600000 -2.980998 3.011983 15.307546 889.726007
 165.800000 -2.766419 3.024522 20.765024 152.694227
 166.000000 -3.124804 2.271109 10.344304 2269.167500
 166.200000 -2.618435 3.049501 21.895865 39.743998
 166.400000 -3.129411 2.885871 10.150210 2392.089796
 166.600000 2.982070 2.816550 -0.002171 0.928576
 166.800000 -2.969907 -3.043858 15.673108 912.912734
 167.000000 -2.504552 2.818699 22.354932 0.331660
 167.200000 -2.022237 2.174019 18.322464 42.508817
 167.400000 -1.488127 2.186514 24.204855 131.215686
 167.600000 -0.581932 2.078338 2.620746 1199.449695
 167.800000 -0.971509 1.846230 17.381934 1044.105502
 168.000000 -1.835021 1.613744 18.787585 75.605913
 168.200000 -2.357527 1.671700 21.357936 101.855651
 168.400000 -1.675270 2.348181 20.827511 328.519714
 168.600000 -1.899015 2.688396 18.330200 30.764797
 168.800000 2.997183 2.733658 0.356166 4072.405685
 169.000000 -3.054975 2.895667 13.155093 1057.851897
 169.200000 -2.487883 2.764183 22.414636 6.405947
 169.400000 -2.059437 2.273491 18.661326 90.570657
 169.600000 -1.590079 2.556392 22.500320 398.322693
 169.800000 -2.322746 2.455132 21.050318 83.289364
 170.000000 -2.897384 3.006171 18.006545 911.616486
 170.200000 -2.999448 3.018589 14.906141 893.134104
 170.400000 -2.919558 2.600484 17.358801 967.398606
 170.600000 -2.222298 2.689557 20.283684 59.342506
 170.800000 -1.724232 2.663953 20.019733 206.746535
 171.000000 -2.167392 2.270142 19.813507 92.118469
 171.200000 -2.197865 2.538608 20.107989 71.984203
 171.400000 -2.062471 -3.045318 18.726321 92.966671
 171.600000 -2.378576 2.494031 21.658411 103.919933
 171.800000 -2.315455 2.513516 21.041427 79.698881
 172.000000 -1.985131 2.824590 18.226829 6.806030
 172.200000 -2.251510 2.728725 20.555331 57.439770
 172.400000 -2.595207 2.662332 22.221385 35.201883
 172.600000 -2.444521 3.067931 22.285982 49.191073
 172.800000 -3.104218 2.649441 11.449925 1748.389879
 173.000000 -2.807289 2.778479 20.377697 340.430712
 173.200000 -2.451198 2.891200 22.361889 40.777944
 173.400000 -2.247467 2.450313 20.551555 58.879001
 173.600000 -2.014446 2.490136 18.388868 32.530550
 173.800000 -1.947398 2.632807 18.239701 1.432618
 174.000000 -2.318727 2.579459 21.134169 82.819434
 174.200000 -2.389470 2.757777 21.866316 99.914736
 174.400000 -3.000283 2.899533 14.993034 912.089364
 174.600000 2.981938 2.758912 -0.009238 12.841941
 174.800000 3.034179 2.791491 2.921515 4628.091351
 175.000000 -2.914035 3.120472 17.665470 967.821691
 175.200000 -2.689411 2.650366 21.731531 38.923125
 175.400000 -1.679326 2.696840 20.706394 301.796364
 175.600000 -1.878183 2.224280 18.537410 35.240420
 175.800000 -2.164559 2.369669 19.885088 99.350017
 176.000000 -2.204416 2.941309 20.254558 73.999114
 176.200000 -2.422866 2.858642 22.248471 73.421127
 176.400000 -2.279624 2.373600 20.890935 67.987690
 176.600000 -1.951065 2.907703 18.294268 0.415906
 176.800000 -2.096527 2.470808 19.174836 117.416517
 177.000000 -2.416556 2.296832 22.193196 80.010836
 177.200000 -1.903368 2.867297 18.435841 18.399259
 177.400000 -2.282045 2.881979 20.942817 70.221927
 177.600000 -3.056570 2.539904 13.320427 1087.885710
 177.800000 -3.015042 3.105788 14.622782 927.458831
 178.000000 -3.020345 2.999299 14.461038 933.400443
 178.200000 -2.742861 2.669682 21.418197 84.620084
 178.400000 -2.195763 2.813604 20.248250 83.203341
 178.600000 -1.774978 2.451404 19.381548 105.472531
 178.800000 -2.130496 2.249607 19.588025 119.046629
 179.000000 -1.928714 2.628590 18.367678 5.729458
 179.200000 -2.377229 2.996002 21.919863 103.423314
 179.400000 -2.815328 2.494809 20.439373 379.199819
 179.600000 -2.628033 2.922809 22.220904 40.652065
 179.800000 -2.673162 2.657954 21.939378 37.682402
 180.000000 -2.549055 2.671989 22.666419 14.474338
 180.200000 -2.153856 2.941530 19.883158 110.045737
 180.400000 -2.220724 2.391655 20.520439 74.755895
 180.600000 -1.972763 2.291410 18.389849 2.781603
 180.800000 -2.041468 2.421770 18.729985 64.085783
 181.000000 -2.439616 2.889479 22.519788 51.501292
 181.200000 3.013471 2.846583 1.720780 4251.644638
 181.400000 -2.388939 3.095181 22.107704 98.183517
 181.600000 -2.097982 2.111104 19.300813 116.287847
 181.800000 -1.771778 2.170968 19.417717 103.424291
 182.000000 -1.822395 2.272225 18.972566 57.470200
 182.200000 -2.407340 2.771904 22.318764 84.729856
 182.400000 2.970949 2.990155 -0.000329 0.022063
 182.600000 3.028649 2.772824 2.754605 4583.868596
 182.800000 -2.821551 2.926971 20.406682 418.503322
 183.000000 -2.593912 2.766093 22.522693 36.832355
 183.200000 -2.370781 2.918920 21.994524 102.984659
 183.400000 -2.691322 2.657543 21.942852 39.778518
 183.600000 -2.426044 2.954834 22.513750 65.030781
 183.800000 -2.320703 2.765958 21.493231 92.716677
 184.000000 -2.145602 2.518250 19.866929 115.493623
 184.200000 -1.751713 2.397278 19.635940 125.552868
 184.400000 -2.165788 2.525580 20.103116 106.710339
 184.600000 -2.977062 2.799634 15.977700 983.041877
 184.800000 3.088698 3.113098 6.880073 4210.892055
 185.000000 -3.115385 2.634723 11.239352 1973.855912
 185.200000 -2.746172 2.933237 21.587909 89.081252
 185.400000 -1.873825 2.725916 18.695849 23.970536
 185.600000 -2.048183 1.695138 18.908416 70.448323
 185.800000 -1.638534 0.929514 21.356407 345.379825
 186.000000 -0.707495 0.181705 6.906667 1640.421351
 186.200000 -0.652320 -0.301365 4.754291 1345.668235
 186.400000 -0.450360 -0.450940 -0.000000 0.000000
 186.600000 -0.619430 -0.017597 3.582520 1201.915689
 186.800000 -1.611534 0.737350 21.852744 359.015033
 187.000000 -1.890936 1.395347 18.638381 15.540119
 187.200000 -1.655106 2.417176 21.035502 313.427493
 187.400000 -2.449972 3.023420 22.815511 35.207470
 187.600000 -3.067606 2.887319 13.166304 1204.378124
 187.800000 -3.061547 2.822086 13.374173 1150.696737
 188.000000 -2.586627 2.891681 22.708180 35.128727
 188.200000 -2.557497 2.618163 22.889611 20.588438
 188.400000 -2.271884 2.694536 21.199318 83.257376
 188.600000 -1.968946 2.697107 18.576244 2.719201
 188.800000 -1.934087 2.437320 18.568420 1.246943
 189.000000 -2.012440 2.531751 18.731095 29.976487
 189.200000 -2.338106 2.701302 21.867816 102.666795
 189.400000 -2.431224 2.781346 22.751429 55.455149
 189.600000 -2.424126 2.754081 22.696704 63.421222
 189.800000 -2.504884 2.770334 23.043922 0.013969
 190.000000 -2.322935 2.641872 21.715468 98.785030
 190.200000 -2.020499 2.695596 18.828216 37.157617
 190.400000 -1.989017 2.412673 18.678127 11.659011
 190.600000 -2.034467 2.701105 18.921152 51.794975
 190.800000 -2.293496 2.611934 21.464096 91.418592
 191.000000 -2.056453 2.846746 19.096595 75.873827
 191.200000 -2.450148 2.477460 22.944341 32.334307
 191.400000 -2.038941 2.814414 18.981357 55.881073
 191.600000 -2.062221 2.550075 19.173716 80.825255
 191.800000 -1.892232 2.407157 18.732017 10.929109
 192.000000 -2.265996 2.774940 21.238815 88.111888
 192.200000 -2.301148 2.834324 21.611646 96.372687
 192.400000 -2.687340 2.552142 22.202056 40.253287
 192.600000 -2.775482 2.855362 21.436495 168.380083
 192.800000 -2.793953 2.994603 21.171734 248.027060
 193.000000 -2.778495 2.525609 21.396763 179.668514
 193.200000 -2.247881 2.864207 21.132663 91.895813
 193.400000 -1.885377 2.663821 18.798084 10.964995
 193.600000 -1.831523 2.051257 19.038002 31.152535
 193.800000 -1.578631 1.940088 22.363344 316.043028
 194.000000 -1.687619 2.173949 20.460413 228.054764
 194.200000 -2.594125 2.723796 22.848603 38.974223
 194.400000 2.852401 2.985040 -0.000000 0.000000
 194.600000 -2.840255 2.965043 20.313015 546.329939
 194.800000 -2.007352 2.193336 18.877120 24.178619
 195.000000 -1.669610 2.029549 20.737130 262.899212
 195.200000 -1.710562 1.843668 20.129783 173.399851
 195.400000 -1.987559 2.450496 18.826473 11.238726
 195.600000 -2.075451 -3.047480 19.408439 88.734328
 195.800000 -2.578915 2.377877 22.966491 33.642781
 196.000000 -2.524366 2.084914 23.196416 4.538427
 196.200000 -1.795871 2.939052 19.290271 47.955781
 196.400000 -1.833554 2.593033 19.066419 25.387071
 196.600000 -2.882721 1.888207 19.238292 852.965810
 196.800000 -2.578861 -3.078363 22.992753 33.921165
 197.000000 3.095610 -3.048728 7.589675 3962.990024
 197.200000 3.139546 2.349278 10.131529 2658.602415
 197.400000 -2.097901 2.922151 19.688045 103.822155
 197.600000 -1.738131 2.654264 19.801617 116.798308
 197.800000 -2.302995 2.038960 21.805202 102.287556
 198.000000 -1.731791 2.696829 19.871727 127.861060
 198.200000 -2.141549 2.674510 20.179266 117.348389
 198.400000 -2.525904 2.503519 23.276338 5.672118
 198.600000 -2.508504 2.743105 23.303527 0.510699
 198.800000 -1.980323 -3.076932 18.897441 8.570915
 199.000000 -2.171543 2.275684 20.503081 114.497676
 199.200000 -1.637098 2.005611 21.258443 299.026544
 199.400000 -1.635935 1.779006 21.278580 300.272236
 199.600000 -1.779128 1.820828 19.435443 57.898706
 199.800000 -1.736507 1.640872 19.824696 115.603753
 200.000000 -0.934854 1.872166 15.529848 1101.775559
 200.200000 -0.491067 1.676151 0.946446 905.275427
 200.400000 -0.749474 1.951116 10.065641 1788.719361
 200.600000 -0.921647 2.191692 16.776226 1138.818009
 200.800000 -0.625425 1.975558 5.225645 1199.033130
 201.000000 -1.082062 1.824075 21.916741 920.445760
 201.200000 -1.263447 0.896781 25.633397 73.160735
 201.400000 -1.759836 0.320677 21.311270 76.855328
 201.600000 -1.813295 0.683809 20.939176 28.630972
 201.800000 -1.234723 1.155498 25.333647 153.529097
 202.000000 -0.861203 1.674989 14.597949 1413.404474
 202.200000 -0.625253 2.279824 5.166915 1194.910905
 202.400000 -1.058558 2.247493 21.131063 976.788881
 202.600000 -0.599717 1.976626 4.304936 1089.764607
 202.800000 -0.343785 1.465515 -0.000000 0.000000
 203.000000 -1.193497 1.598412 24.668214 337.331357
 203.200000 -1.735662 0.903133 21.541242 109.755635
 203.400000 -1.129424 0.150768 23.182905 706.464296
 203.600000 -0.663027 -0.024183 6.501213 1400.236468
 203.800000 -0.746805 -0.181697 9.873449 1781.465383
 204.000000 -0.925329 0.156917 16.811360 1127.623776
 204.200000 -0.818814 0.940050 12.859326 1635.855487
 204.400000 -1.179536 1.616881 24.336351 412.840893
 204.600000 -1.244861 1.396615 25.358153 121.581227
 204.800000 -1.016416 0.598357 19.741576 1020.363154
 205.000000 -2.017970 0.543053 20.920474 32.850472
 205.200000 -1.402338 0.695230 25.767835 13.339930
 205.400000 -0.717436 1.066488 8.601290 1694.662286
 205.600000 -0.771389 1.711917 10.866521 1783.584040
 205.800000 -0.760204 2.326099 10.393623 1789.134135
 206.000000 -0.595471 2.339075 4.099174 1068.848817
 206.200000 -0.890035 1.847627 15.517702 1258.872382
 206.400000 -0.935607 0.993431 17.077047 1100.746181
 206.600000 -1.612468 0.473458 23.311993 289.103394
 206.800000 -1.828692 0.470445 20.893159 16.765872
 207.000000 -1.309721 0.819825 25.760031 12.706573
 207.200000 -1.134195 1.562103 23.200779 673.658545
 207.400000 -0.629602 1.722609 5.209631 1215.314857
 207.600000 -0.713421 1.925448 8.399852 1679.215695
 207.800000 -0.488034 2.240937 0.745178 870.051209
 208.000000 -1.777485 2.107612 21.177403 49.021376
 208.200000 -2.196622 2.307218 22.676154 113.180552
 208.400000 -2.354619 3.053331 24.306302 100.473356
 208.600000 -2.796088 2.610508 23.132950 253.163378
 208.800000 -2.943729 2.345471 19.198407 1099.782863
 209.000000 -2.831987 3.000212 22.455086 480.200099
 209.200000 3.010885 2.739325 3.755430 4279.492045
 209.400000 -2.459340 2.789252 25.128565 15.336200
 209.600000 -1.603983 2.494398 23.415829 278.968231
 209.800000 -1.987797 1.883178 20.862651 14.202776
 210.000000 -1.756405 1.837066 21.341410 70.028648
 210.200000 -1.706430 2.147002 21.854264 148.867432
 210.400000 -1.999098 2.781984 20.925234 20.227968
 210.600000 3.056520 2.721614 6.850608 4634.752098
 210.800000 3.038633 -2.958823 5.627302 4681.270280
 211.000000 3.072247 2.778313 7.910060 4416.902974
 211.200000 -2.606518 2.723610 24.766136 45.469346
 211.400000 -2.205362 2.790442 22.813995 113.212274
 211.600000 -2.095773 2.700134 21.652482 95.129748
 211.800000 -2.132702 2.309838 22.031422 113.213116
 212.000000 -1.961812 2.880940 20.815037 5.097781
 212.200000 -2.126665 2.757439 21.983172 111.052928
 212.400000 -2.231811 2.444078 23.108917 109.440488
 212.600000 -1.753183 2.611336 21.374157 70.455055
 212.800000 -1.938076 2.610613 20.791261 1.101171
 213.000000 -2.253982 2.522633 23.339537 107.182202
 213.200000 -2.323145 2.939874 24.070515 104.802177
 213.400000 -2.301051 2.691973 23.843542 105.977243
 213.600000 -2.384841 2.363225 24.675699 81.227644
 213.800000 -2.122209 2.877262 21.953601 109.049832
 214.000000 -2.238429 2.699984 23.196087 108.988241
 214.200000 -2.266208 2.513132 23.504474 106.968171
 214.400000 -2.040687 2.860481 21.237465 50.051163
 214.600000 -2.066399 2.785768 21.437654 71.573902
 214.800000 -2.327988 2.326222 24.139919 103.793743
 215.000000 -1.778874 2.583608 21.190448 40.776271
 215.200000 -2.045158 2.741345 21.292148 54.022390
 215.400000 -2.632847 2.512788 24.625114 46.829886
 215.600000 2.979960 3.100632 1.880463 3262.427429
 215.800000 3.008573 -3.122016 3.637237 4220.090772
 216.000000 -2.895133 2.487977 20.823420 952.778339
 216.200000 -1.931538 2.675582 20.849831 1.092117
 216.400000 -1.816219 2.507333 21.008183 15.623633
 216.600000 -2.053357 2.373639 21.376793 60.987905
 216.800000 -2.394622 2.620249 24.813529 70.897072
 217.000000 -2.743490 -3.120954 23.842099 85.375443
 217.200000 -2.895488 2.762298 20.826373 957.410883
 217.400000 -2.776008 2.634189 23.493164 166.464221
 217.600000 -2.055466 2.835673 21.416603 62.768700
 217.800000 -2.178126 2.428100 22.637887 116.625258
 218.000000 -1.653371 2.422407 22.550190 220.106364
 218.200000 -2.285508 2.358656 23.785486 105.265161
 218.400000 -2.325509 3.051814 24.193646 102.245197
 218.600000 -2.922626 2.658952 19.962313 1086.562566
 218.800000 3.023488 2.846414 4.639721 4518.472289
 219.000000 3.040733 3.067230 5.810358 4660.507579
 219.200000 2.888997 2.829562 -0.000000 0.000000
 219.400000 -2.204266 2.769243 22.960649 112.921201
 219.600000 -1.662298 2.299853 22.407050 201.492741
 219.800000 -1.800096 1.934138 21.096374 21.623364
 220.000000 -1.952125 1.701551 20.937837 5.209318
 220.200000 -1.154193 1.596475 23.356891 544.529477
 220.400000 -0.805068 1.070227 11.999508 1643.055205
 220.600000 -1.643900 0.984587 22.668894 220.955736
 220.800000 -1.773939 0.585593 21.243933 39.614882
 221.000000 -0.715572 0.470477 8.269819 1706.967091
 221.200000 -1.889828 0.984924 20.909520 0.064615
 221.400000 -1.671478 1.339464 22.271886 182.364737
 221.600000 -0.746873 0.848459 9.560270 1770.999756
 221.800000 -1.445897 0.269010 25.154162 42.953430
 222.000000 -2.049245 0.254125 21.461582 58.404352
 222.200000 -1.885312 0.300981 20.924904 0.130917
 222.400000 -0.984120 0.810733 18.272794 1032.430626
 222.600000 -1.037204 1.780125 19.967995 1000.211583
 222.800000 -0.742103 2.604083 9.342276 1767.402316
 223.000000 -0.794452 2.345217 11.529100 1680.989038
 223.200000 -0.818775 1.620639 12.493411 1566.592044
 223.400000 -1.721588 0.597232 21.679997 99.106474
 223.600000 -1.741514 0.101027 21.496518 71.532465
 223.800000 -1.770044 0.397030 21.285377 40.534236
 224.000000 -0.845667 1.097405 13.533518 1424.590936
 224.200000 -0.651764 1.982303 5.682865 1384.188552
 224.400000 -0.847697 2.546897 13.591886 1409.822492
 224.600000 -1.522186 2.190493 24.383261 144.246042
 224.800000 -2.312357 1.285443 24.168241 101.823546
 225.000000 -1.282631 0.879225 25.150959 43.843945
 225.200000 -0.655617 0.230100 5.810586 1410.245532
 225.400000 -0.675024 -0.407879 6.554217 1525.535572
 225.600000 -0.545968 -0.754178 2.142495 911.751204
 225.800000 -0.466511 -0.069087 -0.027694 0.434381
 226.000000 -1.128316 0.718771 22.592582 685.705628
 226.200000 -1.495836 1.250436 24.641741 101.257463
 226.400000 -1.111899 1.535444 22.126417 769.145075
 226.600000 -0.939836 1.027533 16.755460 1067.703418
 226.800000 -1.107742 0.467376 22.010361 789.002708
 227.000000 -0.802261 -0.004551 11.786529 1635.971977
 227.200000 -0.518838 0.106722 1.308115 850.415727
 227.400000 -0.955567 0.009968 17.247836 1046.970957
 227.600000 -1.127188 0.247683 22.518558 689.843595
 227.800000 -0.988467 0.665253 18.306435 1027.111812
 228.000000 -1.782952 1.263093 21.236577 27.723185
 228.200000 -1.663115 1.348182 22.372934 176.578609
 228.400000 -0.475798 0.841023 0.050449 532.040730
 228.600000 -1.751625 0.976356 21.439678 54.992699
 228.800000 -0.914268 0.806957 15.874792 1120.121032
 229.000000 -1.547469 1.212610 24.010670 172.039952
 229.200000 -1.291243 1.172353 25.095398 33.499176
 229.400000 -1.049644 0.319922 20.214058 975.856710
 229.600000 -0.722235 -0.176543 8.419941 1732.444532
 229.800000 -0.527573 -0.475514 1.536407 867.472454
 230.000000 -0.971983 0.066554 17.742316 1033.561385
 230.200000 -1.522741 0.967783 24.294029 134.336859
 230.400000 -1.856413 1.786917 21.037587 1.191492
 230.600000 -1.023665 2.727190 19.378406 1007.750116
 230.800000 -1.067903 2.350736 20.761496 933.219594
 231.000000 -1.839901 1.553846 21.061833 3.447017
 231.200000 -1.781835 0.324619 21.268434 26.641034
 231.400000 -0.427128 -0.791041 -0.000006 0.000002
 231.600000 -0.553745 -0.533151 2.295354 933.238512
 231.800000 -0.849801 -0.028150 13.565773 1380.311731
 232.000000 -1.213527 0.722547 24.253591 233.792794
 232.200000 -1.345299 1.367872 25.216250 1.012003
 232.400000 -1.379535 1.175313 25.206910 2.280598
 232.600000 -1.414241 0.577278 25.112491 15.416309
 232.800000 -1.051167 0.397285 20.213484 968.527888
 233.000000 -1.414738 0.751177 25.110530 15.689314
 233.200000 -1.577630 1.303639 23.560754 191.287081
 233.400000 -0.672512 1.093437 6.368050 1520.761974
 233.600000 -1.517081 1.399584 24.325000 121.958551
 233.800000 -1.155178 0.569104 23.096921 528.262086
 234.000000 -0.495917 -0.071239 0.572223 821.714680
 234.200000 -0.463153 -0.496598 -0.011150 3.969161
 234.400000 -0.854469 -0.504708 13.703224 1352.381403
 234.600000 -0.870773 -0.178964 14.293852 1273.644898
 234.800000 -0.648710 -0.062315 5.451567 1382.409830
 235.000000 -1.463802 0.833662 24.808800 54.424874
 235.200000 -1.035247 1.302834 19.674186 988.751106
 235.400000 -0.477709 1.452114 0.027840 389.530082
 235.600000 -1.421074 1.879484 25.048161 18.684395
 235.800000 -2.334210 2.340227 24.506469 93.195077
 236.000000 -2.772492 3.112220 23.611834 155.114789
 236.200000 3.003238 -3.023126 3.358071 4037.935004
 236.400000 -2.514890 2.417763 25.420019 5.891138
 236.600000 -1.311576 2.329184 25.075830 15.898681
 236.800000 -0.595017 1.667430 3.553149 1092.763640
 237.000000 -0.657066 1.837795 5.750991 1434.647209
 237.200000 -0.850594 2.125637 13.531843 1366.869654
 237.400000 -0.864442 2.160984 14.037330 1298.664672
 237.600000 -0.985942 2.386200 18.085299 1019.548918
 237.800000 -1.683916 2.029450 22.118262 135.161169
 238.000000 -1.863164 1.716285 21.091233 0.292245
 238.200000 -1.424000 1.419974 25.005807 19.761128
 238.400000 -0.627488 1.038320 4.652162 1264.615062
 238.600000 -1.332894 1.171476 25.115227 4.910111
 238.800000 -1.375819 0.676332 25.138511 1.111324
 239.000000 -0.700147 0.020391 7.437040 1658.223658
 239.200000 -0.817294 -0.674432 12.248152 1534.553888
 239.400000 -0.465419 -0.554381 -0.012053 4.473427
 239.600000 -1.149144 0.585442 22.861124 555.096216
 239.800000 -1.488300 1.407627 24.566144 80.273832
 240.000000 -1.122873 1.390531 22.204256 694.897893
 240.200000 -1.373860 0.882462 25.120763 0.725229
 240.400000 -1.721921 0.729126 21.729494 81.729477
 240.600000 -0.998626 0.888322 18.459217 1010.649274
 240.800000 -1.525640 1.387887 24.180049 127.959647
 241.000000 -1.851835 1.508406 21.119114 0.933046
 241.200000 -1.318365 0.866697 25.040164 12.713884
 241.400000 -1.282384 0.659868 24.851171 49.605230
 241.600000 -1.948716 0.915697 21.227493 9.088165
 241.800000 -0.973612 1.041606 17.653688 1023.199180
 242.000000 -0.590790 1.239804 3.378422 1083.414202
 242.200000 -1.189145 2.111989 23.665288 343.317539
 242.400000 -2.080654 2.629542 22.022420 76.442745
 242.600000 2.958146 2.949188 0.789408 2374.608477
 242.800000 -3.119081 3.111255 13.001430 1944.271697
 243.000000 -3.085844 2.772855 14.356145 1433.307054
 243.200000 -2.883992 2.688959 21.214213 909.659199
 243.400000 -2.323009 -3.032297 24.440347 94.182649
 243.600000 -2.649245 2.386591 24.609031 49.793410
 243.800000 -2.520670 2.169875 25.410829 9.585663
 244.000000 -1.894440 2.922838 21.137085 0.766777
 244.200000 -2.153809 2.704494 22.738237 103.322474
 244.400000 -3.126217 2.301511 12.668084 2090.678361
 244.600000 -2.552574 -2.913025 25.273461 29.784779
 244.800000 2.919287 2.951291 -0.000395 0.010968
 245.000000 -2.958137 2.440332 18.752545 1192.515409
 245.200000 -1.963122 3.085053 21.305953 13.511087
 245.400000 -1.985875 2.801696 21.400870 21.856844
 245.600000 -2.415723 2.069960 25.230205 39.417149
 245.800000 -1.770451 2.363002 21.398513 30.808687
 246.000000 -1.739563 2.800109 21.602830 59.162429
 246.200000 -2.828396 2.547545 22.651812 458.504527
 246.400000 2.989382 3.065481 2.491514 3564.346601
 246.600000 2.959349 3.066683 0.849072 2410.069931
 246.800000 -3.050114 2.681804 15.614409 1183.948427
 247.000000 -2.569450 2.631844 25.176994 40.290607
 247.200000 -2.147365 3.055754 22.689957 101.267625
 247.400000 -2.626892 2.424958 24.771709 53.884705
 247.600000 -2.772577 2.736004 23.584955 157.415249
 247.800000 -2.999880 3.023988 17.312450 1152.536066
 248.000000 2.979468 2.756689 1.916014 3203.460652
 248.200000 -2.370520 2.739850 24.896653 73.684198
 248.400000 -1.794806 2.588722 21.299823 15.726793
 248.600000 -1.801432 2.195181 21.274891 12.681979
 248.800000 -1.875844 2.499057 21.157848 0.033702
 249.000000 -2.247360 2.893311 23.710980 100.970704
 249.200000 -2.648115 2.773027 24.620205 52.229673
 249.400000 -2.922599 2.793702 19.960745 1133.618025
 249.600000 2.880327 2.912972 -0.000000 0.000000
 249.800000 -2.872241 2.744329 21.545705 814.623765
 250.000000 -2.617779 2.747646 24.842865 54.728645
 250.200000 -2.128240 2.788022 22.517155 96.069312
 250.400000 -1.884884 2.341317 21.176099 0.308122
 250.600000 -1.820945 2.092984 21.231179 5.885149
 250.800000 -1.667169 2.341346 22.345729 141.112977
 251.000000 -2.306634 2.572833 24.309159 95.209178
 251.200000 -2.997654 2.943619 17.382375 1163.439037
 251.400000 -2.838391 -3.070598 22.422245 532.274268
 251.600000 -2.805855 2.545457 23.081767 306.491721
 251.800000 -2.326993 2.737691 24.510562 90.876986
 252.000000 -1.956639 2.829838 21.327041 11.645844
 252.200000 -2.154074 2.380507 22.785945 102.020104
 252.400000 -2.222344 2.459212 23.481127 102.661204
 252.600000 -2.221834 2.748583 23.475952 102.700582
 252.800000 -2.629972 2.705734 24.757277 55.265375
 253.000000 3.100912 2.675546 9.686101 3526.864882
 253.200000 2.940318 -3.127975 0.002566 454.074836
 253.400000 -2.637370 2.732625 24.704009 54.840984
 253.600000 -2.220869 2.246668 23.473685 102.588874
 253.800000 -1.738228 2.374056 21.657906 57.158404
 254.000000 -1.936973 2.838607 21.285620 6.815863
 254.200000 -2.866671 2.628237 21.708379 763.612900
 254.400000 -3.130131 -2.960841 12.442823 2169.147231
 254.600000 3.005867 2.761265 3.515221 4033.060794
 254.800000 -2.086831 2.665079 22.157756 76.996705
 255.000000 -1.329034 2.218041 24.933942 9.154455
 255.200000 -1.022609 1.640218 19.068609 978.247492
 255.400000 -1.182110 0.840719 23.351123 375.496797
 255.600000 -1.390228 0.578914 24.958441 2.962823
 255.800000 -0.955773 0.837560 16.947017 1036.106453
 256.000000 -1.360138 1.246716 24.976791 0.275740
 256.200000 -1.145669 0.716413 22.552223 557.236177
 256.400000 -0.611708 -0.200901 3.961645 1209.861455
 256.600000 -0.512446 -0.685360 0.824699 841.981327
 256.800000 -0.559960 -0.177155 2.255252 981.563895
 257.000000 -1.470699 0.971868 24.583658 53.567809
 257.200000 -1.735505 1.521543 21.700216 57.759821
 257.400000 -1.457246 2.318307 24.668789 41.104258
 257.600000 -0.968036 2.836294 17.319776 1024.337627
 257.800000 -0.698320 2.012803 7.240688 1651.286599
 258.000000 -1.162933 1.393214 22.929504 469.313547
 258.200000 -2.123064 0.953493 22.520735 93.573027
 258.400000 -1.243221 0.142290 24.265717 142.576945
 258.600000 -0.498023 -0.379204 0.385251 889.270648
 258.800000 -0.673531 -0.447925 6.241727 1546.349465
 259.000000 -1.885995 0.095863 21.242737 0.421083
 259.200000 -1.821107 1.085795 21.299225 5.282920
 259.400000 -0.647978 1.228487 5.251776 1412.825829
 259.600000 -0.573455 1.884234 2.656983 1036.550508
 259.800000 -1.240986 2.458134 24.226537 149.665619
 260.000000 -2.100696 2.573928 22.316114 83.852111
 260.200000 2.876021 2.730520 -0.000000 0.000000
 260.400000 -2.924454 -3.016822 19.912178 1144.577352
 260.600000 -3.132489 2.610891 12.308738 2216.661627
 260.800000 -2.862382 3.002705 21.828058 721.624525
 261.000000 3.106882 2.952239 10.011782 3336.463743
 261.200000 -3.040535 2.728520 15.904634 1192.331133
 261.400000 -1.812556 2.526229 21.335691 7.502400
 261.600000 -1.274964 1.930643 24.554883 72.031779
 261.800000 -0.598691 0.623343 3.476884 1152.360319
 262.000000 -0.916649 -0.179905 15.611076 1105.833571
 262.200000 -0.854834 -0.331438 13.457880 1322.387960
 262.400000 0.462587 -0.723665 -0.000000 0.000000
