#! FIELDS time phi psi ves.bias ves.force2
#! SET min_phi -pi
#! SET max_phi pi
#! SET min_psi -pi
#! SET max_psi pi
 0.000000 -1.498385 0.273949 25.037724 141.910265
 0.200000 -2.005554 0.890396 21.677980 10.259710
 0.400000 -1.625510 0.911895 23.222899 250.024764
 0.600000 -0.527630 0.828078 -0.012716 7.043469
 0.800000 -2.097111 1.318837 22.051354 30.981057
 1.000000 -1.741853 1.510864 21.612053 93.592871
 1.200000 -0.581794 1.278842 1.785007 1829.377735
 1.400000 -0.857023 1.765916 13.429047 1532.071912
 1.600000 -0.662540 2.133908 5.460158 2107.692805
 1.800000 -0.558012 2.231537 0.809759 1528.972799
 2.000000 -0.864682 1.979329 13.729198 1540.051220
 2.200000 -1.275751 1.124821 25.345290 143.415865
 2.400000 -1.557540 0.463618 24.314568 193.281009
 2.600000 -1.703397 0.874265 22.154133 155.991960
 2.800000 -1.018791 1.241100 19.622513 1032.634807
 3.000000 -1.257788 1.460207 25.110848 198.588632
 3.200000 -1.019075 1.018510 19.705460 1020.173907
 3.400000 -1.411523 0.548331 25.810206 18.874316
 3.600000 -1.411563 0.747763 25.810029 18.906086
 3.800000 -0.668840 1.322144 6.155990 2035.060043
 4.000000 -0.540823 1.949366 0.386613 1646.175978
 4.200000 -1.069480 2.659890 21.245411 743.191018
 4.400000 -2.032201 2.341384 21.955549 7.431468
 4.600000 2.898505 2.695655 -0.000004 0.000001
 4.800000 3.054491 -2.834441 5.571815 3338.311192
 5.000000 -3.128663 2.495394 10.990630 2261.121222
 5.200000 -2.249608 2.130108 22.907396 34.399033
 5.400000 -1.579530 2.633270 24.237011 242.188009
 5.600000 -0.616489 2.458743 3.856470 2208.233691
 5.800000 -0.707841 1.624753 7.945536 1690.970776
 6.000000 -1.131253 1.351129 22.805423 523.444654
 6.200000 -1.532444 0.793645 24.938251 171.674773
 6.400000 -0.869330 0.284094 14.164283 1575.613518
 6.600000 -0.869814 -0.004476 14.183513 1576.697554
 6.800000 -0.630617 -0.135768 4.611958 2159.818970
 7.000000 -0.787022 0.106019 11.015605 1377.503353
 7.200000 -1.428106 0.752065 26.035768 33.752825
 7.400000 -1.661801 1.275341 22.877748 297.383749
 7.600000 -1.530805 1.536030 25.017410 180.887404
 7.800000 -1.090715 1.228692 21.838999 613.665488
 8.000000 -1.382049 0.637555 26.192104 0.587929
 8.200000 -1.048467 0.518561 20.763557 806.449519
 8.400000 -1.335683 1.087984 26.121909 32.520112
 8.600000 -0.916378 1.309960 16.118424 1606.850364
 8.800000 -1.505395 1.111097 25.407660 140.441529
 9.000000 -1.481274 0.714840 25.673233 102.878310
 9.200000 -0.785299 0.778352 11.039717 1335.370731
 9.400000 -0.648687 1.365801 5.646063 2015.802454
 9.600000 -1.115315 2.212041 22.530038 535.032336
 9.800000 -2.000804 2.814581 21.662048 10.438399
 10.000000 2.786191 2.769787 -0.000000 0.000000
 10.200000 3.124666 2.853676 9.327036 2745.194515
 10.400000 -2.575604 2.777287 23.951378 3.806397
 10.600000 -2.253649 2.203100 22.721232 37.258208
 10.800000 -1.242274 2.589198 25.161947 290.590906
 11.000000 -0.530779 2.254251 0.421962 1651.342273
 11.200000 -0.545964 1.386245 1.076338 1738.006064
 11.400000 -1.371804 1.191916 26.473643 0.856243
 11.600000 -1.801368 0.624680 21.232906 29.773930
 11.800000 -1.483114 0.381853 25.840912 121.265212
 12.000000 -1.128344 1.073654 22.910026 508.989528
 12.200000 -0.806107 1.614431 11.822974 1363.080837
 12.400000 -0.515446 1.955200 -0.022823 44.927971
 12.600000 -0.749085 2.401777 9.754698 1320.077303
 12.800000 -0.897987 2.270886 15.423817 1671.538957
 13.000000 -0.628663 1.776804 4.862568 2073.861512
 13.200000 -0.905275 1.572694 15.769816 1666.006804
 13.400000 -1.192843 1.496920 24.329321 409.020291
 13.600000 -1.196664 0.779921 24.406311 402.937010
 13.800000 -1.174338 0.309429 23.948884 435.783683
 14.000000 -0.720785 0.503569 8.768832 1418.427818
 14.200000 -1.450684 0.949039 26.288223 69.489989
 14.400000 -1.549651 1.251319 25.091313 230.373788
 14.600000 -1.115124 0.831882 22.712000 536.363281
 14.800000 -1.589604 0.743800 24.446348 289.820959
 15.000000 -1.485676 1.176294 25.943604 126.405067
 15.200000 -1.057144 1.401507 21.309511 778.993825
 15.400000 -0.981742 1.037077 18.880658 1332.001337
 15.600000 -1.455675 0.985341 26.299161 73.690711
 15.800000 -0.988880 0.445977 19.138506 1277.351080
 16.000000 -1.356170 0.251986 26.598050 11.900241
 16.200000 -1.755511 0.692721 21.637785 169.375423
 16.400000 -0.926261 1.398584 16.792963 1654.847987
 16.600000 -0.449047 1.737404 -0.000000 0.000000
 16.800000 -1.050595 2.226495 21.215197 826.422622
 17.000000 -0.868141 2.471801 14.419473 1620.584135
 17.200000 -0.606198 1.910844 4.077302 2136.657708
 17.400000 -1.170319 1.112876 24.133311 401.313936
 17.600000 -1.860267 0.324363 20.887234 0.973506
 17.800000 -1.780576 0.112303 21.329290 108.957478
 18.000000 -1.733217 0.602153 21.951971 243.402279
 18.200000 -0.930409 1.216392 17.100975 1689.584947
 18.400000 -0.618211 1.721632 4.675573 2089.006180
 18.600000 -0.650269 2.229892 6.109719 1895.965634
 18.800000 -0.825048 2.411092 12.808612 1483.040869
 19.000000 -0.854221 2.203088 13.956915 1615.229384
 19.200000 -0.538512 1.483890 1.139584 1771.125496
 19.400000 -1.110336 1.749982 22.992483 516.456138
 19.600000 -1.578401 1.410563 24.857013 302.179149
 19.800000 -1.587621 0.446166 24.694644 317.862689
 20.000000 -0.566182 -0.124871 2.350718 2036.549791
 20.200000 -0.331789 -0.512017 -0.000000 0.000000
 20.400000 -1.742977 0.270699 21.877258 227.433786
 20.600000 -2.425863 1.145347 23.297472 23.945435
 20.800000 -1.489927 2.112683 26.189363 126.879983
 21.000000 -1.330299 2.880518 26.606255 51.463236
 21.200000 -0.816088 2.407084 12.611066 1463.353091
 21.400000 -0.235444 1.126817 -0.000000 0.000000
 21.600000 -0.966046 1.035133 18.725471 1509.855560
 21.800000 -1.703530 0.741846 22.563675 327.530747
 22.000000 -1.560275 0.609965 25.240621 271.843952
 22.200000 -1.098130 1.116364 22.875715 547.095664
 22.400000 -1.552626 1.729433 25.400062 258.265864
 22.600000 -1.909290 1.679222 20.799833 0.791443
 22.800000 -2.116645 2.218118 21.498467 16.135809
 23.000000 -1.957244 3.077191 20.899890 9.072012
 23.200000 -3.059206 2.771530 13.386833 1586.864471
 23.400000 -3.058508 2.831283 13.414587 1580.146014
 23.600000 -2.054162 3.137762 21.222385 15.436388
 23.800000 -2.059273 2.254714 21.242477 15.464973
 24.000000 -1.946430 1.978651 20.844233 5.812158
 24.200000 -1.724773 2.417229 22.282969 278.648091
 24.400000 -2.375997 2.829269 22.866738 38.055684
 24.600000 2.995759 2.707573 1.936907 2094.109539
 24.800000 -3.029334 3.050584 14.493298 1334.358999
 25.000000 -2.768323 2.844985 21.657361 289.612449
 25.200000 -2.617169 2.538237 23.175667 22.836531
 25.400000 -2.457482 2.563442 23.246847 13.135321
 25.600000 -2.660818 2.742449 22.907981 57.336907
 25.800000 3.001695 2.844675 2.191663 2190.842820
 26.000000 -2.809797 2.922667 20.820420 448.329730
 26.200000 -2.778821 2.773983 21.396353 334.171331
 26.400000 3.093477 2.787046 6.997199 3004.920285
 26.600000 3.041074 2.954304 4.143870 2794.654894
 26.800000 -3.039006 2.788598 14.093370 1402.300329
 27.000000 -2.908460 2.775368 18.297315 805.282093
 27.200000 -2.631433 2.961714 23.059603 31.194213
 27.400000 -2.986182 2.647963 15.926890 1057.058513
 27.600000 -3.137416 2.925399 9.768472 2561.828158
 27.800000 2.921789 2.889938 -0.000388 0.007545
 28.000000 -2.381911 2.549750 22.823580 35.371518
 28.200000 -1.714507 2.487371 22.534812 283.516699
 28.400000 -2.447920 2.163896 23.135981 15.863466
 28.600000 -2.633550 2.790242 23.031530 31.633568
 28.800000 3.118724 3.071853 8.377321 2863.345051
 29.000000 2.983800 2.524685 1.373039 1812.324844
 29.200000 -2.329397 2.891456 22.458781 39.072488
 29.400000 -2.227879 2.643049 21.879904 24.968454
 29.600000 -2.356644 2.388548 22.629243 38.636702
 29.800000 -2.387237 2.933577 22.814367 33.875965
 30.000000 -2.416017 2.960709 22.972186 25.925285
 30.200000 -2.843727 2.509829 19.926001 593.084699
 30.400000 -2.534444 2.855132 23.267930 0.102428
 30.600000 -2.519864 2.870894 23.267618 0.131850
 30.800000 -2.849208 2.428056 19.791455 612.041154
 31.000000 -2.528948 -3.100930 23.268982 0.003933
 31.200000 -2.935957 2.703162 17.429965 838.200249
 31.400000 -2.845100 2.691124 19.881230 601.222012
 31.600000 -2.626908 2.978979 23.026335 25.680123
 31.800000 -2.944481 2.577591 17.181683 858.755480
 32.000000 -2.767310 2.931601 21.531286 304.204430
 32.200000 -3.029046 2.999284 14.502590 1251.439460
 32.400000 -3.089102 2.767277 12.142711 1905.049069
 32.600000 -3.034157 3.061403 14.320299 1293.341222
 32.800000 -2.891832 2.783550 18.679296 738.037110
 33.000000 -2.795710 2.573079 21.006417 413.862944
 33.200000 -2.890187 2.903995 18.748457 736.550298
 33.400000 -2.979399 3.065884 16.164665 964.073728
 33.600000 -2.871779 2.804477 19.239997 688.337284
 33.800000 -2.599616 2.917597 23.151325 12.673910
 34.000000 -2.650187 2.729465 22.904934 40.401381
 34.200000 -2.622680 2.834785 23.063373 20.546313
 34.400000 -2.673704 2.881419 22.755362 60.550636
 34.600000 -2.846036 2.684308 19.939158 612.537900
 34.800000 3.019459 2.851111 3.068652 2551.944467
 35.000000 -3.070510 -3.022016 12.975306 1668.514481
 35.200000 3.122359 2.516061 8.692525 2896.044439
 35.400000 -2.346558 2.873100 22.656545 52.119540
 35.600000 -2.035060 2.770022 20.854189 16.089225
 35.800000 -2.355317 2.321274 22.719070 49.701590
 36.000000 -2.025933 2.712665 20.818471 14.509840
 36.200000 -2.346568 2.956104 22.678189 53.972086
 36.400000 -2.879182 2.601247 19.154075 724.902849
 36.600000 -3.141160 2.995506 9.754908 2674.509997
 36.800000 2.999298 2.950967 2.100114 2186.003765
 37.000000 -3.073410 2.547757 12.918527 1715.108174
 37.200000 -2.864053 3.099252 19.590197 683.448213
 37.400000 3.059091 2.842814 5.220825 3089.213545
 37.600000 3.105412 2.817984 7.815978 3080.242042
 37.800000 -2.585184 2.624488 23.240632 6.292914
 38.000000 -2.797142 2.405626 21.170718 421.949618
 38.200000 -2.909768 3.088853 18.376397 794.850460
 38.400000 3.027515 3.003785 3.535170 2744.437135
 38.600000 -2.467279 2.705074 23.319124 3.359685
 38.800000 -1.888841 2.468678 20.650350 15.901150
 39.000000 -1.831514 2.505825 21.014647 75.614880
 39.200000 -2.289763 2.774620 22.282920 66.275903
 39.400000 -2.847707 2.726750 20.085493 637.213264
 39.600000 -3.066692 3.087601 13.318898 1624.616448
 39.800000 -3.031269 2.920519 14.657046 1256.963980
 40.000000 -2.303910 2.631790 22.398597 67.157563
 40.200000 -1.883055 2.353184 20.633591 20.451135
 40.400000 -1.896584 2.351657 20.579997 11.586266
 40.600000 -2.266860 2.851769 22.110338 64.467535
 40.800000 3.024490 2.855239 3.432394 2741.025798
 41.000000 -2.890707 2.946607 18.983850 761.833127
 41.200000 -2.609714 2.892396 23.247211 8.543463
 41.400000 -2.573059 2.634945 23.334556 3.659695
 41.600000 -2.211658 2.879489 21.703421 48.123415
 41.800000 -2.275556 2.694006 22.194486 68.943658
 42.000000 -2.148188 2.737740 21.307615 32.014818
 42.200000 -2.334821 2.686445 22.720570 64.773677
 42.400000 -2.187481 2.670012 21.554520 43.742716
 42.600000 -2.507791 2.617299 23.426181 0.020634
 42.800000 -2.698093 2.873097 22.804948 77.096508
 43.000000 3.025426 2.705440 3.533016 2797.358567
 43.200000 3.053632 2.868301 5.102287 3165.817473
 43.400000 -2.999694 2.753203 15.874613 1035.148310
 43.600000 -2.778857 2.708172 21.751265 340.524529
 43.800000 -2.437347 2.751933 23.352100 9.664879
 44.000000 -2.524389 2.620599 23.442281 0.359512
 44.200000 -3.039297 2.711083 14.562661 1310.572294
 44.400000 -3.126980 3.031224 10.803473 2501.269753
 44.600000 -2.774536 2.828395 21.866757 323.416202
 44.800000 -2.224725 2.517380 21.870187 63.372923
 45.000000 -2.120421 2.809799 21.143377 37.056586
 45.200000 -2.214312 2.737852 21.814082 63.894603
 45.400000 -2.650131 2.635854 23.232716 20.458939
 45.600000 -2.650938 -3.114081 23.229044 20.954777
 45.800000 3.084966 2.898825 6.967895 3286.435356
 46.000000 -2.884446 2.556649 19.323543 747.449211
 46.200000 -1.900194 2.940782 20.488596 10.887488
 46.400000 -2.237026 2.510830 22.031107 72.959206
 46.600000 -1.979379 2.543673 20.452814 4.551124
 46.800000 -2.354255 2.599567 23.005483 49.089982
 47.000000 -2.217791 3.087698 21.869127 68.699926
 47.200000 -3.056574 2.533849 14.036783 1471.855122
 47.400000 -2.774272 2.879818 22.003005 327.368362
 47.600000 -2.983198 -3.075120 16.533841 949.853767
 47.800000 -2.732205 2.757188 22.650254 160.420897
 48.000000 -1.702473 2.690154 22.486289 255.325238
 48.200000 -1.918061 1.919310 20.422720 3.948547
 48.400000 -1.963066 2.266683 20.404651 1.254020
 48.600000 -2.156931 2.977873 21.438883 62.098015
 48.800000 -2.936697 2.629954 17.957638 842.707244
 49.000000 -3.106802 2.774739 11.946849 2175.654782
 49.200000 -2.860759 3.019071 20.118748 701.034903
 49.400000 3.012009 2.601064 2.999477 2711.903233
 49.600000 -2.110810 2.822480 21.106327 53.592567
 49.800000 -1.980909 2.625155 20.431125 4.888944
 50.000000 -2.156601 2.185262 21.461632 66.394821
 50.200000 -2.362406 2.607020 23.178785 33.878004
 50.400000 -2.254328 -3.118401 22.350570 77.692531
 50.600000 2.960664 2.377300 0.632733 1610.019997
 50.800000 -2.657160 3.044264 23.387598 18.602356
 51.000000 -2.570403 2.929527 23.559796 0.329782
 51.200000 3.067898 2.337215 6.172422 3387.823445
 51.400000 -2.953249 -3.084375 17.587093 876.292441
 51.600000 -3.120805 2.973645 11.385343 2413.039660
 51.800000 -2.617940 2.300573 23.537068 2.965323
 52.000000 -1.682424 2.750619 22.693689 273.050124
 52.200000 -2.222385 2.430785 22.158015 84.397412
 52.400000 -2.707197 2.439404 23.140931 84.565785
 52.600000 -2.525324 2.948098 23.597882 0.095131
 52.800000 -3.013470 2.878693 15.757512 1098.073567
 53.000000 -2.933023 2.723340 18.222876 846.758341
 53.200000 -2.506652 2.855838 23.605309 0.438782
 53.400000 -2.397905 2.623324 23.412578 12.217918
 53.600000 -2.314808 2.530966 22.973994 49.070387
 53.800000 -2.235621 2.846628 22.323483 83.114751
 54.000000 -3.056856 2.585033 14.252568 1475.968318
 54.200000 -3.103558 3.084717 12.316766 2135.077738
 54.400000 -2.751300 2.719964 22.699256 226.808223
 54.600000 -2.240621 2.329997 22.416348 83.128271
 54.800000 -1.566534 2.400569 24.665033 304.692860
 55.000000 -2.216704 2.662832 22.193289 90.328509
 55.200000 2.946490 2.927177 0.121759 1432.770580
 55.400000 -3.111062 2.975133 12.002716 2260.211967
 55.600000 -2.671173 2.630069 23.529751 25.892380
 55.800000 -2.267770 2.777849 22.702467 71.011702
 56.000000 -2.002584 2.656806 20.474299 14.038049
 56.200000 -2.002350 2.332805 20.468060 14.051824
 56.400000 -1.997472 2.554700 20.450575 11.690401
 56.600000 -2.382558 2.841410 23.435347 12.445217
 56.800000 3.027036 2.639056 3.965882 3104.838000
 57.000000 -2.593897 -3.086213 23.733915 0.000106
 57.200000 -2.652921 2.671405 23.692137 11.169278
 57.400000 -2.298138 2.761683 23.027044 49.041441
 57.600000 -2.357949 2.811578 23.364958 18.675118
 57.800000 -2.855691 2.730830 20.587004 692.996078
 58.000000 2.933974 3.000789 -0.017219 10.136317
 58.200000 -2.988669 2.951329 16.784292 982.752918
 58.400000 -2.050198 2.590363 20.728596 49.728315
 58.600000 -1.984078 2.116198 20.407864 6.390046
 58.800000 -1.766016 2.042009 21.377006 117.178085
 59.000000 -2.082424 2.406567 20.985304 77.548842
 59.200000 -2.576993 -3.062716 23.842955 0.771072
 59.400000 -3.030434 2.908560 15.438399 1226.111291
 59.600000 -1.935472 2.678951 20.377381 0.905757
 59.800000 -1.574533 1.808321 24.365531 313.695034
 60.000000 -1.675678 1.205610 22.578266 260.231753
 60.200000 -1.047169 0.525198 21.004925 856.272001
 60.400000 -0.691782 0.000449 7.393324 1394.948487
 60.600000 -0.757664 -0.242901 9.817339 1362.771786
 60.800000 -0.596470 -0.589558 3.635841 1688.292267
 61.000000 -0.357875 -0.584479 -0.000000 0.000000
 61.200000 -0.864208 0.174556 13.961417 1735.360788
 61.400000 -1.612649 1.178150 23.620613 327.735018
 61.600000 -1.206498 1.658331 24.235543 209.260597
 61.800000 -0.533822 1.390431 1.099936 1460.848884
 62.000000 -0.579683 1.683786 2.928675 1671.209139
 62.200000 -0.710032 1.970841 8.012336 1346.517585
 62.400000 -0.789949 2.515012 10.963004 1449.497006
 62.600000 -0.758830 2.182488 9.798408 1360.533195
 62.800000 -0.882134 1.618147 14.680837 1769.909108
 63.000000 -1.228912 1.174315 24.513115 183.212872
 63.200000 -1.608614 0.765254 23.642328 326.197147
 63.400000 -1.134400 0.639508 22.975371 364.016239
 63.600000 -1.114879 0.849674 22.585090 439.042280
 63.800000 -1.570268 1.231187 24.328560 304.347002
 64.000000 -1.010976 1.058349 19.754455 1152.899227
 64.200000 -1.275568 0.953491 25.035446 134.462087
 64.400000 -1.309033 0.734708 25.394577 95.405709
 64.600000 -1.218033 0.828662 24.299200 194.524459
 64.800000 -1.304583 1.128209 25.350486 100.944291
 65.000000 -1.301106 0.986237 25.315181 105.204805
 65.200000 -1.210243 0.802769 24.169614 205.614909
 65.400000 -1.548515 1.138465 24.652149 268.265977
 65.600000 -1.190402 0.865350 23.876150 233.142205
 65.800000 -1.553049 0.775063 24.577244 277.446966
 66.000000 -1.102601 0.814631 22.267314 496.680748
 66.200000 -1.249131 1.146636 24.686263 164.436814
 66.400000 -1.285153 0.971771 25.120108 125.360697
 66.600000 -1.330431 0.792408 25.565089 67.932669
 66.800000 -1.343450 0.945576 25.665307 50.886715
 67.000000 -1.175621 1.023522 23.629530 261.265407
 67.200000 -1.464579 1.051224 25.681978 59.771915
 67.400000 -1.248900 0.837595 24.684103 165.907786
 67.600000 -1.023967 0.780791 20.086430 1046.599089
 67.800000 -1.397108 0.843386 25.897900 1.554258
 68.000000 -0.876243 0.753687 14.320006 1744.345784
 68.200000 -1.285531 1.023646 25.130094 125.427085
 68.400000 -1.394998 0.739497 25.898565 2.224905
 68.600000 -1.031565 0.569320 20.310443 989.628633
 68.800000 -1.319695 0.853555 25.477784 81.700361
 69.000000 -1.018798 1.205214 19.898320 1095.097359
 69.200000 -1.559866 1.261739 24.423217 301.947489
 69.400000 -1.224190 0.708937 24.361997 196.467713
 69.600000 -0.863379 0.388576 13.740212 1714.116065
 69.800000 -1.003146 0.240081 19.348943 1232.166210
 70.000000 -0.762158 0.126376 9.786819 1353.139859
 70.200000 -0.637493 0.070406 5.141302 1530.073939
 70.400000 -1.034715 0.291267 20.385205 977.863363
 70.600000 -1.247128 1.140397 24.681631 170.923674
 70.800000 -0.898185 1.633053 15.179085 1759.677318
 71.000000 -0.615049 1.946545 4.254128 1590.810836
 71.200000 -0.855965 2.375048 13.409344 1686.452241
 71.400000 -0.916692 2.323874 15.940606 1735.819953
 71.600000 -0.747895 1.933334 9.239935 1333.197008
 71.800000 -0.875930 1.747348 14.235811 1736.494202
 72.000000 -0.820672 1.089415 11.987491 1554.477896
 72.200000 -1.738335 0.791583 21.492918 116.671736
 72.400000 -1.577710 0.576747 24.084632 345.718177
 72.600000 -1.260329 0.964419 24.873999 156.105051
 72.800000 -0.750966 1.758528 9.351445 1339.899467
 73.000000 -0.604613 2.236328 3.820032 1604.245330
 73.200000 -0.959146 2.311646 17.659284 1555.743943
 73.400000 -0.549192 1.922542 1.613168 1491.660116
 73.600000 -0.653914 1.748156 5.757556 1481.929987
 73.800000 -0.749055 1.783784 9.284221 1341.496076
 74.000000 -1.264424 1.925573 24.935172 151.328734
 74.200000 -0.553968 1.774902 1.798159 1517.522634
 74.400000 -0.791676 1.863909 10.880634 1444.075987
 74.600000 -0.746037 1.943334 9.182818 1341.818355
 74.800000 -0.494189 1.945120 -0.009981 4.855741
 75.000000 -0.757210 1.954054 9.593107 1356.545167
 75.200000 -0.694477 2.092062 7.307330 1377.381347
 75.400000 -0.986000 2.073891 18.687190 1368.644152
 75.600000 -1.028142 2.148191 20.151134 1044.277952
 75.800000 -0.825618 1.998982 12.212131 1562.568196
 76.000000 -0.731602 2.016205 8.671525 1336.486595
 76.200000 -0.909156 2.111571 15.644529 1709.580834
 76.400000 -0.525472 2.049854 0.730331 1348.294455
 76.600000 -1.641613 1.643938 22.841043 331.123385
 76.800000 -1.939227 0.487107 20.309560 2.327567
 77.000000 -1.461862 -0.394150 25.753902 62.236904
 77.200000 -0.702622 0.237489 7.649039 1369.132545
 77.400000 -0.433947 0.871146 -0.000000 0.000000
 77.600000 -0.851980 1.710222 13.308964 1641.701027
 77.800000 -0.957097 2.632732 17.598681 1536.447907
 78.000000 -0.862937 2.352652 13.754899 1670.186701
 78.200000 -1.169702 1.198463 23.573830 302.767743
 78.400000 -1.795751 0.311426 20.901878 46.372742
 78.600000 -1.969480 -0.182772 20.261811 0.162117
 78.800000 -1.942416 0.396126 20.277315 2.139618
 79.000000 -0.841466 1.162785 12.908238 1607.124606
 79.200000 -0.566168 2.375387 2.330833 1600.957998
 79.400000 -1.074735 2.570132 21.530995 699.108851
 79.600000 -1.118655 1.787503 22.584594 469.890859
 79.800000 -0.744975 0.532582 9.249188 1350.341358
 80.000000 -0.958002 -0.476768 17.663938 1513.668891
 80.200000 -0.583731 -0.477318 3.052023 1642.988809
 80.400000 -0.545652 0.128666 1.532674 1509.901623
 80.600000 -1.807637 0.644563 20.809896 37.553236
 80.800000 -2.136453 0.938976 21.584023 206.738563
 81.000000 -0.667095 0.917362 6.372232 1471.998897
 81.200000 -1.521315 1.085851 25.041538 246.998033
 81.400000 -1.790943 1.124428 20.910218 46.674449
 81.600000 -1.255106 0.616031 24.864376 161.756530
 81.800000 -1.310856 0.850700 25.489603 90.723645
 82.000000 -2.119674 1.037708 21.336815 191.658920
 82.200000 -1.561451 1.235134 24.337246 360.265256
 82.400000 -0.582142 0.696687 3.021896 1646.972776
 82.600000 -1.635635 0.782397 22.883484 356.986288
 82.800000 -1.764772 0.916260 21.101886 70.063481
 83.000000 -0.824228 0.820045 12.332159 1555.927656
 83.200000 -1.338417 1.119436 25.727533 52.835289
 83.400000 -1.571287 0.902299 24.148563 378.631660
 83.600000 -0.927535 0.666685 16.539297 1605.207754
 83.800000 -1.244032 0.735611 24.734170 174.306737
 84.000000 -1.348937 0.903252 25.799081 39.960857
 84.200000 -0.897785 1.111785 15.357730 1659.880079
 84.400000 -1.258498 1.361689 24.931376 154.627008
 84.600000 -1.448036 0.847321 25.857982 36.513630
 84.800000 -1.185778 0.646972 23.886325 270.680754
 85.000000 -1.391596 1.114095 25.976804 2.646651
 85.200000 -1.259761 1.246046 24.967072 152.035806
 85.400000 -1.189993 0.784767 23.973768 264.271645
 85.600000 -1.190704 0.486121 23.985308 262.804762
 85.800000 -1.153556 0.850056 23.336101 354.749302
 86.000000 -1.311216 1.146690 25.524593 84.612461
 86.200000 -0.831550 0.626942 12.724077 1584.063927
 86.400000 -1.196210 0.491335 24.104854 255.175173
 86.600000 -1.111082 0.825955 22.476979 517.079330
 86.800000 -1.370267 1.276646 25.938703 14.289261
 87.000000 -1.545647 1.119194 24.633807 322.494222
 87.200000 -1.113076 0.593207 22.544688 516.331953
 87.400000 -0.882143 0.445579 14.790693 1653.764150
 87.600000 -0.867048 0.191510 14.177060 1648.728321
 87.800000 -0.837410 0.401453 12.981014 1601.327667
 88.000000 -1.050336 0.623715 20.922059 848.721882
 88.200000 -1.311160 0.962987 25.606837 74.248146
 88.400000 -1.172699 0.944279 23.778361 318.437234
 88.600000 -1.409389 0.866976 26.015161 1.406400
 88.800000 -1.313947 0.887813 25.630562 70.682307
 89.000000 -1.142544 0.875201 23.204645 410.181015
 89.200000 -1.595880 1.110787 23.668856 403.620838
 89.400000 -1.062811 0.825846 21.318908 782.545184
 89.600000 -1.384897 0.868439 26.024903 2.500510
 89.800000 -1.446481 0.872801 25.889631 38.728883
 90.000000 -1.115183 1.006690 22.647347 521.577641
 90.200000 -1.506139 1.279899 25.288515 200.359607
 90.400000 -1.338304 0.693750 25.869597 36.730311
 90.600000 -0.789458 0.162428 11.167861 1502.906286
 90.800000 -0.553543 -0.024004 1.965931 1583.716377
 91.000000 -0.457246 -0.340411 -0.000002 0.000000
 91.200000 -0.709694 -0.065109 8.156912 1426.899890
 91.400000 -0.738876 0.042613 9.257710 1426.271538
 91.600000 -0.816752 0.442497 12.263959 1576.246736
 91.800000 -1.766017 1.062942 21.047331 70.157759
 92.000000 -1.451614 1.409128 25.887571 51.101453
 92.200000 -0.911368 1.032274 16.110553 1592.671517
 92.400000 -1.434284 0.770353 26.008680 24.291738
 92.600000 -1.942483 0.777922 20.124061 6.303718
 92.800000 -1.175200 0.756419 23.978641 327.069286
 93.000000 -0.966048 1.020194 18.220987 1363.538568
 93.200000 -1.476260 1.458034 25.696706 113.797908
 93.400000 -1.544473 0.970922 24.688577 334.056333
 93.600000 -0.931314 0.219442 16.928747 1520.186465
 93.800000 -0.530045 -0.008561 1.082863 1452.099429
 94.000000 -0.752377 -0.161427 9.812297 1460.492826
 94.200000 -0.607860 -0.622324 4.213787 1646.294749
 94.400000 -0.519610 -0.433272 0.701608 1387.659019
 94.600000 -0.842142 0.218365 13.376026 1637.913720
 94.800000 -1.739781 1.037517 21.274518 111.370004
 95.000000 -1.483102 1.936330 25.635699 135.171395
 95.200000 -1.945913 2.608994 20.071069 6.281618
 95.400000 -2.967219 2.944627 17.451136 904.878771
 95.600000 3.059890 3.009465 5.764260 3573.218546
 95.800000 -2.769808 2.921014 22.689988 362.054277
 96.000000 -1.713339 2.475530 21.584014 171.745199
 96.200000 -1.858744 1.865103 20.426121 26.639488
 96.400000 -1.574897 1.010542 24.128650 410.725623
 96.600000 -0.456214 -0.126410 -0.000002 0.000000
 96.800000 -0.482892 -0.814770 -0.002295 0.355547
 97.000000 -0.528565 -0.365587 1.066163 1451.402801
 97.200000 -0.931369 0.615061 17.040777 1490.624071
 97.400000 -1.470796 1.391748 25.809289 103.222785
 97.600000 -1.145939 0.959277 23.572167 447.545272
 97.800000 -1.408751 0.913039 26.187470 4.724875
 98.000000 -1.808943 0.912021 20.704975 39.895516
 98.200000 -0.816548 1.043364 12.463760 1617.707240
 98.400000 -1.739099 1.161135 21.282139 116.492717
 98.600000 -1.647765 0.911785 22.661096 363.621669
 98.800000 -1.227537 0.810053 25.039546 199.296643
 99.000000 -0.951218 0.869286 17.821712 1397.124208
 99.200000 -1.768806 1.024001 21.002570 72.837572
 99.400000 -1.477075 0.806230 25.766544 124.032006
 99.600000 -0.758376 0.667511 10.187847 1518.918984
 99.800000 -1.613782 0.915813 23.348635 424.688437
 100.000000 -1.455970 0.929115 25.972506 70.148750
 100.200000 -0.833372 0.846984 12.932124 1645.968368
 100.400000 -1.620943 1.148670 22.943483 415.293301
 100.600000 -1.524189 0.852467 24.845007 279.689178
 100.800000 -0.913346 0.657196 16.152261 1539.846989
 101.000000 -1.519506 0.834333 24.922208 263.849458
 101.200000 -1.516211 0.963604 24.991637 253.174916
 101.400000 -1.352770 1.017666 25.973162 10.730577
 101.600000 -1.215739 0.690596 24.697379 233.377800
 101.800000 -1.496887 0.853310 25.278285 188.061654
 102.000000 -1.024073 0.934702 20.148527 1010.101806
 102.200000 -1.487816 1.041646 25.421017 159.981483
 102.400000 -1.097155 0.865953 22.280718 670.250697
 102.600000 -1.163745 0.738159 23.814338 403.687452
 102.800000 -1.538618 0.913854 24.631990 326.919355
 103.000000 -1.650645 1.158107 22.396358 356.719141
 103.200000 -0.843757 1.203506 13.448742 1662.152323
 103.400000 -1.407885 1.104931 26.058410 7.280125
 103.600000 -1.641658 0.893098 22.591438 381.066468
 103.800000 -1.381402 0.788256 26.090454 0.053569
 104.000000 -1.294492 0.984944 25.706578 69.499297
 104.200000 -1.788320 1.296911 20.608669 65.837938
 104.400000 -1.206371 1.217499 24.667879 265.465469
 104.600000 -1.413459 0.675473 26.073470 11.470809
 104.800000 -0.944671 0.475512 17.474956 1394.660727
 105.000000 -1.263393 0.682438 25.445827 121.743129
 105.200000 -1.568321 1.097846 24.148253 405.860266
 105.400000 -1.523107 1.182592 24.990677 279.310384
 105.600000 -0.766465 0.808693 10.374972 1584.904318
 105.800000 -1.840147 0.901294 20.232072 44.615715
 106.000000 -1.860787 0.811670 20.097661 40.367965
 106.200000 -1.200330 0.700918 24.648676 289.813397
 106.400000 -0.692240 0.713919 7.477832 1523.961434
 106.600000 -1.731319 1.158131 21.201225 153.379925
 106.800000 -1.366756 0.895506 26.188803 2.373051
 107.000000 -1.011575 0.581154 19.878526 1066.155601
 107.200000 -1.625124 0.885511 23.030143 424.976739
 107.400000 -1.263821 1.278888 25.578916 121.632026
 107.600000 -1.175481 1.141378 24.232437 379.354391
 107.800000 -1.803754 1.038722 20.499348 63.519184
 108.000000 -1.392578 0.771583 26.232572 1.423992
 108.200000 -0.817647 0.344984 12.517484 1691.942529
 108.400000 -0.740197 -0.039422 9.385265 1568.929828
 108.600000 -0.510482 -0.461940 0.264253 1610.347511
 108.800000 -0.561029 -0.525911 2.245003 1626.605621
 109.000000 -0.698046 -0.218725 7.728142 1532.882517
 109.200000 -0.908386 0.478397 16.239705 1543.605419
 109.400000 -1.666355 1.199753 22.278235 341.252685
 109.600000 -1.841228 1.429647 20.218253 54.136728
 109.800000 -1.571179 1.411007 24.223252 417.147946
 110.000000 -0.876408 0.369647 14.960660 1648.822871
 110.200000 -0.845488 -0.264825 13.723651 1708.095491
 110.400000 -0.564041 -0.503226 2.398632 1633.202336
 110.600000 -1.033741 0.093453 20.699277 961.777928
 110.800000 -1.242638 0.960861 25.443356 171.676662
 111.000000 -1.179870 1.704347 24.426583 371.606525
 111.200000 -0.812927 2.126372 12.402574 1717.540336
 111.400000 -0.792099 2.495446 11.542286 1691.714021
 111.600000 -0.952401 2.192795 17.979813 1341.020907
 111.800000 -0.345625 1.713445 -0.000000 0.000000
 112.000000 -0.824515 1.653352 12.883324 1723.605982
 112.200000 -0.632449 1.737341 5.201655 1596.319425
 112.400000 -0.580212 1.679983 3.091610 1650.179741
 112.600000 -1.087465 2.188727 22.329267 743.436826
 112.800000 -0.822901 2.044483 12.847309 1733.316383
 113.000000 -0.694182 1.875599 7.639452 1543.498548
 113.200000 -0.551506 1.817242 1.953347 1605.493169
 113.400000 -1.191415 1.681059 24.757132 333.778582
 113.600000 -0.568878 1.444806 2.654116 1643.374582
 113.800000 -1.326145 1.337278 26.312923 25.943606
 114.000000 -1.105226 0.670458 22.835537 674.360097
 114.200000 -1.641784 0.584586 22.889102 419.538556
 114.400000 -1.095212 0.961445 22.607656 715.763781
 114.600000 -1.261644 1.572447 25.827462 123.842817
 114.800000 -0.825468 1.192748 13.022495 1749.030022
 115.000000 -1.544344 0.757570 24.910575 353.707842
 115.200000 -1.692740 0.468348 21.946494 289.517471
 115.400000 -1.813627 0.736237 20.444477 82.588933
 115.600000 -0.751199 0.855701 9.982519 1642.169660
 115.800000 -1.073258 1.435385 22.039563 803.943301
 116.000000 -1.357823 1.370428 26.492924 4.060139
 116.200000 -1.236479 0.634862 25.600719 184.922452
 116.400000 -0.781146 0.237709 11.237802 1718.001460
 116.600000 -0.694064 0.267773 7.727886 1553.261357
 116.800000 -0.919049 0.023041 16.912748 1494.987438
 117.000000 -0.548113 -0.097601 1.883597 1607.055329
 117.200000 -0.681973 0.057328 7.276626 1551.447038
 117.400000 -0.873805 0.083030 15.146052 1685.151717
 117.600000 -0.765181 0.227534 10.610399 1692.030564
 117.800000 -0.690079 -0.096500 7.596050 1554.328717
 118.000000 -0.494148 -0.283822 -0.026943 3.673382
 118.200000 -0.712500 -0.164626 8.515409 1581.856829
 118.400000 -0.677673 0.007998 7.138518 1553.634261
 118.600000 -0.859958 0.647860 14.615613 1726.819396
 118.800000 -1.466726 1.458744 26.168829 104.198018
 119.000000 -1.957524 1.456208 19.384102 12.349751
 119.200000 -1.779311 1.449935 20.808508 122.436891
 119.400000 -1.000806 0.792958 19.953622 1086.132763
 119.600000 -0.748674 -0.100588 10.005742 1662.809252
 119.800000 -0.421480 -0.809951 -0.000000 0.000000
 120.000000 -0.799405 -0.209377 12.110368 1768.988153
 120.200000 -1.143675 0.703240 24.048563 541.166190
 120.400000 -1.778253 1.407363 20.827051 126.637235
 120.600000 -2.008128 1.943186 19.304862 5.169846
 120.800000 -2.065842 2.882649 19.658214 96.398937
 121.000000 -2.865152 2.953180 19.520118 774.046237
 121.200000 3.122227 2.728142 8.570092 3260.310691
 121.400000 3.037277 3.070087 3.612388 3107.413500
 121.600000 3.040881 3.013709 3.814288 3167.842015
 121.800000 -2.313303 2.483065 22.455000 12.193060
 122.000000 -1.673960 2.302899 22.395692 361.734788
 122.200000 -2.001574 2.054298 19.257875 1.642514
 122.400000 -2.016437 2.680567 19.291705 10.764780
 122.600000 -2.532831 -3.079114 22.789731 13.492472
 122.800000 2.937421 2.440383 -0.000348 0.007709
 123.000000 -2.347924 2.835913 22.510935 1.976410
 123.200000 -2.101236 2.779642 20.011975 174.941488
 123.400000 -2.018182 2.225155 19.282535 12.111339
 123.600000 -1.757874 2.313333 21.099769 161.722640
 123.800000 -2.245216 2.519456 21.968043 91.856020
 124.000000 -3.100992 2.979704 11.676790 2227.115318
 124.200000 -3.139431 2.959362 9.702192 2929.174431
 124.400000 -2.832167 2.643751 20.306725 690.320803
 124.600000 -2.815402 2.634168 20.736602 622.429392
 124.800000 2.958250 2.838837 -0.027735 0.664309
 125.000000 2.930202 2.886857 -0.000051 0.000149
 125.200000 -2.068034 2.600952 19.595295 98.157980
 125.400000 -1.549561 2.179235 25.065875 374.491525
 125.600000 -2.065780 2.048948 19.573253 93.016532
 125.800000 -1.876472 3.003616 19.865065 81.639868
 126.000000 -2.639212 2.899995 22.992037 0.315358
 126.200000 3.072842 2.454686 5.577601 3468.708898
 126.400000 -2.783338 3.040671 21.436938 457.836076
 126.600000 2.979616 2.607473 0.691134 1770.101986
 126.800000 -2.724049 2.770255 22.450780 155.652595
 127.000000 -1.757354 2.911104 21.136954 170.068918
 127.200000 -2.082760 2.059551 19.732142 129.544109
 127.400000 -2.021785 2.022862 19.257127 14.537798
 127.600000 -1.796704 2.581139 20.670129 125.412577
 127.800000 -2.563565 2.804772 22.782775 13.303835
 128.000000 -3.127060 2.800462 10.301703 2696.398066
 128.200000 -2.976578 2.922075 16.142199 880.459628
 128.400000 -2.740886 2.692260 22.174397 228.620989
 128.600000 -2.726449 2.842640 22.376020 163.955779
 128.800000 -2.385112 2.852705 22.402306 0.192822
 129.000000 -2.452602 2.565743 22.444664 1.632010
 129.200000 -2.151506 2.815813 20.647947 215.466141
 129.400000 -2.162382 2.526529 20.807151 212.241119
 129.600000 -2.119874 2.686461 20.190701 195.263408
 129.800000 -2.008880 2.543498 19.210816 3.990417
 130.000000 -2.073660 2.639325 19.618653 106.231949
 130.200000 -2.463714 2.735339 22.422914 2.708275
 130.400000 3.002274 2.853406 1.676681 2288.074191
 130.600000 3.053970 2.976931 4.427769 3282.554044
 130.800000 3.066699 2.855688 5.164229 3402.535841
 131.000000 3.084734 2.940111 6.222747 3465.317108
 131.200000 3.010590 2.959619 2.079212 2482.636436
 131.400000 3.050250 2.778365 4.209694 3229.038594
 131.600000 -2.347254 3.016026 22.306689 2.305237
 131.800000 -2.314175 2.464019 22.228258 11.342753
 132.000000 -1.920612 2.365565 19.487968 52.615395
 132.200000 -2.189173 2.597769 21.152776 176.608147
 132.400000 -2.514297 3.001943 22.510304 9.921096
 132.600000 2.963625 2.729811 0.018165 579.550447
 132.800000 -2.739879 2.985794 22.109977 220.283785
 133.000000 -2.255916 2.589331 21.881875 66.216387
 133.200000 -2.065576 2.356692 19.536160 85.334123
 133.400000 -1.616735 2.724268 23.766265 471.569167
 133.600000 3.115507 2.487853 7.993625 3259.062741
 133.800000 2.933304 -2.992638 -0.000077 0.000352
 134.000000 3.100593 3.005451 7.133351 3384.026928
 134.200000 -2.821927 2.330153 20.387262 641.848952
 134.400000 -1.779926 2.933206 20.900716 155.478392
 134.600000 -2.609243 2.386413 22.776306 3.376660
 134.800000 -3.033772 2.636299 14.203552 1228.215968
 135.000000 3.075851 -3.028483 5.686541 3409.689574
 135.200000 3.113325 2.897748 7.863299 3253.527857
 135.400000 -2.130459 2.516134 20.311554 193.015208
 135.600000 -1.839381 2.233163 20.228921 109.439610
 135.800000 -1.959638 2.428042 19.266178 15.238432
 136.000000 -2.873190 2.822397 18.990034 788.911959
 136.200000 -3.086382 -3.116131 12.118170 1905.593332
 136.400000 -2.589848 2.777248 22.694862 8.074145
 136.600000 -2.099743 2.361360 19.903462 150.426768
 136.800000 -1.846832 2.301479 20.154604 105.849811
 137.000000 -2.285840 2.644313 22.031261 28.813109
 137.200000 -2.814014 3.018429 20.541405 605.666223
 137.400000 3.075052 2.961741 5.650438 3382.390542
 137.600000 -2.699817 2.703265 22.490660 70.500505
 137.800000 -2.848611 2.440285 19.641248 738.402879
 138.000000 -2.558205 2.911523 22.573474 12.584818
 138.200000 -2.905045 2.810829 18.041959 819.872816
 138.400000 -2.935487 2.906785 17.167601 830.657947
 138.600000 3.000529 2.896076 1.613891 2258.635791
 138.800000 -2.518637 2.941429 22.422633 10.111024
 139.000000 -1.854907 2.374143 20.080599 101.270177
 139.200000 -2.034864 1.908625 19.320066 27.296471
 139.400000 -1.938898 2.244924 19.384553 33.807530
 139.600000 -2.169883 2.984070 20.839194 184.461635
 139.800000 -3.129249 2.750370 10.063935 2611.091149
 140.000000 -2.960289 3.068395 16.436234 855.980779
 140.200000 -1.753888 2.851810 21.279991 199.850449
 140.400000 -2.144481 1.571936 20.485512 189.629835
 140.600000 -1.277565 0.972118 26.677647 68.392328
 140.800000 -1.034413 0.167528 21.443749 935.726711
 141.000000 0.491488 -1.078890 -0.000000 0.000000
