#! FIELDS time phi psi ves.bias ves.force2
#! SET min_phi -pi
#! SET max_phi pi
#! SET min_psi -pi
#! SET max_psi pi
 0.000000 -1.498385 0.273949 23.369432 70.063852
 0.200000 -0.641402 0.218748 2.949156 2128.913838
 0.400000 -1.272190 0.560729 23.545514 99.985040
 0.600000 -1.197212 0.812772 22.503578 307.268912
 0.800000 -1.427022 1.280563 23.845391 22.592427
 1.000000 -1.063796 0.913065 19.424090 812.237346
 1.200000 -1.707323 0.798768 20.767582 150.979354
 1.400000 -0.933874 0.623888 15.155528 1521.722496
 1.600000 -0.701201 0.474530 5.837829 2069.712121
 1.800000 -1.288389 0.723319 24.178339 71.820738
 2.000000 -1.727882 0.805870 20.523066 131.138080
 2.200000 -1.056442 0.866958 19.684153 873.905493
 2.400000 -1.108266 1.023215 21.080266 600.604524
 2.600000 -1.563688 1.088078 22.768059 141.221476
 2.800000 -1.259323 0.676685 23.916144 150.294628
 3.000000 -0.936398 0.345763 15.434701 1572.840135
 3.200000 -0.527772 -0.128515 -0.000001 0.000000
 3.400000 -0.616770 -0.385931 1.909430 1966.749207
 3.600000 -0.648756 -0.391481 3.366862 2153.618595
 3.800000 -0.545934 0.145380 -0.000160 0.002091
 4.000000 -1.655957 1.092874 21.625531 224.449813
 4.200000 -1.942152 2.023653 19.476590 6.288819
 4.400000 -1.892489 2.972339 19.402903 0.054187
 4.600000 3.088355 3.036315 6.239102 3144.889834
 4.800000 -3.002418 2.769363 15.270159 1320.456328
 5.000000 -1.890083 2.861094 19.402521 0.007160
 5.200000 -1.777388 2.263088 19.972793 95.818987
 5.400000 -2.090744 1.802802 20.157343 51.891962
 5.600000 -1.850161 2.023420 19.514924 8.749032
 5.800000 -1.883430 2.711625 19.458003 0.339619
 6.000000 -2.987495 2.651917 15.751735 1247.667908
 6.200000 -2.756406 3.049209 21.547639 194.979924
 6.400000 -2.522985 2.737431 23.097259 1.785678
 6.600000 -2.566411 2.454863 23.083701 3.972432
 6.800000 -1.865591 2.967555 19.641810 4.764767
 7.000000 -2.261048 2.476107 21.613045 60.143379
 7.200000 -2.587678 2.450484 23.040915 13.161793
 7.400000 -2.394660 3.011678 22.505436 42.075879
 7.600000 -2.545531 2.613805 23.125585 0.126405
 7.800000 -2.640784 2.140022 22.751483 50.735921
 8.000000 -1.851878 2.929816 19.807512 9.039426
 8.200000 -2.608683 2.510179 22.993659 26.002371
 8.400000 -2.897094 2.502731 18.523859 837.122013
 8.600000 -2.964663 -3.114941 16.396595 1139.892530
 8.800000 3.035381 2.765148 3.251989 2705.903132
 9.000000 -2.686078 2.921187 22.422999 91.278019
 9.200000 -2.570078 2.644302 23.177785 5.643416
 9.400000 -2.952445 2.694753 16.768182 1115.922213
 9.600000 2.942972 3.032926 -0.001160 0.087698
 9.800000 3.115026 2.861024 7.604253 2921.622967
 10.000000 -2.949659 2.758558 16.861021 1105.251001
 10.200000 -2.856240 2.979968 19.695263 671.451032
 10.400000 2.967417 2.828635 0.202662 1681.764776
 10.600000 -2.794780 2.945430 21.075208 358.332330
 10.800000 -2.823975 2.710141 20.473677 496.890707
 11.000000 -2.928999 2.657182 17.562270 1036.494181
 11.200000 2.960206 2.973363 -0.008523 208.762113
 11.400000 2.945842 2.891510 -0.003313 0.691832
 11.600000 3.106670 2.854304 7.196184 2953.502679
 11.800000 -2.230652 2.971917 21.232150 90.243973
 12.000000 -2.092761 2.289502 20.086406 30.392183
 12.200000 -1.805262 2.322682 20.159122 19.076028
 12.400000 -2.321916 2.633458 22.055454 79.673011
 12.600000 -2.624042 3.001389 23.158119 28.185391
 12.800000 -3.120971 2.896990 10.128672 2356.496714
 13.000000 3.135472 2.655335 8.788003 2666.678017
 13.200000 -2.150305 3.102449 20.437378 62.893092
 13.400000 -1.851637 2.397876 20.019885 4.387099
 13.600000 -1.843941 2.142823 20.036988 5.552491
 13.800000 -2.066819 2.356198 19.965913 9.930968
 14.000000 -2.227775 2.925370 21.145084 96.417136
 14.200000 -2.864925 2.697096 19.710019 762.050095
 14.400000 3.058357 2.707272 4.749061 2943.065155
 14.600000 -2.745475 -2.992363 22.155635 184.989528
 14.800000 -2.295271 2.584346 21.795355 95.339541
 15.000000 -1.831626 2.343967 20.105569 6.411089
 15.200000 -1.730148 2.183160 20.662190 75.270586
 15.400000 -1.943749 2.319957 20.008727 0.728071
 15.600000 -2.589037 2.846947 23.404463 7.511117
 15.800000 -3.062818 3.135011 12.858257 1710.280862
 16.000000 -2.955994 2.750748 16.872886 1202.611473
 16.200000 -2.408914 2.611253 22.858457 60.941533
 16.400000 -2.014566 2.718877 20.002125 0.113119
 16.600000 -2.309911 2.286970 21.969000 97.543688
 16.800000 -2.197041 2.629586 20.831193 89.300464
 17.000000 -2.292203 2.925275 21.792158 101.765250
 17.200000 -2.927362 2.467051 17.922297 1077.150547
 17.400000 3.103102 3.008304 7.329792 2894.149533
 17.600000 2.951195 3.071354 -0.026665 4.617687
 17.800000 -2.640514 2.326703 23.236377 33.979688
 18.000000 -1.272605 2.378106 23.764747 116.913821
 18.200000 -0.688762 1.955296 5.125182 1784.630917
 18.400000 -1.014464 1.973809 17.908328 1205.483102
 18.600000 -1.337569 1.619457 24.169153 8.223832
 18.800000 -0.722548 0.811282 6.523619 1640.211052
 19.000000 -1.565868 0.715452 22.547927 152.981494
 19.200000 -1.228498 0.750799 23.098171 237.600555
 19.400000 -0.721244 1.285586 6.441655 1637.756228
 19.600000 -1.170469 2.330047 22.064038 402.433107
 19.800000 -0.565658 2.704821 -0.006072 250.945878
 20.000000 -0.689493 1.779798 5.130213 1772.712476
 20.200000 -1.544325 1.146369 22.760074 136.371683
 20.400000 -1.473131 0.064961 23.519739 88.230365
 20.600000 -0.880871 -0.214053 12.638506 1615.946930
 20.800000 -0.434615 -0.164433 -0.000000 0.000000
 21.000000 -1.271669 0.171857 23.645359 120.522189
 21.200000 -1.688888 0.922878 21.005876 117.539419
 21.400000 -0.755757 1.511603 7.777733 1478.841388
 21.600000 -0.639043 2.114390 2.984683 1835.520271
 21.800000 -1.039634 2.567200 18.677907 1023.160894
 22.000000 -1.571339 2.010156 22.430941 143.972521
 22.200000 -1.720299 1.173428 20.689251 82.618169
 22.400000 -0.604669 0.131192 1.565732 1709.890881
 22.600000 -0.446706 -0.719985 -0.000000 0.000000
 22.800000 -1.189587 -0.214110 22.370510 351.148378
 23.000000 -0.861785 0.806052 11.832379 1572.718340
 23.200000 -0.566645 1.802814 0.073629 1192.782963
 23.400000 -1.043741 2.405591 18.785310 987.870612
 23.600000 -0.525756 2.352515 -0.000004 0.000001
 23.800000 -1.595989 1.089401 22.151847 148.567659
 24.000000 -0.708948 -0.709381 5.972697 1597.081450
 24.200000 -0.573639 -0.519324 0.394464 1635.374744
 24.400000 -1.559728 0.919111 22.587424 125.667856
 24.600000 -2.105542 2.232978 20.175754 18.210962
 24.800000 -2.619070 -2.903785 23.401295 15.193454
 25.000000 2.950594 2.877833 -0.027250 4.188053
 25.200000 -2.103022 2.356257 20.151606 16.244999
 25.400000 -1.461616 2.409201 23.537556 64.336142
 25.600000 -1.202706 2.212836 22.572025 314.503673
 25.800000 -0.702891 2.010775 5.800753 1581.777952
 26.000000 -0.841476 1.921282 11.025863 1492.273619
 26.200000 -0.937641 1.952862 14.893821 1641.980482
 26.400000 -0.597552 1.886752 1.448170 1717.237028
 26.600000 -0.626135 1.920770 2.654037 1818.155929
 26.800000 -0.837677 1.828999 10.880827 1467.511446
 27.000000 -0.631941 1.898037 2.901745 1821.012890
 27.200000 -0.810492 2.003024 9.882492 1360.736014
 27.400000 -0.970596 2.253848 16.212906 1489.156637
 27.600000 -0.700767 2.302316 5.818644 1548.410960
 27.800000 -0.741852 1.910503 7.381510 1363.397053
 28.000000 -0.776311 1.836659 8.637085 1310.064330
 28.200000 -0.850064 1.529534 11.416876 1484.943918
 28.400000 -1.157939 1.246834 21.660664 438.723748
 28.600000 -1.505843 0.661514 23.127985 82.101300
 28.800000 -0.741777 0.526631 7.451267 1341.608438
 29.000000 -1.032650 0.462121 18.421023 1025.092006
 29.200000 -0.958257 0.471777 15.771046 1523.409202
 29.400000 -1.451446 1.123827 23.565846 53.157588
 29.600000 -0.793552 1.384130 9.381005 1280.990963
 29.800000 -1.400828 1.472219 23.871301 19.786450
 30.000000 -1.256470 0.789964 23.352223 160.338073
 30.200000 -1.155149 0.305700 21.597528 442.140347
 30.400000 -1.332491 0.481050 23.952299 7.931346
 30.600000 -1.620116 0.926559 21.872450 167.159877
 30.800000 -0.805955 1.343264 9.881003 1292.108469
 31.000000 -0.713038 2.069835 6.526654 1451.186370
 31.200000 -0.973183 2.618353 16.401430 1416.119308
 31.400000 -0.482016 2.002992 -0.000000 0.000000
 31.600000 -0.736896 1.595464 7.481764 1323.438030
 31.800000 -1.578767 0.761198 22.385390 134.829374
 32.000000 -0.474109 -0.213860 -0.000000 0.000000
 32.200000 -0.502517 -0.513748 -0.000000 0.000000
 32.400000 -1.397191 0.173337 23.905529 18.119963
 32.600000 -1.882309 1.072616 20.118533 2.812182
 32.800000 -0.989435 1.421735 17.031294 1292.985159
 33.000000 -0.886123 1.998168 13.009187 1561.634127
 33.200000 -0.731198 2.596886 7.417307 1330.758381
 33.400000 -1.729389 2.389420 20.477471 96.606446
 33.600000 -2.363149 2.223599 22.441508 32.387414
 33.800000 -2.972795 3.044838 16.454276 1243.122523
 34.000000 2.941301 -2.919038 -0.004749 1.483768
 34.200000 -3.117201 2.433035 10.473454 2306.430615
 34.400000 -2.246493 2.751087 21.391949 146.235600
 34.600000 -1.435485 2.592082 23.700501 43.584849
 34.800000 -2.048005 2.101822 19.899478 2.216016
 35.000000 -2.367667 1.821765 22.441736 29.487366
 35.200000 -1.765101 2.838280 20.162351 37.748829
 35.400000 -2.096995 2.936366 19.906241 9.563486
 35.600000 -2.587341 2.286229 23.232924 0.384782
 35.800000 -2.824967 2.888036 20.622417 450.823570
 36.000000 3.065597 -2.971738 5.248877 2877.455873
 36.200000 3.039754 2.321473 3.866215 2715.447704
 36.400000 -2.448479 2.471144 22.780794 20.286804
 36.600000 -1.799780 2.953871 20.010675 4.805689
 36.800000 -2.117279 2.302436 19.973569 30.371874
 37.000000 -2.675090 2.122903 22.808204 71.898580
 37.200000 -2.381733 -3.054016 22.460436 22.824988
 37.400000 3.088690 2.583382 6.463675 2873.804852
 37.600000 -2.344230 2.871277 22.258227 38.326415
 37.800000 -1.576657 2.573646 22.464835 135.632846
 38.000000 -1.638555 1.998123 21.652030 203.300665
 38.200000 -2.020674 0.823711 19.899450 10.012560
 38.400000 -0.565311 -0.114790 0.657522 1853.017342
 38.600000 -0.220364 -0.732136 -0.000000 0.000000
 38.800000 -0.511660 -0.781655 -0.000001 0.000000
 39.000000 -0.864661 -0.263893 12.407094 1421.558076
 39.200000 -0.914129 0.680824 14.332423 1509.227820
 39.400000 -1.263943 1.546846 23.500432 139.157260
 39.600000 -0.747264 1.708786 8.305278 1217.309281
 39.800000 -0.929696 1.765093 14.935693 1489.793269
 40.000000 -0.965240 1.903927 16.279579 1349.792506
 40.200000 -0.591297 2.053555 1.879460 2068.763449
 40.400000 -0.843868 1.964712 11.699580 1324.347316
 40.600000 -1.145454 2.069871 21.406899 473.020703
 40.800000 -0.559837 1.551646 0.484319 1912.903133
 41.000000 -1.019176 2.062349 18.142587 984.303916
 41.200000 -0.696323 2.176845 6.529853 1526.503602
 41.400000 -0.637506 2.120884 4.045417 2025.135246
 41.600000 -0.802043 1.901031 10.265204 1177.835385
 41.800000 -1.369516 1.328927 23.973057 4.504488
 42.000000 -1.385315 0.584412 23.928048 12.451733
 42.200000 -0.830353 0.178203 11.299842 1261.321481
 42.400000 -0.708608 -0.163693 7.061816 1418.516409
 42.600000 -0.872225 -0.363679 12.835031 1423.432271
 42.800000 -0.571482 -0.284823 1.081925 1986.372268
 43.000000 -0.747334 0.260618 8.453872 1195.207602
 43.200000 -1.476061 0.475403 23.389392 51.064743
 43.400000 -1.386835 1.236835 23.911624 13.594074
 43.600000 -1.119890 1.458424 20.834468 515.309076
 43.800000 -1.320625 1.268179 23.933327 13.983808
 44.000000 -1.448134 0.863146 23.580917 42.939712
 44.200000 -0.993293 0.365618 17.404619 1102.524730
 44.400000 -1.126218 0.338195 20.987078 497.881496
 44.600000 -1.191141 0.836363 22.340076 365.876786
 44.800000 -1.532231 1.298098 22.951774 78.704678
 45.000000 -1.356317 1.086723 23.983581 0.672111
 45.200000 -1.409091 0.692220 23.821946 26.192346
 45.400000 -1.411433 0.843039 23.809821 27.411481
 45.600000 -1.437681 1.073875 23.658134 38.841632
 45.800000 -1.395449 1.085878 23.886536 18.652343
 46.000000 -1.271647 0.576664 23.594403 114.388412
 46.200000 -1.311593 0.834885 23.928325 24.189029
 46.400000 -1.440937 0.984754 23.655233 40.241323
 46.600000 -1.150311 1.090751 21.548933 450.022828
 46.800000 -1.503430 0.815609 23.213981 61.358437
 47.000000 -0.743593 0.560273 8.549512 1173.353241
 47.200000 -2.004720 0.844631 19.827295 16.072954
 47.400000 -1.624325 1.144531 21.885651 219.784922
 47.600000 -0.639987 0.745631 4.516336 2050.093911
 47.800000 -1.333757 1.156517 24.035645 3.093570
 48.000000 -1.635410 0.918918 21.718704 233.291647
 48.200000 -0.719525 0.289340 7.796280 1294.729258
 48.400000 -1.305921 0.331901 23.968428 31.675651
 48.600000 -0.493065 0.191920 -0.000000 0.000000
 48.800000 -1.776576 0.766705 19.933922 27.582932
 49.000000 -1.265028 1.240090 23.615435 133.980504
 49.200000 -0.718672 1.103123 7.810166 1295.136283
 49.400000 -1.304517 1.382959 23.997069 33.695465
 49.600000 -1.420838 0.716426 23.859112 34.558979
 49.800000 -0.730501 0.341890 8.229424 1220.675842
 50.000000 -1.332641 0.380699 24.103044 3.237780
 50.200000 -0.901404 0.679459 14.276978 1452.263462
 50.400000 -1.557608 1.136085 22.790857 121.975947
 50.600000 -1.131312 0.826164 21.254857 494.444852
 50.800000 -1.351973 0.477756 24.154611 0.488408
 51.000000 -1.716144 0.800285 20.467655 176.076896
 51.200000 -1.047300 0.796614 19.246802 733.057623
 51.400000 -1.514499 0.957925 23.237723 77.211596
 51.600000 -1.016949 0.840373 18.381356 902.043956
 51.800000 -1.286354 0.808962 23.955592 73.184843
 52.000000 -1.420619 0.896364 23.933211 37.064759
 52.200000 -1.129598 0.948561 21.283450 500.190647
 52.400000 -1.441499 1.019099 23.845072 47.475746
 52.600000 -0.982478 0.890792 17.322472 1128.986747
 52.800000 -1.632206 0.653976 21.787815 264.830693
 53.000000 -1.512482 1.048664 23.290771 79.282948
 53.200000 -1.147804 0.955528 21.724526 474.241473
 53.400000 -1.731604 1.213435 20.244108 142.461717
 53.600000 -1.708352 1.032419 20.553211 210.977535
 53.800000 -0.950740 0.626420 16.246234 1325.281067
 54.000000 -1.588669 0.501317 22.468670 194.419733
 54.200000 -1.964601 0.900628 19.827764 7.875834
 54.400000 -0.990118 1.010384 17.651719 1077.986526
 54.600000 -0.855698 1.295718 12.705433 1351.621791
 54.800000 -1.774359 1.455367 19.851673 36.482939
 55.000000 -1.985978 1.343420 19.754109 15.973684
 55.200000 -0.970406 0.977085 17.020663 1211.207678
 55.400000 -1.446554 0.815676 23.958162 53.563968
 55.600000 -1.534238 0.796920 23.194482 111.481473
 55.800000 -0.925937 1.032462 15.397129 1428.799354
 56.000000 -1.164908 1.477995 22.172587 450.086027
 56.200000 -1.429640 1.420471 24.129233 45.861348
 56.400000 -1.044005 0.635005 19.343839 748.056163
 56.600000 -0.559044 -0.405725 1.018534 2156.943002
 56.800000 -0.882195 -0.432877 13.765513 1441.118999
 57.000000 -1.080614 -0.053149 20.291277 605.069699
 57.200000 -1.155720 0.530839 22.057227 467.817123
 57.400000 -1.084839 1.286790 20.435091 594.251603
 57.600000 -1.420160 1.663820 24.242041 40.751262
 57.800000 -0.906664 1.300131 14.737777 1464.472608
 58.000000 -1.259198 1.269676 23.943115 167.865339
 58.200000 -1.734892 0.997422 20.220370 148.262199
 58.400000 -1.766854 0.747793 19.901778 58.922076
 58.600000 -0.477110 0.572521 -0.000000 0.000000
 58.800000 -1.430987 1.377236 24.221859 48.269002
 59.000000 -1.535741 1.220867 23.290356 126.093832
 59.200000 0.009206 -0.149707 -0.000000 0.000000
 59.400000 0.825519 -1.742136 -0.000000 0.000000
