#! FIELDS time phi psi ves.bias ves.force2
#! SET min_phi -pi
#! SET max_phi pi
#! SET min_psi -pi
#! SET max_psi pi
 0.000000 -1.498385 0.273949 27.215882 148.921278
 0.200000 -1.346085 1.011265 27.954239 10.852764
 0.400000 -0.733068 1.544040 9.075278 1787.387649
 0.600000 -0.533608 1.851655 2.816224 372.943862
 0.800000 -0.976411 2.387527 19.413754 1419.976191
 1.000000 -0.594403 2.352781 4.203720 705.978966
 1.200000 -0.598238 1.769415 4.602681 834.721081
 1.400000 -1.193101 1.596058 26.107052 375.098070
 1.600000 -0.898597 0.719763 16.469141 1680.435833
 1.800000 -0.790035 -0.060001 11.882845 1843.371444
 2.000000 -0.572543 -0.517963 3.899709 667.540980
 2.200000 -0.940244 -0.234749 18.297960 1559.422890
 2.400000 -0.900773 0.520364 16.715942 1653.895549
 2.600000 -0.839755 1.192733 14.179268 1800.410781
 2.800000 -1.530085 1.326485 26.933250 253.724781
 3.000000 -0.802488 0.499092 12.583696 1857.425590
 3.200000 -0.825462 -0.186374 13.758118 1837.634745
 3.400000 -0.433023 -0.532125 1.340569 201.419479
 3.600000 -0.837608 -0.150276 14.276774 1808.427921
 3.800000 -0.744019 0.568442 10.235926 1829.817989
 4.000000 -1.239117 1.525601 26.940836 185.775390
 4.200000 -0.864298 1.359286 15.618353 1710.031448
 4.400000 -0.715818 0.773090 9.190061 1779.515971
 4.600000 -1.264508 0.643464 27.263486 123.937895
 4.800000 -1.722298 0.898075 23.582248 148.056544
 5.000000 -0.636382 1.082174 6.129197 1165.865507
 5.200000 -1.321705 1.268966 27.817861 45.089347
 5.400000 -1.482024 1.213294 27.643951 122.712370
 5.600000 -1.299050 0.708476 27.648094 68.332038
 5.800000 -0.666396 0.276036 7.288128 1457.736292
 6.000000 -0.998338 0.377557 20.846047 1241.495537
 6.200000 -1.182721 0.974750 26.208574 362.343641
 6.400000 -1.620996 1.130376 25.254880 372.225098
 6.600000 -1.385010 0.978960 28.130561 1.214545
 6.800000 -0.875014 0.550310 16.336577 1605.389382
 7.000000 -0.700611 -0.037777 8.744281 1776.151030
 7.200000 -0.470587 -0.556882 2.065345 339.712546
 7.400000 -0.643587 -0.215167 6.566138 1302.160226
 7.600000 -1.017071 0.323994 21.640823 1150.848021
 7.800000 -1.479047 1.179556 27.732970 117.507471
 8.000000 -1.177636 1.443437 26.174580 392.764668
 8.200000 -0.911662 1.303627 17.987009 1398.056423
 8.400000 -1.499866 1.538564 27.508793 180.082687
 8.600000 -1.054154 0.729674 22.919636 1027.721034
 8.800000 -0.691953 -0.026654 8.567366 1750.464484
 9.000000 -0.678678 -0.251382 8.020983 1636.812454
 9.200000 -1.037510 0.157153 22.473177 1051.878112
 9.400000 -0.654732 0.268519 7.198988 1423.446938
 9.600000 -1.629881 1.222588 25.184025 363.943494
 9.800000 -1.924798 1.417516 22.354607 0.136725
 10.000000 -1.370827 1.138130 28.275161 2.522802
 10.200000 -1.173718 0.786482 26.249088 422.719914
 10.400000 -1.743781 0.723330 23.426075 141.795853
 10.600000 -1.598719 1.179530 25.826596 379.858922
 10.800000 -0.649739 1.162971 7.122667 1389.527667
 11.000000 -1.429176 1.511508 28.222282 26.083406
 11.200000 -1.631023 1.042630 25.261660 352.386210
 11.400000 -1.169571 0.605338 26.197235 440.665852
 11.600000 -0.747172 0.264944 11.303840 2030.869949
 11.800000 -0.576223 -0.310031 4.757387 874.193679
 12.000000 -0.591788 -0.415278 5.229599 968.771049
 12.200000 -0.683892 0.105018 8.669561 1683.666361
 12.400000 -1.183563 0.483143 26.504560 383.576224
 12.600000 -2.041929 1.012759 22.540507 23.767445
 12.800000 -1.559721 1.341197 26.675456 320.256712
 13.000000 -0.633941 0.920196 6.742637 1295.424681
 13.200000 -1.826497 1.194059 22.677764 62.893042
 13.400000 -1.802970 0.937375 22.883059 90.509783
 13.600000 -0.540671 0.487667 3.889058 767.593310
 13.800000 -1.093913 0.422865 24.379763 762.134961
 14.000000 -1.267008 0.767352 27.803410 123.691820
 14.200000 -1.551881 1.319586 26.904472 290.884512
 14.400000 -1.163739 1.178980 26.140797 462.372041
 14.600000 -0.941290 0.239499 19.640326 1235.932710
 14.800000 -0.927742 -0.246064 19.158239 1297.961463
 15.000000 -0.636074 -0.674612 7.023846 1330.212027
 15.200000 -0.713654 0.160131 10.213246 1857.289304
 15.400000 -1.780718 1.155145 23.187850 128.845439
 15.600000 -1.646646 1.612052 25.215254 331.666138
 15.800000 -1.871916 2.373671 22.421432 28.178465
 16.000000 -2.480669 3.036994 25.242449 0.130224
 16.200000 -2.926797 3.050936 19.722624 875.590328
 16.400000 -2.490814 2.267400 25.195740 0.874348
 16.600000 -1.705340 2.479737 24.277601 242.859780
 16.800000 -2.058978 2.599022 22.494540 21.529152
 17.000000 -2.696441 2.974029 24.273424 87.554456
 17.200000 -2.805517 2.888154 22.658269 383.906874
 17.400000 -2.724932 2.649115 23.933899 144.112638
 17.600000 -2.459559 2.701473 25.178319 1.110004
 17.800000 -2.966467 2.703679 18.426003 1147.340893
 18.000000 -2.860722 3.055585 21.448856 581.504175
 18.200000 -2.935583 2.761844 19.386765 931.463638
 18.400000 2.974024 2.686288 2.690071 977.494216
 18.600000 -2.278326 2.961573 23.952131 87.058250
 18.800000 -2.382774 2.250771 24.857669 45.071222
 19.000000 -1.760737 2.436280 23.616696 160.417590
 19.200000 -2.051491 2.525124 22.393361 18.695742
 19.400000 -2.748189 3.045329 23.591398 212.548109
 19.600000 -3.137067 -3.094169 10.647866 2916.359829
 19.800000 -2.437496 2.825536 25.116389 10.355624
 20.000000 -1.833771 2.078700 22.852279 87.223699
 20.200000 -1.911447 2.237539 22.323334 20.926791
 20.400000 -2.144367 2.670610 22.882537 38.142008
 20.600000 -2.986410 2.911463 17.666136 1334.994417
 20.800000 -2.955876 -3.105274 18.720434 1063.985681
 21.000000 -2.982085 2.932452 17.822895 1292.231116
 21.200000 3.069712 2.746590 6.599881 2452.124071
 21.400000 -2.383750 -3.097956 24.821710 51.285216
 21.600000 -2.547787 2.512241 25.132399 8.005656
 21.800000 -2.211655 2.535808 23.333820 57.053714
 22.000000 -2.068547 2.672438 22.456374 23.271142
 22.200000 -2.035552 2.665176 22.317423 14.096201
 22.400000 -2.712301 2.530577 24.018152 143.561476
 22.600000 -3.052538 2.962227 14.922581 2133.618916
 22.800000 -2.583334 3.125429 25.026228 20.544574
 23.000000 -2.060123 2.255319 22.421542 21.747474
 23.200000 -1.559939 2.131527 26.955823 279.798434
 23.400000 -1.833966 1.631514 22.978613 103.966454
 23.600000 -1.628160 1.354220 25.782324 288.187218
 23.800000 -0.754937 0.455676 12.338612 1989.343568
 24.000000 -0.614179 -0.411849 6.651678 1221.151974
 24.200000 -0.682094 -0.584580 9.222828 1635.512990
 24.400000 -0.610297 0.113302 6.532826 1201.918281
 24.600000 -1.121325 1.033879 25.219673 587.872992
 24.800000 -1.685993 1.378869 24.893644 221.329769
 25.000000 -1.668515 1.272725 25.158998 239.894292
 25.200000 -1.026510 0.693247 22.618912 887.266037
 25.400000 -0.964142 0.489716 20.677154 1062.715816
 25.600000 -1.540301 0.904521 27.301580 238.390689
 25.800000 -1.425188 1.257452 28.478294 13.812247
 26.000000 -1.089091 1.167816 24.388864 703.961099
 26.200000 -0.872519 0.688990 17.411996 1550.299492
 26.400000 -1.772160 0.686235 23.806159 164.651272
 26.600000 -1.490423 1.166605 27.998522 126.100316
 26.800000 -0.870087 1.131147 17.316004 1566.178155
 27.000000 -1.391854 1.167000 28.539028 0.133718
 27.200000 -1.238631 0.765679 27.413550 181.229861
 27.400000 -0.551079 0.051899 4.647718 1017.198302
 27.600000 -0.717464 -0.321175 10.731597 1818.041754
 27.800000 -0.844317 -0.381207 16.280861 1743.090658
 28.000000 -0.590601 -0.346929 5.936874 1118.214132
 28.200000 -0.804108 0.464082 14.562756 1940.354797
 28.400000 -1.609293 1.098852 26.263696 269.048587
 28.600000 -1.505645 1.373385 27.860506 157.614785
 28.800000 -0.877792 0.787100 17.651308 1535.100474
 29.000000 -1.473013 0.719076 28.216810 83.771316
 29.200000 -1.059894 0.818237 23.668777 778.297912
 29.400000 -1.263451 1.296024 27.723585 132.623322
 29.600000 -1.293592 1.063145 28.038547 88.173723
 29.800000 -1.119341 0.512561 25.211159 563.464875
 30.000000 -0.721084 -0.023733 10.924057 1811.397927
 30.200000 -0.344437 -0.233821 -0.011087 0.473058
 30.400000 -0.571263 -0.186698 5.402111 1086.425546
 30.600000 -1.040003 0.153536 23.126948 838.391426
 30.800000 -1.010364 0.823888 22.247014 924.452667
 31.000000 -1.648872 1.582495 25.716257 244.516462
 31.200000 -1.877009 1.873254 22.657531 92.778480
 31.400000 -2.021495 2.548414 22.261300 11.770262
 31.600000 -2.682265 3.101803 24.283899 111.959191
 31.800000 -3.129821 2.798562 10.881665 2839.421843
 32.000000 -3.090958 2.809326 12.913647 2586.831993
 32.200000 2.978553 2.736505 2.642787 1180.812289
 32.400000 -2.452184 2.976367 25.226963 13.050124
 32.600000 -2.107644 2.266705 22.657456 25.998205
 32.800000 -1.772180 2.089973 23.980989 197.044370
 33.000000 -2.144761 2.358653 22.846175 26.036884
 33.200000 -2.442426 3.014656 25.178564 20.202361
 33.400000 2.993423 2.906760 3.163542 1398.558532
 33.600000 -3.133073 2.772553 10.695564 2823.856417
 33.800000 -2.485291 2.846924 25.291151 0.625617
 34.000000 -2.608731 2.605977 24.880765 44.004579
 34.200000 -2.101410 2.921542 22.617955 23.056707
 34.400000 -2.283711 2.619217 23.760185 91.064686
 34.600000 -1.848385 2.584019 23.012835 138.691404
 34.800000 -2.246169 2.521628 23.432011 62.066388
 35.000000 -2.109035 2.911448 22.654576 23.058902
 35.200000 -2.806876 2.680328 22.304022 397.817755
 35.400000 3.031311 2.831808 4.711352 1963.183042
 35.600000 -2.529131 3.019366 25.254988 6.309063
 35.800000 -2.353654 2.372180 24.480346 104.276314
 36.000000 -2.031769 2.316776 22.324074 12.347578
 36.200000 -2.162745 2.606557 22.926120 23.944677
 36.400000 3.030928 2.725798 4.696400 1971.639178
 36.600000 3.049100 3.010527 5.527229 2207.447051
 36.800000 -3.095916 2.773951 12.630149 2558.168859
 37.000000 -2.599694 2.863518 24.932286 41.789921
 37.200000 -2.670144 2.737189 24.344168 106.339145
 37.400000 3.009162 2.586329 3.775256 1696.822305
 37.600000 -2.994333 3.132814 17.137413 1395.943897
 37.800000 -2.828602 2.853269 21.825523 462.431337
 38.000000 -2.379882 2.341964 24.755683 84.581272
 38.200000 -1.821683 2.651176 23.389724 164.551724
 38.400000 -2.256492 2.645022 23.534809 72.187105
 38.600000 -3.124394 2.444591 11.192048 2711.254842
 38.800000 3.124759 -2.947963 9.404029 2775.423669
 39.000000 -2.928592 2.816034 19.299684 857.721513
 39.200000 -2.767773 2.672582 23.008870 306.695680
 39.400000 -2.163458 2.998523 22.943064 22.685536
 39.600000 -2.209966 2.528270 23.195070 39.243980
 39.800000 -2.146144 2.352366 22.863101 20.238786
 40.000000 -1.915833 2.660589 22.476483 34.781191
 40.200000 -2.299754 2.860931 23.965864 103.949069
 40.400000 3.138332 2.435566 10.177722 2744.497010
 40.600000 3.045493 -3.017285 5.448493 2237.700928
 40.800000 -2.903041 2.617633 19.994760 730.508536
 41.000000 -2.574011 2.409470 25.097261 26.906264
 41.200000 -1.789911 2.868347 23.835020 185.843321
 41.400000 -2.397634 2.516901 24.942940 63.171403
 41.600000 2.940347 2.520118 1.317608 908.314025
 41.800000 -2.983555 -3.102174 17.506390 1247.935518
 42.000000 3.037472 2.678261 5.102794 2171.895307
 42.200000 -2.662776 2.642194 24.447246 96.725175
 42.400000 -1.948988 -3.108587 22.388574 6.377556
 42.600000 -2.392745 2.443565 24.910198 67.301886
 42.800000 -2.235792 2.618451 23.433438 54.000161
 43.000000 -2.473172 2.937588 25.317094 2.647246
 43.200000 -2.989687 2.601460 17.301313 1298.301665
 43.400000 -2.959323 3.077875 18.339781 1052.619994
 43.600000 2.993335 2.934642 3.216911 1672.667979
 43.800000 -2.440499 2.655064 25.223933 19.600589
 44.000000 -1.930555 2.340665 22.471078 18.035378
 44.200000 -1.979119 2.390120 22.394446 0.039038
 44.400000 -2.827546 2.555480 21.856888 470.971242
 44.600000 3.012552 -3.133386 4.056902 1958.186303
 44.800000 3.047507 2.716060 5.681424 2347.831350
 45.000000 -2.295592 2.577895 24.002090 92.281749
 45.200000 -2.032884 2.690291 22.522541 12.064144
 45.400000 -2.140720 2.522546 22.994424 21.668926
 45.600000 -2.943343 2.564012 18.870411 946.190762
 45.800000 2.961036 -2.896705 1.991024 1308.062418
 46.000000 -2.985509 2.864338 17.477635 1255.830505
 46.200000 -2.526031 2.520928 25.332710 6.247823
 46.400000 -1.970770 2.582834 22.437675 0.188118
 46.600000 -2.033933 2.608133 22.550496 12.334741
 46.800000 -2.577976 2.536008 25.117357 31.859097
 47.000000 -3.107193 2.989533 12.300023 2416.109106
 47.200000 3.108790 3.084591 8.917943 2672.210951
 47.400000 -2.873518 2.629866 20.835502 609.455469
 47.600000 -2.045186 2.689216 22.623078 14.991933
 47.800000 -1.974261 2.673895 22.467106 0.010158
 48.000000 -2.333956 2.487128 24.432249 95.657099
 48.200000 -3.033031 2.749536 15.712973 1691.685790
 48.400000 -3.121144 -2.918231 11.674220 2473.375816
 48.600000 -2.973067 2.576164 17.964746 1158.351383
 48.800000 -2.456952 2.405634 25.346635 9.637939
 49.000000 -1.785906 2.722707 23.918348 165.270956
 49.200000 -2.353542 2.526884 24.652861 88.566355
 49.400000 3.077496 2.599684 7.402480 2609.991200
 49.600000 3.047671 -2.894402 5.898637 2456.465592
 49.800000 -2.930423 2.630765 19.340551 875.815657
 50.000000 -2.398966 2.450155 25.044910 56.920232
 50.200000 -1.725058 2.979581 24.738246 197.714677
 50.400000 -2.301108 2.484498 24.170952 83.621530
 50.600000 -3.084542 2.526062 13.502907 2145.730349
 50.800000 3.045108 -2.989508 5.822899 2459.311953
 51.000000 -3.132080 2.805171 11.209640 2486.702862
 51.200000 -2.566044 2.322499 25.243634 28.786161
 51.400000 -2.088534 2.980098 22.926902 20.380043
 51.600000 -2.086715 2.631361 22.918698 20.295358
 51.800000 -2.959066 2.086670 18.496409 1068.151975
 52.000000 -2.848035 3.131975 21.526354 502.382386
 52.200000 3.001192 3.044100 3.805171 2137.620604
 52.400000 -2.889461 2.559149 20.558295 669.889532
 52.600000 -1.867324 2.770282 23.071679 72.710641
 52.800000 -2.019316 2.333451 22.681836 8.387662
 53.000000 -2.659354 2.398798 24.512540 104.030375
 53.200000 3.122893 -3.021700 9.947866 2541.410765
 53.400000 2.983558 -3.128184 3.039276 1969.555682
 53.600000 -2.209369 2.653621 23.562442 31.632567
 53.800000 -1.582697 2.116765 26.906144 237.690127
 54.000000 -1.931151 2.199493 22.705889 11.676416
 54.200000 -2.367886 2.677934 24.858872 78.103727
 54.400000 -3.119864 -2.876339 11.986357 2299.092998
 54.600000 3.016079 2.872323 4.598948 2368.829563
 54.800000 -2.203148 2.698901 23.553256 29.564102
 55.000000 -1.934380 2.647680 22.721468 9.590345
 55.200000 -2.197442 2.626887 23.548999 28.352951
 55.400000 -2.597410 2.647029 25.080465 56.195834
 55.600000 -3.110505 -3.114800 12.469808 2209.669956
 55.800000 3.100366 3.078831 8.917419 2574.560018
 56.000000 -2.122836 2.538842 23.189146 21.251316
 56.200000 -1.854529 2.137648 23.258933 76.576039
 56.400000 -1.777616 2.340492 24.069066 143.449848
 56.600000 -2.430558 2.526371 25.350511 28.219269
 56.800000 2.935384 -3.081272 1.120912 1377.673060
 57.000000 -3.072788 -3.138886 14.220816 1926.386584
 57.200000 -2.412717 2.437310 25.259613 42.214465
 57.400000 -1.815919 2.016546 23.651816 108.835478
 57.600000 -1.285384 1.931467 27.686051 85.744921
 57.800000 -0.490836 1.610042 2.447661 1295.864082
 58.000000 -0.325102 1.623121 -0.000012 0.000000
 58.200000 -0.912513 1.842843 18.814479 1426.008996
 58.400000 -1.016225 2.208179 22.276438 880.308326
 58.600000 -0.461349 2.140974 1.391857 1121.235102
 58.800000 -1.279365 1.679388 27.606421 92.795180
 59.000000 -1.292802 0.706967 27.729834 76.419742
 59.200000 -0.890588 -0.118844 17.946405 1587.461624
 59.400000 -0.437161 -0.574414 0.594957 909.289095
 59.600000 -0.121963 -0.536445 -0.000437 0.000644
 59.800000 -0.800785 0.059043 14.096453 1973.177069
 60.000000 -1.454228 0.695407 28.182869 17.539555
 60.200000 -1.040858 1.335536 22.962017 797.828873
 60.400000 -0.711603 1.568331 10.291539 1530.017130
 60.600000 -0.765052 2.117076 12.501838 1874.681988
 60.800000 -0.835683 2.412097 15.620516 1919.501448
 61.000000 -0.584144 2.136327 5.771963 1212.106913
 61.200000 -0.775840 1.654827 12.962529 1918.543876
 61.400000 -1.187154 1.112260 26.348158 291.702555
 61.600000 -1.045238 0.174679 23.071798 785.047264
 61.800000 -0.132904 -0.471025 -0.000806 0.001431
 62.000000 -0.565268 -0.366902 5.103310 1270.989202
 62.200000 -0.869904 -0.031921 17.064587 1731.866927
 62.400000 -0.649912 0.356748 8.027023 1199.119091
 62.600000 -1.320269 0.841312 27.863052 45.612255
 62.800000 -1.471476 1.015424 28.042777 33.495922
 63.000000 -0.696215 0.840857 9.692110 1417.486932
 63.200000 -1.786776 1.011473 24.011901 113.365950
 63.400000 -1.600337 0.972566 26.556891 230.192947
 63.600000 -0.574667 0.729811 5.439715 1252.355324
 63.800000 -0.443522 0.632678 0.703505 1009.035283
 64.000000 -1.210763 0.852658 26.709478 218.595711
 64.200000 -1.927370 0.942465 22.992485 10.146058
 64.400000 -0.985145 0.863547 21.248835 1000.382107
 64.600000 -1.406928 1.128739 28.168654 0.503688
 64.800000 -1.550170 1.141806 27.266925 167.073290
 65.000000 -0.719404 0.629410 10.591549 1568.987119
 65.200000 -0.741816 0.221449 11.502805 1723.734034
 65.400000 -0.795995 -0.345841 13.842911 1958.867358
 65.600000 -0.429310 -0.483852 0.220129 1030.469042
 65.800000 -0.803622 0.043683 14.180779 1964.305295
 66.000000 -1.485731 1.003308 27.919835 49.391996
 66.200000 -1.075457 1.384290 23.849414 702.008882
 66.400000 -0.919557 1.203514 18.999287 1357.140488
 66.600000 -1.480356 0.973109 27.949267 40.547585
 66.800000 -1.047923 0.577910 23.098023 786.719149
 67.000000 -0.759756 0.304793 12.267781 1831.568609
 67.200000 -0.798714 0.102353 13.979424 1953.103539
 67.400000 -0.824029 0.123994 15.096708 1928.393938
 67.600000 -0.626099 0.093454 7.248014 1159.047534
 67.800000 -0.800427 0.061594 14.055133 1954.152433
 68.000000 -0.854224 0.458083 16.402845 1798.610189
 68.200000 -1.140535 0.630003 25.420011 466.520256
 68.400000 -1.605356 1.201197 26.480652 231.775976
 68.600000 -1.152758 1.227309 25.676907 417.269214
 68.800000 -1.064307 1.127319 23.538679 743.040216
 69.000000 -1.568656 0.941695 27.019547 193.777265
 69.200000 -0.691532 0.320783 9.592964 1380.106637
 69.400000 -0.752036 -0.164052 11.996810 1779.277759
 69.600000 -0.457021 -0.552004 1.084813 1230.855042
 69.800000 -0.372783 -0.423173 -0.000018 0.000006
 70.000000 -0.918736 0.335479 18.972941 1332.776636
 70.200000 -1.624683 1.142278 26.186133 240.304450
 70.400000 -1.595054 1.547006 26.641514 227.879051
 70.600000 -0.675977 1.632180 9.053399 1295.451847
 70.800000 -0.601195 1.766509 6.458193 1207.689660
 71.000000 -0.549899 2.147268 4.609749 1406.251249
 71.200000 -1.401124 1.978378 28.111380 2.518974
 71.400000 -1.490821 1.773059 27.883765 51.334639
 71.600000 -1.771688 1.110605 24.194156 114.861400
 71.800000 -0.844369 0.385712 16.047501 1802.615290
 72.000000 -0.377305 -0.291520 -0.000023 0.000011
 72.200000 -0.492924 -0.632901 2.427353 1534.139925
 72.400000 -0.668461 -0.505186 8.846105 1261.195840
 72.600000 -0.385218 -0.177404 -0.000063 0.000111
 72.800000 -0.503941 -0.117820 2.860543 1553.948224
 73.000000 -0.719087 -0.048866 10.736515 1553.666944
 73.200000 -0.373352 -0.469687 -0.000009 0.000001
 73.400000 -0.428906 -0.618406 0.091828 922.419094
 73.600000 -0.636542 -0.166325 7.768821 1184.539336
 73.800000 -0.903982 0.379441 18.464062 1385.478895
 74.000000 -0.983762 0.927962 21.169898 969.893227
 74.200000 -1.840748 1.252094 23.558452 62.123570
 74.400000 -1.614706 1.249202 26.361196 244.111193
 74.600000 -0.882700 0.818807 17.669675 1515.143917
 74.800000 -1.367559 0.711691 28.011969 16.048514
 75.000000 -1.130127 0.897779 25.188338 517.372809
 75.200000 -0.502457 1.195449 2.858695 1618.583339
 75.400000 -1.181559 1.758425 26.226626 303.855039
 75.600000 -1.690750 1.746957 25.211149 199.358045
 75.800000 -1.928444 1.844179 23.063854 10.020652
 76.000000 -1.898664 2.271942 23.185196 24.623753
 76.200000 -2.381241 2.973742 25.087305 51.492859
 76.400000 3.012255 2.790816 4.930687 2892.871702
 76.600000 -2.712047 2.866694 23.861075 134.357685
 76.800000 -2.531901 2.774900 25.396458 15.375728
 77.000000 -3.022709 2.705066 16.432892 1511.230732
 77.200000 -2.909526 3.122587 20.283489 786.363496
 77.400000 -3.065779 2.844630 14.703264 1691.123915
 77.600000 -2.618238 2.622708 24.814501 77.000285
 77.800000 -2.206425 2.808240 23.770705 32.443721
 78.000000 -2.551442 2.561185 25.295075 27.995035
 78.200000 -2.559089 2.908722 25.245258 33.271494
 78.400000 3.085430 2.772899 8.776218 2487.210008
 78.600000 3.116998 3.010920 10.306705 2220.075590
 78.800000 -2.613971 2.961933 24.845618 73.635453
 79.000000 -2.617055 2.500156 24.818968 75.735705
 79.200000 -2.797976 2.796069 22.688514 257.754849
 79.400000 3.113121 2.989075 10.130565 2244.056409
 79.600000 3.123070 2.922283 10.597653 2165.886868
 79.800000 -2.821592 2.836070 22.286327 326.462232
 80.000000 -2.594962 2.856169 24.999009 59.634254
 80.200000 -2.619841 2.864970 24.796865 75.955629
 80.400000 3.133388 2.708129 11.082357 2082.112213
 80.600000 -2.758480 3.125275 23.274475 183.777546
 80.800000 -2.846400 2.645695 21.808869 424.751798
 81.000000 -2.717558 2.793390 23.790880 139.325862
 81.200000 -2.678301 2.919792 24.243519 111.549485
 81.400000 -3.058648 2.777718 14.994373 1649.866057
 81.600000 -2.806220 3.010683 22.565000 283.759546
 81.800000 -2.883115 2.732795 20.979516 619.224207
 82.000000 -2.842637 2.755522 21.891484 411.232438
 82.200000 -2.941669 2.799039 19.321601 1018.022926
 82.400000 -3.111826 2.812428 12.778979 1849.476895
 82.600000 -3.109993 3.059307 12.857702 1841.047961
 82.800000 -2.963545 2.613517 18.598044 1169.448871
 83.000000 -2.712946 2.863435 23.880237 135.485248
 83.200000 -3.122824 2.684099 12.319415 1900.879455
 83.400000 -3.014825 2.890094 16.742253 1465.394082
 83.600000 -2.998858 3.046848 17.345092 1384.083839
 83.800000 2.978571 2.609995 3.126333 2879.193226
 84.000000 -2.263867 2.946697 24.103025 57.227414
 84.200000 -1.887425 2.363470 23.258256 32.046409
 84.400000 -2.090380 1.863781 23.198121 11.516716
 84.600000 -1.861479 2.098783 23.422721 48.836833
 84.800000 -1.835188 2.716336 23.622265 66.660266
 85.000000 -2.752369 2.644772 23.434332 180.179147
 85.200000 3.098812 3.051085 9.534870 2371.839199
 85.400000 -2.738178 2.962780 23.640807 161.927946
 85.600000 -3.104134 2.186246 13.166602 1806.323160
 85.800000 -2.291491 2.979939 24.305236 68.857059
 86.000000 -2.021013 3.034744 23.015777 2.462022
 86.200000 -2.324260 2.081890 24.576042 73.586531
 86.400000 -1.984685 2.077252 22.990884 0.005702
 86.600000 -1.626285 2.803166 26.186007 251.082444
 86.800000 -2.626199 2.673780 24.819447 65.596365
 87.000000 2.928364 2.972167 0.570357 2144.030108
 87.200000 3.047254 3.097591 6.920482 2914.048435
 87.400000 -2.928704 2.589630 19.786971 920.404238
 87.600000 -2.149379 2.785821 23.402816 17.050312
 87.800000 -2.026712 2.666349 23.032401 2.755811
 88.000000 -2.316964 2.457893 24.509820 74.060278
 88.200000 -2.645457 2.737335 24.685063 73.856438
 88.400000 3.015797 2.963510 5.201279 3130.962465
 88.600000 -2.730671 3.002706 23.797252 153.503172
 88.800000 -2.184079 2.435970 23.559079 24.958523
 89.000000 -1.827313 2.364210 23.691724 69.373635
 89.200000 -1.928786 2.388590 23.098675 9.734380
 89.400000 -2.437664 2.735708 25.331412 13.282692
 89.600000 3.100883 2.972329 9.722351 2379.368316
 89.800000 -3.044326 3.078113 15.708427 1561.726516
 90.000000 -2.280551 2.440176 24.198967 66.701523
 90.200000 -1.779856 2.195403 24.130191 101.619978
 90.400000 -1.806997 2.008113 23.871140 81.184248
 90.600000 -2.019489 2.252298 23.045661 1.687913
 90.800000 -2.534567 3.095550 25.354515 8.246534
 91.000000 3.041258 2.966845 6.644752 3016.553782
 91.200000 -2.924218 2.698123 19.980757 882.842665
 91.400000 -2.592370 2.669015 25.105237 33.867565
 91.600000 -2.402834 2.775438 25.156465 33.955987
 91.800000 -2.695036 2.608322 24.262954 112.243044
 92.000000 -2.744493 2.727505 23.675986 174.924208
 92.200000 3.061022 3.034865 7.751447 2842.888504
 92.400000 3.102229 2.691088 9.854752 2375.979113
 92.600000 -2.657756 2.929276 24.643879 76.678233
 92.800000 -2.308317 2.582024 24.434477 72.718342
 93.000000 -2.101116 2.689931 23.241812 8.507381
 93.200000 -2.327677 2.735158 24.605541 71.103709
 93.400000 -2.685640 2.801214 24.401862 101.264824
 93.600000 3.056427 2.900375 7.526391 2906.835106
 93.800000 -2.797666 3.058834 22.914186 288.722132
 94.000000 -2.427658 2.365987 25.280398 17.475083
 94.200000 -1.678060 2.328131 25.360157 207.158537
 94.400000 -1.710663 2.092308 24.914999 165.954503
 94.600000 -1.939053 2.319256 23.134195 5.976022
 94.800000 -2.903040 2.779125 20.626436 744.325025
 95.000000 2.936868 3.055969 0.904064 2504.126842
 95.200000 -2.890678 2.613802 20.969872 672.074653
 95.400000 -2.477523 2.333076 25.407273 0.854183
 95.600000 -1.756930 2.794460 24.370619 113.140777
 95.800000 -2.520818 2.437252 25.391997 2.498654
 96.000000 -3.095970 2.503813 13.742148 1744.276294
 96.200000 2.878960 -3.069476 -0.000000 0.000000
 96.400000 -2.643047 2.756262 24.837885 58.243078
 96.600000 -2.004982 2.239220 23.102574 0.161619
 96.800000 -1.950341 2.332875 23.139031 3.470859
 97.000000 -1.802582 2.959498 23.934764 74.324719
 97.200000 3.038061 2.644447 6.597481 3163.860428
 97.400000 2.931922 -2.988927 0.636889 2510.631352
 97.600000 -2.797049 3.024510 22.993182 294.690511
 97.800000 -2.160084 2.477922 23.466439 17.758179
 98.000000 -2.036935 2.414680 23.143980 1.560727
 98.200000 -1.879583 2.791488 23.422516 26.399950
 98.400000 3.138253 2.630140 11.693393 2031.830655
 98.600000 -3.000707 -2.848312 17.548732 1334.151617
 98.800000 -3.058735 2.626072 15.325722 1587.503818
 99.000000 -2.627536 2.665359 24.985333 43.972448
 99.200000 -2.391158 2.825470 25.116873 34.190612
 99.400000 -2.604538 2.470317 25.139650 27.956607
 99.600000 -2.678597 2.882486 24.595479 90.516002
 99.800000 3.121289 2.887772 10.942000 2181.070715
 100.000000 2.947601 2.646263 1.448537 2903.325908
 100.200000 -2.211040 3.017426 23.783602 40.161190
 100.400000 -1.795295 2.257504 24.047393 71.732524
 100.600000 -1.823732 1.578945 23.823471 53.090603
 100.800000 -1.308086 0.806864 27.435577 49.287550
 101.000000 -0.755824 -0.325565 12.720785 1694.679196
 101.200000 -0.154658 -1.114289 -0.004603 0.000054
 101.400000 -0.679782 -0.089732 9.749029 1337.504137
 101.600000 -1.025775 0.906764 22.136934 847.801446
 101.800000 -2.004532 1.452404 23.212293 0.000010
 102.000000 -1.845698 2.469769 23.686595 39.342401
 102.200000 -2.370291 2.994846 25.036433 42.735572
 102.400000 2.909072 2.541278 -0.005185 3.061069
 102.600000 -2.650250 2.940994 24.938314 57.885325
 102.800000 -2.150472 2.711406 23.487159 15.401924
 103.000000 -2.218279 2.238872 23.848633 45.542456
 103.200000 -1.788637 2.819237 24.121901 70.547678
 103.400000 -2.903885 2.679794 20.765382 731.801155
 103.600000 3.055029 2.890110 7.710771 3024.748229
 103.800000 -2.822812 2.896088 22.637923 380.559070
 104.000000 -2.491952 2.453075 25.458744 0.230016
 104.200000 -2.187193 2.383593 23.678243 30.594280
 104.400000 -1.839712 2.831430 23.758240 38.171616
 104.600000 -2.724445 2.533575 24.228567 160.739587
 104.800000 2.827067 2.549314 -0.000000 0.000000
 105.000000 -2.410038 -3.018789 25.267495 19.209191
 105.200000 -2.623263 2.220928 25.172475 31.906109
 105.400000 -2.117334 2.280721 23.405959 7.354591
 105.600000 -1.859164 3.014041 23.658289 28.391775
 105.800000 -2.538423 2.526067 25.451071 1.587132
 106.000000 -2.735560 2.562900 24.101022 181.998046
 106.200000 -2.903751 2.937847 20.812170 726.706447
 106.400000 2.918346 2.683504 -0.016367 211.273598
 106.600000 -2.378317 2.791989 25.122243 33.896074
 106.800000 -1.825613 2.440686 23.868147 42.543982
 107.000000 -2.040769 2.091679 23.297917 0.359964
 107.200000 -1.999139 2.601381 23.311351 0.195966
 107.400000 -2.952112 2.986979 19.401290 1021.958013
 107.600000 3.079143 2.882639 9.086991 2690.642377
 107.800000 -2.363696 2.813261 25.042983 41.343712
 108.000000 -1.849874 2.392125 23.732961 30.130431
 108.200000 -2.160979 2.153839 23.601880 19.702501
 108.400000 -1.964955 2.738076 23.363066 1.950066
 108.600000 -2.855673 2.936658 22.021678 496.667681
 108.800000 3.113608 2.847510 10.813951 2236.341790
 109.000000 -2.570086 2.910145 25.434419 5.604880
 109.200000 -2.076767 2.478168 23.387902 1.774679
 109.400000 -2.085779 2.496263 23.401012 2.496812
 109.600000 -2.275505 2.760445 24.388162 68.491229
 109.800000 3.075192 2.866472 8.922077 2746.392606
 110.000000 2.942213 2.894478 1.204520 3081.109924
 110.200000 -2.870790 2.959768 21.703934 557.573445
 110.400000 -2.691584 2.463763 24.727635 111.037968
 110.600000 -2.162831 2.860326 23.646299 19.856689
 110.800000 -2.207283 2.676751 23.889500 41.703619
 111.000000 -2.729857 2.427690 24.269556 178.464540
 111.200000 -2.717011 2.925355 24.456178 155.823619
 111.400000 2.990478 2.900517 4.077610 3708.911649
 111.600000 -3.012373 2.603964 17.374112 1378.123362
 111.800000 -2.519790 2.719690 25.528117 0.000050
 112.000000 -2.418074 2.636008 25.352249 13.473804
 112.200000 -2.483556 2.751637 25.515938 1.522202
 112.400000 -2.868557 2.540442 21.789927 548.417193
 112.600000 3.087309 3.016448 9.606501 2557.410692
 112.800000 -2.729655 2.941777 24.315746 180.606771
 113.000000 -2.407263 2.543755 25.318810 16.937931
 113.200000 -2.036895 2.450530 23.446084 0.169433
 113.400000 -2.106898 2.810630 23.529432 4.557649
 113.600000 -2.747751 2.669326 24.085930 217.420606
 113.800000 -3.024599 2.992738 16.947507 1437.847656
 114.000000 -3.045326 2.898998 16.150002 1520.661435
 114.200000 -2.621485 2.798240 25.366582 24.398003
 114.400000 -2.071110 2.493447 23.495819 1.298607
 114.600000 -2.213633 2.523034 24.009274 43.359074
 114.800000 -2.289215 2.805717 24.582981 64.293063
 115.000000 -2.936904 2.812112 19.994629 924.836013
 115.200000 2.900295 2.807629 -0.000111 0.001892
 115.400000 -2.974672 3.024331 18.791335 1170.483239
 115.600000 -2.654040 2.501635 25.191010 55.363274
 115.800000 -2.338160 2.664425 24.971604 47.704097
 116.000000 -2.194328 2.630376 23.913638 32.911116
 116.200000 -2.671277 2.724559 25.077972 78.248345
 116.400000 -3.116563 2.922557 13.313639 1781.199919
 116.600000 -3.078218 3.098641 14.894520 1630.694317
 116.800000 -2.996946 2.477230 18.024960 1304.115934
 117.000000 -2.801125 2.780245 23.274018 338.391023
 117.200000 -2.947022 2.818814 19.739947 992.207738
 117.400000 -3.079172 2.797396 14.878019 1633.351583
 117.600000 -2.818967 2.859751 22.957907 385.822863
 117.800000 -2.661978 2.732029 25.183389 64.197122
 118.000000 -3.012289 2.669603 17.484126 1384.339836
 118.200000 3.036166 2.936211 6.946247 3390.555115
 118.400000 -2.796775 2.783560 23.404216 331.749374
 118.600000 -1.955976 2.268815 23.554641 0.522867
 118.800000 -1.714148 2.218106 24.785096 117.297653
 119.000000 -2.136098 2.638674 23.729404 9.894907
 119.200000 3.083634 2.834264 9.569303 2618.680234
 119.400000 3.053146 2.948252 7.937228 3124.008578
 119.600000 -2.977349 2.976097 18.787379 1184.765035
 119.800000 -2.085513 2.671597 23.636004 2.563424
 120.000000 -1.835975 2.333208 23.863573 21.477551
 120.200000 -2.112676 2.258857 23.712649 5.456472
 120.400000 -2.410825 2.996902 25.418855 13.320915
 120.600000 2.899744 2.913060 -0.000081 0.001060
 120.800000 3.138090 2.695131 12.182244 1966.228610
 121.000000 -2.494359 2.931960 25.617748 1.845964
 121.200000 -2.264974 2.649599 24.527612 57.228014
 121.400000 -2.117344 2.597897 23.747306 6.164256
 121.600000 -2.445232 2.489992 25.534146 6.313161
 121.800000 -2.487973 2.902271 25.619575 2.358730
 122.000000 2.951230 2.815591 1.812480 3561.122828
 122.200000 3.088094 2.938019 9.878944 2557.353081
 122.400000 -2.775531 2.936273 23.883710 288.367193
 122.600000 -2.646630 2.708089 25.423491 39.793744
 122.800000 -2.682961 2.968331 25.134409 92.565142
 123.000000 -2.781356 2.683070 23.783652 301.662259
 123.200000 2.919361 2.889598 0.017421 1158.539642
 123.400000 -2.974703 3.035090 18.966167 1165.168936
 123.600000 -3.063119 2.753568 15.670779 1568.613465
 123.800000 -2.922536 2.918488 20.614457 837.650810
 124.000000 -2.822958 3.024653 23.029755 407.800515
 124.200000 -2.900217 2.679574 21.259585 711.177225
 124.400000 -2.647929 3.040956 25.467996 38.981316
 124.600000 -2.465216 2.609787 25.617071 3.943584
 124.800000 -2.626630 2.580485 25.580875 19.226344
 125.000000 -2.371817 -3.129641 25.308993 24.953566
 125.200000 -2.764722 2.510325 24.151747 268.546215
 125.400000 3.123997 2.449476 11.691019 2092.851300
 125.600000 -2.893188 -2.971912 21.469251 675.378697
 125.800000 2.977834 2.711715 3.511169 3967.033165
 126.000000 -2.904509 2.581850 21.168845 733.781273
 126.200000 -2.501709 3.120379 25.708868 2.170238
 126.400000 -2.644757 2.482582 25.547189 33.718734
 126.600000 -2.542188 2.603254 25.753520 0.405735
 126.800000 -2.258739 2.996454 24.586755 54.746083
 127.000000 -2.434544 2.646815 25.574267 7.122981
 127.200000 -2.838572 2.419345 22.810480 460.323469
 127.400000 -2.417113 -3.003134 25.542223 9.919413
 127.600000 -2.995757 2.509047 18.343772 1277.823720
 127.800000 -2.807009 2.859473 23.453599 373.607775
 128.000000 -2.996154 3.003666 18.329565 1280.027849
 128.200000 3.090132 2.683778 10.152102 2548.657293
 128.400000 -2.657417 3.027557 25.531773 47.725467
 128.600000 -2.314451 2.711271 25.039103 48.689389
 128.800000 -2.464565 2.454202 25.682235 4.225750
 129.000000 -2.133220 2.912533 23.935269 9.673623
 129.200000 -2.604034 2.707977 25.799756 4.775106
 129.400000 -2.736220 2.619353 24.716998 206.824357
 129.600000 3.119524 -3.126231 11.600536 2154.741354
 129.800000 2.964704 2.870712 2.749289 3945.558325
 130.000000 -2.734159 2.822867 24.746465 201.921331
 130.200000 -2.590954 2.832456 25.852579 1.498585
 130.400000 -2.249168 2.751441 24.598419 54.209745
 130.600000 -2.351701 2.613523 25.321399 32.349943
 130.800000 -2.431411 2.757785 25.648056 7.484813
 131.000000 -2.827300 2.837188 23.137775 427.571485
 131.200000 3.035435 3.067350 7.215841 3542.053310
 131.400000 2.966219 2.648935 2.875821 3997.835078
 131.600000 -2.555643 3.003717 25.890814 0.362970
 131.800000 -2.296895 2.554234 24.983028 54.957148
 132.000000 -2.020599 2.395688 23.754459 2.179125
 132.200000 -2.094371 2.589799 23.899872 5.100736
 132.400000 -2.418287 2.810388 25.658961 9.304926
 132.600000 -3.096508 2.693333 14.598783 1699.497966
 132.800000 3.124981 3.085636 11.932549 2106.699917
 133.000000 -2.619689 2.790025 25.854666 10.469239
 133.200000 -2.144628 2.457313 24.065046 13.929732
 133.400000 -1.797488 2.349050 23.981189 27.988066
 133.600000 -1.772632 2.513196 24.128072 42.783469
 133.800000 -2.501949 2.578546 25.871502 3.195440
 134.000000 2.941086 2.891112 1.351458 3592.613196
 134.200000 2.983214 -2.984591 4.013731 4129.250161
 134.400000 -3.090715 2.696528 14.899718 1687.191003
 134.600000 -2.149701 2.749016 24.103994 15.710336
 134.800000 -1.830016 2.539027 23.826411 13.464852
 135.000000 -2.189526 2.378790 24.294835 31.841556
 135.200000 -2.555370 2.873561 25.999093 0.800867
 135.400000 2.945300 2.987747 1.634339 3727.587152
 135.600000 2.861558 2.909347 -0.000000 0.000000
 135.800000 -2.323297 2.915214 25.277321 45.646244
 136.000000 -1.849556 2.604167 23.760431 7.215923
 136.200000 -1.764710 2.069657 24.152174 45.962417
 136.400000 -2.024443 1.865570 23.822645 3.626859
 136.600000 -1.939126 2.563948 23.691106 0.686628
 136.800000 -2.355220 2.912563 25.499338 29.511389
 137.000000 2.939869 2.562028 1.320916 3618.605425
 137.200000 -2.892417 2.848307 21.833320 648.596282
 137.400000 -2.437063 2.907607 25.830977 6.011317
 137.600000 -2.342992 2.239925 25.455085 35.580878
 137.800000 -1.737482 2.809371 24.348611 66.985805
 138.000000 -2.102847 2.673107 24.007187 6.941802
 138.200000 -2.629506 2.603885 26.002317 15.107713
 138.400000 -2.771995 2.959576 24.410337 305.935688
 138.600000 2.940437 3.067435 1.384104 3669.778764
 138.800000 3.126030 2.804385 12.141922 2112.673186
 139.000000 -2.487079 2.952888 25.962763 3.889154
 139.200000 -2.329692 2.641256 25.422459 42.759665
 139.400000 -2.139175 2.615187 24.158076 14.182373
 139.600000 -2.414940 2.711868 25.820701 8.841289
 139.800000 -2.738746 2.875151 24.980980 227.304045
 140.000000 2.998371 2.978226 5.095603 4127.724815
 140.200000 2.996416 2.717121 4.992131 4152.548100
 140.400000 -2.548885 2.672656 26.124628 1.796738
 140.600000 -2.290604 2.454382 25.168826 60.149522
 140.800000 -2.289431 2.746644 25.159716 60.474074
 141.000000 -2.596789 2.637573 26.140642 1.059974
 141.200000 3.058826 2.774794 8.813389 3141.726577
 141.400000 -2.860905 3.027306 22.695688 520.799031
 141.600000 -2.755019 2.540731 24.779585 271.325896
 141.800000 -2.358498 2.780606 25.652223 27.107292
 142.000000 -2.829993 2.808658 23.370354 436.789800
 142.200000 2.936201 2.619856 1.191970 3632.741418
 142.400000 -3.110486 2.867899 14.291550 1791.547015
 142.600000 -2.909408 2.634021 21.525548 721.091742
 142.800000 -2.692707 2.971964 25.669629 115.484455
 143.000000 3.115457 2.655625 11.748031 2229.862801
 143.200000 2.884898 2.803238 -0.000001 0.000000
 143.400000 -2.894793 2.881083 21.938532 645.703875
 143.600000 -2.545897 2.493002 26.201451 2.485451
 143.800000 -2.222973 2.683185 24.718255 56.313420
 144.000000 -2.120170 2.683320 24.158490 11.653004
 144.200000 -2.788866 2.654938 24.266406 349.945569
 144.400000 3.006528 2.641671 5.735503 4077.876479
 144.600000 -2.833362 -2.927499 23.382460 441.995296
 144.800000 -2.931030 2.554296 20.987718 838.437050
 145.000000 -2.508512 2.717433 26.157889 4.134391
 145.200000 -2.161451 2.616796 24.367281 26.329925
 145.400000 -2.476756 2.572359 26.118809 4.021068
 145.600000 -2.304176 2.945802 25.418797 57.230251
 145.800000 -2.851134 2.695327 23.029627 484.672812
 146.000000 -2.630321 2.917420 26.216156 14.309337
 146.200000 3.116314 2.841191 11.893744 2229.908305
 146.400000 -2.502215 2.872054 26.196216 4.211110
 146.600000 -2.077702 2.594695 24.073816 7.485524
 146.800000 -2.140468 2.424796 24.286440 18.837488
 147.000000 -1.714743 2.600461 24.449621 76.803556
 147.200000 -2.274665 2.723930 25.244162 69.729933
 147.400000 -2.505585 2.767302 26.230128 4.260667
 147.600000 -2.912794 2.788909 21.595862 723.301745
 147.800000 -2.966763 2.959545 19.987901 1074.579014
 148.000000 -2.942585 3.038327 20.747940 905.088826
 148.200000 -2.379629 2.623430 25.956520 15.793785
 148.400000 -2.258612 2.431169 25.136751 72.094701
 148.600000 -2.206557 2.812235 24.715911 54.088269
 148.800000 -2.591263 2.735633 26.383350 0.057951
 149.000000 2.915121 2.690200 0.041461 1942.701696
 149.200000 3.098403 3.064175 11.099609 2467.515427
 149.400000 -3.083468 2.880474 15.629889 1728.458221
 149.600000 3.125554 2.666856 12.400156 2144.173352
 149.800000 -2.650463 -3.040942 26.246734 35.216241
 150.000000 -2.717668 2.356387 25.584364 184.429216
 150.200000 -2.523120 2.111312 26.355507 4.474087
 150.400000 -1.739355 3.062633 24.204496 51.267326
 150.600000 -2.272329 2.669557 25.313752 73.201821
 150.800000 -3.029754 2.229111 17.827843 1502.269411
 151.000000 -3.118280 3.140005 14.184284 1873.390427
 151.200000 2.905256 2.907073 -0.005871 5.319612
 151.400000 3.045433 2.549281 8.292829 3423.470291
 151.600000 -2.906486 3.102664 21.892096 677.645443
 151.800000 -3.133143 2.754995 13.563008 1960.078702
 152.000000 -2.772736 2.699448 24.764984 323.345076
 152.200000 -2.806101 2.910056 24.163788 385.866048
 152.400000 2.964289 2.601169 3.157605 4286.519789
 152.600000 -3.038040 3.035189 17.575599 1551.672846
 152.800000 -2.929596 2.918711 21.297469 804.710615
 153.000000 -2.900387 2.663780 22.080991 643.643639
 153.200000 -2.421809 2.980940 26.236196 5.172783
 153.400000 -2.515849 2.682626 26.425753 4.863644
 153.600000 -2.334322 2.668904 25.878838 40.756971
 153.800000 -2.268199 2.833155 25.360556 77.187558
 154.000000 -2.301448 2.732705 25.641560 63.362701
 154.200000 -2.467239 2.531793 26.353775 3.495765
 154.400000 -2.407944 3.024725 26.232079 6.893633
 154.600000 -3.124056 2.678114 14.062631 1925.525822
 154.800000 3.044072 2.794702 8.295370 3467.106904
 155.000000 -2.695565 2.982096 26.020729 129.700652
 155.200000 -2.490325 2.602209 26.429488 4.130221
 155.400000 -1.995431 2.339723 23.923177 10.473555
 155.600000 -1.883828 2.620567 23.678400 0.100292
 155.800000 -2.084412 2.707665 24.216673 12.352234
 156.000000 3.138682 2.624158 13.184408 2062.086782
 156.200000 3.054969 3.072706 8.981002 3260.972057
 156.400000 3.128095 2.889887 12.729923 2156.797252
 156.600000 -3.103674 2.643095 15.016279 1843.252938
 156.800000 -2.523019 3.053024 26.531331 5.005980
 157.000000 -2.472041 2.496368 26.425322 3.456264
 157.200000 -2.328415 2.630129 25.968340 46.316257
 157.400000 -2.097914 2.873376 24.295527 15.154784
 157.600000 -2.352609 2.547755 26.115902 28.925077
 157.800000 -2.639075 2.482437 26.568729 21.099507
 158.000000 -2.949418 3.108529 20.897402 919.774442
 158.200000 2.981362 2.717336 4.417333 4413.409317
 158.400000 -2.868239 2.810833 23.040156 503.917755
 158.600000 -2.466103 2.738022 26.479866 3.347313
 158.800000 -2.410643 2.631113 26.369582 6.276310
 159.000000 -2.389942 2.781387 26.309646 11.124530
 159.200000 -2.798577 2.761762 24.513412 372.935457
 159.400000 2.962533 2.831114 3.189710 4369.891713
 159.600000 3.097921 2.897648 11.368288 2520.811496
 159.800000 -3.091597 2.819293 15.637370 1809.493204
 160.000000 -2.874803 2.686625 22.922760 520.665934
 160.200000 -2.426276 2.849438 26.474870 4.471801
 160.400000 -2.372950 2.644764 26.312856 18.365906
 160.600000 -2.278312 2.479495 25.652222 83.076116
 160.800000 -1.935574 2.699071 23.754146 7.745701
 161.000000 -2.086500 2.687133 24.294471 15.232336
 161.200000 -2.445158 2.486212 26.547767 3.450264
 161.400000 -2.562527 2.886645 26.784285 2.434748
 161.600000 3.114529 2.946536 12.245571 2316.383445
 161.800000 3.052035 2.826403 8.955572 3344.140564
 162.000000 -2.512004 2.947970 26.679251 4.957674
 162.200000 -2.581150 2.433001 26.840729 0.374151
 162.400000 -2.024341 2.824992 24.082086 14.998919
 162.600000 -1.840963 2.864913 23.655183 1.588017
 162.800000 -2.594982 2.178163 26.842810 0.122288
 163.000000 -2.740081 2.746644 25.644023 259.289003
 163.200000 -2.911526 -3.048371 22.174032 657.283021
 163.400000 2.967705 2.625850 3.627707 4460.341730
 163.600000 -2.566281 2.794793 26.863633 1.830076
 163.800000 -2.037991 2.792596 24.145455 15.386537
 164.000000 -2.097932 2.253307 24.384812 18.466136
 164.200000 -1.748770 2.428034 23.961148 33.728064
 164.400000 -1.999633 2.771451 24.000067 17.045289
 164.600000 -2.522929 2.723563 26.817579 4.945915
 164.800000 3.113030 2.720892 12.261006 2341.378632
 165.000000 3.114046 -3.045422 12.310121 2329.928291
 165.200000 3.126476 2.459017 12.931186 2207.087149
 165.400000 -2.394697 2.720425 26.570797 11.351384
 165.600000 -2.019473 2.821665 24.093949 17.581041
 165.800000 -2.026665 2.318373 24.124002 17.338692
 166.000000 -1.998911 2.460867 24.007169 17.919763
 166.200000 -2.040957 2.841061 24.199586 17.529215
 166.400000 -2.777585 2.557955 25.102980 337.450213
 166.600000 -3.112330 2.893145 14.971781 1930.432860
 166.800000 2.935018 -3.090733 1.552408 3986.158018
 167.000000 2.979827 2.521725 4.510368 4507.330911
 167.200000 -2.160539 2.778200 24.801086 44.551167
 167.400000 -1.606750 2.546236 25.202592 135.626222
 167.600000 -1.723436 1.927086 24.078645 47.198798
 167.800000 -1.811150 1.869233 23.669540 5.940797
 168.000000 -1.279530 1.952338 25.425631 82.179098
 168.200000 -0.598596 1.872977 5.322892 1413.164129
 168.400000 -0.415114 1.706394 -0.000000 0.000000
 168.600000 -0.913066 2.097773 16.963916 927.632443
 168.800000 -1.250492 2.147653 25.114855 105.883066
 169.000000 -0.687767 2.243676 8.632936 1454.413306
 169.200000 -0.765198 1.953263 11.664164 1605.859251
 169.400000 -0.766185 1.919497 11.703740 1604.608169
 169.600000 -1.115800 2.005630 22.825209 612.387958
 169.800000 -0.519660 1.936345 2.129512 1795.457518
 170.000000 -0.546234 1.864598 3.239809 1683.050431
 170.200000 -0.765458 1.978149 11.647568 1603.307082
 170.400000 -0.991835 2.093542 19.244686 887.593131
 170.600000 -0.692621 2.162531 8.764592 1471.118840
 170.800000 -0.753539 1.928317 11.169567 1610.757464
 171.000000 -0.755227 1.825986 11.237307 1610.609878
 171.200000 -0.682136 1.625525 8.343392 1436.299565
 171.400000 -1.147089 1.483028 23.485596 437.554849
 171.600000 -1.411708 0.936477 26.255494 13.958063
 171.800000 -0.969707 0.150106 18.559600 875.513543
 172.000000 -0.564018 -0.421965 3.909771 1581.639957
 172.200000 -0.479179 -0.526749 0.341991 1945.807617
 172.400000 -0.655428 0.017081 7.324363 1368.386306
 172.600000 -1.166748 0.464434 23.844772 336.678409
 172.800000 -1.271425 1.097870 25.201041 87.181831
 173.000000 -1.028502 1.429605 20.288863 897.346540
 173.200000 -1.332550 1.403251 25.699143 63.770200
 173.400000 -1.288670 0.856889 25.330123 78.126582
 173.600000 -0.752474 0.222090 11.063564 1603.316754
 173.800000 -0.653420 -0.220530 7.231252 1365.668939
 174.000000 -0.547271 -0.131812 3.190671 1676.788324
 174.200000 -0.574659 -0.056511 4.268103 1527.471513
 174.400000 -1.071090 0.301085 21.497802 818.449826
 174.600000 -1.223292 1.205230 24.643230 145.852077
 174.800000 -0.880268 1.821674 15.772706 1042.295954
 175.000000 -0.528654 1.840573 2.399022 1763.133603
 175.200000 -0.644338 2.171760 6.863673 1356.064038
 175.400000 -1.200459 2.197224 24.321366 202.573168
 175.600000 -0.626882 2.032929 6.221330 1356.739936
 175.800000 -0.652873 1.783320 7.178447 1365.642404
 176.000000 -0.805284 1.712030 13.106353 1457.520384
 176.200000 -1.269745 1.675865 25.084292 87.019792
 176.400000 -1.440039 1.003567 26.192984 0.763492
 176.600000 -0.872256 0.063725 15.468931 1076.831483
 176.800000 -0.461528 -0.307811 -0.005774 2.878062
 177.000000 -0.476354 -0.618797 0.137051 1882.574086
 177.200000 -0.646827 -0.281313 6.931493 1359.872522
 177.400000 -0.581694 -0.182567 4.498014 1498.214808
 177.600000 -0.711892 0.054282 9.393128 1525.738780
 177.800000 -1.672898 0.510087 24.321924 75.300547
 178.000000 -1.435675 1.078523 26.164054 1.853569
 178.200000 -0.678705 1.336512 8.108710 1422.189361
 178.400000 -1.262417 1.756709 24.968924 91.121957
 178.600000 -1.286511 1.301946 25.189132 77.533616
 178.800000 -1.312361 0.482769 25.410281 69.426113
 179.000000 -0.941977 0.315723 17.579577 880.406456
 179.200000 -1.344988 0.912922 25.651499 58.487909
 179.400000 -1.120632 1.371511 22.722688 578.989686
 179.600000 -1.075452 0.912296 21.529717 804.154184
 179.800000 -1.413420 0.693014 26.062338 13.006600
 180.000000 -1.235325 0.834663 24.672880 121.004336
 180.200000 -1.530496 1.040973 25.721448 75.682521
 180.400000 -1.517125 0.990924 25.830645 57.794797
 180.600000 -1.167670 0.846667 23.700383 324.335206
 180.800000 -1.661435 0.966727 24.376399 81.976126
 181.000000 -0.831074 0.847543 13.980451 1298.909804
 181.200000 -1.642703 1.185292 24.539189 96.364777
 181.400000 -1.189525 0.872166 24.050981 233.587820
 181.600000 -1.241565 0.926734 24.710511 111.247975
 181.800000 -1.292635 0.971742 25.190404 74.131680
 182.000000 -1.279603 0.911543 25.076322 79.431427
 182.200000 -1.357286 0.733024 25.694164 50.449715
 182.400000 -1.240373 1.028759 24.689117 112.938192
 182.600000 -1.207531 1.045954 24.298857 177.976047
 182.800000 -1.414836 0.879761 26.009986 11.143845
 183.000000 -1.265071 0.767567 24.934765 87.779773
 183.200000 -1.222322 0.858116 24.482991 144.071082
 183.400000 -1.280043 1.208857 25.068430 78.185517
 183.600000 -1.376184 0.873588 25.809467 37.247441
 183.800000 -1.108123 0.814474 22.365772 652.924232
 184.000000 -1.597603 0.893748 24.978121 116.827212
 184.200000 -1.005143 0.999585 19.373631 913.003478
 184.400000 -1.593955 1.379061 24.999668 115.783856
 184.600000 -1.345512 1.069356 25.596552 52.699935
 184.800000 -1.121538 0.611939 22.692121 582.083766
 185.000000 -1.426719 0.682350 26.010804 3.841868
 185.200000 -1.834571 1.432432 23.509311 0.005051
 185.400000 -0.662264 1.139013 7.417026 1373.709661
 185.600000 -0.860217 1.314519 14.913671 1134.766807
 185.800000 -1.070488 1.288649 21.319193 834.867225
 186.000000 -1.378173 0.657585 25.806484 32.483119
 186.200000 -0.936473 0.346578 17.292139 895.821206
 186.400000 -1.634552 0.910205 24.545578 97.197516
 186.600000 -0.994015 1.414452 19.014513 911.198173
 186.800000 -1.258854 1.492044 24.885391 91.920449
 187.000000 -1.328132 0.847613 25.466610 56.230131
 187.200000 -1.197532 0.340748 24.168526 216.385235
 187.400000 -1.019649 0.576962 19.783147 925.507036
 187.600000 -1.574450 0.986677 25.157554 109.940383
 187.800000 -0.867752 1.080873 15.135419 1099.359202
 188.000000 -1.435379 1.029486 25.984375 0.555084
 188.200000 -1.398181 0.673183 25.885092 15.761219
 188.400000 -0.733350 0.569780 10.091112 1541.001680
 188.600000 -1.479393 1.243231 25.900522 16.154232
 188.800000 -0.943648 1.102858 17.483978 896.535423
 189.000000 -1.836012 0.893730 23.479798 0.018653
 189.200000 -1.230988 0.788115 24.620604 130.742439
 189.400000 -1.286657 0.999827 25.156364 68.753512
 189.600000 -1.521730 1.194944 25.629724 63.364650
 189.800000 -0.592479 0.557459 4.771796 1471.565315
 190.000000 -0.813741 0.009963 13.201899 1391.520549
 190.200000 -0.714266 -0.565995 9.318939 1496.154152
 190.400000 -0.558223 -0.446991 3.405088 1662.323851
 190.600000 -0.558734 0.357317 3.425909 1659.341846
 190.800000 -1.675999 1.087282 24.122866 65.905925
 191.000000 -0.774909 1.263722 11.697339 1532.518422
 191.200000 -0.677244 1.320755 7.900974 1394.213117
 191.400000 -0.841476 1.953800 14.181756 1247.441435
 191.600000 -1.217090 2.081933 24.471374 162.872056
 191.800000 -0.665004 2.418893 7.446062 1369.676383
 192.000000 -1.265862 1.980861 24.993554 82.135787
 192.200000 -1.384765 1.444244 25.816378 19.639193
 192.400000 -1.017065 0.276600 19.677607 942.407075
 192.600000 -0.492945 -0.478913 0.615861 1849.051703
 192.800000 -0.431742 -0.391508 -0.000000 0.000000
 193.000000 -1.026493 0.216662 19.967059 942.029225
 193.200000 -1.463405 1.094364 25.906341 6.677080
 193.400000 -1.391384 1.675678 25.843074 15.145550
 193.600000 -0.873112 1.070971 15.241721 1091.412051
 193.800000 -1.395686 0.598160 25.859184 12.934228
 194.000000 -1.516944 0.663962 25.627012 58.132921
 194.200000 -0.918727 0.978161 16.683406 944.125537
 194.400000 -1.282647 1.499316 25.164730 67.001092
 194.600000 -1.188574 1.128227 24.084370 262.281980
 194.800000 -1.187297 0.485814 24.063577 267.577336
 195.000000 -0.748971 0.177116 10.630672 1543.001816
 195.200000 -0.930250 0.089584 17.033024 929.759859
 195.400000 -0.821803 -0.091480 13.428296 1363.565343
 195.600000 -0.281450 -0.072390 -0.000000 0.000000
 195.800000 -1.034596 -0.045099 20.215209 942.100497
 196.000000 -1.242513 0.723043 24.805684 111.835768
 196.200000 -1.106738 1.471197 22.327302 712.128954
 196.400000 -0.756120 1.754549 10.889509 1541.582396
 196.600000 -0.501608 1.907685 0.941761 1863.599321
 196.800000 -0.867197 2.102104 15.023288 1134.550843
 197.000000 -1.153090 2.216672 23.439876 443.683441
 197.200000 -0.698084 2.042304 8.635983 1424.469879
 197.400000 -0.785011 1.922193 12.009894 1508.828651
 197.600000 -0.613135 1.795421 5.497768 1397.347291
 197.800000 -1.182403 1.791398 24.009688 295.689667
 198.000000 -0.928538 1.318229 16.978290 940.337776
 198.200000 -1.442692 0.418945 25.919991 0.767885
 198.400000 -0.882312 0.011047 15.516641 1077.390642
 198.600000 -0.422739 -0.130613 -0.000000 0.000000
 198.800000 -1.122030 -0.134319 22.736980 630.791956
 199.000000 -1.845896 0.403048 23.371492 1.416629
 199.200000 -1.707716 0.884955 23.782205 47.802387
 199.400000 -1.054301 1.544387 20.832933 920.207696
 199.600000 -0.771560 1.941853 11.468912 1529.416477
 199.800000 -0.936139 2.080388 17.212549 939.433251
 200.000000 -0.770711 2.340259 11.435686 1530.200016
 200.200000 -0.725869 2.021400 10.092686 1483.595654
 200.400000 -0.658743 1.731747 7.582943 1332.774785
 200.600000 -1.089906 1.681788 22.300620 804.165572
 200.800000 -1.446729 1.499613 26.319299 1.982573
 201.000000 -0.975403 0.407933 18.825193 934.861483
 201.200000 -0.872701 -0.081694 15.596939 1135.084298
 201.400000 -0.474294 -0.272041 0.116485 1829.444526
 201.600000 -0.508205 -0.355531 1.599991 1911.821413
 201.800000 -1.075980 -0.123195 21.904369 861.772797
 202.000000 -0.730535 0.408488 10.268142 1489.082581
 202.200000 -1.337474 1.273906 26.029113 31.187991
 202.400000 -1.229454 1.065606 25.152044 139.940185
 202.600000 -1.128567 0.859829 23.340019 599.477994
 202.800000 -1.575719 0.893659 25.412100 112.034584
 203.000000 -1.036848 0.991688 20.727213 948.382194
 203.200000 -1.682560 1.236387 24.332020 68.424303
 203.400000 -1.569852 1.242562 25.463913 110.015021
 203.600000 -1.071995 0.857728 21.800438 876.497943
 203.800000 -1.457339 0.756446 26.282559 7.052812
 204.000000 -1.004417 0.979908 19.731955 955.234970
 204.200000 -1.766917 1.364471 23.801597 14.474664
 204.400000 -1.413976 1.057110 26.312528 1.175250
 204.600000 -0.670827 0.233008 8.024862 1333.022210
 204.800000 -1.091572 -0.111835 22.376524 799.907910
 205.000000 -0.552380 -0.620732 3.497736 1780.390233
 205.200000 -0.478443 -0.151144 0.262340 2141.807660
 205.400000 -1.768565 1.146907 23.781800 13.883679
 205.600000 -1.136500 1.703143 23.558390 555.600281
 205.800000 -0.519195 1.992254 2.056939 1941.022191
 206.000000 -1.460927 2.479134 26.265746 9.839304
 206.200000 -2.046554 2.448749 24.770443 34.293813
 206.400000 -2.749233 2.803542 26.463739 301.975064
 206.600000 3.010183 3.083217 7.346108 4246.035609
 206.800000 3.004726 2.940056 6.988721 4331.256635
 207.000000 -2.508068 2.670279 27.896455 5.306630
 207.200000 -1.931406 2.473102 24.008129 38.211846
 207.400000 -1.406578 2.562420 26.306215 1.964197
 207.600000 -1.088062 2.166533 22.304470 816.948559
 207.800000 -0.697088 1.902401 8.989869 1376.700007
 208.000000 -0.673509 1.762965 8.123460 1328.441918
 208.200000 -1.140428 2.038115 23.678207 534.208902
 208.400000 -1.281590 2.072238 25.716645 59.407582
 208.600000 -1.359014 2.274589 26.171926 17.473140
 208.800000 -1.664780 2.260251 24.436884 85.351016
 209.000000 -2.122733 2.558008 25.184771 36.262209
 209.200000 -2.795344 2.823915 25.613331 352.514185
 209.400000 2.837530 2.930182 -0.000000 0.000000
 209.600000 2.926781 2.902829 1.816363 3856.731127
 209.800000 3.091361 2.701469 12.114185 2751.898488
 210.000000 -2.946579 3.121273 22.341407 796.526077
 210.200000 2.933596 2.448849 2.248158 4047.616636
 210.400000 -2.848122 2.758550 24.599993 385.129963
 210.600000 -2.880975 2.927686 23.933268 448.216937
 210.800000 2.939731 2.596272 2.642132 4196.551021
 211.000000 -2.779658 -3.096490 25.901958 341.890922
 211.200000 -2.640258 2.522976 27.818561 39.752618
 211.400000 -2.478634 2.579835 27.819108 6.189717
 211.600000 -2.087012 3.008803 24.960132 30.778509
 211.800000 -2.431667 2.542690 27.690080 10.227023
 212.000000 -2.151241 2.796562 25.350296 50.007890
 212.200000 -2.115176 2.778060 25.113918 34.732944
 212.400000 -2.092498 2.495466 24.984330 31.334591
 212.600000 -1.894470 2.625199 23.745782 21.732113
 212.800000 -1.915057 2.767797 23.852977 32.591608
 213.000000 -2.799100 2.298816 25.536125 353.690577
 213.200000 2.991087 2.886091 6.085987 4471.310841
 213.400000 -2.430374 -2.803523 27.680250 10.586828
 213.600000 -2.765251 2.135589 26.161358 326.511148
 213.800000 -1.954854 2.364682 24.098264 48.061228
 214.000000 -1.785685 2.712888 23.624866 7.891680
 214.200000 -2.008801 2.574147 24.468633 46.332082
 214.400000 -2.838517 2.287038 24.784025 374.786833
 214.600000 -2.852308 -3.128789 24.514648 389.467908
 214.800000 3.113305 2.934074 13.233217 2474.617137
 215.000000 -3.118956 2.556801 15.656592 2103.212316
 215.200000 -2.674158 2.862925 27.530420 111.234354
 215.400000 -2.611846 2.691810 27.946478 8.922058
 215.600000 -2.841033 2.348957 24.735173 377.198481
 215.800000 -2.696059 3.063362 27.270933 171.561527
 216.000000 2.979993 2.705117 5.346735 4537.582828
 216.200000 3.037178 2.864187 9.054094 3710.046402
 216.400000 -2.693200 3.059204 27.312232 163.360304
 216.600000 -2.491737 2.627840 27.840270 6.390067
 216.800000 -1.980854 2.470815 24.256860 51.668421
 217.000000 -1.736336 2.884195 23.809316 34.833402
 217.200000 -1.976590 2.348911 24.217825 52.292570
 217.400000 -2.524878 2.441195 27.920162 5.251548
 217.600000 -2.832671 3.093406 24.900068 372.401955
 217.800000 -3.108523 2.951472 16.132381 2051.517702
 218.000000 -2.882944 2.635298 23.890264 454.165422
 218.200000 -2.526676 2.733746 27.924602 5.314007
 218.400000 -2.720133 2.559438 26.939789 239.574213
 218.600000 -2.881398 2.904242 23.923888 450.269876
 218.800000 3.041335 3.071363 9.312229 3618.509476
 219.000000 -2.155592 2.806160 25.363417 54.239166
 219.200000 -1.574672 1.977354 25.295483 118.452512
 219.400000 -0.790203 1.520063 12.502054 1494.167031
 219.600000 -1.549334 1.305229 25.563301 103.220746
 219.800000 -1.732202 0.691290 23.806111 38.314670
 220.000000 -0.470310 -0.051591 -0.025552 10.432098
 220.200000 -0.469618 -0.767100 -0.022205 16.531532
 220.400000 -1.255094 -0.327450 25.576670 89.891737
 220.600000 -1.058388 0.759107 21.479047 928.100398
 220.800000 -1.320602 1.698712 26.045655 27.654146
 221.000000 -0.614969 1.766975 5.965394 1414.732022
 221.200000 -0.426200 1.818445 -0.000000 0.000000
 221.400000 -0.815538 2.058454 13.461722 1441.475462
 221.600000 -1.513377 2.007373 25.882588 67.436644
 221.800000 -1.961298 2.069988 24.070918 53.118669
 222.000000 -2.262769 2.551171 26.387314 121.725118
 222.200000 -2.275851 -3.047366 26.527588 118.922705
 222.400000 3.098795 2.428169 12.509510 2626.700022
 222.600000 -2.189244 2.952756 25.625815 80.593829
 222.800000 -1.885614 2.805471 23.597518 18.149086
 223.000000 -1.723333 2.173370 23.840707 45.661023
 223.200000 -1.928474 1.376298 23.823004 42.439961
 223.400000 -0.837545 0.688208 14.276518 1365.999330
 223.600000 -1.122009 0.312320 23.292392 659.396920
 223.800000 -0.983861 0.420114 19.154458 986.694204
 224.000000 -1.352293 0.984579 26.192155 12.542795
 224.200000 -0.990550 1.620085 19.364999 988.293519
 224.400000 -0.587106 1.810884 4.873022 1599.429312
 224.600000 -0.936040 2.083136 17.642714 1023.389018
 224.800000 -0.769092 2.487151 11.656366 1496.693730
 225.000000 -0.929807 2.095264 17.442790 1034.595924
 225.200000 -0.881557 1.791752 15.842116 1186.190810
 225.400000 -0.909926 1.920997 16.797253 1086.373091
 225.600000 -0.626407 1.997470 6.375988 1363.732596
 225.800000 -0.503311 2.037826 1.227248 2039.184191
 226.000000 -0.725637 2.057325 9.990756 1409.976282
 226.200000 -0.510366 1.873248 1.543361 2054.668070
 226.400000 -1.186472 1.825822 24.697935 302.050569
 226.600000 -1.228961 1.372655 25.320355 145.996987
 226.800000 -1.588424 0.459094 25.099776 120.901954
 227.000000 -0.520468 -0.707864 2.001053 2046.727578
 227.200000 -0.567822 -0.454001 4.077497 1758.013641
 227.400000 -0.797421 0.171496 12.745142 1491.535090
 227.600000 -1.681119 0.835635 24.139367 78.479053
 227.800000 -1.827762 1.835494 23.425545 0.000188
 228.000000 -0.586037 2.428152 4.824782 1609.992232
 228.200000 -0.865817 2.040943 15.298876 1261.040168
 228.400000 -0.922360 1.546441 17.215829 1057.870392
 228.600000 -1.645533 0.913156 24.473170 103.546226
 228.800000 -0.790402 0.026587 12.473667 1502.566023
 229.000000 -0.388869 -0.272434 -0.000000 0.000000
 229.200000 1.137179 -1.004077 -0.000000 0.000000
