#! FIELDS time phi psi ves.bias ves.force2
#! SET min_phi -pi
#! SET max_phi pi
#! SET min_psi -pi
#! SET max_psi pi
 0.000000 -1.498385 0.273949 27.215882 148.921278
 0.200000 -1.257472 0.830754 27.205696 188.030341
 0.400000 -0.845905 1.364990 14.054331 1939.734489
 0.600000 -0.651792 1.892967 5.943409 1157.466987
 0.800000 -0.881822 2.643771 15.612378 1816.658250
 1.000000 -1.005518 2.363305 20.488316 1306.999608
 1.200000 -0.650849 1.715875 6.463536 1438.027876
 1.400000 -0.922886 1.217000 17.446400 1478.391604
 1.600000 -1.123467 0.716246 24.303125 797.424749
 1.800000 -0.510716 -0.230326 2.320362 389.511991
 2.000000 -0.537901 -0.648834 2.910299 561.585855
 2.200000 -0.827676 -0.100130 13.797521 1658.931210
 2.400000 -0.940923 0.642851 18.245167 1410.115748
 2.600000 -1.063632 1.601104 22.566421 1057.983276
 2.800000 -1.014953 1.606461 20.926068 1209.897152
 3.000000 -0.743576 1.318021 10.332864 1699.973462
 3.200000 -1.592616 1.193983 25.646160 290.603762
 3.400000 -1.651053 0.381712 24.665611 260.143115
 3.600000 -1.164707 0.449214 25.611534 671.196607
 3.800000 -1.226140 1.378686 26.990350 346.515731
 4.000000 -0.658503 1.564329 7.106649 1457.824223
 4.200000 -0.760049 2.180065 11.339981 1790.463106
 4.400000 -0.984548 2.610535 20.025538 1179.796461
 4.600000 -1.408686 2.141999 28.065982 33.576803
 4.800000 -1.935267 1.809785 22.554250 1.341359
 5.000000 -2.057310 1.799006 22.967631 27.301390
 5.200000 -1.659445 2.235836 24.569392 279.695764
 5.400000 -2.307445 2.890278 24.815518 77.337639
 5.600000 2.834560 2.677707 0.778010 91.986850
 5.800000 -2.677848 2.905553 24.924623 64.055929
 6.000000 -2.651085 2.409624 25.119160 43.574403
 6.200000 -2.599761 2.643400 25.430671 23.610084
 6.400000 -2.427224 3.045565 25.623392 15.174353
 6.600000 3.135175 2.558379 10.645480 2983.932386
 6.800000 -2.794345 3.007734 23.411259 339.497973
 7.000000 -2.817720 2.867073 22.954461 426.122969
 7.200000 3.108271 2.247315 9.165367 2949.619083
 7.400000 -2.838718 2.928422 22.479568 500.859650
 7.600000 -2.920824 2.890744 20.373742 843.306600
 7.800000 -3.030646 2.587149 16.510643 1805.471982
 8.000000 -3.055584 3.067808 15.404729 2133.558051
 8.200000 3.072304 2.749964 7.301582 2616.884304
 8.400000 -2.675826 2.724188 25.054743 81.160335
 8.600000 -2.208510 2.509214 23.885475 65.281004
 8.800000 -1.867505 2.456181 22.535182 3.991317
 9.000000 -2.063939 2.355960 22.941086 24.356918
 9.200000 -1.836539 2.814529 22.624774 14.827445
 9.400000 -2.763503 2.664532 23.992006 263.909554
 9.600000 -3.107594 2.749337 12.948594 2805.269503
 9.800000 -2.501191 -3.076173 25.796606 0.458971
 10.000000 -1.939162 2.455855 22.535001 2.058287
 10.200000 -1.699450 1.742091 23.930283 241.961687
 10.400000 -1.489816 0.961338 27.399272 139.711059
 10.600000 -0.630128 -0.063344 6.254178 1325.716597
 10.800000 -0.583635 -0.574666 4.644953 1069.729839
 11.000000 -0.561130 -0.521610 3.931653 939.401106
 11.200000 -0.610061 0.514776 5.577078 1212.487284
 11.400000 -1.377407 1.276007 28.187281 4.809851
 11.600000 -1.244413 1.123202 27.368976 251.967071
 11.800000 -0.701803 -0.000588 9.046453 1640.296630
 12.000000 -0.430740 -0.673062 0.879565 232.101670
 12.200000 -0.673569 -0.548737 7.986657 1493.073984
 12.400000 -0.838508 0.390832 14.775557 1663.095183
 12.600000 -1.748472 1.340124 23.279762 122.620648
 12.800000 -1.775153 2.244191 23.018371 72.611054
 13.000000 -2.299456 2.997830 24.671439 67.577675
 13.200000 3.115369 2.691826 9.792959 3083.905107
 13.400000 -2.838761 3.051407 22.559371 478.959335
 13.600000 3.056052 2.694618 6.626329 2492.231100
 13.800000 -2.768894 2.831077 23.931521 296.915993
 14.000000 -2.236931 2.814807 24.142558 68.141947
 14.200000 -2.202784 2.292855 23.859462 63.877457
 14.400000 -1.790727 2.411708 22.937221 44.642776
 14.600000 -1.968572 2.685833 22.699049 3.058255
 14.800000 -2.743167 2.701591 24.351335 234.450534
 15.000000 3.071254 2.814903 7.439171 2728.313079
 15.200000 -2.663737 2.884121 25.312600 76.034874
 15.400000 -2.718745 2.545470 24.704461 178.913150
 15.600000 -2.480768 2.703755 25.708396 8.921696
 15.800000 -2.449992 2.815026 25.597735 17.431683
 16.000000 -2.903099 2.396037 21.044201 671.234457
 16.200000 2.994926 2.998304 3.969836 1503.458363
 16.400000 -2.753726 3.078533 24.218119 260.986464
 16.600000 -2.869035 2.382762 21.911735 555.784200
 16.800000 -2.239035 2.855585 24.162145 66.081262
 17.000000 -2.006141 2.961709 22.819310 5.967160
 17.200000 -2.409171 2.254470 25.415017 33.234673
 17.400000 -2.088402 2.630992 23.136095 23.429218
 17.600000 -2.056476 3.004708 22.997563 14.800788
 17.800000 -2.617409 2.303432 25.685952 23.757288
 18.000000 3.140496 2.279119 11.320076 3052.614164
 18.200000 -2.782964 -2.914451 23.777153 332.118237
 18.400000 2.946757 2.838959 2.347765 829.459321
 18.600000 -2.721918 2.439058 24.754377 185.583212
 18.800000 -1.572815 3.019845 26.043773 283.895256
 19.000000 -2.233539 2.449892 24.135563 64.570829
 19.200000 -2.848529 2.661385 22.486567 489.651353
 19.400000 2.936396 -3.039177 2.056654 727.645117
 19.600000 2.990960 2.739734 3.850125 1506.047779
 19.800000 -2.522186 2.670490 25.862285 1.877507
 20.000000 -1.921944 2.790732 22.753397 1.140041
 20.200000 -1.979202 2.307757 22.871711 4.734367
 20.400000 -2.325543 1.982549 24.894062 57.751826
 20.600000 -1.493299 3.064704 27.173986 152.362286
 20.800000 -2.423282 2.892305 25.533219 27.154094
 21.000000 2.929377 2.513332 1.866555 674.351270
 21.200000 3.081998 3.064730 8.237167 2908.675021
 21.400000 -2.985636 2.998543 18.787226 1244.478362
 21.600000 -2.502246 2.743357 25.840497 5.205765
 21.800000 -2.033330 2.715904 23.047001 10.734213
 22.000000 -1.967589 2.505047 22.873163 4.247164
 22.200000 -2.348806 2.386285 25.084608 50.020296
 22.400000 -2.376818 3.113471 25.274847 42.035284
 22.600000 3.083030 2.878662 8.354557 2916.822395
 22.800000 -3.047040 2.993123 16.366239 1987.078137
 23.000000 -2.596913 2.836456 25.835247 8.165902
 23.200000 -2.340141 2.705751 25.047899 52.174465
 23.400000 -2.126535 2.499336 23.523313 29.777953
 23.600000 -1.935967 2.729702 22.878136 2.752100
 23.800000 -2.534281 2.646132 25.909206 0.497657
 24.000000 -3.131611 2.844516 12.174968 2930.253159
 24.200000 -2.600179 -3.084760 25.855443 9.006460
 24.400000 -1.957310 2.514400 22.952122 4.766189
 24.600000 -1.730402 1.834853 23.532430 113.343018
 24.800000 -1.347589 1.152346 27.966327 1.957045
 25.000000 -0.971735 0.227487 19.379173 1078.255559
 25.200000 -0.228010 -0.613260 -0.003084 0.001074
 25.400000 -0.473488 -0.809657 1.421504 625.917330
 25.600000 -0.772493 -0.257675 11.842423 1609.188811
 25.800000 -1.659149 0.873468 24.478559 235.778250
 26.000000 -0.478369 1.873036 1.545362 662.057054
 26.200000 -1.119194 2.637314 23.915640 873.179031
 26.400000 -0.674635 2.313708 8.046492 1357.200941
 26.600000 -0.653033 1.535204 7.257713 1311.107620
 26.800000 -1.087391 1.156071 22.959481 928.343093
 27.000000 -1.758213 0.730985 23.294310 62.815969
 27.200000 -1.281878 0.462133 27.481649 129.443125
 27.400000 -1.002853 0.522752 20.321271 1009.670207
 27.600000 -1.455682 0.977928 27.419527 94.938390
 27.800000 -1.636567 1.186153 24.811493 249.016101
 28.000000 -0.952571 0.922181 18.678605 1140.538712
 28.200000 -1.720377 1.084671 23.682304 116.649510
 28.400000 -1.691103 1.280914 24.029686 165.813264
 28.600000 -0.919049 0.594311 17.511713 1275.529174
 28.800000 -0.953440 0.560648 18.705479 1139.371699
 29.000000 -1.771620 1.107692 23.232874 44.944275
 29.200000 -0.961164 1.417485 18.967842 1114.294960
 29.400000 -1.072645 1.650614 22.479371 918.066267
 29.600000 -0.984794 2.076153 19.743628 1044.864692
 29.800000 -0.950607 2.088262 18.612567 1151.373908
 30.000000 -0.586229 2.320376 4.874878 1210.392300
 30.200000 -1.274807 2.036659 27.352334 165.405245
 30.400000 -0.736402 1.656489 10.372429 1512.071890
 30.600000 -0.769365 1.109216 11.672201 1592.916673
 30.800000 -1.067453 0.715279 22.329494 911.453492
 31.000000 -1.469181 0.858409 27.253752 123.201012
 31.200000 -1.122799 1.072507 23.965598 813.386377
 31.400000 -1.462453 1.222677 27.324043 115.483303
 31.600000 -1.312148 0.930428 27.730937 53.309165
 31.800000 -1.227338 0.595648 26.570939 388.867585
 32.000000 -1.348299 0.981911 27.897181 3.835489
 32.200000 -1.031846 1.264194 21.284564 938.426452
 32.400000 -0.786300 1.418674 12.370615 1630.423847
 32.600000 -1.475651 1.391186 27.192022 141.610739
 32.800000 -1.677115 0.892421 24.274512 165.176041
 33.000000 -0.741605 0.376916 10.589645 1533.340852
 33.200000 -0.468004 -0.289235 1.114089 658.709663
 33.400000 -0.595599 -0.571869 5.208081 1249.447777
 33.600000 -0.775348 -0.428467 11.942740 1623.152797
 33.800000 -0.841471 0.142504 14.621220 1612.295564
 34.000000 -1.138370 0.287662 24.424175 755.906951
 34.200000 -0.751706 0.546108 11.020771 1575.100711
 34.400000 -1.668109 1.512084 24.410629 166.276710
 34.600000 -1.842302 1.639263 23.037092 6.761665
 34.800000 -1.615848 2.295806 25.142741 223.318820
 35.000000 -2.011288 2.610665 23.260101 14.704084
 35.200000 -3.107807 2.594884 13.567906 2523.012364
 35.400000 2.985143 -3.074795 3.811055 1894.573480
 35.600000 3.088173 2.846463 8.961164 2892.182325
 35.800000 -3.124718 2.091935 12.706115 2667.443692
 36.000000 -2.099534 2.841352 23.629273 19.833799
 36.200000 -1.712179 2.811482 23.942931 103.432215
 36.400000 -2.158052 1.947044 23.907531 26.193793
 36.600000 -1.815105 1.803009 23.179511 21.215708
 36.800000 -1.502784 2.337990 26.876610 204.893410
 37.000000 -2.086394 2.695077 23.572101 19.539894
 37.200000 3.044164 2.835366 6.658921 2658.165032
 37.400000 2.981689 2.925364 3.659700 1892.614217
 37.600000 -2.843122 2.716769 22.924935 501.842407
 37.800000 -2.470770 2.409043 25.822390 4.766669
 38.000000 -1.815467 2.915168 23.209445 22.262735
 38.200000 -2.746619 2.427968 24.664457 185.970021
 38.400000 -3.138975 2.707235 11.983688 2719.941734
 38.600000 -3.093493 -3.017625 14.277108 2341.547358
 38.800000 -2.820289 2.809043 23.406981 416.504383
 39.000000 -1.940674 2.787571 23.052245 2.998699
 39.200000 -1.642249 2.294741 24.808192 170.260427
 39.400000 -1.879029 2.289976 23.058961 2.570559
 39.600000 -2.466073 2.758110 25.799592 6.000321
 39.800000 2.829075 2.717391 -0.002002 0.028090
 40.000000 3.133630 2.955779 11.446855 2768.915770
 40.200000 -2.787358 2.884269 24.019643 303.271280
 40.400000 -2.950399 2.695585 20.014242 1018.101392
 40.600000 -2.905205 2.972293 21.357808 764.376532
 40.800000 3.078880 2.797936 8.548607 2859.845034
 41.000000 -3.100187 2.703916 13.974938 2374.521277
 41.200000 -2.915832 3.107204 21.067136 816.838437
 41.400000 -3.128391 2.680449 12.588219 2606.850893
 41.600000 -2.709122 2.698657 25.096148 101.907378
 41.800000 -2.197684 2.747483 24.134120 27.985678
 42.000000 -2.264929 2.466146 24.548702 49.576752
 42.200000 -2.237698 2.827642 24.364902 39.235086
 42.400000 -2.574120 2.562427 25.815490 3.199627
 42.600000 -2.940697 2.840539 20.340904 950.038238
 42.800000 3.020631 2.818395 5.551120 2523.613500
 43.000000 -2.829605 3.012909 23.216074 446.786576
 43.200000 -2.411625 2.528103 25.575096 27.279548
 43.400000 -2.223881 2.648059 24.288445 33.355654
 43.600000 -2.274742 2.717657 24.617218 50.465935
 43.800000 -2.543916 2.765643 25.856426 0.435115
 44.000000 -3.123687 2.883508 12.886218 2562.216063
 44.200000 3.068523 -3.091735 8.102523 2872.515482
 44.400000 -3.132771 2.706358 12.451030 2628.565408
 44.600000 -2.152991 2.657032 23.951394 20.379745
 44.800000 -1.721280 2.484918 24.022723 66.766550
 45.000000 -2.083778 2.126143 23.637223 21.780840
 45.200000 -2.250736 2.713143 24.478083 39.453916
 45.400000 -2.769994 3.033660 24.332060 244.578647
 45.600000 3.086560 2.731882 9.108768 2898.978666
 45.800000 -2.684694 2.658925 25.335771 65.431671
 46.000000 -2.078213 2.884303 23.620566 23.249730
 46.200000 -2.331896 2.291743 25.065076 54.277383
 46.400000 -2.095948 2.734846 23.717542 23.733302
 46.600000 -2.447628 2.791438 25.752559 13.149189
 46.800000 -2.957835 2.630231 19.866308 1042.270562
 47.000000 -3.007561 3.043222 18.127751 1424.904233
 47.200000 2.958597 2.986392 2.706376 1831.730828
 47.400000 -2.701909 2.650212 25.197023 90.623225
 47.600000 -2.217634 2.556445 24.329505 29.287285
 47.800000 -1.773464 2.834312 23.701530 40.103430
 48.000000 -2.214123 2.476656 24.310632 28.504408
 48.200000 -2.717053 2.582355 25.050430 117.659419
 48.400000 -2.716178 -3.002169 25.059891 116.027399
 48.600000 2.975266 2.850343 3.452995 2124.956878
 48.800000 3.139538 2.493091 12.019583 2681.153346
 49.000000 -2.345387 -3.060618 25.202240 50.746611
 49.200000 -2.527529 2.556530 25.933002 0.000071
 49.400000 -1.950528 2.592437 23.156410 1.891565
 49.600000 -2.145749 2.751283 24.017813 23.661148
 49.800000 -2.243763 2.748426 24.527320 35.964073
 50.000000 -2.854476 2.536455 22.741385 515.250586
 50.200000 -2.551920 -3.027241 25.938018 0.941916
 50.400000 3.141568 2.611399 12.190897 2666.860221
 50.600000 -2.914184 2.718904 21.254461 766.140824
 50.800000 -2.321843 3.032249 25.081525 50.856818
 51.000000 -2.163746 2.298229 24.132072 24.356523
 51.200000 -1.784615 1.972802 23.688831 32.635955
 51.400000 -0.576607 1.890610 4.445876 1302.185801
 51.600000 -0.414387 1.645985 -0.002496 0.133079
 51.800000 -1.083199 2.028440 22.823365 786.854504
 52.000000 -0.979058 1.414192 19.742909 1002.880744
 52.200000 -0.616078 1.074724 5.856497 1301.450998
 52.400000 -1.933257 1.271888 23.184877 0.040839
 52.600000 -1.830502 0.510618 23.458022 22.954093
 52.800000 -0.780781 0.302732 12.195522 1736.723312
 53.000000 -1.116267 0.317463 23.722413 732.990066
 53.200000 -1.175792 0.989857 25.243348 580.558526
 53.400000 -0.871290 1.681321 15.910268 1544.151048
 53.600000 -0.706904 2.210825 9.205189 1492.464007
 53.800000 -1.649529 2.459184 24.675622 105.099560
 54.000000 -2.367166 2.379240 25.459988 40.418312
 54.200000 -3.119809 2.984974 13.410795 2487.963234
 54.400000 2.923616 -3.030569 1.251899 1396.959492
 54.600000 -2.733854 2.610113 24.918744 158.086896
 54.800000 -1.758016 2.472881 23.868610 31.997265
 55.000000 -1.657388 2.294038 24.590754 92.486743
 55.200000 -2.065277 2.367107 23.704655 32.937755
 55.400000 -2.912170 2.909874 21.385722 730.075121
 55.600000 2.992647 -2.980246 4.337828 2560.840456
 55.800000 -2.478834 2.677811 25.973042 4.014323
 56.000000 -1.693212 1.962632 24.288704 54.653479
 56.200000 -0.473239 1.238012 0.775767 941.225019
 56.400000 -1.412714 1.174852 27.733015 38.656322
 56.600000 -1.660803 0.753457 24.554027 81.770496
 56.800000 -1.267709 0.874341 27.055416 226.368542
 57.000000 -1.517577 1.277724 26.475960 243.915864
 57.200000 -1.768932 1.240640 23.853473 27.214101
 57.400000 -1.091326 0.999187 22.990663 781.039159
 57.600000 -1.218844 0.632737 26.174496 418.011449
 57.800000 -1.404652 0.742998 27.767366 25.441356
 58.000000 -1.534917 1.270560 26.194680 248.346989
 58.200000 -1.003722 1.282969 20.435170 924.563717
 58.400000 -1.318946 0.986743 27.634798 63.982262
 58.600000 -1.660765 0.830662 24.559771 78.138994
 58.800000 -1.228793 1.058083 26.369820 376.890165
 59.000000 -1.435800 1.218515 27.540267 85.397547
 59.200000 -1.625256 0.888851 24.923006 129.248622
 59.400000 -1.081806 0.696010 22.718006 799.132183
 59.600000 -1.538657 1.059406 26.140154 247.928376
 59.800000 -1.341956 1.090781 27.780405 21.012235
 60.000000 -1.174071 0.730154 25.169645 583.956148
 60.200000 -1.413059 0.781109 27.727083 37.407150
 60.400000 -1.501459 1.012448 26.730488 225.385128
 60.600000 -1.046133 1.236490 21.695744 851.168922
 60.800000 -1.492113 1.357292 26.868571 210.737359
 61.000000 -1.108147 0.693717 23.457946 759.320607
 61.200000 -1.461808 0.746449 27.290138 145.357359
 61.400000 -0.994085 1.038703 20.142412 956.024945
 61.600000 -1.630329 1.270980 24.888084 122.297562
 61.800000 -1.269635 0.841459 27.085695 215.162775
 62.000000 -1.048044 0.476644 21.759731 852.748420
 62.200000 -0.805413 0.382243 13.160583 1776.701934
 62.400000 -1.604928 0.933784 25.210727 169.697100
 62.600000 -1.138226 1.448782 24.301278 693.813655
 62.800000 -0.869263 1.462916 15.788562 1561.806880
 63.000000 -0.900065 1.633188 16.971323 1385.677493
 63.200000 -1.112172 1.998502 23.618909 755.986436
 63.400000 -0.577640 2.043587 4.326050 1362.771239
 63.600000 -0.678506 2.175396 8.027525 1407.164470
 63.800000 -0.959139 2.083087 19.048125 1085.609027
 64.000000 -0.476522 1.747759 0.698366 1036.366875
 64.200000 -0.692692 1.827166 8.559576 1458.565578
 64.400000 -0.776978 2.101602 11.960549 1774.515011
 64.600000 -0.539980 2.013153 2.918849 1374.313064
 64.800000 -0.712955 2.040462 9.344069 1541.348106
 65.000000 -1.276661 1.685946 27.218799 186.637343
 65.200000 -0.902736 1.131082 17.104579 1386.936396
 65.400000 -1.595030 0.801618 25.391334 196.167162
 65.600000 -1.365189 0.899591 27.909915 1.895968
 65.800000 -0.869157 1.026065 15.810494 1581.891015
 66.000000 -1.723206 1.398677 24.166888 35.055663
 66.200000 -1.358784 1.091591 27.912099 5.738301
 66.400000 -1.123567 0.435003 23.992735 724.808166
 66.600000 -0.449806 -0.340118 -0.026108 3.763210
 66.800000 -0.513962 -0.495029 1.944165 1335.704456
 67.000000 -0.884132 -0.056547 16.413270 1503.132426
 67.200000 -1.001521 0.579190 20.478105 955.444243
 67.400000 -1.853557 1.303201 23.505620 18.892719
 67.600000 -1.617419 1.538514 25.124321 162.683601
 67.800000 -0.826543 0.984355 14.088311 1774.948117
 68.000000 -1.690621 0.623272 24.390325 56.569982
 68.200000 -1.164031 0.627795 25.077955 598.052418
 68.400000 -1.037623 1.195490 21.594047 881.859589
 68.600000 -0.778482 1.568277 12.061319 1792.947912
 68.800000 -0.629643 1.618596 6.254385 1338.335299
 69.000000 -0.815047 1.552974 13.616884 1804.911930
 69.200000 -1.012783 2.182778 20.874706 929.693189
 69.400000 -0.440850 1.957697 -0.003791 0.616572
 69.600000 -0.646644 1.815148 6.887950 1345.245856
 69.800000 -0.805423 1.216865 13.224704 1821.710761
 70.000000 -1.566585 0.358595 25.903661 250.428920
 70.200000 -1.547670 0.465381 26.231905 263.236250
 70.400000 -1.435180 1.044203 27.748768 66.003923
 70.600000 -0.760722 1.395669 11.344018 1755.615297
 70.800000 -1.639114 1.709741 24.911420 132.367167
 71.000000 -2.105811 1.869999 23.989362 41.802679
 71.200000 -2.105970 2.601496 23.983478 42.074014
 71.400000 -2.197249 -2.916929 24.539917 32.774216
 71.600000 2.993559 2.306202 4.345125 2809.555007
 71.800000 -2.947848 2.853252 20.434979 877.849401
 72.000000 -3.023145 3.067012 17.857599 1524.478491
 72.200000 -3.044349 2.642106 16.999238 1741.278861
 72.400000 -2.327783 2.679010 25.298441 34.542024
 72.600000 -2.081151 2.688130 23.818873 42.157930
 72.800000 -2.349390 2.222616 25.423381 32.060534
 73.000000 -2.558239 2.851178 25.988064 1.115581
 73.200000 2.991199 2.680948 4.199939 2813.178361
 73.400000 -3.069359 2.993098 15.916655 2004.492956
 73.600000 3.085796 2.832574 9.415618 3034.364559
 73.800000 -2.991803 2.900823 19.012233 1217.605849
 74.000000 -2.357316 2.690532 25.464910 29.714837
 74.200000 -1.994015 2.490699 23.337829 12.169399
 74.400000 -2.001327 2.306974 23.365004 15.531675
 74.600000 -1.948122 2.807620 23.249858 0.079147
 74.800000 -2.809320 2.849885 23.638289 334.921620
 75.000000 2.947112 2.806358 1.977941 2178.382612
 75.200000 -2.621155 -3.116079 25.801187 19.935607
 75.400000 -2.788046 2.310603 24.001613 287.430982
 75.600000 -2.346560 2.602356 25.400081 29.408809
 75.800000 -2.028106 2.972899 23.491066 29.070217
 76.000000 -2.328509 2.357380 25.300582 31.196203
 76.200000 -2.458811 2.512544 25.866877 6.834102
 76.400000 -2.294919 3.103805 25.115471 31.277703
 76.600000 -2.996624 2.591672 18.838011 1248.661719
 76.800000 3.080517 2.722996 9.140699 3064.850131
 77.000000 3.031373 -3.113076 6.396778 3117.559982
 77.200000 2.961069 2.674792 2.623021 2482.878972
 77.400000 -2.784107 2.837309 24.058516 282.201207
 77.600000 -2.410883 2.758451 25.704544 15.656862
 77.800000 -2.530539 2.648273 25.965175 0.050314
 78.000000 -2.532828 2.869147 25.965591 0.019273
 78.200000 -2.928017 2.695119 20.963111 732.734176
 78.400000 3.045526 2.837135 7.203808 3151.882142
 78.600000 2.974988 2.974908 3.331925 2713.121898
 78.800000 -2.714627 3.012005 25.056665 138.648962
 79.000000 -2.174091 2.531655 24.451898 37.009367
 79.200000 -2.073927 2.451307 23.785187 47.425997
 79.400000 -1.934618 2.735813 23.240316 0.306383
 79.600000 -2.693962 2.499307 25.284559 102.039392
 79.800000 2.852430 3.049030 -0.000001 0.000000
 80.000000 -2.737797 3.081094 24.762988 186.112839
 80.200000 -2.456537 2.215232 25.859011 6.656616
 80.400000 -1.973843 2.226248 23.274630 5.557016
 80.600000 -0.867661 2.647857 16.029170 1679.250787
 80.800000 -0.832618 1.923235 14.551902 1859.198979
 81.000000 -0.692480 1.386877 8.666276 1466.111681
 81.200000 -1.660022 1.169980 24.805793 127.603774
 81.400000 -1.018940 0.429285 21.296959 894.389936
 81.600000 -0.566137 0.014724 3.921868 1548.081121
 81.800000 -0.460014 -0.547361 -0.026693 3.888772
 82.000000 -0.722649 -0.522142 9.852792 1619.756646
 82.200000 -0.689477 -0.102438 8.560196 1450.461223
 82.400000 -1.067116 0.406234 22.708721 804.412934
 82.600000 -1.651430 1.056528 24.914828 144.590382
 82.800000 -0.774384 1.185544 12.024948 1873.536289
 83.000000 -1.010191 1.656255 21.044357 912.655491
 83.200000 -0.814299 2.110767 13.775512 1919.934454
 83.400000 -0.594902 2.189904 5.053502 1451.877092
 83.600000 -0.596574 2.089786 5.117171 1445.560354
 83.800000 -1.152265 1.408624 24.979938 588.038170
 84.000000 -1.035588 0.573115 21.809471 856.346402
 84.200000 -0.844760 0.005458 15.104963 1830.463924
 84.400000 -0.564439 -0.257377 3.883481 1584.392005
 84.600000 -0.829466 -0.161195 14.444864 1890.901271
 84.800000 -0.588618 0.238004 4.830358 1481.780713
 85.000000 -1.412476 1.136490 28.014601 11.769274
 85.200000 -1.253615 1.473624 27.005826 226.003061
 85.400000 -0.616868 0.779087 5.917978 1377.666145
 85.600000 -0.857189 0.495799 15.645039 1771.397062
 85.800000 -1.187747 0.225051 25.804752 453.434252
 86.000000 -0.470753 0.503837 0.135558 1468.066413
 86.200000 -1.300533 0.765718 27.602540 103.407696
 86.400000 -1.699268 1.042250 24.428083 84.177634
 86.600000 -0.846000 1.019368 15.182629 1838.087697
 86.800000 -1.447505 1.308500 27.822351 62.831910
 87.000000 -1.818443 1.356335 23.608957 29.925360
 87.200000 -1.417692 1.110588 28.005438 15.594172
 87.400000 -0.784909 0.244424 12.522370 1909.772612
 87.600000 -0.635268 -0.257615 6.639715 1329.415150
 87.800000 -0.449048 -0.265211 -0.001474 0.155849
 88.000000 -0.735021 -0.129430 10.406455 1661.627360
 88.200000 -1.211418 0.661769 26.309494 359.925807
 88.400000 -0.737212 1.482965 10.509378 1669.826224
 88.600000 -0.489991 2.282217 0.893176 1600.258119
 88.800000 -0.942761 2.478093 18.988015 1189.077592
 89.000000 -0.676163 1.912414 8.151100 1352.511970
 89.200000 -0.506208 1.123774 1.561366 1731.700988
 89.400000 -1.006616 0.960237 21.058549 906.500355
 89.600000 -1.672182 0.794788 24.714448 124.463152
 89.800000 -1.044977 0.736826 22.184260 822.501437
 90.000000 -1.602845 1.176719 25.651920 243.170966
 90.200000 -2.076413 1.538556 23.825413 53.312158
 90.400000 -1.608413 1.818715 25.576439 236.433012
 90.600000 -1.664908 1.909089 24.804269 138.131379
 90.800000 -1.305140 1.853836 27.663778 90.241971
 91.000000 -1.273722 1.317474 27.314798 161.290327
 91.200000 -1.168941 0.451332 25.461346 507.909086
 91.400000 -0.435460 -0.195832 -0.000023 0.000040
 91.600000 -0.474275 -0.239238 0.258646 1812.790820
 91.800000 -1.058862 -0.140262 22.618145 791.321436
 92.000000 -0.456015 -0.039845 -0.007017 3.300970
 92.200000 -0.822901 0.174333 14.277300 1949.435768
 92.400000 -0.901369 0.208857 17.569223 1494.553720
 92.600000 -0.728494 0.394254 10.231714 1586.979725
 92.800000 -1.089182 0.596375 23.476274 733.576790
 93.000000 -1.652350 1.012260 24.977986 164.429302
 93.200000 -0.883399 1.047059 16.884012 1636.142531
 93.400000 -1.211647 1.146295 26.368477 346.726353
 93.600000 -1.562970 0.779404 26.354922 272.625448
 93.800000 -1.166515 0.609274 25.435681 510.602486
 94.000000 -0.863508 0.361651 16.061840 1777.587740
 94.200000 -1.122069 0.557411 24.377814 650.555228
 94.400000 -1.329353 0.892982 27.885190 47.301163
 94.600000 -0.878746 1.492428 16.722303 1674.416306
 94.800000 -1.261821 1.382595 27.189587 186.593329
 95.000000 -1.077479 1.052793 23.195478 749.122239
 95.200000 -1.802683 0.740744 23.669365 38.667296
 95.400000 -0.721297 0.522460 10.022657 1522.476494
 95.600000 -1.494586 1.211527 27.423807 160.582303
 95.800000 -1.573220 1.365670 26.221957 273.981234
 96.000000 -0.784988 0.446244 12.672853 1914.789640
 96.200000 -1.024238 0.034459 21.754232 842.118779
 96.400000 -0.437620 -0.399953 -0.000022 0.000042
 96.600000 -0.210364 -0.273753 -0.000387 0.001046
 96.800000 -1.319454 0.254146 27.829136 61.146053
 97.000000 -0.512183 0.330504 1.891032 1952.317516
 97.200000 -1.676908 0.866722 24.732538 137.595301
 97.400000 -1.425250 1.209158 28.053477 18.196987
 97.600000 -0.749395 1.123736 11.200313 1712.144304
 97.800000 -1.637612 1.474764 25.245315 205.401595
 98.000000 -1.854750 1.101716 23.364971 23.700654
 98.200000 -0.487147 0.430869 0.804567 1871.694133
 98.400000 -0.677999 -0.114266 8.486827 1292.002790
 98.600000 -0.533032 -0.674766 2.845790 1986.249288
 98.800000 -0.554938 -0.365517 3.807738 1857.743569
 99.000000 -0.875457 0.319817 16.703200 1720.861409
 99.200000 -1.407820 0.767392 28.129136 3.808106
 99.400000 -1.640830 1.270946 25.233633 205.440471
 99.600000 -0.968843 1.089228 20.164476 1034.152275
 99.800000 -1.044590 0.830458 22.423732 791.590039
 100.000000 -1.613342 0.781710 25.648640 248.947125
 100.200000 -1.236235 0.947022 26.754716 244.525719
 100.400000 -1.100205 1.114912 23.813659 687.010896
 100.600000 -1.721584 1.300763 24.141960 89.375230
 100.800000 -1.243386 0.912025 26.864026 222.994910
 101.000000 -0.559594 0.106553 3.917090 1858.628251
 101.200000 -0.666716 -0.652793 8.032788 1248.950009
 101.400000 -0.494006 -0.554437 0.982007 2026.326048
 101.600000 -0.602797 0.346707 5.714226 1482.399517
 101.800000 -1.364456 1.048981 27.973808 9.517699
 102.000000 -1.561787 1.093165 26.393646 271.886643
 102.200000 -1.157897 0.655846 25.285357 516.357128
 102.400000 -1.605959 0.679993 25.687798 264.949300
 102.600000 -0.987692 1.061106 20.701336 938.972169
 102.800000 -1.419437 1.293000 27.989242 9.884444
 103.000000 -0.958420 0.689916 19.771764 1088.472302
 103.200000 -1.335631 0.260509 27.871241 35.172830
 103.400000 -0.472430 0.024222 0.030583 1000.178952
 103.600000 -0.429379 -0.272808 -0.000000 0.000000
 103.800000 -0.390745 -0.693110 -0.000000 0.000000
 104.000000 -1.009002 -0.375743 21.373520 861.771026
 104.200000 -0.761784 0.232996 11.745723 1777.543088
 104.400000 -1.434755 1.022912 27.962816 23.847774
 104.600000 -0.955722 1.448535 19.750417 1106.323504
 104.800000 -0.601374 1.848385 5.778867 1501.996037
 105.000000 -1.370145 2.482827 28.032893 6.232599
 105.200000 -2.554638 2.443527 25.626847 0.260881
 105.400000 -3.058460 3.093540 16.035536 1802.301904
 105.600000 3.073896 3.004607 8.638135 3020.815922
 105.800000 3.066753 2.292974 8.243742 3075.756376
 106.000000 -2.423957 3.066513 25.417009 10.050747
 106.200000 -2.974708 2.876191 19.168385 1050.254230
 106.400000 -3.106721 2.622957 13.863584 2201.330481
 106.600000 -2.574268 2.954027 25.592407 2.266430
 106.800000 -2.809682 2.634687 23.164512 339.207258
 107.000000 -2.830864 2.594697 22.762836 380.860992
 107.200000 -2.827216 2.931638 22.822291 373.046144
 107.400000 2.940620 2.827250 1.120645 2645.890704
 107.600000 -2.766132 2.995162 23.904246 257.070941
 107.800000 -2.649413 2.487606 25.275261 47.834289
 108.000000 -2.530053 2.569694 25.596275 0.253262
 108.200000 -1.946526 -3.054050 22.894400 0.208816
 108.400000 -2.606982 2.472589 25.485507 12.457335
 108.600000 -2.575044 2.693790 25.564583 2.262910
 108.800000 -2.681780 2.895775 24.999048 93.680670
 109.000000 2.992677 2.517615 3.986512 3324.242053
 109.200000 -2.411893 3.066952 25.318905 11.256731
 109.400000 -2.386084 2.448795 25.226632 14.344169
 109.600000 -2.263181 2.147860 24.673084 25.265639
 109.800000 -2.146288 2.893092 23.996992 46.408026
 110.000000 -2.448563 2.799830 25.429675 7.154358
 110.200000 -2.935203 2.446048 20.305619 770.917083
 110.400000 -2.645824 2.949414 25.287987 42.211886
 110.600000 -2.998823 2.710076 18.301592 1252.815659
 110.800000 -2.563739 2.822337 25.564238 0.557453
 111.000000 -2.187030 2.908857 24.249159 36.728430
 111.200000 -2.162693 2.323141 24.085636 43.315510
 111.400000 -2.200988 2.659948 24.323528 34.331640
 111.600000 -2.548790 2.814292 25.565023 0.000156
 111.800000 3.044768 2.862377 6.974753 3242.511108
 112.000000 -3.022817 -3.080420 17.407464 1467.867139
 112.200000 -2.275558 2.741892 24.721505 24.500889
 112.400000 -1.979341 1.920934 22.902529 8.603428
 112.600000 -1.383027 1.415573 28.156337 1.025436
 112.800000 -1.040174 0.639424 22.511206 770.973371
 113.000000 -1.661328 0.480628 24.977149 215.953712
 113.200000 -1.933475 0.685746 22.837471 0.393619
 113.400000 -0.900997 0.718079 17.999311 1582.315853
 113.600000 -0.920950 1.348730 18.769087 1396.221763
 113.800000 -1.622377 1.754473 25.599539 276.632941
 114.000000 -2.055153 1.743379 23.289279 48.949737
 114.200000 -1.705369 2.759436 24.394797 149.851728
 114.400000 -2.595785 2.839879 25.503985 5.651848
 114.600000 3.000942 2.830536 4.422185 3389.339552
 114.800000 -2.811301 3.020448 23.081387 355.077487
 115.000000 -2.962922 2.500536 19.456422 962.495635
 115.200000 -2.655734 2.832270 25.219852 53.165133
 115.400000 -3.002440 2.991310 18.126256 1289.836886
 115.600000 3.008697 2.797931 4.868047 3395.984629
 115.800000 -3.067874 2.804499 15.528579 1865.099144
 116.000000 -2.867014 2.822098 21.944702 480.876989
 116.200000 -2.587803 2.825840 25.514748 2.980653
 116.400000 -2.920827 2.682175 20.649712 693.718380
 116.600000 3.099893 2.767184 9.975542 2781.207404
 116.800000 3.027970 2.924750 5.982582 3345.109148
 117.000000 -2.498572 3.008137 25.480008 3.346352
 117.200000 -2.492469 2.391869 25.462066 3.970271
 117.400000 -2.312253 2.825642 24.881101 19.521827
 117.600000 -2.179806 2.994949 24.168302 42.945388
 117.800000 -2.453697 2.411348 25.373037 6.581810
 118.000000 -2.135011 2.869013 23.854900 54.701397
 118.200000 -2.479825 2.781399 25.431914 4.979494
 118.400000 3.063193 2.515472 7.978475 3102.665231
 118.600000 -3.049724 -3.056599 16.287300 1712.583827
 118.800000 3.053710 2.953360 7.446892 3180.697670
 119.000000 -2.627875 2.514030 25.391195 22.068031
 119.200000 -1.807042 2.820331 23.386860 61.781433
 119.400000 -2.161594 2.352809 24.038738 48.830741
 119.600000 -2.326896 2.116392 24.940475 17.546068
 119.800000 -2.397239 2.849219 25.201453 10.515260
 120.000000 -2.568511 -3.113954 25.534806 0.192059
 120.200000 -3.140687 2.576842 12.136783 2434.345299
 120.400000 -2.390531 2.936307 25.181836 10.865560
 120.600000 -2.218444 2.607577 24.402681 34.543428
 120.800000 -2.342805 2.308713 25.008834 15.702253
 121.000000 -2.245876 2.836695 24.557068 29.046216
 121.200000 -3.043965 2.704799 16.521494 1667.609558
 121.400000 2.966182 2.875078 2.380229 3195.397227
 121.600000 -2.636292 3.064571 25.353706 28.952490
 121.800000 -2.466354 2.343798 25.398803 5.502914
 122.000000 -1.970029 2.599539 22.799597 4.947689
 122.200000 -1.913789 2.821520 22.791363 4.795157
 122.400000 -2.627964 2.598014 25.399293 21.408843
 122.600000 -3.042246 2.823879 16.591124 1654.356440
 122.800000 -3.019343 -3.091313 17.492928 1446.872707
 123.000000 2.980130 2.406181 3.175347 3337.948690
 123.200000 -2.736724 2.863971 24.340221 215.573019
 123.400000 -2.421536 3.088077 25.292720 7.418359
 123.600000 -2.685556 2.557548 24.980422 103.244752
 123.800000 -2.497507 2.884868 25.469747 3.574914
 124.000000 -2.673190 2.804924 25.098593 80.081470
 124.200000 -2.954317 2.569296 19.709862 894.024233
 124.400000 -2.812229 3.084052 23.050403 365.939953
 124.600000 -3.136262 2.654987 12.349061 2409.208294
 124.800000 3.122411 2.891549 11.123004 2596.691773
 125.000000 -3.139852 3.069404 12.172380 2436.007642
 125.200000 -2.853186 2.689944 22.230149 445.176854
 125.400000 -2.458302 2.579027 25.394689 5.241156
 125.600000 -2.029744 2.753028 23.026708 37.845991
 125.800000 -2.233966 2.367997 24.514161 36.423445
 126.000000 -2.381979 2.480760 25.190805 10.007951
 126.200000 -2.613236 2.969104 25.486645 10.454720
 126.400000 2.933333 2.793873 0.582718 2711.762414
 126.600000 3.054596 2.675800 7.486417 3173.987930
 126.800000 -2.840167 2.921099 22.502797 418.126499
 127.000000 -2.707272 2.724600 24.761521 152.423669
 127.200000 -2.592415 2.695180 25.544019 2.529123
 127.400000 -2.343822 2.821187 25.076163 14.716005
 127.600000 -2.654840 2.553711 25.283281 50.446757
 127.800000 -2.463004 2.935312 25.414293 4.761763
 128.000000 -2.941624 2.619488 20.096076 801.403334
 128.200000 -2.889446 2.864099 21.439408 544.281953
 128.400000 -2.749373 2.854167 24.183250 253.180885
 128.600000 -2.987179 2.784649 18.686787 1153.524389
 128.800000 -2.542291 2.688216 25.563982 0.975036
 129.000000 -2.398755 2.760398 25.267601 7.857500
 129.200000 -2.152853 2.672314 23.942149 61.599526
 129.400000 -2.581372 2.601332 25.583971 0.662245
 129.600000 -2.647809 2.851566 25.359196 40.981117
 129.800000 -2.924874 2.973643 20.569576 700.769746
 130.000000 -3.106816 2.631851 13.782437 2206.683472
 130.200000 -2.429289 3.079189 25.372231 5.948527
 130.400000 -2.559893 2.569400 25.602658 0.112412
 130.600000 -2.078745 2.779323 23.340526 61.273499
 130.800000 -2.105893 2.608405 23.558191 66.277350
 131.000000 -2.008582 2.736354 22.874806 24.331249
 131.200000 -2.514063 2.518177 25.566669 2.884825
 131.400000 -2.336204 3.103196 25.089405 17.588312
 131.600000 -2.990377 2.757173 18.606238 1189.474099
 131.800000 3.112067 2.744774 10.610074 2688.367662
 132.000000 -3.046986 3.112770 16.449680 1722.134907
 132.200000 -3.038074 2.783379 16.824032 1643.448445
 132.400000 -2.539811 2.618177 25.619012 1.181825
 132.600000 -1.725831 2.722341 24.118167 146.210699
 132.800000 -2.145393 2.362831 23.875707 65.811751
 133.000000 -2.332585 2.554308 25.087564 18.840038
 133.200000 -2.804246 2.963266 23.274529 359.204336
 133.400000 2.929524 2.869512 0.367449 2928.086777
 133.600000 3.127327 2.722888 11.401155 2574.578688
 133.800000 -2.786852 2.823750 23.597589 330.469081
 134.000000 -2.740255 2.708456 24.384271 236.247631
 134.200000 3.033187 2.870944 6.288572 3343.176710
 134.400000 -2.980681 3.092156 18.972044 1108.761837
 134.600000 -2.699740 2.659477 24.952126 140.345329
 134.800000 -2.277022 2.361983 24.827435 34.585492
 135.000000 -1.817361 2.784847 23.201875 60.126998
 135.200000 -2.401261 2.484738 25.374351 7.984901
 135.400000 2.974094 2.843006 2.834177 3361.637618
 135.600000 2.955381 -3.004765 1.765741 3137.256859
 135.800000 -2.781928 2.657968 23.713533 321.504019
 136.000000 -2.461105 2.453933 25.520317 4.690987
 136.200000 -2.039709 3.019292 23.032031 45.490014
 136.400000 -2.369070 2.737972 25.287955 12.413441
 136.600000 -2.818754 2.468347 23.039194 381.187856
 136.800000 -2.676339 -3.113311 25.229959 89.042985
 137.000000 -2.855895 2.876901 22.284786 448.111463
 137.200000 -3.092032 2.568761 14.523934 2125.274762
 137.400000 -2.672009 3.050078 25.285860 80.214334
 137.600000 -3.123098 2.689518 13.054359 2347.742737
 137.800000 3.122067 2.814595 11.161009 2616.783844
 138.000000 3.137228 3.067952 11.928295 2506.693352
 138.200000 3.062821 2.616746 8.004812 3113.210186
 138.400000 -2.371962 2.699266 25.329971 12.212289
 138.600000 -1.803637 2.729033 23.279998 70.764472
 138.800000 -2.330956 2.013160 25.163327 21.717646
 139.000000 -2.465575 2.731214 25.575041 4.285431
 139.200000 3.037140 2.955355 6.556574 3328.355527
 139.400000 3.091779 2.759670 9.596970 2858.779828
 139.600000 -2.475078 2.739133 25.610734 3.907757
 139.800000 -2.181212 2.685850 24.179763 66.320517
 140.000000 -1.981586 2.517533 22.716574 11.246695
 140.200000 -2.100252 2.549724 23.495286 72.322858
 140.400000 -2.206835 2.754159 24.390804 61.657885
 140.600000 -2.883824 2.737992 21.741273 526.755126
 140.800000 2.989455 2.942309 3.767636 3486.664371
 141.000000 -3.035817 3.055899 17.005042 1652.212130
 141.200000 -2.682547 2.562237 25.250057 99.113557
 141.400000 -2.227691 2.629817 24.561586 57.155153
 141.600000 -1.725302 2.977983 24.060236 148.978502
 141.800000 -2.403461 2.386840 25.482932 7.671183
 142.000000 -2.641169 2.692632 25.572813 32.207655
 142.200000 -2.933015 -3.135319 20.538723 761.360486
 142.400000 3.077306 2.652808 8.850654 2981.781874
 142.600000 -2.310021 2.955025 25.122192 30.583136
 142.800000 -1.933224 2.618908 22.622402 0.099706
 143.000000 -1.809426 2.161428 23.199637 67.332808
 143.200000 -1.795969 2.130115 23.306151 77.951226
 143.400000 -1.962389 2.791216 22.644069 4.395627
 143.600000 -2.788961 2.847597 23.726919 332.994270
 143.800000 -3.131478 2.958900 12.709751 2404.133914
 144.000000 3.027796 2.996599 6.061464 3404.996441
 144.200000 -2.594269 2.651533 25.785172 2.494527
 144.400000 -1.865594 2.326629 22.805145 26.944857
 144.600000 -1.756280 2.416264 23.685705 113.180057
 144.800000 -1.917909 2.394739 22.627836 2.076284
 145.000000 -2.231277 2.819169 24.622448 59.319489
 145.200000 -3.124537 2.590897 13.071832 2354.558379
 145.400000 3.060945 3.138246 7.985536 3130.482242
 145.600000 -2.744913 2.781371 24.510054 244.665059
 145.800000 -2.980340 2.135548 19.137377 1133.733877
 146.000000 -1.921902 2.989369 22.622214 1.115958
 146.200000 -2.016908 2.810310 22.879925 36.513818
 146.400000 -3.049297 2.001528 16.520927 1791.146179
 146.600000 -2.743824 -3.007860 24.542627 242.667529
 146.800000 -3.021742 3.031667 17.644448 1532.098388
 147.000000 -2.857250 2.309534 22.425377 454.206561
 147.200000 -1.934131 2.698755 22.616076 0.003392
 147.400000 -2.072563 2.755303 23.291921 68.291127
 147.600000 -3.076097 2.262156 15.364397 2020.790147
 147.800000 3.018135 3.060117 5.546845 3478.172198
 148.000000 -3.130977 -3.056034 12.782014 2397.917349
 148.200000 -2.801409 2.370199 23.574463 352.638028
 148.400000 -1.875876 2.622956 22.744350 18.688500
 148.600000 -1.613122 2.634121 25.677591 283.088830
 148.800000 -2.670578 2.324937 25.476042 75.369070
 149.000000 -2.987082 3.062068 18.960112 1202.193514
 149.200000 -2.376922 3.110693 25.534486 11.916357
 149.400000 -3.033862 1.868336 17.209589 1659.854755
 149.600000 -2.317434 2.771477 25.267249 31.063176
 149.800000 -2.850620 2.940351 22.616286 435.306971
 150.000000 3.001069 2.613767 4.562137 3555.807293
 150.200000 -2.688548 2.886975 25.334127 112.127404
 150.400000 -2.085664 2.903759 23.418974 72.948301
 150.600000 -2.157212 2.159231 24.050429 78.440353
 150.800000 -1.760863 2.543317 23.602884 106.749047
 151.000000 -2.306997 2.549064 25.222068 35.952537
 151.200000 -2.704535 2.803738 25.167672 149.065597
 151.400000 -3.088848 2.946573 14.841185 2124.889785
 151.600000 3.141293 2.968575 12.298611 2466.888222
 151.800000 -2.805852 2.833119 23.538649 357.440294
 152.000000 -2.689855 2.742773 25.336173 115.195216
 152.200000 -3.099252 2.860561 14.372861 2198.090117
 152.400000 2.984020 2.949804 3.581554 3569.873878
 152.600000 -2.696012 2.805897 25.285748 128.954353
 152.800000 -2.459496 2.367285 25.789953 3.361407
 153.000000 -2.261395 2.683801 24.941530 56.463506
 153.200000 -2.435285 2.915585 25.761319 4.222827
 153.400000 -2.784204 2.628513 23.974825 322.633833
 153.600000 -2.732288 2.834398 24.830217 215.915006
 153.800000 -2.665233 2.932734 25.604876 65.748622
 154.000000 -2.822912 2.556415 23.247381 383.279195
 154.200000 -2.343794 2.910967 25.489230 22.571819
 154.400000 -2.280493 2.740364 25.110470 50.668201
 154.600000 -1.898846 2.540318 22.659741 5.640761
 154.800000 -2.289837 2.310177 25.175584 46.439978
 155.000000 -2.047708 2.854596 23.130034 58.034264
 155.200000 -2.465455 2.798934 25.854016 2.994273
 155.400000 -2.806236 2.800225 23.614638 357.344266
 155.600000 3.103819 2.911319 10.444970 2735.554098
 155.800000 2.914332 2.930706 -0.013802 18.241374
 156.000000 -2.085193 2.706167 23.443396 74.506198
 156.200000 -1.750373 2.243887 23.675898 113.432605
 156.400000 -1.776871 1.881315 23.410443 88.205119
 156.600000 -1.976566 1.444881 22.721097 14.177911
 156.800000 -0.691643 0.715334 9.182226 1123.226004
 157.000000 -1.058807 0.098509 22.996253 708.890180
 157.200000 -0.673934 -0.412499 8.581606 1074.211872
 157.400000 -0.511036 -0.301693 1.905109 2620.240870
 157.600000 -0.497107 0.099141 1.192859 2593.235848
 157.800000 -1.515041 0.704623 27.090134 160.071901
 158.000000 -1.365183 1.232416 27.841610 5.867170
 158.200000 -0.494830 1.093445 1.068350 2575.712179
 158.400000 -0.455819 1.615979 -0.000252 0.009415
 158.600000 -0.671960 2.370899 8.503968 1071.553780
 158.800000 -0.635193 2.312481 7.285444 1170.156433
 159.000000 -0.800832 1.831048 13.444129 2015.904187
 159.200000 -1.426275 1.023026 27.784533 11.808515
 159.400000 -1.486008 0.505166 27.388038 96.479917
 159.600000 -0.793271 0.539864 13.095345 1969.645470
 159.800000 -1.680737 1.132762 24.517509 197.591781
 160.000000 -1.525875 1.154472 26.920272 181.567323
 160.200000 -0.793838 0.818969 13.110348 1972.294567
 160.400000 -1.634412 1.018505 25.208164 252.982180
 160.600000 -1.706690 0.956957 24.163670 162.039861
 160.800000 -0.745140 0.787983 11.064204 1535.333360
 161.000000 -0.927352 1.089095 18.888310 1393.256066
 161.200000 -1.409000 1.092073 27.802661 2.712819
 161.400000 -1.554725 0.740500 26.483229 232.531974
 161.600000 -0.814539 0.548801 14.033874 2067.965527
 161.800000 -1.361281 0.911979 27.773089 7.721203
 162.000000 -1.329910 1.139124 27.643995 29.574174
 162.200000 -1.005432 1.029730 21.431552 853.444335
 162.400000 -1.442363 0.969256 27.680542 26.217822
 162.600000 -1.526641 0.869676 26.879530 180.936659
 162.800000 -1.240549 0.997738 26.793097 186.142940
 163.000000 -1.336325 0.997400 27.667064 24.078311
 163.200000 -1.308550 0.971251 27.489226 52.840513
 163.400000 -1.737901 1.137093 23.778442 123.721453
 163.600000 -1.175359 1.150973 25.682412 401.076799
 163.800000 -0.995096 0.754468 21.114778 899.053190
 164.000000 -1.523313 0.663714 26.917557 173.658733
 164.200000 -1.250375 1.070749 26.906600 160.236420
 164.400000 -1.062670 1.348307 22.995765 698.866925
 164.600000 -1.348509 1.015999 27.704725 15.061583
 164.800000 -0.825387 0.367857 14.504363 2081.292839
 165.000000 -1.227229 0.507318 26.586733 224.681177
 165.200000 -1.128755 0.785472 24.651706 554.673066
 165.400000 -1.664017 1.080672 24.729215 217.726363
 165.600000 -0.918988 0.878527 18.521887 1467.072173
 165.800000 -1.478255 0.987336 27.408315 79.742428
 166.000000 -0.871699 0.734198 16.578343 1899.947089
 166.200000 -1.686432 0.691708 24.404745 188.105079
 166.400000 -1.278924 1.052414 27.223166 97.783940
 166.600000 -0.817922 1.207153 14.148189 2070.802977
 166.800000 -0.799910 1.366405 13.334116 2004.656920
 167.000000 -1.673892 1.556403 24.580541 204.933032
 167.200000 -1.649304 1.061676 24.941281 236.323731
 167.400000 -0.752125 0.518199 11.287618 1610.315369
 167.600000 -0.591791 0.072555 5.591492 1627.578664
 167.800000 -0.519252 -0.650614 2.236973 2562.326527
 168.000000 -0.517029 -0.689642 2.124341 2572.069251
 168.200000 -0.776829 0.158159 12.309876 1842.630351
 168.400000 -0.922550 0.641075 18.634957 1432.453085
 168.600000 -1.547024 1.129604 26.568463 220.417054
 168.800000 -1.378368 1.106471 27.774120 1.702238
 169.000000 -1.243221 0.715371 26.805829 177.910328
 169.200000 -1.639901 0.786434 25.080911 247.597457
 169.400000 -1.049144 0.975485 22.611497 737.356384
 169.600000 -1.407684 1.296070 27.772377 2.140872
 169.800000 -0.922450 0.851277 18.624575 1433.170006
 170.000000 -1.660331 0.592226 24.766926 223.955074
 170.200000 -1.182318 0.969941 25.806573 377.009314
 170.400000 -1.072153 1.437290 23.224416 692.971797
 170.600000 -0.834983 1.355381 14.903295 2068.924868
 170.800000 -1.475607 1.165607 27.432656 75.708490
 171.000000 -1.194373 0.420793 26.033718 333.492064
 171.200000 -0.437340 0.341091 -0.000000 0.000000
 171.400000 -0.562531 0.276745 4.305470 2062.930850
 171.600000 -1.069037 -0.325147 23.142989 700.603724
 171.800000 -0.410347 -0.478521 -0.000000 0.000000
 172.000000 -0.485390 0.102568 0.499582 2572.575341
 172.200000 -1.324686 0.447985 27.583322 35.407293
 172.400000 -1.317180 1.000057 27.536317 43.228634
 172.600000 -1.304108 1.305692 27.443192 58.943288
 172.800000 -1.439057 1.264787 27.686052 22.316917
 173.000000 -1.377977 0.767256 27.781334 1.991289
 173.200000 -1.044230 0.311205 22.478425 758.334582
 173.400000 -0.973316 0.426939 20.383617 1036.533719
 173.600000 -1.076283 0.641701 23.340550 690.125875
 173.800000 -1.818952 1.094917 22.993130 50.328992
 174.000000 -0.923755 0.959794 18.655381 1427.042126
 174.200000 -1.769842 0.974344 23.399628 92.729903
 174.400000 -1.449294 1.030861 27.642573 34.241101
 174.600000 -0.953267 0.591806 19.715491 1178.329311
 174.800000 -0.773938 0.375133 12.157688 1819.184245
 175.000000 -1.009254 0.049101 21.487075 865.144705
 175.200000 -0.440372 0.093979 -0.000000 0.000000
 175.400000 -1.301054 0.267206 27.432159 62.647578
 175.600000 -0.981682 0.488007 20.650358 995.293286
 175.800000 -1.505247 1.330240 27.149486 139.615884
 176.000000 -1.258009 1.611978 27.009842 138.973081
 176.200000 -1.124350 0.810150 24.577547 575.748576
 176.400000 -0.925976 0.209989 18.733010 1413.530382
 176.600000 -0.446120 -0.498117 -0.000003 0.000001
 176.800000 -0.433642 -0.655136 -0.000000 0.000000
 177.000000 -0.747882 0.058589 11.079885 1576.946077
 177.200000 -0.966416 0.455379 20.159457 1095.918796
 177.400000 -1.524418 1.064211 26.915099 184.602847
 177.600000 -1.649973 1.304194 24.912408 245.451277
 177.800000 -0.901554 0.841151 17.777431 1641.607161
 178.000000 -1.318030 0.493371 27.567466 42.054350
 178.200000 -1.203297 0.707321 26.245522 295.048139
 178.400000 -1.358432 1.039711 27.769854 10.043183
 178.600000 -1.300824 1.173908 27.451168 62.188907
 178.800000 -0.937995 0.465223 19.176677 1312.946687
 179.000000 -1.002567 0.094352 21.302090 908.092674
 179.200000 -0.587764 -0.360218 5.357656 1685.033997
 179.400000 -0.481154 -0.148862 0.248232 2859.889339
 179.600000 -1.008351 0.103691 21.481569 889.621088
 179.800000 -0.832853 0.457647 14.785559 2066.157862
 180.000000 -1.631258 1.010152 25.211185 268.518433
 180.200000 -1.425119 1.188525 27.792735 10.542641
 180.400000 -0.854168 0.825062 15.751427 2000.110694
 180.600000 -1.653139 0.852493 24.858377 245.672761
 180.800000 -1.736702 0.966931 23.718862 131.655696
 181.000000 -0.551178 0.689382 3.738745 2222.402342
 181.200000 -0.943960 0.991155 19.401202 1270.686962
 181.400000 -1.332309 1.122805 27.685334 27.722137
 181.600000 -1.174137 0.634592 25.743163 399.985023
 181.800000 -0.834991 0.287133 14.889964 2061.915510
 182.000000 -0.995324 0.421123 21.099876 950.841191
 182.200000 -1.186576 0.966567 25.998207 352.008732
 182.400000 -1.608251 1.330303 25.599139 288.056024
 182.600000 -0.942523 0.781793 19.356157 1283.684043
 182.800000 -1.483104 0.569151 27.433545 95.144549
 183.000000 -1.798656 1.033689 23.092860 70.253633
 183.200000 -0.961808 1.201192 20.034487 1142.865659
 183.400000 -1.191009 1.396567 26.094915 334.826537
 183.600000 -1.684991 1.199979 24.377798 205.601619
 183.800000 -1.118707 0.482344 24.530209 601.675350
 184.000000 -0.645710 0.022591 7.487611 1149.187547
 184.200000 -0.322185 -0.733558 -0.000000 0.000000
 184.400000 -0.520014 -0.507722 2.200201 2531.180795
 184.600000 -0.458449 0.108100 -0.000254 0.009644
 184.800000 -1.265855 1.052369 27.190925 115.475572
 185.000000 -1.946471 1.478089 22.552650 4.478067
 185.200000 -1.598886 1.481193 25.775228 294.781634
 185.400000 -0.713555 0.963068 9.801217 1299.542248
 185.600000 -1.203650 0.498905 26.346650 287.784783
 185.800000 -1.065201 0.134601 23.161777 749.731599
 186.000000 -0.425614 0.139596 -0.000000 0.000000
 186.200000 -0.757349 0.114513 11.492971 1688.429623
 186.400000 -1.607657 0.071990 25.629914 295.926399
 186.600000 -1.630111 1.051770 25.246995 283.224090
 186.800000 -0.470864 1.590819 -0.019879 21.999201
 187.000000 -0.511566 1.868735 1.773640 2558.769138
 187.200000 -0.730221 2.195449 10.426152 1439.548212
 187.400000 -0.861226 2.194343 16.111057 1965.960422
 187.600000 -0.824741 1.967889 14.463133 2076.508326
 187.800000 -0.606179 1.707221 6.077209 1460.611649
 188.000000 -0.437691 1.890049 -0.000000 0.000000
 188.200000 -0.946603 2.391523 19.553296 1258.614834
 188.400000 -0.546807 1.982125 3.523165 2284.579534
 188.600000 -0.431057 1.844088 -0.000000 0.000000
 188.800000 -1.093939 1.909550 23.970537 681.529552
 189.000000 -1.303500 1.715912 27.575198 54.507424
 189.200000 -0.837944 0.978173 15.086629 2064.932088
 189.400000 -1.803099 1.004685 23.014196 71.098098
 189.600000 -1.880064 0.597186 22.550532 11.060135
 189.800000 -0.964656 0.824626 20.188792 1131.274331
 190.000000 -0.952485 1.315948 19.772091 1214.871477
 190.200000 -1.019410 1.871183 21.922057 875.591613
 190.400000 -0.748281 2.214392 11.158678 1615.397799
 190.600000 -0.835558 2.209040 14.991227 2071.816270
 190.800000 -0.872671 1.860381 16.650055 1890.315490
 191.000000 -0.443234 1.417689 -0.000001 0.000000
 191.200000 -0.433069 1.735488 -0.000000 0.000000
 191.400000 -1.343529 2.253866 27.832284 17.523683
 191.600000 -2.443438 2.535011 25.967895 2.114212
 191.800000 2.889043 3.047880 -0.000001 0.000000
 192.000000 -2.801622 3.067467 23.944168 363.573009
 192.200000 -2.398549 2.287809 25.872841 7.384891
 192.400000 -1.857836 2.647195 22.621240 25.491240
 192.600000 -1.899173 2.722911 22.477256 3.409061
 192.800000 -2.678402 2.299068 25.748568 75.167603
 193.000000 -2.871984 3.117054 22.488600 501.262110
 193.200000 2.928130 3.133562 0.387517 3105.494294
 193.400000 -2.910184 2.241589 21.574800 648.209161
 193.600000 -1.783394 2.611673 23.172265 93.463125
 193.800000 -1.854330 2.611365 22.633442 28.354731
 194.000000 -2.413144 2.455358 25.903148 4.743945
 194.200000 -2.908930 2.773149 21.602200 642.901142
 194.400000 3.012666 -3.091050 5.297232 3527.436800
 194.600000 -3.068268 2.779204 15.945843 2073.895662
 194.800000 -2.193935 2.824609 24.369635 96.950033
 195.000000 -1.863864 2.422621 22.580231 21.738642
 195.200000 -1.852760 2.345663 22.631578 30.160613
 195.400000 -2.238226 2.650122 24.794942 92.095508
 195.600000 -2.404683 2.988147 25.873419 6.180935
 195.800000 -3.084141 2.490701 15.206709 2207.256061
 196.000000 -3.041918 3.034414 17.106517 1827.398776
 196.200000 -2.458030 -3.092803 25.960385 1.559136
 196.400000 -2.505256 2.181645 26.016971 1.520116
 196.600000 -1.705308 2.365376 24.091229 196.508976
 196.800000 -1.988199 2.230383 22.603002 25.606993
 197.000000 -2.065813 2.874536 23.149778 72.265704
 197.200000 -2.899255 2.849089 21.834889 597.853385
 197.400000 2.936192 -3.134203 0.811421 2968.778688
 197.600000 2.982832 2.749739 3.497504 3538.971480
 197.800000 -2.597767 2.793694 26.077277 0.721274
 198.000000 -2.300937 2.559915 25.339224 60.254003
 198.200000 -2.076792 2.724470 23.231852 76.264880
 198.400000 -2.104422 2.704482 23.480170 84.767913
 198.600000 -2.406853 2.509748 25.866540 5.666722
 198.800000 -2.168825 2.602064 24.095173 96.250393
 199.000000 -2.248442 2.746061 24.876232 89.889273
 199.200000 -2.457704 2.601739 25.947660 1.458265
 199.400000 -2.924132 2.632979 21.191580 723.830622
 199.600000 2.993499 3.050917 4.123508 3549.371806
 199.800000 -2.984109 3.060301 19.348436 1218.432593
 200.000000 -2.017365 2.296293 22.762281 45.118176
 200.200000 -1.280067 2.053673 27.496526 79.062914
 200.400000 -0.354747 1.800245 -0.000000 0.000000
 200.600000 -0.697477 1.786434 9.355877 1240.116236
 200.800000 -1.445056 1.562366 27.871196 28.525551
 201.000000 -1.790679 0.755914 23.108274 89.338431
 201.200000 -0.914883 0.385622 18.549764 1513.093517
 201.400000 -0.037598 0.127582 -0.000000 0.000000
 201.600000 0.759275 -0.425496 -0.000000 0.000000
