#! FIELDS time phi psi ves.bias ves.force2
#! SET min_phi -pi
#! SET max_phi pi
#! SET min_psi -pi
#! SET max_psi pi
 0.000000 -1.498385 0.273949 27.215882 148.921278
 0.200000 -0.449412 0.131875 1.511745 152.175306
 0.400000 -1.536978 0.644147 26.691350 219.718973
 0.600000 -1.748105 1.099083 23.540627 106.146967
 0.800000 -0.445937 1.418754 1.469236 147.175590
 1.000000 -0.811291 2.093301 12.515964 1998.115964
 1.200000 -0.801987 2.700540 12.259740 1937.851176
 1.400000 -0.659913 2.109390 6.341242 1284.423124
 1.600000 -1.297558 1.168313 27.737193 87.036713
 1.800000 -1.743341 0.438876 23.793272 147.312929
 2.000000 -1.331919 0.218806 27.987246 27.306303
 2.200000 -0.728898 0.545573 9.275042 1866.543952
 2.400000 -0.966333 0.818693 19.060052 1359.645454
 2.600000 -1.368782 1.130669 28.113079 3.639955
 2.800000 -1.298009 0.894314 27.715123 87.892470
 3.000000 -1.456176 0.666212 27.880351 51.455483
 3.200000 -1.791513 0.947910 23.179603 99.174594
 3.400000 -0.786396 1.169816 11.904764 1989.217127
 3.600000 -1.027478 1.204482 21.368750 1167.131988
 3.800000 -1.190736 1.307621 26.152415 491.089735
 4.000000 -1.489409 0.727704 27.647652 110.758823
 4.200000 -0.890725 0.541940 16.471807 1627.417159
 4.400000 -0.719579 0.437895 8.986956 1886.526602
 4.600000 -0.919390 0.066626 17.603609 1493.310069
 4.800000 -0.643314 -0.351027 5.935471 1274.025948
 5.000000 -0.525166 -0.505963 2.699919 375.083141
 5.200000 -0.828856 -0.023694 14.017415 1966.215405
 5.400000 -0.733229 0.184913 9.680672 1997.532340
 5.600000 -0.769787 0.568039 11.339140 2094.610748
 5.800000 -1.925239 0.981715 22.472537 0.518586
 6.000000 -1.447001 1.007939 28.095228 35.674445
 6.200000 -0.802748 0.732799 12.993600 2093.947725
 6.400000 -1.444272 0.877118 28.125720 30.999464
 6.600000 -1.177542 1.084823 25.998020 572.011422
 6.800000 -0.774397 1.089668 11.688434 2130.259022
 7.000000 -1.361416 1.610465 28.303361 2.382553
 7.200000 -1.757415 1.330934 23.543928 195.354210
 7.400000 -1.251961 0.671747 27.476820 218.787624
 7.600000 -1.058983 0.455661 22.697603 947.660725
 7.800000 -0.680107 -0.009160 7.657232 1675.702679
 8.000000 -1.251492 0.281717 27.469867 220.622011
 8.200000 -1.256518 0.750805 27.581217 203.564962
 8.400000 -1.682157 1.167590 24.807725 360.151985
 8.600000 -1.307403 1.390203 28.140460 61.046543
 8.800000 -0.831685 0.896532 14.575914 1936.840835
 9.000000 -1.976317 0.839636 22.496392 4.716197
 9.200000 -2.083529 0.571255 22.867075 29.158246
 9.400000 -0.451586 0.067567 1.466962 221.197432
 9.600000 -0.730538 -0.023874 10.092784 2021.638933
 9.800000 -0.877430 -0.021476 16.605203 1627.645547
 10.000000 -0.959593 0.021381 19.641242 1148.937527
 10.200000 -0.648379 0.240607 6.751239 1485.240139
 10.400000 -1.277149 0.524356 27.937593 141.338334
 10.600000 -1.615990 1.201713 26.185526 363.709164
 10.800000 -1.673031 1.594663 25.061153 390.391869
 11.000000 -1.171831 1.061765 25.980972 601.924704
 11.200000 -1.030750 0.259491 22.016146 917.477192
 11.400000 -0.840365 0.080863 15.242436 1833.239342
 11.600000 -0.579289 0.038631 4.430548 971.420410
 11.800000 -0.769507 0.172779 12.085787 2068.420856
 12.000000 -1.069808 0.182740 23.182996 869.313684
 12.200000 -0.626081 0.411746 6.126619 1364.833278
 12.400000 -1.168107 0.673872 25.950216 624.476297
 12.600000 -1.334605 0.976533 28.528828 25.196636
 12.800000 -1.037774 1.424364 22.283979 893.786948
 13.000000 -1.219421 1.407068 27.107279 390.971754
 13.200000 -1.563289 1.028557 27.224005 250.793694
 13.400000 -1.048212 0.362304 22.680139 869.912923
 13.600000 -0.604854 0.201201 5.454785 1245.807018
 13.800000 -1.352438 0.463732 28.656006 8.962615
 14.000000 -1.555723 0.929232 27.341580 232.242022
 14.200000 -1.240112 1.107176 27.602096 300.373843
 14.400000 -0.850199 0.891474 15.934379 1744.952392
 14.600000 -1.664096 1.003951 25.360902 414.950806
 14.800000 -1.521275 0.809655 27.857512 157.387100
 15.000000 -0.490388 0.798118 2.172275 494.321486
 15.200000 -0.813752 1.475595 14.444186 1923.175360
 15.400000 -0.961755 1.719844 20.196519 1096.665542
 15.600000 -0.558213 1.368441 4.015300 984.100036
 15.800000 -1.200199 1.641156 26.872728 474.529487
 16.000000 -0.989330 1.130474 21.085102 985.994561
 16.200000 -0.669618 -0.005831 8.201835 1719.449770
 16.400000 -0.496156 -1.037276 2.310226 581.853151
 16.600000 -0.686142 -0.292726 8.894897 1797.467736
 16.800000 -0.550949 0.448029 3.829018 968.619240
 17.000000 -1.593339 1.101033 26.848669 334.446138
 17.200000 -1.710564 1.170509 24.487863 412.104132
 17.400000 -1.016843 0.877658 22.125083 886.036494
 17.600000 -1.435627 0.787859 28.795263 29.734735
 17.800000 -1.680691 0.929938 25.109399 447.199226
 18.000000 -1.599585 0.994450 26.770197 352.887777
 18.200000 -0.636386 0.896312 7.078659 1562.804198
 18.400000 -1.614939 1.119916 26.523200 387.580754
 18.600000 -1.798539 1.312837 22.994481 179.561385
 18.800000 -0.969738 0.675955 20.742331 1071.483577
 19.000000 -0.632336 -0.070695 6.919006 1544.009748
 19.200000 -0.538742 -0.640546 3.628894 1019.748721
 19.400000 -0.413603 -0.561168 0.725629 193.461618
 19.600000 -0.573695 0.205215 4.809833 1258.526474
 19.800000 -1.861518 1.124346 22.375673 46.671648
 20.000000 -2.050843 1.928573 22.406044 19.353823
 20.200000 -1.752343 -3.044274 23.791514 335.392687
 20.400000 -2.946480 2.975044 18.941557 1043.532834
 20.600000 -2.514843 2.735141 24.993524 1.387082
 20.800000 -1.553112 2.631908 27.704412 232.555196
 21.000000 -2.134255 2.061568 22.821265 38.103907
 21.200000 -2.902453 2.361963 20.219664 770.028920
 21.400000 2.951888 -2.831934 1.852937 708.539263
 21.600000 3.020406 2.689325 4.209266 1756.244419
 21.800000 -2.151508 2.528221 22.903087 41.673068
 22.000000 -1.581389 2.523690 27.288888 299.088408
 22.200000 -2.416742 2.297379 24.774395 16.463306
 22.400000 -3.011918 2.834627 16.498334 1629.282808
 22.600000 2.987635 -2.867190 2.925730 1222.862111
 22.800000 3.076242 2.654515 6.806094 2585.479693
 23.000000 -2.274864 2.379421 23.811873 68.215706
 23.200000 -1.812755 2.588115 22.915179 169.261577
 23.400000 -2.128113 2.463382 22.708378 33.233050
 23.600000 -3.122540 2.624421 11.267708 2755.068198
 23.800000 3.036178 -2.938047 4.877817 2038.339727
 24.000000 -2.769025 2.760479 23.032359 240.483064
 24.200000 -2.245857 2.269062 23.523411 65.808544
 24.400000 -1.619062 2.616378 26.721833 386.848856
 24.600000 -2.533707 2.694250 24.835818 3.524641
 24.800000 3.080857 2.906363 7.060110 2623.277084
 25.000000 -2.927549 -3.102707 19.409622 916.853212
 25.200000 -2.975904 2.220491 17.796375 1274.551398
 25.400000 -2.207030 2.703453 23.200933 57.415597
 25.600000 -2.020447 2.936643 22.215766 7.401665
 25.800000 -2.362727 2.544181 24.402155 40.853964
 26.000000 -2.846582 2.426730 21.515515 501.240007
 26.200000 -2.785508 3.136426 22.711772 281.906855
 26.400000 -3.125594 2.762595 11.116865 2682.396562
 26.600000 -2.999677 2.691715 16.893902 1492.069461
 26.800000 -3.109802 2.836634 11.927132 2577.584427
 27.000000 -3.045353 3.031978 15.002478 1952.261581
 27.200000 3.133265 2.765809 9.880488 2753.063744
 27.400000 -3.042179 2.880260 15.146435 1895.346849
 27.600000 -3.129965 2.767508 10.921368 2678.169418
 27.800000 -2.870992 2.833419 20.943764 621.867408
 28.000000 -2.950667 2.888419 18.640052 1089.521769
 28.200000 -3.095702 2.626968 12.699904 2395.704570
 28.400000 -2.987197 3.045906 17.372804 1361.373470
 28.600000 -3.098226 2.824561 12.576057 2418.251808
 28.800000 -3.100452 2.747503 12.466354 2437.776033
 29.000000 -2.981922 2.829185 17.565880 1318.653054
 29.200000 3.104533 2.721435 8.500882 2748.580959
 29.400000 -3.019160 2.806298 16.176267 1624.259648
 29.600000 -3.077737 2.756346 13.619623 2200.095345
 29.800000 -3.139890 2.828586 10.530438 2691.095015
 30.000000 3.092485 2.693898 7.871207 2710.365985
 30.200000 -3.018793 2.688742 16.246955 1588.728866
 30.400000 -2.752370 3.059663 23.239851 173.025656
 30.600000 3.063602 2.634670 6.478652 2551.894007
 30.800000 -2.787154 2.851812 22.726874 268.916828
 31.000000 -2.828978 2.691466 21.953843 424.077064
 31.200000 -2.900939 2.778085 20.255217 766.223055
 31.400000 -2.923219 3.121630 19.614399 890.328491
 31.600000 -2.691485 2.945058 23.885527 68.356552
 31.800000 -2.050117 2.491414 22.221852 9.237712
 32.000000 -1.809942 2.472513 23.089032 195.501466
 32.200000 -2.000506 2.413239 22.104796 1.398181
 32.400000 -2.526372 2.837679 24.657210 3.247826
 32.600000 3.059300 2.712644 6.432429 2607.019307
 32.800000 -3.073967 -3.114441 14.039923 2062.142202
 33.000000 -2.522399 2.740428 24.664047 2.685008
 33.200000 -2.412428 2.304806 24.525268 16.451652
 33.400000 -1.849188 2.721868 22.622483 97.322424
 33.600000 -2.393013 2.869556 24.436688 25.563518
 33.800000 3.046121 2.567190 5.846796 2529.842902
 34.000000 3.077488 -2.935798 7.465284 2763.425638
 34.200000 -2.985841 2.788891 17.704612 1251.436609
 34.400000 -2.273124 2.661499 23.561379 67.887340
 34.600000 -2.081799 2.635452 22.308924 15.669738
 34.800000 -2.338368 2.812412 24.079689 53.729107
 35.000000 -3.134681 2.687495 11.284814 2577.780002
 35.200000 -2.811739 -3.037624 22.463634 324.694199
 35.400000 -2.573884 2.716382 24.497378 11.618426
 35.600000 -1.869812 2.462129 22.449486 60.795725
 35.800000 -1.883597 2.274844 22.351156 42.011621
 36.000000 -2.650077 2.330693 24.165215 29.114769
 36.200000 -2.792227 -2.786463 22.830355 244.446695
 36.400000 -3.083123 2.933396 13.920329 2029.105932
 36.600000 -1.995867 2.000224 22.102090 0.758828
 36.800000 -1.125571 1.419276 25.300645 585.076424
 37.000000 -1.218127 0.560927 27.375149 385.463525
 37.200000 -1.738051 0.499572 24.346974 387.902225
 37.400000 -2.459079 0.484641 24.631983 2.414785
 37.600000 -1.826063 0.250605 22.915582 147.906300
 37.800000 -0.532298 0.409465 3.678716 1423.953973
 38.000000 -0.487760 0.989978 2.113807 1020.042493
 38.200000 -0.668840 1.733011 9.050636 1489.006453
 38.400000 -0.996443 2.470802 21.836432 934.385577
 38.600000 -0.417949 2.292987 0.324951 362.579525
 38.800000 -1.080497 1.492482 24.150009 643.328766
 39.000000 -1.345235 0.405553 28.921357 21.913006
 39.200000 -0.413861 -0.664614 0.221714 347.511661
 39.400000 -0.151632 -0.625981 -0.000355 0.000265
 39.600000 -0.865179 0.142279 16.988485 1757.032729
 39.800000 -1.537300 1.084134 28.052156 156.307749
 40.000000 -1.378976 1.770108 29.000451 0.945038
 40.200000 -0.859942 1.515436 16.762643 1772.443288
 40.400000 -0.717295 1.077824 10.908314 1490.842373
 40.600000 -1.244957 0.911848 27.793438 286.912136
 40.800000 -0.970197 0.495182 20.987678 1095.362792
 41.000000 -0.801331 0.081872 14.284248 1752.050402
 41.200000 -1.009157 -0.168547 22.196806 860.046513
 41.400000 -0.583583 0.202199 5.712436 1607.590125
 41.600000 -0.135438 -0.096365 -0.000173 0.000077
 41.800000 1.215813 -1.177363 -0.000000 0.000000
