#! FIELDS time phi psi ves.bias ves.force2
#! SET min_phi -pi
#! SET max_phi pi
#! SET min_psi -pi
#! SET max_psi pi
 0.000000 -1.498385 0.273949 25.037724 141.910265
 0.200000 -1.295535 0.999859 25.692907 88.041595
 0.400000 -0.652668 1.661754 4.976503 2170.457217
 0.600000 -0.735455 2.256085 8.655720 1741.780271
 0.800000 -0.682793 2.502467 6.363365 2051.770269
 1.000000 -0.672083 1.769781 5.875016 2105.194988
 1.200000 -0.728733 1.123689 8.694247 1664.566797
 1.400000 -1.515088 0.749423 24.917036 220.826640
 1.600000 -1.664812 0.692403 22.449308 241.616068
 1.800000 -0.855166 0.942658 13.681128 1574.999948
 2.000000 -1.130716 1.576207 22.627305 559.512873
 2.200000 -0.648760 1.812307 5.306671 2049.005481
 2.400000 -0.997939 2.075038 19.127290 1008.615118
 2.600000 -0.738504 2.329385 9.109071 1580.880277
 2.800000 -1.069807 2.222320 21.163798 653.828508
 3.000000 -0.742368 1.839389 9.262449 1570.296738
 3.200000 -0.575324 1.692641 2.072543 1998.270884
 3.400000 -0.646762 1.682459 5.353739 2055.201010
 3.600000 -0.573484 1.861205 1.990466 1982.471160
 3.800000 -0.957741 2.273449 17.939357 1285.377640
 4.000000 -0.801471 2.406407 11.708357 1578.210023
 4.200000 -0.894768 2.046435 15.702260 1604.520466
 4.400000 -0.785157 1.603325 11.288489 1546.222182
 4.600000 -1.043256 1.494280 20.639752 648.661459
 4.800000 -1.114333 0.751014 22.316913 510.074207
 5.000000 -1.772388 0.128981 21.191269 54.829990
 5.200000 -1.779857 0.503246 21.102269 46.114077
 5.400000 -1.719210 1.189177 21.738526 192.864343
 5.600000 -0.526703 1.266972 0.234135 1854.640297
 5.800000 -1.182743 1.601902 23.854638 464.140762
 6.000000 -1.015091 1.146858 20.005445 744.491692
 6.200000 -1.382820 0.734121 26.069580 8.778206
 6.400000 -1.409023 0.862726 25.953565 33.364425
 6.600000 -1.436464 1.083282 25.762831 64.232328
 6.800000 -1.125809 1.234846 22.658493 456.207974
 7.000000 -1.620356 1.081711 23.405423 289.222250
 7.200000 -1.425685 0.663036 25.890363 53.159464
 7.400000 -0.726362 0.689247 9.312273 1636.050347
 7.600000 -1.212554 1.265498 24.544939 380.729117
 7.800000 -2.032230 1.441552 21.347653 14.114073
 8.000000 -1.696674 1.715280 22.145278 251.995973
 8.200000 -1.462678 2.058880 25.628885 92.686586
 8.400000 -1.323140 2.528362 26.077906 32.681556
 8.600000 -0.766327 2.471805 10.954491 1564.874414
 8.800000 -0.885226 1.805465 15.763773 1647.587604
 9.000000 -1.272142 1.224249 25.589269 175.746169
 9.200000 -1.310787 0.266093 26.043551 58.321385
 9.400000 -0.900807 0.364960 16.456502 1600.009454
 9.600000 -0.624902 0.331396 4.918756 2268.396624
 9.800000 -1.457941 0.453576 25.742142 86.431178
 10.000000 -1.267350 1.048355 25.575851 187.931451
 10.200000 -0.999731 1.539679 20.024187 859.594284
 10.400000 -1.079363 1.324389 22.023696 482.271070
 10.600000 -0.725085 0.871238 9.382865 1678.737062
 10.800000 -1.891400 0.896919 20.856587 4.004696
 11.000000 -1.434632 0.677468 26.026413 56.838965
 11.200000 -0.455555 0.712750 -0.000000 0.000000
 11.400000 -1.307316 1.317988 26.125925 68.580217
 11.600000 -1.222897 0.890490 24.987641 311.207699
 11.800000 -0.700507 0.273622 8.390420 1811.842688
 12.000000 -1.252165 0.235345 25.469804 229.439800
 12.200000 -0.673246 0.271919 7.228759 1987.369008
 12.400000 -0.591424 -0.062742 3.398149 2269.234745
 12.600000 -0.648941 -0.382452 6.124458 2139.420493
 12.800000 -1.105702 -0.183957 22.776769 439.702274
 13.000000 -1.677468 0.595839 22.512770 316.621976
 13.200000 -1.265039 2.122650 25.799567 179.107694
 13.400000 -0.504187 2.409433 -0.013595 9.470578
 13.600000 -1.646068 2.118753 23.084442 356.329938
 13.800000 -2.441099 1.740581 23.552417 19.107828
 14.000000 -2.312762 2.570051 22.806519 41.353088
 14.200000 -2.131872 -3.062036 21.618763 31.585548
 14.400000 -3.035638 2.330877 14.329361 1314.567140
 14.600000 -2.792606 2.689368 21.654948 390.062534
 14.800000 3.061185 -3.129277 5.368861 3231.263563
 15.000000 3.002045 2.784486 2.182774 2399.743912
 15.200000 -2.003861 2.735559 21.042407 9.587108
 15.400000 -1.104948 2.069919 22.965240 434.827986
 15.600000 -0.844553 1.586027 14.515741 1812.356078
 15.800000 -0.920062 1.617887 17.658658 1548.596436
 16.000000 -0.817677 1.930785 13.376866 1771.751936
 16.200000 -0.468137 2.089094 -0.000002 0.000000
 16.400000 -0.804269 2.166768 12.852152 1757.563956
 16.600000 -0.336977 1.841265 -0.000000 0.000000
 16.800000 -1.420772 1.850724 26.425803 42.562924
 17.000000 -2.098855 1.543269 21.394279 24.930220
 17.200000 -1.900804 1.456881 20.745336 1.946573
 17.400000 -0.633293 1.057381 5.683210 2136.855010
 17.600000 -0.473684 0.848933 -0.000010 0.000007
 17.800000 -1.329040 1.027081 26.562808 23.389843
 18.000000 -1.745758 0.840984 21.390363 147.585131
 18.200000 -1.123608 0.487237 23.444663 408.708254
 18.400000 -1.075465 0.849387 22.443445 470.224992
 18.600000 -1.516273 1.263975 25.428097 218.898559
 18.800000 -1.315113 0.940744 26.509774 45.732047
 19.000000 -1.273336 0.613349 26.108537 151.587959
 19.200000 -1.786730 1.038164 20.973279 59.344235
 19.400000 -1.377674 1.101393 26.693525 3.077937
 19.600000 -0.971393 0.735506 19.744093 1080.413649
 19.800000 -1.372761 0.830472 26.700614 1.276774
 20.000000 -0.931728 1.192143 18.331219 1460.142900
 20.200000 -0.745177 1.178623 10.578412 1623.966152
 20.400000 -0.950435 1.325896 19.075247 1285.533919
 20.600000 -1.432272 0.855414 26.472792 60.001615
 20.800000 -1.114830 0.362319 23.334379 401.831348
 21.000000 -0.619420 0.069587 5.221116 2175.200421
 21.200000 -0.716562 -0.180483 9.458838 1636.035470
 21.400000 -0.822186 -0.365676 13.811284 1854.787714
 21.600000 -0.573646 -0.412198 3.094855 2257.265420
 21.800000 -0.675700 0.014729 7.771810 1801.052717
 22.000000 -0.777472 0.148644 11.925638 1699.107797
 22.200000 -1.412762 0.780690 26.690087 32.585882
 22.400000 -1.855418 1.511947 20.641361 3.112558
 22.600000 -1.649062 1.391488 23.075477 411.028258
 22.800000 -1.359189 0.803903 26.824177 0.857190
 23.000000 -1.112592 0.635335 23.374268 392.820559
 23.200000 -1.260792 0.482020 26.117155 194.974450
 23.400000 -1.632715 1.158037 23.446221 427.087660
 23.600000 -1.248307 1.251653 25.934673 232.337361
 23.800000 -1.080507 0.747170 22.764313 429.751269
 24.000000 -1.230937 0.244657 25.656406 280.249021
 24.200000 -0.579874 0.131843 3.563566 2316.171588
 24.400000 -0.589467 -0.261146 4.024993 2307.439183
 24.600000 -0.789784 -0.500343 12.564483 1739.168904
 24.800000 -0.631487 -0.204431 6.002701 2085.567564
 25.000000 -0.905340 0.241354 17.538748 1716.759177
 25.200000 -1.408202 1.152225 26.837777 29.793895
 25.400000 -1.101511 1.388777 23.290425 406.435365
 25.600000 -0.848872 1.236146 15.145869 1928.477534
 25.800000 -1.530253 1.207993 25.474124 263.810202
 26.000000 -1.332569 0.524367 26.899940 18.079061
 26.200000 -0.519966 -0.002573 0.889878 1924.766271
 26.400000 -0.422125 -0.250268 -0.000000 0.000000
 26.600000 -0.713295 -0.411028 9.580402 1568.307969
 26.800000 -0.585255 -0.530097 3.964263 2331.399053
 27.000000 -0.512648 -0.103191 0.572073 1865.252721
 27.200000 -1.086649 0.456454 23.077088 432.079774
 27.400000 -1.381322 1.243319 27.044214 6.085505
 27.600000 -1.410573 1.410923 26.921751 33.994710
 27.800000 -0.852537 0.508327 15.387314 1931.327287
 28.000000 -0.772420 -0.048310 11.975970 1640.647909
 28.200000 -0.580438 -0.386499 3.893236 2354.070020
 28.400000 -0.657949 -0.245056 7.456492 1806.961906
 28.600000 -0.786661 0.200201 12.609569 1704.451488
 28.800000 -0.939669 0.435998 19.069250 1391.089364
 29.000000 -1.472017 0.842061 26.430115 137.937549
 29.200000 -1.790232 1.451543 20.836198 84.257309
 29.400000 -1.719529 1.703793 21.782232 303.724650
 29.600000 -1.964197 1.557584 20.474140 5.004494
 29.800000 -1.518019 1.381439 25.841002 250.437662
 30.000000 -1.313616 0.800817 27.015982 44.718213
 30.200000 -1.595993 0.668219 24.413030 462.079730
 30.400000 -1.591147 1.130885 24.516645 452.008392
 30.600000 -1.103778 1.313369 23.533274 432.771342
 30.800000 -1.525814 1.016621 25.762607 272.300225
 31.000000 -1.634345 0.757239 23.565078 502.980515
 31.200000 -1.803807 1.065486 20.704737 65.310944
 31.400000 -1.251989 1.199531 26.443356 219.535058
 31.600000 -1.304715 1.059571 27.046082 60.805154
 31.800000 -1.833595 0.904729 20.511047 25.201739
 32.000000 -1.606471 1.027629 24.241042 490.817470
 32.200000 -1.194431 1.028980 25.479591 389.075801
 32.400000 -1.324373 1.201204 27.218462 24.055322
 32.600000 -1.814706 0.999750 20.614424 52.861405
 32.800000 -1.344487 0.794973 27.288764 4.451763
 33.000000 -1.134860 0.876285 24.253457 439.130684
 33.200000 -1.733963 1.032227 21.622878 304.319033
 33.400000 -1.384085 0.986846 27.316190 8.052688
 33.600000 -1.227582 0.883796 26.152990 304.294093
 33.800000 -1.595020 0.993630 24.642664 470.660308
 34.000000 -1.779309 1.211623 20.955922 141.361693
 34.200000 -0.943300 1.046799 19.424891 1318.092001
 34.400000 -1.748574 1.229930 21.420468 264.540443
 34.600000 -1.636236 1.033685 23.791705 543.604994
 34.800000 -0.798723 0.692776 13.343228 1755.963296
 35.000000 -1.234088 0.791120 26.320812 284.849064
 35.200000 -1.545734 0.937238 25.769801 302.405437
 35.400000 -1.552593 0.973769 25.648337 325.007053
 35.600000 -1.276634 1.175532 26.986901 132.913606
 35.800000 -1.383461 0.981911 27.413996 7.950779
 36.000000 -1.590815 0.792261 24.895323 451.328537
 36.200000 -1.062336 0.929422 22.843208 507.355947
 36.400000 -1.443810 1.196519 27.128206 66.793559
 36.600000 -1.791887 1.005370 20.870219 142.104443
 36.800000 -1.123734 0.515162 24.188347 472.604947
 37.000000 -0.693680 0.399154 9.296964 1461.043451
 37.200000 -0.777390 0.031960 12.548106 1644.067557
 37.400000 -0.731295 -0.335350 10.746459 1442.362564
 37.600000 -0.339560 -0.450142 -0.000000 0.000000
 37.800000 -0.731554 0.099468 10.756278 1442.906462
 38.000000 -1.730772 0.768927 21.880497 389.571582
 38.200000 -1.716046 1.342938 22.233622 465.973826
 38.400000 -1.162025 1.267992 25.143450 484.052620
 38.600000 -1.147483 0.991233 24.821211 496.573079
 38.800000 -1.708023 0.647328 22.409535 495.116055
 39.000000 -1.704687 0.733334 22.484192 506.415165
 39.200000 -1.492899 1.307681 26.831167 129.840569
 39.400000 -1.223787 1.397001 26.469241 322.607680
 39.600000 -1.443900 1.180860 27.291561 56.774323
 39.800000 -1.512769 0.800712 26.586682 175.413931
 40.000000 -1.040491 0.678134 22.413242 592.162523
 40.200000 -1.540942 1.000142 26.250184 253.512781
 40.400000 -1.452671 0.938594 27.280625 64.301363
 40.600000 -1.108405 0.915453 24.034990 535.379360
 40.800000 -1.439819 1.028577 27.377915 50.773987
 41.000000 -1.248105 0.870690 26.948908 222.321458
 41.200000 -1.216204 1.023712 26.491204 359.427675
 41.400000 -1.857814 1.025753 20.295871 46.719097
 41.600000 -1.531837 1.033674 26.468582 220.764596
 41.800000 -1.254560 1.046567 27.127199 195.065999
 42.000000 -1.485448 1.060123 27.050443 108.391747
 42.200000 -1.915736 1.083928 20.017134 5.486448
 42.400000 -1.432664 0.993102 27.568640 42.348458
 42.600000 -1.166024 0.620755 25.507532 530.981032
 42.800000 -1.555747 0.831452 26.168463 304.424643
 43.000000 -1.044647 1.356223 22.597252 621.233255
 43.200000 -1.135741 1.535515 24.859878 585.812398
 43.400000 -0.753824 1.077820 11.720271 1537.571498
 43.600000 -1.633069 0.818364 24.599280 606.803064
 43.800000 -1.719180 0.766282 22.449488 543.679981
 44.000000 -1.191822 0.779728 26.163890 467.714805
 44.200000 -1.128102 1.111401 24.742304 605.294155
 44.400000 -1.862393 1.389891 20.240909 58.580313
 44.600000 -1.771908 1.242395 21.396348 331.936294
 44.800000 -0.835636 0.757576 15.171610 1952.670273
 45.000000 -1.672376 0.957448 23.679632 662.222660
 45.200000 -2.339417 1.164902 21.661054 35.877907
 45.400000 -1.645331 0.985348 24.447764 646.254731
 45.600000 -0.500017 0.628422 0.795625 2050.296112
 45.800000 -1.804061 1.069966 20.902775 215.918088
 46.000000 -1.855153 1.084061 20.305989 77.714405
 46.200000 -1.005964 0.834577 21.692111 814.785834
 46.400000 -1.436695 0.742205 27.807456 42.689598
 46.600000 -1.812610 0.798225 20.811965 196.643387
 46.800000 -1.635567 0.856693 24.765318 626.121500
 47.000000 -0.900730 0.735422 18.032340 1705.192191
 47.200000 -1.236036 1.177397 27.327537 270.367000
 47.400000 -1.439108 1.170098 27.853532 43.495821
 47.600000 -1.168685 0.735732 25.934988 571.952808
 47.800000 -0.609528 0.372096 6.061821 2010.885182
 48.000000 -0.792972 -0.184874 13.363246 1794.055270
 48.200000 -0.268455 -0.574421 -0.000000 0.000000
 48.400000 -0.435040 -0.611371 -0.000000 0.000000
 48.600000 -0.930640 0.010335 19.255503 1431.237734
 48.800000 -0.901833 0.937377 18.114930 1700.049446
 49.000000 -1.384374 1.701770 28.186183 10.699196
 49.200000 -0.983022 1.433507 21.089764 980.828695
 49.400000 -0.781899 1.104432 12.925096 1739.593558
 49.600000 -1.452213 0.973275 27.885170 51.513884
 49.800000 -2.173838 0.994526 20.683735 25.578921
 50.000000 -1.503874 0.984907 27.417679 126.497968
 50.200000 -1.121569 0.961611 24.937651 684.762763
 50.400000 -1.771589 0.964144 21.664135 393.217332
 50.600000 -1.734110 0.940133 22.480946 557.126785
 50.800000 -1.100538 0.904174 24.384771 695.417557
 51.000000 -1.234191 1.084802 27.498258 272.115468
 51.200000 -1.222319 0.921304 27.360075 330.192530
 51.400000 -1.254067 0.578796 27.859177 173.484572
 51.600000 -0.610365 0.083025 6.184555 1954.167029
 51.800000 -0.699033 0.350277 9.720524 1393.558574
 52.000000 -0.918340 0.267163 18.851502 1568.610489
 52.200000 -0.893523 0.374427 17.855993 1789.397102
 52.400000 -0.991118 0.429683 21.435366 960.931405
 52.600000 -0.955677 0.223271 20.268982 1224.458509
 52.800000 -1.184190 0.750278 26.646992 527.132015
 53.000000 -1.543483 1.213563 27.066774 244.794620
 53.200000 -2.039814 1.547206 19.855494 14.518310
 53.400000 -1.926467 2.309907 19.873617 22.981188
 53.600000 -2.232889 3.058808 20.799312 16.322024
 53.800000 3.068808 2.938907 4.038280 2873.705082
 54.000000 -2.457023 2.754690 21.904029 6.107846
 54.200000 -2.086847 2.561190 20.055075 27.972514
 54.400000 -2.166918 2.734172 20.477564 22.755925
 54.600000 -2.626575 2.888841 21.460336 24.632367
 54.800000 -3.057030 2.867368 11.757564 1521.298800
 55.000000 -2.483315 3.052093 21.901254 0.295045
 55.200000 -2.971258 2.385244 14.709967 1053.706845
 55.400000 -2.505840 2.981945 21.857239 1.260401
 55.600000 -2.714523 2.809848 20.854562 82.311492
 55.800000 3.053680 2.485265 3.148469 2669.562883
 56.000000 -2.908453 3.061546 16.708850 966.199312
 56.200000 3.073534 2.889780 4.153823 2902.862068
 56.400000 -2.985126 2.760893 14.216942 1079.513293
 56.600000 -2.296477 2.936311 20.958826 25.330413
 56.800000 -2.330781 2.540053 21.146622 34.480223
 57.000000 -2.387726 2.564289 21.492722 34.451317
 57.200000 -2.280779 3.020230 20.854445 21.550397
 57.400000 2.937867 2.725561 -0.000005 0.000001
 57.600000 -2.867437 2.945690 17.868057 833.086497
 57.800000 -2.964927 2.651326 14.835897 1040.235588
 58.000000 3.089944 2.808946 5.009442 2994.663086
 58.200000 -2.689425 3.057260 20.963347 46.446150
 58.400000 -2.987640 2.345185 14.069401 1081.076091
 58.600000 -2.361077 2.790389 21.282844 39.111782
 58.800000 -2.340104 2.868227 21.152398 37.584290
 59.000000 -2.918142 2.203289 16.298344 988.755703
 59.200000 -2.644074 2.898995 21.193274 23.985704
 59.400000 -2.644010 2.978525 21.193589 23.974504
 59.600000 -2.920456 2.254457 16.202750 992.956875
 59.800000 -2.325069 2.920182 21.041839 34.871061
 60.000000 -2.946967 2.859587 15.361212 1020.057798
 60.200000 3.107030 2.711346 5.849656 3005.079858
 60.400000 -3.086909 3.082521 10.336698 1909.260340
 60.600000 -3.014809 2.637942 13.112931 1184.485637
 60.800000 -2.790786 2.815298 19.689947 373.976729
 61.000000 -2.403673 3.086588 21.499750 27.825209
 61.200000 -2.432467 2.362416 21.614146 13.240906
 61.400000 -2.412693 2.516267 21.530162 23.146301
 61.600000 -2.446677 -3.054625 21.658991 7.063338
 61.800000 3.022161 2.443692 1.415715 2020.108168
 62.000000 -2.595051 2.981098 21.380853 18.911783
 62.200000 -2.637075 2.775954 21.178747 20.541751
 62.400000 -2.797296 2.580678 19.538143 418.850589
 62.600000 -2.854079 2.980332 18.148121 780.997631
 62.800000 -3.094908 2.876575 9.950605 2034.475564
 63.000000 -2.810402 2.865209 19.256759 504.280820
 63.200000 -2.212209 2.705783 20.432506 15.574104
 63.400000 -2.220753 2.348136 20.466338 15.831258
 63.600000 -2.077194 2.699317 19.831963 20.085300
 63.800000 -2.458486 2.774012 21.671988 2.872366
 64.000000 -3.117152 2.706505 8.893609 2381.385117
 64.200000 3.096474 -3.070578 5.195135 3047.810050
 64.400000 -3.092167 2.901004 10.049771 1993.676067
 64.600000 -2.841885 2.386099 18.461245 716.777919
 64.800000 -2.600386 2.872242 21.326423 19.055290
 65.000000 -2.853870 2.873515 18.132503 787.034768
 65.200000 -2.879630 2.906207 17.375044 909.260410
 65.400000 -2.415455 2.998543 21.535297 22.479041
 65.600000 -2.450673 2.559774 21.660707 5.172756
 65.800000 -2.619933 2.876333 21.236047 19.583361
 66.000000 3.132034 3.056639 7.127187 2858.597578
 66.200000 -2.973045 2.825937 14.420096 1044.532398
 66.400000 -2.562251 2.677194 21.492267 17.876836
 66.600000 -2.272540 2.661738 20.659861 26.479584
 66.800000 -2.776848 2.700878 19.905703 299.571710
 67.000000 2.971592 2.885244 -0.001744 0.182168
 67.200000 -3.022732 2.864309 12.761228 1222.338848
 67.400000 -2.512401 2.775036 21.671855 5.445246
 67.600000 -2.371117 2.562036 21.283784 45.263113
 67.800000 -1.975217 2.880982 19.545371 2.918521
 68.000000 -2.624476 2.591789 21.215740 20.841551
 68.200000 -3.039838 2.915284 12.147057 1351.922644
 68.400000 -2.790912 -2.994755 19.644158 380.210474
 68.600000 -2.608210 2.474759 21.293474 21.975555
 68.800000 -1.985833 2.495461 19.512205 0.561284
 69.000000 -2.168698 2.594323 20.186744 19.893204
 69.200000 -2.228661 2.884605 20.437119 18.555111
 69.400000 -3.078721 2.538100 10.611919 1801.651861
 69.600000 2.962147 -3.094567 -0.000120 0.000807
 69.800000 -2.984353 2.762362 14.050574 1067.815679
 70.000000 -2.868348 2.490432 17.709009 863.607462
 70.200000 -2.648244 3.007154 21.111357 26.014736
 70.400000 3.109349 3.000836 5.866339 3071.327858
 70.600000 -3.056509 2.727830 11.518856 1516.720687
 70.800000 -2.951514 3.031810 15.113494 1028.486688
 71.000000 2.913547 2.834487 -0.000000 0.000000
 71.200000 -2.822757 2.926727 18.955640 586.816440
 71.400000 -2.842860 2.795226 18.441483 720.868279
 71.600000 -3.009730 2.826458 13.213747 1151.993284
 71.800000 3.070301 2.913062 3.707583 2962.565760
 72.000000 -2.805096 3.051669 19.360574 466.191655
 72.200000 -3.066003 2.674754 11.156784 1627.985010
 72.400000 -2.930808 2.870383 15.800893 1025.522733
 72.600000 -2.916347 2.883866 16.262455 1010.471002
 72.800000 3.035830 2.739232 1.913455 2397.746326
 73.000000 -2.790091 3.119320 19.681627 364.715025
 73.200000 -2.882074 2.799141 17.360752 924.209441
 73.400000 -3.117119 2.606634 8.888317 2403.557373
 73.600000 -3.081962 -3.125823 10.505887 1847.384506
 73.800000 -2.877608 2.802542 17.495845 905.762417
 74.000000 -2.969402 2.595360 14.579896 1059.150520
 74.200000 -2.518307 3.131722 21.759137 7.837772
 74.400000 -3.132606 2.628917 8.123376 2660.746315
 74.600000 3.039828 2.741586 2.111684 2511.245503
 74.800000 -2.871276 -3.123736 17.722345 869.033716
 75.000000 2.996804 2.533902 0.163492 1741.527638
 75.200000 -2.251366 2.840915 20.492887 21.169785
 75.400000 -2.072567 2.581237 19.632913 27.098542
 75.600000 -2.338693 2.247530 21.028099 57.649414
 75.800000 -2.266783 2.908870 20.567271 25.692660
 76.000000 -3.110860 3.017603 9.226486 2320.896159
 76.200000 2.972385 2.681833 -0.000879 0.052333
 76.400000 -2.582264 2.918895 21.496038 29.677916
 76.600000 -2.162468 2.857351 20.106225 22.690344
 76.800000 -2.471326 2.357559 21.818337 1.906396
 77.000000 -2.253097 2.883034 20.498008 21.821086
 77.200000 -2.604065 2.799375 21.381701 31.331173
 77.400000 -3.140754 2.580115 7.745966 2801.256516
 77.600000 -3.006467 -3.080164 13.480866 1192.916406
 77.800000 -3.011383 2.723190 13.310293 1215.135532
 78.000000 -2.683709 2.509239 20.940687 36.638942
 78.200000 -2.004594 2.817018 19.347670 1.810314
 78.400000 -2.371320 2.485559 21.296791 63.635644
 78.600000 -2.556934 2.492177 21.649152 25.487155
 78.800000 -2.927667 2.951333 16.135979 1040.265516
 79.000000 3.055050 3.074575 2.932830 2849.077174
 79.200000 -2.786398 2.610261 19.893456 283.104372
 79.400000 -2.534257 2.691288 21.766488 15.963148
 79.600000 -2.446857 2.713263 21.793914 14.643277
 79.800000 -2.680743 2.680100 20.966000 34.809276
 80.000000 -3.062294 2.891442 11.463534 1651.803261
 80.200000 3.110344 3.044298 6.042374 3148.040448
 80.400000 -2.906054 2.679045 16.908689 983.104389
 80.600000 -2.512031 2.804165 21.855719 5.715105
 80.800000 -2.664718 2.817337 21.065001 31.340869
 81.000000 2.900946 2.586406 -0.000000 0.000000
 81.200000 -2.407723 3.045487 21.608711 47.668381
 81.400000 -2.328353 2.628521 20.984248 58.697698
 81.600000 -2.318496 2.266719 20.910254 53.936600
 81.800000 -1.976773 2.757405 19.300798 1.319471
 82.000000 -2.417024 2.974173 21.670344 40.097599
 82.200000 3.085723 2.345416 4.689855 3184.405443
 82.400000 3.138006 2.985236 7.602738 2879.785852
 82.600000 2.959682 2.921830 -0.000034 0.000069
 82.800000 -2.711592 2.570893 20.797871 52.985004
 83.000000 -1.768621 2.558095 21.871143 557.763893
 83.200000 -2.253536 2.420301 20.538408 26.275602
 83.400000 -2.795389 2.707275 19.836876 302.597475
 83.600000 -3.117142 2.945898 9.078787 2463.709326
 83.800000 3.020425 2.753074 1.257549 2197.432241
 84.000000 -2.229240 2.708965 20.419373 22.430724
 84.200000 -1.935939 2.377803 19.388435 28.595268
 84.400000 -2.119637 2.359178 19.838229 39.682452
 84.600000 -2.328424 2.712028 21.027410 57.834399
 84.800000 2.992525 2.801747 0.049177 1058.215642
 85.000000 3.059664 2.786921 3.291115 2983.821035
 85.200000 -2.983550 2.934963 14.542604 1196.728647
 85.400000 -3.116841 2.654650 9.149013 2446.555253
 85.600000 -2.977330 2.920262 14.757019 1180.317890
 85.800000 3.108408 2.778425 6.058442 3159.207875
 86.000000 -2.875021 2.866952 18.042667 814.564248
 86.200000 -2.138360 2.673352 19.956610 39.694805
 86.400000 -2.013549 2.256799 19.272523 6.073966
 86.600000 -2.032398 2.280515 19.332860 15.168857
 86.800000 -2.195855 2.787527 20.286574 26.989221
 87.000000 2.967819 2.656523 -0.000343 0.008714
 87.200000 -2.658792 3.024641 21.180871 33.618279
 87.400000 -2.160766 2.599390 20.100770 35.099540
 87.600000 -2.347106 2.095860 21.211086 62.370964
 87.800000 -1.852816 2.547970 20.159941 203.333952
 88.000000 -2.783034 2.835043 20.119253 217.486480
 88.200000 3.001065 3.023480 0.484758 1934.178655
 88.400000 -3.076098 2.775398 11.132408 1852.682635
 88.600000 -2.639471 2.671999 21.306204 35.738682
 88.800000 -2.031602 2.728152 19.339273 15.363891
 89.000000 -2.149477 2.610128 20.040887 38.208264
 89.200000 -2.331740 2.570104 21.119636 57.246534
 89.400000 -2.767725 2.922570 20.359578 152.153336
 89.600000 -2.997193 2.776512 14.211413 1253.884539
 89.800000 -2.718962 3.059243 20.827716 55.084849
 90.000000 -2.445822 2.586279 21.918794 17.565961
 90.200000 -2.086962 2.435112 19.653515 39.679361
 90.400000 -2.023873 2.506216 19.329444 11.801675
 90.600000 -2.654093 2.706184 21.249299 34.909623
 90.800000 -3.023610 3.058248 13.290018 1380.102966
 91.000000 3.115118 2.760267 6.605485 3124.882666
 91.200000 -2.572612 2.852033 21.765123 33.794993
 91.400000 -2.683610 2.755351 21.089468 36.442135
 91.600000 -3.066940 2.704311 11.623571 1748.832850
 91.800000 -2.963777 3.000628 15.443911 1155.727149
 92.000000 3.044225 2.748618 2.652294 2870.003690
 92.200000 -2.446783 2.547146 21.969998 16.996477
 92.400000 -1.968368 2.859825 19.273625 1.015513
 92.600000 -2.451495 2.529254 21.988456 13.756898
 92.800000 -2.971925 2.775374 15.205136 1177.569331
 93.000000 3.027163 -3.001757 1.785981 2552.926175
 93.200000 -2.785418 2.638464 20.203591 207.306095
 93.400000 -1.882580 2.706920 19.720998 94.757238
 93.600000 -2.030086 2.376533 19.382701 15.202016
 93.800000 -2.257495 2.805009 20.684481 32.832864
 94.000000 -2.926018 2.927573 16.772557 1031.227999
 94.200000 -3.019985 3.038131 13.573061 1366.972065
 94.400000 -2.720858 2.915513 20.899645 54.772667
 94.600000 -2.356170 2.549349 21.388162 63.562369
 94.800000 -2.018376 2.432453 19.352918 10.033737
 95.000000 -2.123792 2.481870 19.924489 40.869174
 95.200000 -3.013104 2.953596 13.860115 1331.607566
 95.400000 -3.082105 -3.023536 11.117731 1932.607625
 95.600000 -2.756494 2.560588 20.606502 109.450720
 95.800000 -2.446706 2.618191 22.015331 17.054050
 96.000000 -1.946116 3.026947 19.333329 7.157847
 96.200000 -2.441581 2.528108 22.009505 20.649045
 96.400000 -2.563510 2.823741 21.904304 29.071448
 96.600000 3.048073 2.913688 2.995329 3037.580522
 96.800000 3.012146 3.066918 1.132162 2290.109739
 97.000000 -2.328070 2.641849 21.203562 57.831044
 97.200000 -1.828602 2.466253 20.355825 247.695731
 97.400000 -2.237062 2.132592 20.626454 32.445250
 97.600000 -2.170163 2.897813 20.243784 35.745386
 97.800000 -2.935620 2.815616 16.602258 1064.328813
 98.000000 3.060043 2.714460 3.694007 3210.062152
 98.200000 -2.886270 3.136891 18.153919 813.779081
 98.400000 3.095664 2.431960 5.775766 3319.172684
 98.600000 -2.314195 2.793129 21.139571 53.544901
 98.800000 -1.981002 2.677750 19.322865 0.486748
 99.000000 -2.295460 2.059450 21.006798 46.930164
 99.200000 -1.993119 2.729028 19.350985 2.787547
 99.400000 -2.208427 2.743503 20.497710 33.063474
 99.600000 3.063639 2.327462 3.959820 3279.239342
 99.800000 -2.678973 3.050823 21.266781 34.706111
 100.000000 -2.445096 2.775180 22.077318 17.640017
 100.200000 -2.750546 2.193255 18.096941 90.558625
 100.400000 -1.999821 2.925392 16.701022 4.846519
 100.600000 -2.272981 2.701382 18.221959 40.514525
 100.800000 -2.738604 2.378472 18.203819 70.848207
 101.000000 -2.819083 3.056919 17.146481 356.519929
 101.200000 -2.565865 2.781328 19.336433 28.866355
 101.400000 -3.013244 2.470132 11.400153 1333.491267
 101.600000 -2.256518 2.980871 18.167321 37.294824
 101.800000 -2.087758 2.540014 17.138132 36.481625
 102.000000 -2.028780 1.970136 16.834110 15.588393
 102.200000 -1.625119 2.419795 22.749232 656.685530
 102.400000 -2.591495 2.720512 19.237960 36.607250
 102.600000 -3.009388 2.976196 11.595869 1315.580932
 102.800000 3.063398 2.737423 1.409209 3325.630550
 103.000000 3.101823 2.588661 3.638706 3309.980041
 103.200000 -2.508603 2.868890 19.640603 2.227768
 103.400000 -2.151132 2.478466 17.628392 39.737270
 103.600000 -2.333518 2.387663 18.791851 57.836298
 103.800000 -1.945949 2.869420 16.792435 2.024148
 104.000000 -2.603391 2.607802 19.213188 37.989607
 104.200000 -2.865448 2.516777 16.322036 661.785007
 104.400000 -2.948227 -3.047172 13.827167 1109.532837
 104.600000 -2.633565 2.759001 19.075375 37.196301
 104.800000 -1.968947 2.462627 16.816926 0.279283
 105.000000 -1.906064 2.240402 16.945140 24.250524
 105.200000 -2.412785 2.734188 19.474101 39.762762
 105.400000 3.017273 3.016801 -0.000055 0.000644
 105.600000 -3.043942 2.695178 10.465225 1507.485082
 105.800000 -2.297662 2.845789 18.629565 47.680859
 106.000000 -2.448849 2.734795 19.660957 15.050267
 106.200000 -2.318332 2.771616 18.827010 53.376762
 106.400000 -2.822943 2.657399 17.387119 370.317624
 106.600000 3.000974 3.106264 -0.000000 0.000000
 106.800000 -2.942944 2.916957 14.109290 1093.575020
 107.000000 -2.684732 2.472964 18.866149 35.320729
 107.200000 -2.278814 2.527530 18.603877 43.001212
 107.400000 -2.118449 3.002317 17.598881 42.406605
 107.600000 3.036682 2.428647 0.129815 3417.160416
 107.800000 -2.601047 -3.020052 19.419595 37.781032
 108.000000 -2.954051 2.799111 13.790972 1132.137962
 108.200000 3.128653 2.736301 5.508909 3008.318521
 108.400000 -2.075756 -3.105919 17.370323 36.109072
 108.600000 -2.318368 2.478059 18.928392 52.924912
 108.800000 -2.126674 2.147916 17.696126 43.489111
 109.000000 -1.945822 2.745186 16.947942 0.445654
 109.200000 -2.278378 2.950429 18.704341 42.938257
 109.400000 -3.095947 2.307093 8.505218 2057.881637
 109.600000 -2.831719 -3.081887 17.369305 421.616621
 109.800000 -2.700915 2.826515 18.912323 38.773190
 110.000000 -2.310020 2.456585 18.920203 50.420309
 110.200000 -1.759266 2.441160 19.052952 568.006997
 110.400000 -2.667455 2.324554 19.158145 34.738519
 110.600000 -2.982382 3.113524 12.976452 1220.263725
 110.800000 -2.948764 -3.139900 14.127224 1120.296765
 111.000000 -2.412030 2.363297 19.707144 38.402059
 111.200000 -1.811294 2.349672 18.012885 259.904417
 111.400000 -2.392619 2.386285 19.625010 47.921096
 111.600000 -2.875495 2.888659 16.432659 724.883515
 111.800000 -2.883621 -3.067678 16.209638 781.747019
 112.000000 -3.092045 2.264954 8.787518 1997.535480
 112.200000 -1.910837 2.924685 17.127364 9.468485
 112.400000 -1.932105 2.473562 17.082424 1.433476
 112.600000 -2.616379 2.227042 19.564312 39.002696
 112.800000 -2.516465 -3.091244 20.048704 3.935494
 113.000000 2.946680 2.916506 -0.000000 0.000000
 113.200000 -2.955209 2.543617 14.072249 1147.258955
 113.400000 -2.592161 2.734615 19.765465 36.123332
 113.600000 -3.061417 2.700915 10.190641 1640.199486
 113.800000 -2.904008 2.892613 15.723800 911.304272
 114.000000 -2.785127 2.796092 18.349052 173.310255
 114.200000 -2.788407 2.602085 18.351495 184.071581
 114.400000 -2.505938 2.832184 20.158832 0.860443
 114.600000 -2.808378 2.827666 18.051717 272.386211
 114.800000 2.961031 2.722645 -0.000000 0.000000
 115.000000 -2.802044 3.091119 18.153195 241.532804
 115.200000 -2.802885 2.716585 18.189128 244.187216
 115.400000 -2.381280 2.678975 19.715900 50.058626
 115.600000 -2.031007 2.820669 17.394714 22.783257
 115.800000 -2.243319 2.328626 18.769053 40.328728
 116.000000 -2.413157 2.556766 19.928270 37.261056
 116.200000 -2.398052 2.998982 19.873744 44.180075
 116.400000 -2.878754 2.603521 16.610738 732.300621
 116.600000 -2.952171 2.833443 14.343155 1136.563559
 116.800000 -2.905149 3.066165 15.853864 909.362060
 117.000000 3.053246 2.582133 1.539348 3475.898307
 117.200000 -2.525466 2.955556 20.272521 4.928928
 117.400000 -2.530173 2.807495 20.261203 6.692393
 117.600000 -2.625011 2.374611 19.779831 39.939241
 117.800000 -2.251673 2.847690 18.913619 41.618583
 118.000000 -2.288860 2.864517 19.155603 43.842113
 118.200000 -2.538803 2.414090 20.289650 9.698032
 118.400000 -2.514939 2.721939 20.342159 1.540865
 118.600000 -2.476792 3.123491 20.327528 4.013345
 118.800000 -2.990414 2.487949 13.129593 1259.302336
 119.000000 -3.086806 2.872183 9.388821 1925.945241
 119.200000 -2.852763 3.095615 17.418952 535.481008
 119.400000 -3.047706 2.538008 11.058577 1535.331750
 119.600000 2.930095 2.866027 -0.000000 0.000000
 119.800000 -2.979548 3.121572 13.567967 1227.121289
 120.000000 -3.120117 2.613220 7.891685 2426.077468
 120.200000 -3.130104 3.085486 7.446681 2597.682955
 120.400000 2.967831 2.771573 -0.000000 0.000000
 120.600000 -2.881911 2.743646 16.737601 739.674097
 120.800000 -2.787796 2.737934 18.647771 179.395467
 121.000000 -3.073870 2.776423 10.052939 1774.724764
 121.200000 -3.115381 3.101331 8.235582 2348.936753
 121.400000 -2.788353 2.894001 18.689259 180.475688
 121.600000 -1.959036 2.392051 17.343154 2.437200
 121.800000 -1.857844 2.170142 17.576233 56.746280
 122.000000 -1.956399 2.643470 17.339230 1.998540
 122.200000 -2.879219 2.868151 16.920298 711.857132
 122.400000 -3.024508 3.131928 12.117319 1399.068034
 122.600000 -2.834743 2.976262 17.964417 404.799381
 122.800000 -2.206572 2.459453 18.820658 52.096154
 123.000000 -1.722264 2.428444 19.981638 727.461207
 123.200000 -2.199535 2.347346 18.807534 54.898917
 123.400000 3.114239 2.916645 5.515460 3262.863734
 123.600000 -2.902750 -2.424665 16.312310 870.461333
 123.800000 3.134189 2.566537 6.626316 2931.337758
 124.000000 3.059276 1.858113 2.245537 3635.037580
 124.200000 -2.199817 2.899315 18.846542 56.413353
 124.400000 -1.911868 -3.053401 17.407942 1.660148
 124.600000 -3.123246 1.945908 8.024469 2476.506282
 124.800000 3.024231 2.726912 0.211073 3881.971982
 125.000000 -3.083522 -2.831919 9.870561 1883.381422
 125.200000 3.120754 2.608850 6.005945 3166.409674
 125.400000 -2.142974 2.399647 18.437296 62.420158
 125.600000 -1.593959 2.764370 23.373355 440.472878
 125.800000 -2.389657 2.447336 20.192617 45.212694
 126.000000 3.137251 2.632515 6.912995 2877.927682
 126.200000 -2.580906 -2.749544 20.541607 26.409886
 126.400000 -2.862469 2.344805 17.550850 574.456659
 126.600000 -2.266559 2.326829 19.401341 45.710054
 126.800000 -1.681810 2.693262 21.093982 814.101187
 127.000000 -2.538291 2.700543 20.703867 5.170761
 127.200000 -2.858909 -3.126311 17.684029 544.833515
 127.400000 -2.938822 2.887982 15.407444 1062.889426
 127.600000 -2.943668 2.390289 15.248596 1085.895682
 127.800000 -2.402186 2.729818 20.347533 42.244735
 128.000000 -1.992431 -3.050983 17.584313 10.549913
 128.200000 -2.316784 2.165507 19.812954 42.959482
 128.400000 -2.007514 2.270130 17.663177 14.852950
 128.600000 -1.756215 2.843004 19.127037 499.984749
 128.800000 -2.597003 2.650941 20.555445 33.965776
 129.000000 -3.067231 3.017555 10.791220 1691.993117
 129.200000 -2.985087 -3.136101 13.941582 1243.905802
 129.400000 -2.536096 2.383955 20.848622 3.142520
 129.600000 -1.811483 2.255002 18.144876 174.451242
 129.800000 -2.062071 2.580370 17.959910 36.992429
 130.000000 -3.019141 2.825849 12.712172 1368.880489
 130.200000 -2.607006 3.136442 20.593117 38.461627
 130.400000 -2.238835 2.621997 19.367243 53.259954
 130.600000 -1.910565 2.068945 17.547683 0.733698
 130.800000 -1.847456 1.942387 17.789034 56.310558
 131.000000 -1.853741 2.480631 17.744577 44.217118
 131.200000 -2.796034 2.996427 19.038377 194.455426
 131.400000 3.059863 -3.034032 2.715401 3787.336095
 131.600000 -3.042633 2.937923 11.927734 1490.514817
 131.800000 -2.825808 2.528856 18.563823 325.743966
 132.000000 -2.016031 2.801377 17.776513 17.239622
 132.200000 -2.060739 2.662241 18.030790 37.067055
 132.400000 -2.889476 2.501539 17.160885 748.976752
 132.600000 3.013548 3.117644 -0.002091 731.199782
 132.800000 -2.708060 2.756222 19.964650 59.902221
 133.000000 -2.182215 2.387761 18.994738 73.002196
 133.200000 -1.928023 2.670614 17.624697 0.127186
 133.400000 -2.186324 2.657366 19.065594 73.643376
 133.600000 -2.960348 2.661192 15.001996 1159.822534
 133.800000 2.956689 -3.040655 -0.000000 0.000000
 134.000000 -2.979336 2.987580 14.345551 1228.850703
 134.200000 -1.927579 2.197241 17.651278 0.131958
 134.400000 -1.726937 1.547331 19.837625 635.446742
 134.600000 -1.168473 0.545719 23.673392 739.834437
 134.800000 -0.714612 0.111044 6.498411 1542.536637
 135.000000 -0.518072 -0.386671 -0.001041 0.099744
 135.200000 -0.918300 -0.212323 15.402601 1620.384510
 135.400000 -0.418614 -0.155024 -0.000000 0.000000
 135.600000 -1.096933 0.286904 21.500597 1009.080885
 135.800000 -1.490870 1.255555 24.679654 71.518926
 136.000000 -1.927338 1.661878 17.676903 0.138944
 136.200000 -1.933949 1.971657 17.705222 0.527292
 136.400000 -1.888130 2.839554 17.733620 5.102637
 136.600000 3.060316 2.675762 3.007161 3870.249703
 136.800000 -2.493429 3.038428 21.113815 6.792854
 137.000000 -2.314541 2.680419 20.095320 36.425556
 137.200000 -2.018011 2.196551 17.938288 17.381817
 137.400000 -1.801489 2.257519 18.387954 184.640577
 137.600000 -2.204204 2.487903 19.361625 71.789587
 137.800000 -2.879670 2.973568 17.655493 668.093443
 138.000000 -2.845174 2.943954 18.458183 425.490197
 138.200000 -2.445649 2.656474 20.972263 31.826798
 138.400000 -1.984540 2.521454 17.850719 7.657317
 138.600000 -1.789077 2.554877 18.583130 240.726467
 138.800000 -2.172702 2.425165 19.116640 83.667456
 139.000000 -2.607589 2.815220 20.949130 38.306739
 139.200000 3.036242 2.813030 1.652338 3781.340606
 139.400000 -3.087404 2.954775 10.491241 1853.555515
 139.600000 -3.084243 2.913191 10.626666 1816.213486
 139.800000 -3.057315 2.971506 11.730229 1563.242996
 140.000000 3.103410 2.733781 5.789422 3473.174779
 140.200000 -3.044913 2.985117 12.260443 1476.580377
 140.400000 -2.779945 3.005599 19.616302 139.035517
 140.600000 -2.583950 2.551870 21.160490 22.754191
 140.800000 -2.230229 2.525009 19.677523 59.724100
 141.000000 -2.097882 3.029554 18.510389 64.545716
 141.200000 -2.616902 2.443547 21.013327 43.117822
 141.400000 -2.855766 2.657699 18.397162 490.090631
 141.600000 -3.047493 -3.131758 12.207924 1487.010129
 141.800000 3.130901 2.885381 7.454488 2948.067879
 142.000000 -2.252372 2.674057 19.873637 48.559045
 142.200000 -1.984915 2.800136 17.961431 7.671890
 142.400000 -1.890439 2.398346 17.877557 2.610507
 142.600000 -2.361728 2.535779 20.564946 36.726082
 142.800000 -2.829759 2.952138 18.960651 327.734751
 143.000000 -2.963079 3.088376 15.312627 1170.875513
 143.200000 -2.894448 2.550293 17.512741 768.981799
 143.400000 -2.240542 2.626642 19.855984 54.601193
 143.600000 -2.317024 2.606660 20.336434 31.958870
 143.800000 -1.995865 2.575723 18.021193 10.110279
 144.000000 -2.289476 2.651243 20.177948 35.153809
 144.200000 -2.193137 2.889310 19.500420 82.285441
 144.400000 -2.981060 2.734790 14.777502 1230.264747
 144.600000 -3.124411 2.928317 9.045625 2393.416026
 144.800000 3.005742 2.967281 0.018427 1423.966897
 145.000000 2.973262 2.620329 -0.000000 0.000000
 145.200000 -2.469701 3.064798 21.314905 25.219182
 145.400000 -2.517755 2.593180 21.476993 2.037486
 145.600000 -2.079799 2.604741 18.509241 54.407139
 145.800000 -1.986326 2.724087 18.046126 7.978087
 146.000000 -2.111763 2.640787 18.769433 77.833182
 146.200000 -2.284150 2.441258 20.253665 34.441380
 146.400000 -2.333566 2.902076 20.526974 29.780857
 146.600000 -2.594426 2.858626 21.359481 27.457510
 146.800000 -2.991777 2.645915 14.485392 1259.794601
 147.000000 -3.006766 3.108398 13.948893 1302.798153
 147.200000 3.036789 2.915572 2.039760 3968.108577
 147.400000 -2.750221 2.781193 20.195214 91.388691
 147.600000 -2.385920 2.575832 20.862411 38.192881
 147.800000 -2.128205 2.637128 18.982822 89.209956
 148.000000 -2.247295 2.635742 20.054779 50.582772
 148.200000 -2.269301 2.749282 20.241836 38.798314
 148.400000 -2.898762 2.741384 17.598228 791.845531
 148.600000 3.111539 2.896206 6.729018 3346.536117
 148.800000 3.013269 2.915076 0.629114 3668.675489
 149.000000 3.139233 2.873246 8.258547 2757.880510
 149.200000 3.079770 2.913671 4.864008 3911.164647
 149.400000 3.127501 2.910278 7.682485 3004.400734
 149.600000 3.044331 2.783486 2.609929 4072.289940
 149.800000 -2.884913 3.002586 18.014430 687.316456
 150.000000 -2.548617 2.772459 21.626534 1.406871
 150.200000 -2.376368 2.514158 20.900094 33.725441
 150.400000 -2.109926 2.881481 18.910926 82.987948
 150.600000 -2.089559 2.668598 18.734614 66.657670
 150.800000 -2.265989 2.372275 20.301377 39.455795
 151.000000 -2.262020 2.722688 20.276129 41.495856
 151.200000 -2.315308 2.951507 20.613802 25.294674
 151.400000 -2.825007 2.474437 19.386320 292.082299
 151.600000 -2.550409 3.015057 21.695689 1.604743
 151.800000 -2.960116 2.896272 15.791156 1145.447244
 152.000000 3.137618 2.528867 8.341450 2777.949033
 152.200000 -3.100198 -3.051118 10.580485 1931.267627
 152.400000 3.083959 3.016236 5.290816 3891.005422
 152.600000 -3.136190 2.389293 8.881452 2572.428575
 152.800000 -2.866657 3.072596 18.581228 549.291567
 153.000000 -2.951901 2.725899 16.105805 1109.727645
 153.200000 -2.741288 2.613175 20.496788 84.121854
 153.400000 -2.162426 3.022035 19.539358 106.384720
 153.600000 -2.121417 2.563158 19.120541 96.715864
 153.800000 -1.885112 2.090755 18.100512 0.761432
 154.000000 -1.810104 2.500630 18.460692 97.230027
 154.200000 -2.634509 2.819341 21.412055 53.214719
 154.400000 -3.132617 2.918721 9.178579 2484.004019
 154.600000 2.970799 2.764096 -0.000000 0.000000
 154.800000 -3.003486 2.746974 14.405362 1254.243814
 155.000000 -3.134339 2.876404 9.092457 2519.913431
 155.200000 3.023947 2.871395 1.596626 4039.179360
 155.400000 -2.716037 2.820028 20.792209 72.277479
 155.600000 -2.397184 2.694158 21.181768 36.247311
 155.800000 -1.809607 2.532201 18.479020 93.868966
 156.000000 -1.981122 2.351825 18.275473 9.673446
 156.200000 -2.088007 2.543990 18.907997 75.521643
 156.400000 -2.436131 2.965131 21.456039 41.001853
 156.600000 -3.105126 2.674622 10.588186 1954.218561
 156.800000 -2.997187 3.101321 14.707540 1224.610245
 157.000000 3.047326 2.899807 3.162156 4280.119261
 157.200000 -3.013093 2.906181 14.189510 1249.388192
 157.400000 -2.418454 2.738819 21.372458 40.511974
 157.600000 -2.097397 2.402112 19.024026 85.800653
 157.800000 -1.922374 2.552378 18.183272 2.071141
 158.000000 -1.998988 2.444377 18.385126 15.213832
 158.200000 -2.526373 2.941913 21.935897 2.015897
 158.400000 3.054686 2.799969 3.755600 4326.084526
 158.600000 3.083857 3.063873 5.643117 3978.623698
 158.800000 3.080730 2.860637 5.445158 4034.528179
 159.000000 3.002989 2.800364 0.422317 4008.044683
 159.200000 -2.879052 2.978228 18.532517 641.339045
 159.400000 -3.011191 2.734718 14.339517 1226.688393
 159.600000 -2.936199 2.804676 16.876338 1021.573290
 159.800000 -2.708821 3.115007 20.988650 70.465104
 160.000000 -2.692601 2.553729 21.123720 68.431392
 160.200000 -2.066343 2.817166 18.850924 59.739586
 160.400000 -1.785693 2.505304 18.773791 167.534830
 160.600000 -2.120580 2.259656 19.349856 107.934487
 160.800000 -1.962258 2.932248 18.335259 8.188076
 161.000000 -2.237549 2.793612 20.499519 54.372601
 161.200000 -2.557770 2.429471 22.028904 2.765634
 161.400000 -2.615575 2.873535 21.782457 41.342647
 161.600000 -3.010212 2.876698 14.458605 1209.201711
 161.800000 -2.898409 2.741334 18.092123 785.599761
 162.000000 -1.884775 2.876958 18.227928 0.004154
 162.200000 -1.857539 2.016860 18.271950 5.118963
 162.400000 -1.794498 1.403002 18.672967 124.404408
 162.600000 -0.949169 0.651570 16.003822 1381.080245
 162.800000 -0.630723 0.043149 2.882277 1133.291712
 163.000000 -0.890201 -0.354538 13.647061 1826.493125
 163.200000 -0.758545 -0.366035 7.705381 1872.826970
 163.400000 -1.305398 0.547508 25.151998 3.003831
 163.600000 -1.653958 1.517764 21.560699 612.309905
 163.800000 -1.740011 1.743852 19.524479 394.773646
 164.000000 -1.885064 2.463836 18.262431 0.048331
 164.200000 -2.294614 2.904608 20.962250 19.849687
 164.400000 -3.052954 2.691028 13.075600 1314.094735
 164.600000 -2.724266 2.778983 21.031423 72.737415
 164.800000 -1.889918 3.006470 18.284065 0.412406
 165.000000 -1.912345 1.926689 18.311727 3.041634
 165.200000 -1.534156 1.089141 23.768138 126.378006
 165.400000 -0.717178 -0.168741 5.946516 1570.756747
 165.600000 -0.525633 -0.660492 -0.001656 0.186616
 165.800000 -0.718314 0.061316 5.991584 1579.143148
 166.000000 -1.773099 1.427598 18.957285 204.461066
 166.200000 -2.070199 2.287253 19.064608 67.412704
 166.400000 -2.902132 3.116686 18.161327 812.948225
 166.600000 2.953175 -3.107892 -0.000000 0.000000
 166.800000 -2.544602 2.336572 22.196901 0.009359
 167.000000 -1.524285 2.462842 23.857395 103.825519
 167.200000 -1.876659 2.356301 18.339710 0.007303
 167.400000 -2.153013 2.438902 19.930078 121.200617
 167.600000 -2.957128 3.076404 16.480610 1092.635307
 167.800000 2.969628 2.937618 -0.000012 0.000031
 168.000000 -2.510547 2.800710 22.169067 10.836981
 168.200000 -2.009091 2.542256 18.726775 23.202798
 168.400000 -1.939192 2.438669 18.469916 7.897768
 168.600000 -2.157419 2.557189 20.009004 120.759616
 168.800000 -2.549639 3.021484 22.252831 0.290367
 169.000000 3.017167 2.976893 1.754708 4356.467083
 169.200000 -3.128403 2.843302 10.227810 2242.476156
 169.400000 -2.472476 2.907271 22.038426 35.497259
 169.600000 -2.386150 2.431057 21.494841 29.397715
 169.800000 -2.018195 2.606349 18.800905 27.708929
 170.000000 -2.054156 2.570826 19.025423 53.270233
 170.200000 -1.934919 2.701835 18.510134 8.110499
 170.400000 -2.447493 2.575938 21.903739 44.044185
 170.600000 -2.636228 2.895703 21.924335 54.221143
 170.800000 -2.837752 2.832393 19.826710 354.186079
 171.000000 -3.129666 2.806890 10.214369 2260.781586
 171.200000 3.052229 2.972948 4.256726 4624.330796
 171.400000 -2.908025 2.870425 18.154042 852.410009
 171.600000 -2.322124 2.649364 21.270227 13.553726
 171.800000 -1.835717 2.433258 18.470065 11.997308
 172.000000 -1.568314 2.505473 23.228541 233.235309
 172.200000 -2.522667 2.502120 22.338460 5.650885
 172.400000 -3.066144 3.053277 12.916436 1325.814632
 172.600000 -3.132841 3.090966 10.154104 2314.038315
 172.800000 -2.968522 2.658917 16.265025 1112.976218
 173.000000 -2.294041 2.858356 21.192420 16.300200
 173.200000 -1.807471 2.540068 18.641916 52.381411
 173.400000 -2.080880 2.065645 19.360695 79.950667
 173.600000 -1.712490 2.486462 20.073898 483.578014
 173.800000 -2.231609 2.647245 20.877074 55.488282
 174.000000 -3.037867 2.975626 13.951075 1186.478065
 174.200000 -2.681372 3.110810 21.681808 67.117026
 174.400000 -2.476094 2.624083 22.188861 35.208948
 174.600000 -2.062218 2.485021 19.234767 60.849147
 174.800000 -1.824797 2.717985 18.552965 19.837149
 175.000000 -2.275400 2.591609 21.169635 22.123523
 175.200000 -2.728253 2.728347 21.321035 72.421973
 175.400000 3.088245 3.019468 6.829361 4006.552185
 175.600000 2.997176 2.694041 0.726120 4073.799278
 175.800000 2.994403 2.915606 0.549158 4092.051815
 176.000000 2.993519 2.963016 0.492522 4135.991045
 176.200000 2.973041 2.550253 -0.000701 0.113229
 176.400000 -2.666958 3.047708 21.855807 65.980487
 176.600000 -2.694235 2.861593 21.632121 67.875710
 176.800000 -2.750260 2.361612 21.155597 84.415067
 177.000000 -1.931373 3.076013 18.661769 10.543214
 177.200000 -2.048025 2.620724 19.220283 47.249728
 177.400000 -2.176882 2.183383 20.492419 112.401253
 177.600000 -1.796948 2.522823 18.762756 68.973285
 177.800000 -2.184258 2.688376 20.569557 106.163942
 178.000000 -2.816688 2.656306 20.401756 240.151919
 178.200000 -3.094791 -3.097751 12.063036 1551.501665
 178.400000 -2.740084 2.805451 21.305275 77.553601
 178.600000 -2.294250 2.415185 21.358751 14.397012
 178.800000 -1.791247 2.308095 18.822241 82.827447
 179.000000 -1.791913 2.457123 18.816218 80.756222
 179.200000 -2.655478 2.837265 22.040389 64.171404
 179.400000 3.034696 3.087737 3.417349 4805.502547
 179.600000 3.027770 3.037239 2.938016 4767.646051
 179.800000 -3.009776 2.649225 15.094714 1127.605050
 180.000000 -2.289978 2.969612 21.368016 15.122422
 180.200000 -1.852007 2.403103 18.592613 0.029679
 180.400000 -1.947149 2.027643 18.831205 13.470330
 180.600000 -1.804206 2.285202 18.742093 43.491321
 180.800000 -2.217068 2.885944 20.963573 70.113524
 181.000000 3.008933 2.828124 1.697478 4495.675488
 181.200000 3.117663 2.845890 8.873387 3103.413313
 181.400000 -3.067729 2.821508 13.177997 1261.785040
 181.600000 -2.729684 2.866143 21.483772 73.948717
 181.800000 -2.427562 2.717153 22.028863 45.022763
 182.000000 -2.144093 2.668524 20.244972 124.596178
 182.200000 -2.107719 2.625981 19.877145 104.871479
 182.400000 -1.900512 2.679925 18.729323 9.514304
 182.600000 -2.137810 2.505964 20.201054 123.745352
 182.800000 -2.083651 2.682312 19.645360 80.259687
 183.000000 -2.193360 2.802083 20.801505 97.396189
 183.200000 -2.097309 2.646851 19.805134 94.303679
 183.400000 -2.206565 2.489867 20.956522 81.964445
 183.600000 -2.012517 2.631449 19.194093 24.236447
 183.800000 -2.181217 2.741705 20.708330 108.838038
 184.000000 -2.320600 2.498323 21.572650 9.612966
 184.200000 -2.546274 2.863704 22.699292 0.276678
 184.400000 -2.914428 2.717808 18.350916 902.901218
 184.600000 -2.958543 2.888779 16.945618 1095.251087
 184.800000 -2.989312 2.733883 15.918787 1120.691563
 185.000000 -2.802588 2.914244 20.805629 183.575449
 185.200000 -2.485606 2.685937 22.506529 36.772379
 185.400000 -2.534757 2.575810 22.712245 3.473056
 185.600000 -2.172594 2.782261 20.687242 115.009757
 185.800000 -2.434397 2.616359 22.157883 47.723207
 186.000000 -2.995718 2.862528 15.733412 1118.259637
 186.200000 3.093231 2.961643 7.666167 3813.636028
 186.400000 2.947010 2.658288 -0.000000 0.000000
 186.600000 2.989315 2.780446 0.647456 4142.053724
 186.800000 3.066653 2.952310 5.945443 4536.286376
 187.000000 -2.957723 2.789797 17.030058 1094.143365
 187.200000 -2.373228 2.747705 21.850137 18.169687
 187.400000 -2.135926 2.705497 20.348379 123.641358
 187.600000 -2.027611 2.524482 19.404447 32.106485
 187.800000 -1.896104 2.517688 18.843953 12.389472
 188.000000 -1.916621 2.546232 18.920856 15.296864
 188.200000 -2.151085 2.479497 20.551911 125.018925
 188.400000 -2.170480 2.788999 20.765941 116.781264
 188.600000 -2.221936 2.565337 21.254758 60.962005
 188.800000 -2.386811 2.812312 21.935427 24.124436
 189.000000 -2.771663 2.768693 21.276094 108.972221
 189.200000 3.075474 2.812256 6.675642 4306.785999
 189.400000 3.004742 2.851524 1.791855 4608.346478
 189.600000 -2.960980 2.816836 17.006999 1104.550501
 189.800000 -2.495859 2.706104 22.664615 32.454266
 190.000000 -2.496962 2.703146 22.670857 31.593791
 190.200000 -2.354989 2.802174 21.854908 10.318730
 190.400000 -2.333524 2.895318 21.793567 6.688300
 190.600000 -2.558980 2.554829 22.869144 0.352786
 190.800000 -2.463889 2.962373 22.478272 50.910363
 191.000000 -2.696113 2.749810 22.014254 75.039951
 191.200000 -2.817302 2.819539 20.778835 233.983687
 191.400000 -2.579574 3.031909 22.864163 8.734420
 191.600000 -2.775963 2.653296 21.307721 115.327427
 191.800000 -2.642100 2.851498 22.500921 62.611460
 192.000000 -3.012200 2.819754 15.347990 1108.119104
 192.200000 3.131943 2.816039 10.101213 2533.012449
 192.400000 3.039439 2.861498 4.348302 4954.740933
 192.600000 -2.730704 3.068957 21.770078 78.598704
 192.800000 -2.389902 2.509831 22.049706 24.358590
 193.000000 -1.991981 2.585739 19.387136 21.864089
 193.200000 -1.884958 2.527034 18.929414 15.898327
 193.400000 -2.578970 2.541964 22.933247 7.919877
 193.600000 2.978690 2.973590 0.233135 4659.550653
 193.800000 -2.889664 3.046340 19.316169 720.882335
 194.000000 -2.550863 2.555441 22.966228 0.244816
 194.200000 -2.057325 2.559295 19.828293 55.483192
 194.400000 -1.877429 2.568657 18.918115 14.286015
 194.600000 -2.360187 2.467623 21.982130 10.711609
 194.800000 -2.763257 -3.081353 21.527778 99.310210
 195.000000 3.054080 3.102525 5.463108 4779.990529
 195.200000 -2.951000 2.573336 17.503480 1093.291893
 195.400000 -2.118752 2.819181 20.426591 115.654273
 195.600000 -1.788002 2.777148 18.983853 48.064296
 195.800000 -2.098756 2.012851 20.219548 97.920627
 196.000000 -2.223551 1.923687 21.498261 57.144700
 196.200000 -1.514853 3.007964 23.424094 67.844529
 196.400000 -2.370991 2.739250 22.074053 13.898449
 196.600000 3.045228 2.579773 4.935471 4916.795359
 196.800000 -2.846606 2.968943 20.412842 392.399159
 197.000000 -2.371288 3.009892 22.075162 14.019065
 197.200000 -2.279186 2.085441 21.860237 11.310027
 197.400000 -1.349835 2.498642 24.322867 9.381438
 197.600000 -1.485017 2.429769 23.619657 40.726911
 197.800000 -2.069852 2.231669 20.016581 68.228013
 198.000000 -2.815284 2.643964 20.984636 223.954036
 198.200000 -2.932273 -2.922210 18.201075 1023.715381
 198.400000 3.009503 2.747862 2.497493 4871.873395
 198.600000 -2.633104 2.584786 22.801655 57.492656
 198.800000 -1.717444 2.901073 19.899022 330.740666
 199.000000 -2.112937 2.261620 20.455424 112.432136
 199.200000 -2.037889 2.237263 19.838477 41.719709
 199.400000 -2.022233 2.840669 19.743074 33.160802
 199.600000 -2.021283 2.707192 19.737623 32.742154
 199.800000 -2.235819 2.102253 21.711501 42.721347
 200.000000 -1.672198 2.479899 20.811665 464.859157
 200.200000 -2.005952 2.725343 21.385064 27.783280
 200.400000 -2.656034 2.605517 24.378669 74.230233
 200.600000 -2.709416 2.978678 23.900050 81.573787
 200.800000 3.023650 2.870286 5.276951 5040.734105
 201.000000 -2.817078 2.712891 22.744665 229.840385
 201.200000 -2.605900 2.881583 24.768680 29.842435
 201.400000 -1.918756 2.881512 20.958247 29.000138
 201.600000 -1.898875 2.198816 20.851972 27.486650
 201.800000 -1.447303 2.226750 25.459934 29.741492
 202.000000 -1.826455 2.382789 20.611823 0.002558
 202.200000 -1.971565 2.840031 21.252434 25.165309
 202.400000 -2.808424 2.717690 22.910063 195.485180
 202.600000 3.093934 2.810390 10.070487 3602.191149
 202.800000 -2.602103 3.103509 24.810962 25.678530
 203.000000 -2.372846 2.373479 23.919603 12.639997
 203.200000 -1.875556 2.233503 20.762174 22.027638
 203.400000 -1.819812 2.359492 20.626344 0.492797
 203.600000 -2.184631 2.606735 23.077472 105.913873
 203.800000 -2.819588 3.093254 22.766196 239.023412
 204.000000 3.110846 2.991623 11.070330 3026.551916
 204.200000 -2.718185 2.936328 23.902570 83.540838
 204.400000 -2.435238 2.608015 24.289858 50.780259
 204.600000 -2.014504 2.628869 21.517890 31.543235
 204.800000 -1.862317 2.798491 20.716822 16.018069
 205.000000 -2.381063 2.471285 23.982833 15.790658
 205.200000 3.024445 2.723126 5.480709 5077.280862
 205.400000 -3.009430 -2.959633 17.458173 1133.691824
 205.600000 -3.094523 2.689735 14.579087 1319.779626
 205.800000 -2.172394 2.495683 22.995293 117.710546
 206.000000 -1.619701 2.768627 23.512638 367.392400
 206.200000 -2.169259 2.236568 22.984027 120.241187
 206.400000 -2.740393 2.644636 23.737229 87.198547
 206.600000 -2.909892 -3.055353 20.774797 888.952281
 206.800000 -3.031407 2.731634 16.741234 1103.986603
 207.000000 -2.315733 2.699235 23.863455 2.831483
 207.200000 -1.689808 2.748992 22.055950 389.597193
 207.400000 -2.019718 2.021267 21.612730 34.261288
 207.600000 -1.713296 2.260935 21.616316 306.223852
 207.800000 -1.948102 2.531679 21.226718 30.564793
 208.000000 -2.280875 2.975295 23.809668 8.342988
 208.200000 -2.933180 2.667059 20.088636 1047.258500
 208.400000 -2.479349 2.906205 24.684153 54.793562
 208.600000 -2.451567 2.620306 24.473109 57.248996
 208.800000 -2.492603 2.572936 24.778878 46.777892
 209.000000 -2.431084 3.075625 24.323958 47.619577
 209.200000 -3.053762 2.566589 16.052042 1104.725704
 209.400000 -2.696365 2.929559 24.204328 86.029928
 209.600000 -2.592501 2.864936 24.999386 14.853413
 209.800000 -2.553163 2.731310 25.056886 1.001839
 210.000000 -1.981208 2.543676 21.446770 28.296893
 210.200000 -2.055249 2.373797 21.916839 56.660057
 210.400000 -1.745128 2.476283 21.124076 155.363355
 210.600000 -2.434883 2.588150 24.388341 49.481176
 210.800000 -2.637303 2.940282 24.749798 61.673921
 211.000000 3.080854 2.887211 9.474314 3975.438108
 211.200000 -2.693353 2.778861 24.273583 86.994074
 211.400000 -2.356211 2.570175 24.038712 5.334101
 211.600000 -2.230865 2.529981 23.661753 46.561694
 211.800000 -1.950846 2.793667 21.320673 32.855346
 212.000000 -2.419099 2.515168 24.302667 38.749594
 212.200000 -2.605023 2.601468 25.008841 26.945265
 212.400000 -2.962858 2.889616 19.177178 1163.516416
 212.600000 -2.727884 2.716727 23.972265 87.245549
 212.800000 -2.702624 2.642009 24.208054 87.514587
 213.000000 -1.870846 2.663233 20.856911 28.502310
 213.200000 -1.600219 2.306221 23.712002 275.392958
 213.400000 -1.913758 1.913296 21.131327 40.356347
 213.600000 -1.277370 1.488921 25.408378 60.650911
 213.800000 -0.578641 0.888472 1.789094 734.884132
 214.000000 -1.297055 0.729829 25.527258 18.977914
 214.200000 -1.465812 0.876037 25.020298 29.186497
 214.400000 -0.727818 0.665106 6.782714 1718.772978
 214.600000 -1.628372 1.290197 23.192868 355.616516
 214.800000 -1.640069 1.274717 22.968470 379.097623
 215.000000 -1.148422 0.584966 22.854673 852.788934
 215.200000 -0.765724 0.247208 8.381121 1965.400343
 215.400000 -0.871446 -0.008715 13.110715 1837.124574
 215.600000 -0.684303 -0.161457 5.043044 1356.885671
 215.800000 -0.580203 0.116260 1.772372 729.594998
 216.000000 -1.390297 0.743385 25.367148 18.953701
 216.200000 -1.329169 1.275588 25.502726 0.001578
 216.400000 -0.436655 1.380093 -0.000000 0.000000
 216.600000 -1.002759 1.714377 18.063454 1163.671224
 216.800000 -0.457837 1.759401 -0.000005 0.000001
 217.000000 -0.526234 1.807493 0.352576 686.118686
 217.200000 -0.774613 2.109876 8.720805 2001.375843
 217.400000 -0.622917 2.096257 2.933519 912.973129
 217.600000 -0.906782 1.958970 14.513229 1604.391957
 217.800000 -0.889784 1.793840 13.820728 1715.498227
 218.000000 -0.658222 1.648843 4.063236 1148.380627
 218.200000 -0.843051 1.908325 11.781393 1972.220166
 218.400000 -0.531215 1.887129 0.435945 653.148836
 218.600000 -0.717585 1.923486 6.250696 1641.091999
 218.800000 -0.728272 2.018318 6.689220 1725.874712
 219.000000 -0.528902 1.726733 0.376453 671.190184
 219.200000 -0.844262 1.797534 11.810643 1959.316077
 219.400000 -0.604460 1.859695 2.343883 818.419528
 219.600000 -0.618450 2.182815 2.752475 889.786415
 219.800000 -0.850325 2.178216 12.078103 1932.342696
 220.000000 -0.490348 1.979700 -0.002156 0.166579
 220.200000 -0.744021 1.784089 7.322200 1835.879651
 220.400000 -0.778762 1.803833 8.847990 2002.312833
 220.600000 -1.047037 1.809617 19.429293 1107.982554
 220.800000 -0.769665 1.875388 8.442486 1970.751240
 221.000000 -0.677353 2.154263 4.673270 1309.266775
 221.200000 -0.948291 2.235937 15.986309 1351.377143
 221.400000 -0.718448 2.145524 6.244047 1651.336789
 221.600000 -0.765790 1.839302 8.259965 1948.763073
 221.800000 -0.682029 1.550171 4.832547 1352.759908
 222.000000 -1.137744 1.675515 22.319358 902.428788
 222.200000 -1.020167 1.608223 18.470677 1139.043696
 222.400000 -1.018113 1.493172 18.401297 1141.924502
 222.600000 -1.066528 1.787629 20.017933 1090.976794
 222.800000 -0.637183 1.687310 3.282537 1019.429982
 223.000000 -0.655079 1.905310 3.870979 1146.057309
 223.200000 -0.472768 1.720517 -0.000037 0.000054
 223.400000 -0.931345 2.144574 15.299970 1428.486301
 223.600000 -0.707833 2.141620 5.806352 1573.033596
 223.800000 -1.147382 2.164176 22.547558 848.796646
 224.000000 -0.695105 1.890904 5.309771 1470.916912
 224.200000 -0.836806 1.872088 11.396884 1926.505269
 224.400000 -0.649464 1.762554 3.666290 1119.597622
 224.600000 -0.459947 1.627846 -0.000002 0.000000
 224.800000 -0.653651 1.821619 3.807345 1150.148602
 225.000000 -0.540628 1.889615 0.555379 640.768806
 225.200000 -0.594759 1.993474 1.975297 803.039414
 225.400000 -1.372290 2.151590 25.180732 10.016659
 225.600000 -1.716364 1.956686 21.458810 224.004987
 225.800000 -1.958510 2.248103 21.581384 39.881386
 226.000000 -1.841640 2.828171 20.819276 17.473341
 226.200000 -2.211993 2.837319 23.791662 72.059188
 226.400000 -2.810792 2.424079 23.288007 201.860207
 226.600000 -2.665461 3.002231 24.814895 87.205377
 226.800000 -2.791130 3.014907 23.546072 147.734673
 227.000000 -3.045221 2.509269 16.572081 1122.883945
 227.200000 -2.539642 2.851205 25.349967 10.278344
 227.400000 -2.243824 2.818145 24.030408 32.386692
 227.600000 -2.453422 2.346094 24.789151 58.925455
 227.800000 -2.314248 2.805090 24.245288 1.683105
 228.000000 -2.702773 2.921152 24.469865 95.678102
 228.200000 2.959889 2.713815 1.514666 3564.561515
 228.400000 -3.023261 3.064595 17.331894 1152.992752
 228.600000 -2.734276 2.517170 24.176866 96.236760
 228.800000 -2.151093 2.789220 23.188406 128.984923
 229.000000 -1.626080 2.733800 23.014658 305.141010
 229.200000 -2.121812 2.301853 22.870812 120.055576
 229.400000 -1.838421 2.734537 20.820867 17.306752
 229.600000 -2.120113 2.722325 22.852238 118.854838
 229.800000 -2.297473 2.345233 24.250042 3.343262
 230.000000 -2.412395 2.692771 24.537708 30.919357
 230.200000 -2.119358 -3.081450 22.857296 118.059933
 230.400000 -2.432733 2.239237 24.677628 46.286656
 230.600000 -2.153676 2.197218 23.242542 128.579568
 230.800000 -1.668501 2.950649 22.218007 327.449842
 231.000000 -2.299664 2.514265 24.268285 3.054185
 231.200000 -2.937060 2.237186 20.327306 1085.552182
 231.400000 -2.805262 3.115853 23.431875 185.863143
 231.600000 3.079568 2.830108 9.706775 3950.867207
 231.800000 -2.942590 2.615963 20.143831 1115.377719
 232.000000 -1.917514 3.001507 21.360579 55.759064
 232.200000 -1.877260 2.184708 21.067867 51.081958
 232.400000 -1.713426 1.780486 21.449790 211.982023
 232.600000 -0.779956 1.289311 8.840886 1900.044963
 232.800000 -0.969370 1.224202 16.466965 1239.405273
 233.000000 -1.525516 1.162284 24.233110 65.865617
 233.200000 -1.047820 0.583187 19.115545 1107.438685
 233.400000 -0.888611 0.066090 13.433032 1576.889090
 233.600000 -0.686357 -0.271681 4.955769 1450.241110
 233.800000 -0.831405 -0.012218 11.066358 1830.376734
 234.000000 -1.073128 0.225414 19.951998 1075.302657
 234.200000 -0.906373 0.544762 14.109945 1481.611340
 234.400000 -1.317535 1.302236 24.983228 5.402311
 234.600000 -1.382389 1.210252 24.923521 10.361375
 234.800000 -1.260334 0.906172 24.603679 130.474200
 235.000000 -1.601046 0.731712 23.318682 228.744747
 235.200000 -1.049404 1.053227 19.123823 1104.532800
 235.400000 -1.165629 1.154044 22.725484 712.319865
 235.600000 -0.544781 0.575310 0.490313 691.579831
 235.800000 -0.752701 -0.017137 7.652426 1823.132539
 236.000000 -0.587460 -0.518010 1.648685 823.072075
 236.200000 1.235938 -1.067743 -0.000000 0.000000
