#! FIELDS time phi psi ves.bias ves.force2
#! SET min_phi -pi
#! SET max_phi pi
#! SET min_psi -pi
#! SET max_psi pi
 0.000000 -1.498385 0.273949 25.037724 141.910265
 0.200000 -0.376994 -0.351171 -0.000000 0.000000
 0.400000 -0.632936 -0.642850 4.055280 2176.992986
 0.600000 -0.794330 -0.235892 11.028677 1550.629917
 0.800000 -0.985480 0.108821 18.486114 1271.668313
 1.000000 -0.746441 0.453666 9.110541 1687.232877
 1.200000 -1.330169 1.389250 25.913653 25.305480
 1.400000 -1.652916 1.216393 22.702517 252.697569
 1.600000 -0.567234 0.489293 1.420244 1861.454472
 1.800000 -1.285557 0.380716 25.545256 129.205482
 2.000000 -1.040110 0.442042 20.371671 863.965589
 2.200000 -1.183259 0.993880 24.004396 396.725235
 2.400000 -0.825791 1.348763 12.591575 1462.180542
 2.600000 -1.666536 1.161060 22.507424 273.664497
 2.800000 -1.020383 0.576339 19.881163 1032.710126
 3.000000 -0.874130 0.425413 14.457274 1519.668089
 3.200000 -0.737106 0.199931 9.112640 1716.208761
 3.400000 -0.545708 -0.441946 0.511316 1555.886629
 3.600000 -0.642699 -0.505008 4.874713 2265.198042
 3.800000 -0.652362 -0.487957 5.333427 2239.520504
 4.000000 -0.515689 -0.298858 -0.002396 0.377434
 4.200000 -0.547788 0.033696 0.725689 1612.377753
 4.400000 -1.876099 0.518362 20.987962 8.209262
 4.600000 -1.611446 1.481251 23.602773 362.130967
 4.800000 -0.540674 1.331907 0.441736 1603.985839
 5.000000 -0.704511 2.027608 7.858828 1867.845312
 5.200000 -1.247679 2.617124 25.426051 197.096172
 5.400000 -2.374872 2.690008 23.620964 25.558338
 5.600000 -3.064842 2.691372 13.678670 1508.520071
 5.800000 -2.627465 -3.037978 23.981107 29.703826
 6.000000 -2.124620 2.499651 21.893280 51.120229
 6.200000 -1.820154 1.878897 20.912291 0.386034
 6.400000 -1.526226 1.585825 25.091961 177.177425
 6.600000 -1.246299 0.866082 25.444271 195.808032
 6.800000 -1.569073 0.544594 24.438975 292.545356
 7.000000 -1.124586 0.834529 22.975798 631.170251
 7.200000 -1.267114 1.369784 25.744781 118.313354
 7.400000 -1.320054 1.146358 26.134367 15.947669
 7.600000 -1.239636 0.739372 25.395137 211.537474
 7.800000 -0.611161 0.031601 3.884186 2185.814715
 8.000000 -0.497682 -0.058327 -0.000246 0.004443
 8.200000 -0.747953 -0.282876 9.780880 1461.418382
 8.400000 -0.340547 -0.302372 -0.000000 0.000000
 8.600000 -0.673893 -0.131726 6.785886 1872.655199
 8.800000 -1.406552 0.490032 26.133592 15.865317
 9.000000 -1.752285 1.429230 21.251026 107.118731
 9.200000 -1.589801 1.508585 24.224326 350.025687
 9.400000 -1.257373 0.846662 25.800746 132.504648
 9.600000 -0.970597 0.196919 18.326910 1330.240730
 9.800000 -0.666390 -0.391536 6.543314 1870.276763
 10.000000 -0.649457 -0.169831 5.799036 1991.821974
 10.200000 -0.606818 0.233417 3.944342 2163.104032
 10.400000 -1.609666 0.722383 23.896739 408.306473
 10.600000 -1.647520 1.238676 23.102733 453.830798
 10.800000 -0.799840 1.145144 11.756464 1392.621924
 11.000000 -1.371373 1.008419 26.277708 4.825438
 11.200000 -1.449596 0.974209 25.965916 33.260257
 11.400000 -0.961567 0.616308 18.043307 1379.293826
 11.600000 -0.532483 0.034864 0.679053 1707.735284
 11.800000 -0.553958 -0.768959 1.597769 1955.370369
 12.000000 -0.579123 -0.179637 2.739985 2139.535913
 12.200000 -1.074637 0.424553 21.859077 907.964021
 12.400000 -1.472733 1.427907 25.854554 43.851697
 12.600000 -1.744801 1.679699 21.404726 164.352737
 12.800000 -1.730207 1.525605 21.608411 227.163859
 13.000000 -1.732157 1.573130 21.579314 218.444680
 13.200000 -1.046983 0.971492 21.028208 1011.531659
 13.400000 -1.370612 0.610297 26.316447 4.918276
 13.600000 -1.192898 0.876943 24.970272 410.895282
 13.800000 -1.087395 1.436848 22.267540 872.713137
 14.000000 -1.173464 1.741418 24.552335 514.545612
 14.200000 -0.805317 1.227278 12.067849 1340.544685
 14.400000 -0.940953 0.676412 17.320286 1479.458854
 14.600000 -1.534686 0.583800 25.415442 138.304182
 14.800000 -1.801466 0.797852 20.995090 28.292946
 15.000000 -0.741249 0.888548 9.778806 1268.236871
 15.200000 -0.790828 1.159719 11.576349 1298.157591
 15.400000 -1.390939 1.718611 26.338201 9.295565
 15.600000 -2.072118 1.384000 21.122333 30.969452
 15.800000 -1.546066 2.052240 25.333954 166.837576
 16.000000 -0.361382 1.725947 -0.000000 0.000000
 16.200000 -0.881501 1.743906 15.070277 1557.608383
 16.400000 -1.080893 1.151960 22.197273 917.891584
 16.600000 -1.264016 0.224586 26.177955 82.705299
 16.800000 -0.940438 -0.150177 17.379985 1470.767206
 17.000000 -0.210154 -0.334341 -0.000000 0.000000
 17.200000 -0.308524 -0.032826 -0.000000 0.000000
 17.400000 -1.767706 0.349231 21.382740 121.876774
 17.600000 -1.929663 0.879007 20.819949 0.185652
 17.800000 -0.981162 1.396314 18.945023 1303.664749
 18.000000 -0.634660 1.811334 5.724654 1978.466996
 18.200000 -0.908603 2.480993 16.229387 1547.612335
 18.400000 -0.979731 2.450531 18.934993 1312.856527
 18.600000 -0.602927 1.910365 4.325126 2197.774700
 18.800000 -1.038880 1.478906 20.974433 1074.954791
 19.000000 -1.602360 0.821284 24.555609 373.992987
 19.200000 -0.817751 0.268858 12.743495 1395.896026
 19.400000 -1.037482 0.551138 20.980740 1074.893626
 19.600000 -1.228883 0.721201 25.904231 207.040849
 19.800000 -1.643183 1.245246 23.737564 477.445481
 20.000000 -1.353564 1.494845 26.551592 2.447734
 20.200000 -0.696398 1.061396 8.416505 1408.977375
 20.400000 -1.498659 0.634237 26.000108 54.713175
 20.600000 -1.354159 0.902281 26.589020 2.703595
 20.800000 -1.004974 1.097628 19.946671 1193.260009
 21.000000 -1.531481 1.285131 25.704155 116.759069
 21.200000 -1.629984 0.893591 24.113189 456.850250
 21.400000 -0.781962 0.639227 11.514444 1286.325189
 21.600000 -0.493113 0.334760 -0.006151 2.864740
 21.800000 -1.404012 0.137256 26.503311 11.482947
 22.000000 -1.647441 0.712222 23.733769 483.707367
 22.200000 -1.531069 1.424495 25.802641 115.236694
 22.400000 -0.593863 1.158671 4.122326 2255.897140
 22.600000 -1.528382 1.101054 25.831071 108.626585
 22.800000 -1.933671 0.752896 20.727433 2.611922
 23.000000 -1.495362 0.493096 26.117584 50.556680
 23.200000 -0.581895 0.292548 3.594646 2301.205360
 23.400000 -1.741542 0.814118 21.946663 251.738990
 23.600000 -1.831150 1.263574 21.027619 29.232857
 23.800000 -1.061581 1.207114 21.968592 953.980838
 24.000000 -1.219025 1.231567 25.910686 257.688354
 24.200000 -1.896211 0.946210 20.802083 7.203803
 24.400000 -1.270225 0.521082 26.557005 61.691291
 24.600000 -0.609363 0.239444 4.939498 2173.976249
 24.800000 -0.671849 -0.291783 7.645706 1575.194007
 25.000000 -0.574545 -0.642712 3.281180 2316.997363
 25.200000 -0.437966 -0.182796 -0.000000 0.000000
 25.400000 -1.402564 0.652385 26.682448 10.958894
 25.600000 -1.437769 1.315001 26.552669 16.718545
 25.800000 -0.592771 1.208992 4.209568 2277.019014
 26.000000 -0.847576 1.584515 14.155948 1567.377576
 26.200000 -1.106256 1.589679 23.399577 784.888245
 26.400000 -0.711609 0.992085 9.232003 1281.874549
 26.600000 -1.442857 0.633287 26.578501 17.963022
 26.800000 -0.829151 0.297091 13.473300 1502.502359
 27.000000 -0.873960 0.465420 15.256430 1640.289226
 27.200000 -1.191763 0.766135 25.543555 402.950167
 27.400000 -1.233944 1.133195 26.262364 191.063693
 27.600000 -1.073651 1.205493 22.502821 883.432478
 27.800000 -1.089164 0.742061 22.957549 835.226087
 28.000000 -0.789624 0.324875 12.039037 1325.864880
 28.200000 -1.116502 0.387546 23.779798 743.973508
 28.400000 -1.100248 0.826175 23.328447 797.420882
 28.600000 -1.927832 1.370715 20.695611 10.611738
 28.800000 -2.128207 2.429044 21.023282 58.070037
 29.000000 -2.163580 3.047304 21.306656 67.403110
 29.200000 3.100482 2.600518 6.873442 3110.918693
 29.400000 -2.825617 2.882174 20.281732 586.344940
 29.600000 -2.561376 2.973454 23.142674 4.989388
 29.800000 -2.563509 2.521718 23.137770 5.587729
 30.000000 -2.573302 2.868828 23.111756 8.667773
 30.200000 -2.571257 2.889562 23.096269 8.049290
 30.400000 3.071834 2.596563 5.213922 3152.367539
 30.600000 3.106414 3.003259 7.152615 3064.005355
 30.800000 -2.696364 2.961665 22.333491 91.134435
 31.000000 -2.552930 2.276500 23.137879 2.849447
 31.200000 -1.822317 2.859810 21.221830 64.799093
 31.400000 -2.105421 2.676135 20.791563 39.516493
 31.600000 -2.760424 2.429427 21.510667 252.428771
 31.800000 -2.986104 -3.054410 15.296932 1126.476326
 32.000000 3.121137 2.999158 7.922054 2912.011384
 32.200000 -2.729375 2.461271 21.924996 157.923563
 32.400000 -1.987733 2.702418 20.493253 2.329638
 32.600000 -1.903570 2.754145 20.756352 18.434766
 32.800000 -2.615644 2.374163 22.889613 28.737917
 33.000000 -3.084983 3.018498 11.624501 1792.865162
 33.200000 3.041050 3.121113 3.425081 2844.295428
 33.400000 -2.884131 2.615835 18.526011 913.050653
 33.600000 -2.004613 2.656054 20.467924 0.480218
 33.800000 -1.959513 2.517770 20.553935 8.542761
 34.000000 -2.293216 2.568712 21.987727 29.416865
 34.200000 -2.929331 2.825970 17.078157 1038.836606
 34.400000 3.136278 -3.062284 8.658322 2722.616578
 34.600000 -2.767810 2.661040 21.316453 292.006311
 34.800000 -2.730595 2.520803 21.871644 166.542858
 35.000000 -2.330419 3.029480 22.162733 32.098101
 35.200000 -2.674570 2.595678 22.459544 73.811870
 35.400000 -2.928737 2.769009 17.077109 1036.213371
 35.600000 3.006242 3.036267 1.648880 2140.781353
 35.800000 3.002523 2.714724 1.478635 2051.561447
 36.000000 -2.597263 2.866805 22.961244 19.423133
 36.200000 -2.515336 2.695189 23.090116 2.030811
 36.400000 -2.549772 2.605592 23.094171 1.399906
 36.600000 -2.412270 2.848359 22.626165 41.085765
 36.800000 -2.700889 2.725146 22.206984 108.729144
 37.000000 -2.876088 2.820129 18.708292 883.582051
 37.200000 2.999675 3.003662 1.349041 2001.494330
 37.400000 3.075899 2.959443 5.328482 3177.839792
 37.600000 -2.918722 2.721502 17.373069 1024.663267
 37.800000 -2.986747 2.894513 15.149837 1108.475827
 38.000000 3.015153 2.880946 2.072557 2366.037408
 38.200000 3.128795 2.862482 8.268732 2802.669733
 38.400000 -2.946443 2.912161 16.477913 1063.386936
 38.600000 -2.854370 2.682643 19.325085 776.714719
 38.800000 -2.858274 2.856352 19.215523 797.963337
 39.000000 -3.133450 2.868752 9.346140 2486.336842
 39.200000 3.035673 2.895274 3.146224 2807.352384
 39.400000 -2.556857 2.896852 23.115374 2.817843
 39.600000 -2.134622 2.667784 20.801839 42.364616
 39.800000 -2.048051 2.495859 20.436162 1.720551
 40.000000 -2.074105 2.701880 20.495324 10.360317
 40.200000 -2.527833 2.736452 23.140102 0.446711
 40.400000 -3.011889 2.848644 14.333513 1168.855785
 40.600000 3.003611 2.800722 1.565335 2154.413663
 40.800000 -2.675129 2.808058 22.463330 80.801103
 41.000000 -2.405014 2.640451 22.559569 50.218470
 41.200000 -2.109004 2.751902 20.617397 27.147483
 41.400000 -2.306919 2.691479 21.894595 37.701372
 41.600000 -2.491265 2.718800 23.074689 12.985979
 41.800000 -2.962559 2.811999 15.997960 1081.025288
 42.000000 2.976720 2.937330 0.427905 1646.659051
 42.200000 -2.805808 2.860202 20.566261 469.148482
 42.400000 -2.552330 2.605414 23.154094 2.222762
 42.600000 -2.367188 2.576876 22.294037 51.387083
 42.800000 -2.385493 2.785375 22.427138 54.020635
 43.000000 -2.687072 2.583542 22.346688 96.322668
 43.200000 -3.072962 2.906983 12.157929 1574.593888
 43.400000 3.081133 3.048606 5.783769 3201.296288
 43.600000 -2.838858 2.776745 19.792255 656.851698
 43.800000 -1.993803 2.804315 20.453583 5.086974
 44.000000 -2.051029 2.196410 20.416064 1.466336
 44.200000 -1.901904 2.382178 20.763448 15.647498
 44.400000 -2.479911 2.707063 23.077329 19.930853
 44.600000 -2.858528 3.116651 19.280417 767.323943
 44.800000 -2.716607 2.969760 22.039612 141.910271
 45.000000 -2.107252 2.603280 20.590560 23.971888
 45.200000 -1.784384 2.277308 21.504894 122.762210
 45.400000 -2.298567 2.245002 21.847805 43.052429
 45.600000 -2.368426 2.989926 22.336773 56.236648
 45.800000 3.075580 2.869077 5.534083 3206.926021
 46.000000 -3.097348 2.701986 11.188499 1853.340977
 46.200000 -2.697075 2.925457 22.274085 112.567099
 46.400000 -2.359290 2.638309 22.283049 55.935974
 46.600000 -2.062178 2.574720 20.444274 2.979624
 46.800000 -2.242340 2.668169 21.480235 46.196356
 47.000000 -2.510928 2.882923 23.218545 3.896196
 47.200000 -3.119727 2.776302 10.235442 2157.607137
 47.400000 3.013359 3.045166 2.199239 2526.345673
 47.600000 -2.911058 2.822950 17.749855 995.329841
 47.800000 -2.651935 2.654447 22.705531 68.314475
 48.000000 -2.682153 2.897245 22.433324 95.606349
 48.200000 2.991550 2.940710 1.178724 2034.251178
 48.400000 -3.085986 2.911228 11.734100 1670.494454
 48.600000 -2.999729 2.883341 14.865024 1123.792860
 48.800000 -2.910377 2.892570 17.784716 993.352133
 49.000000 -3.060679 2.818547 12.724803 1411.831738
 49.200000 3.001019 2.973994 1.643113 2289.890775
 49.400000 -2.880017 2.966900 18.735891 874.981128
 49.600000 -2.949598 2.601854 16.543680 1066.506100
 49.800000 -2.536062 2.957591 23.298619 0.120063
 50.000000 -2.419550 2.792943 22.802422 56.403030
 50.200000 -2.520210 2.355912 23.314318 1.159020
 50.400000 -1.857360 2.963410 20.914509 16.922698
 50.600000 -2.462457 2.465550 23.111646 32.146829
 50.800000 -2.738102 2.633980 21.844918 187.353903
 51.000000 -3.116350 3.117833 10.487888 2072.262079
 51.200000 3.128412 3.022024 8.651436 2682.555386
 51.400000 -2.420673 2.731689 22.856079 58.021447
 51.600000 -1.817051 2.541527 21.115156 46.965442
 51.800000 -1.990135 2.240751 20.528338 4.584123
 52.000000 -2.316352 2.660697 22.031633 56.271614
 52.200000 -3.023721 3.034226 14.145811 1177.455007
 52.400000 3.105567 3.007643 7.472376 3000.439853
 52.600000 -2.786889 2.756837 21.107514 356.374058
 52.800000 -2.444826 2.915685 23.055682 45.190650
 53.000000 -2.660287 2.778130 22.737796 75.454959
 53.200000 3.080036 2.784213 6.086479 3226.544363
 53.400000 3.040012 3.052514 3.815496 3102.298379
 53.600000 -3.089323 2.841003 11.747724 1658.221608
 53.800000 -2.999100 2.938472 15.001879 1117.328888
 54.000000 -2.817955 2.987784 20.485446 520.119719
 54.200000 3.135252 2.740062 9.122015 2541.315251
 54.400000 3.083458 3.122064 6.324791 3210.988800
 54.600000 -2.646008 2.790525 22.915728 65.597188
 54.800000 -2.625109 2.446324 23.074336 49.825558
 55.000000 -2.321286 2.832509 22.096915 64.970641
 55.200000 -2.231573 2.832415 21.403653 57.030125
 55.400000 -2.556525 2.300350 23.443160 4.758680
 55.600000 -2.622246 2.902083 23.132132 47.768987
 55.800000 -2.619643 3.029576 23.149936 45.777802
 56.000000 2.978584 2.654619 0.779614 1891.390496
 56.200000 -2.447393 2.968197 23.178060 50.068236
 56.400000 -2.176647 2.494609 21.001516 47.055096
 56.600000 -2.130799 2.299575 20.723416 25.736907
 56.800000 -1.965239 2.719085 20.624525 4.667163
 57.000000 -2.646647 2.804367 22.990142 67.962957
 57.200000 3.008192 2.930097 2.248923 2658.338345
 57.400000 -2.992105 2.778032 15.356172 1103.792697
 57.600000 -2.854735 2.670306 19.678650 737.669891
 57.800000 -2.799049 2.843256 21.007655 417.309984
 58.000000 3.053881 3.025896 4.764960 3277.460678
 58.200000 -3.003889 2.697259 14.998641 1121.990656
 58.400000 -2.617391 2.678684 23.293058 46.447545
 58.600000 -2.725293 2.651247 22.242084 165.647137
 58.800000 -2.975620 2.940642 15.939440 1097.376483
 59.000000 -2.827609 2.972058 20.408152 571.056285
 59.200000 -2.663019 2.785948 22.964087 88.170052
 59.400000 -3.002886 2.561547 15.068743 1127.917449
 59.600000 -2.918409 3.125728 17.855578 1025.309539
 59.800000 2.991637 2.635642 1.490993 2321.527220
 60.000000 -2.821183 2.717584 20.596975 529.096743
 60.200000 -2.776530 2.934558 21.539857 307.271295
 60.400000 -2.891224 2.821497 18.760215 920.219897
 60.600000 -2.897462 2.686047 18.569528 948.540932
 60.800000 -2.947652 2.844209 16.957772 1089.091443
 61.000000 -3.050308 2.798796 13.472466 1289.884969
 61.200000 -3.086416 2.737669 12.151786 1590.518154
 61.400000 -2.833840 2.894442 20.395808 581.613960
 61.600000 -2.849110 2.737552 20.013488 673.079672
 61.800000 -3.047831 2.777491 13.607035 1291.673840
 62.000000 -2.993141 3.012168 15.500723 1144.559472
 62.200000 -2.985977 2.671294 15.817077 1148.917254
 62.400000 -2.784470 2.843060 21.477033 322.471903
 62.600000 -2.819784 2.774244 20.771892 486.819995
 62.800000 2.947018 2.765126 -0.014313 9.754814
 63.000000 -2.687839 2.922107 22.819589 117.897805
 63.200000 -2.497614 2.469041 23.657962 23.014345
 63.400000 -2.077399 2.541604 20.531894 2.836839
 63.600000 -1.954148 2.707064 20.647709 2.824291
 63.800000 -2.427666 2.447450 23.142258 83.750295
 64.000000 -2.791818 2.872053 21.385231 340.869236
 64.200000 2.982686 2.913228 1.231047 2211.134456
 64.400000 3.021019 2.522762 3.203021 3028.176629
 64.600000 -2.496577 2.930264 23.678346 26.169612
 64.800000 -2.161998 2.604712 20.901906 44.864884
 65.000000 -1.920694 2.527639 20.686824 0.950349
 65.200000 -2.020115 2.339323 20.530361 1.633804
 65.400000 -2.513727 2.840921 23.782097 13.048708
 65.600000 3.018844 2.584178 3.125774 3008.049125
 65.800000 -2.634759 2.967727 23.438534 69.571957
 66.000000 -2.875294 2.527454 19.573930 759.617898
 66.200000 -3.107900 2.987328 11.502815 1916.703253
 66.400000 2.991222 2.737722 1.714994 2465.598085
 66.600000 -2.904750 2.675362 18.793944 914.897956
 66.800000 -2.323238 2.920020 22.187863 74.610844
 67.000000 -2.265670 2.423552 21.711201 65.210217
 67.200000 -2.127368 2.532896 20.708272 25.091901
 67.400000 -2.301790 2.853440 22.011893 69.209314
 67.600000 -2.772049 2.703017 21.883585 243.849062
 67.800000 3.098787 2.915734 7.752900 3035.738253
 68.000000 -2.871502 -3.137600 19.815114 707.723624
 68.200000 3.081714 2.502770 6.845810 3217.174378
 68.400000 -2.802708 2.931466 21.408668 330.637995
 68.600000 3.109508 2.989194 8.384269 2886.384915
 68.800000 -3.039425 2.827304 14.344339 1386.380536
 69.000000 -1.816638 2.852589 20.772428 19.181019
 69.200000 -2.021332 1.984985 20.531708 0.863848
 69.400000 -2.109255 1.916174 20.643610 16.311549
 69.600000 -1.988810 2.628102 20.571969 1.921922
 69.800000 -2.225671 -3.127686 21.422225 63.310468
 70.000000 3.111591 2.439553 8.545907 2849.697264
 70.200000 -3.111257 3.014422 11.542589 1977.631381
 70.400000 -2.947955 -3.120899 17.721148 1123.594249
 70.600000 -3.016627 2.574299 15.302509 1340.935095
 70.800000 -2.106253 2.674283 20.645022 15.051336
 71.000000 -1.924295 2.442101 20.628633 0.028844
 71.200000 -2.244097 2.222214 21.591769 61.517329
 71.400000 -2.156280 2.921002 20.927272 44.311941
 71.600000 -2.762893 3.091583 22.168135 193.938737
 71.800000 2.999206 2.479750 2.321975 2770.345318
 72.000000 -2.786366 2.974953 21.822057 245.108116
 72.200000 -2.829910 2.778073 21.101155 398.263577
 72.400000 -2.949014 2.625146 17.830797 1140.869780
 72.600000 -3.001443 3.058862 15.981700 1329.746345
 72.800000 3.138493 2.829941 10.069878 2432.580745
 73.000000 -2.854328 2.699831 20.575478 535.387881
 73.200000 -2.206907 2.997376 21.334497 59.192772
 73.400000 -2.117902 2.496647 20.739116 23.124373
 73.600000 -2.103370 2.483919 20.675744 15.225087
 73.800000 -2.055526 2.667310 20.562613 0.821241
 74.000000 -2.409081 3.001509 23.067787 114.302105
 74.200000 -3.014302 2.657090 15.635264 1405.264440
 74.400000 -2.834821 3.022889 21.128569 396.088721
 74.600000 -2.789652 2.827523 21.906693 221.992533
 74.800000 -2.810911 2.664381 21.568627 288.714964
 75.000000 -2.165175 3.113412 21.051902 49.386827
 75.200000 -2.334060 2.559444 22.350049 71.943004
 75.400000 -2.096595 2.420436 20.693536 14.112924
 75.600000 -2.229899 2.539637 21.559782 55.753738
 75.800000 -2.208465 2.970706 21.398739 56.865493
 76.000000 -2.741347 2.492539 22.588463 139.582148
 76.200000 -2.609395 2.977805 23.948807 46.988887
 76.400000 -2.760293 2.793663 22.403271 150.491794
 76.600000 -2.835986 2.541664 21.243487 382.114705
 76.800000 -2.287942 2.932159 22.005227 52.737200
 77.000000 -2.284359 2.754178 21.979276 52.202084
 77.200000 -2.078367 2.296592 20.688444 8.798994
 77.400000 -2.010215 2.563659 20.602975 0.000374
 77.600000 -2.098556 2.765474 20.760472 17.360660
 77.800000 -2.847049 2.363039 21.092816 439.900880
 78.000000 -2.417315 -3.090487 23.194630 121.275563
 78.200000 -2.424246 2.713897 23.282611 122.450250
 78.400000 -1.774233 2.211618 20.825946 78.092412
 78.600000 -1.808404 2.152293 20.606775 17.131890
 78.800000 -1.603175 2.656982 23.819679 351.884371
 79.000000 -2.775082 2.723909 22.329525 157.600215
 79.200000 2.972343 3.070301 1.205499 2312.779019
 79.400000 -2.597420 3.066869 24.092694 30.107138
 79.600000 -2.026523 2.090735 20.651177 0.697071
 79.800000 -1.597610 1.541821 23.886224 334.838674
 80.000000 -0.841087 0.521796 13.224085 1740.966797
 80.200000 -1.066464 0.161516 21.613009 821.784729
 80.400000 -0.931610 0.096461 16.981903 1624.839843
 80.600000 -0.907840 -0.042115 16.006023 1738.437729
 80.800000 -0.672232 0.037806 6.778023 1390.119366
 81.000000 -0.983214 0.257557 18.950496 1278.831498
 81.200000 -0.713397 0.151555 8.247328 1310.541657
 81.400000 -1.552769 0.795161 24.542785 196.729227
 81.600000 -1.388868 1.490415 25.892613 18.323396
 81.800000 -0.543819 1.731184 1.637296 1561.251677
 82.000000 -0.824272 2.127307 12.464095 1679.870729
 82.200000 -0.783498 2.532464 10.812176 1491.526443
 82.400000 -0.624257 1.970217 4.866944 1571.104340
 82.600000 -0.870589 1.163873 14.377891 1799.008151
 82.800000 -1.808499 0.650687 20.542900 12.442075
 83.000000 -1.747409 0.213880 21.018886 151.652310
 83.200000 -1.769622 0.244417 20.763987 78.237705
 83.400000 -1.208808 1.055475 24.900180 298.661711
 83.600000 -0.622308 2.117004 4.764225 1571.128472
 83.800000 -0.823546 2.680963 12.386584 1681.074801
 84.000000 -1.062500 1.924583 21.399739 836.528183
 84.200000 -0.459405 0.739546 -0.000005 0.000002
 84.400000 -0.773257 -0.069358 10.376664 1454.953513
 84.600000 -0.461650 -0.734281 -0.000009 0.000005
 84.800000 -0.728565 -0.033829 8.716323 1327.916880
 85.000000 -1.449656 1.115453 25.454731 44.520390
 85.200000 -1.855029 1.620622 20.469918 0.940327
 85.400000 -1.585455 2.145100 23.905856 293.605067
 85.600000 -2.186807 2.574703 21.533793 45.119279
 85.800000 2.786503 -3.104494 -0.000000 0.000000
 86.000000 3.025270 2.707003 4.200030 3370.786701
 86.200000 -2.968520 2.774710 17.951940 1444.926563
 86.400000 -3.027344 2.862625 15.630204 1636.016652
 86.600000 2.995952 2.958425 2.563503 2960.567130
 86.800000 3.048527 2.794015 5.583439 3448.266292
 87.000000 -2.834966 2.668859 21.848610 323.036835
 87.200000 -2.492608 2.552174 24.076208 60.798280
 87.400000 -2.299640 2.659328 22.254017 39.039102
 87.600000 -2.410520 2.598196 23.224997 125.042328
 87.800000 -2.088390 2.744432 20.972393 21.383700
 88.000000 -2.362647 2.571008 22.731037 84.288491
 88.200000 -2.726588 2.527886 23.181569 71.628275
 88.400000 -2.415803 2.903678 23.297180 127.653047
 88.600000 -2.878626 2.591106 20.990971 660.283596
 88.800000 -2.987227 2.958314 17.306035 1557.082735
 89.000000 3.053807 2.862611 5.942418 3432.555462
 89.200000 3.139143 2.801261 10.620687 2405.912220
 89.400000 -2.743602 2.789560 23.062595 72.464263
 89.600000 -3.091562 2.763769 13.033374 1887.813854
 89.800000 -2.955488 3.034696 18.567474 1393.867802
 90.000000 3.089200 2.760767 7.999913 3108.685367
 90.200000 2.987615 2.591962 2.206086 2823.358127
 90.400000 -2.346808 -3.104931 22.629916 69.563317
 90.600000 -2.398739 2.382984 23.135810 119.807089
 90.800000 -2.097938 2.584917 21.069563 28.093811
 91.000000 -1.978713 2.874953 20.698297 3.330007
 91.200000 -2.517605 2.493775 24.293021 22.248214
 91.400000 -2.703611 2.716032 23.433531 65.245769
 91.600000 -2.670622 -3.060691 23.705717 70.103815
 91.800000 3.020345 2.400875 4.059883 3362.970116
 92.000000 -2.745264 2.840765 23.099754 67.234657
 92.200000 -2.127209 3.066782 21.272051 38.880201
 92.400000 -2.545948 2.294097 24.388316 0.742374
 92.600000 -1.957974 2.602374 20.660851 4.852637
 92.800000 -2.106588 2.878900 21.148825 32.239394
 93.000000 -2.479807 2.478664 24.047059 79.712292
 93.200000 3.095326 2.557093 8.452110 3038.705069
 93.400000 -2.296782 -2.812412 22.318256 37.653721
 93.600000 -2.406285 2.287265 23.273656 126.322907
 93.800000 -1.789695 1.020134 20.506335 26.393721
 94.000000 -0.245058 -0.243088 -0.000000 0.000000
 94.200000 -0.294841 -1.020179 -0.000000 0.000000
 94.400000 -1.102261 0.235002 22.171444 704.674873
 94.600000 -1.278005 2.005714 25.381023 48.912154
 94.800000 -1.500236 3.113778 24.746723 85.494618
 95.000000 -2.912661 2.621105 20.276119 1005.347636
 95.200000 3.125521 2.725654 10.107053 2614.083278
 95.400000 -3.094775 -3.072322 13.079695 1945.435971
 95.600000 2.811752 2.676755 -0.000000 0.000000
 95.800000 -2.309361 2.722335 22.435938 44.447265
 96.000000 -2.116796 2.758638 21.259827 36.548156
 96.200000 -2.396209 2.480039 23.225255 119.948835
 96.400000 -2.396820 2.984823 23.231956 120.377841
 96.600000 2.998578 2.852900 2.931760 3101.298072
 96.800000 3.106932 2.919097 9.161158 2886.975499
 97.000000 -3.015148 2.685387 16.485261 1695.394180
 97.200000 -2.915982 2.687454 20.280425 1033.829015
 97.400000 -3.011280 2.827136 16.682402 1686.406565
 97.600000 3.117450 2.855396 9.751393 2740.430567
 97.800000 -2.544975 3.064497 24.466223 0.664458
 98.000000 -1.791673 2.615172 20.444267 21.303956
 98.200000 -1.779980 1.621152 20.492795 37.884756
 98.400000 -1.196894 1.085428 24.224976 333.360616
 98.600000 -1.196072 0.390605 24.209929 337.050338
 98.800000 -0.676151 0.034990 6.493944 1360.441852
 99.000000 -1.703672 0.759342 21.368182 264.751898
 99.200000 -1.498789 1.391589 24.600243 82.804494
 99.400000 -0.579371 1.038013 2.798414 1485.001937
 99.600000 -0.083795 0.625082 -0.000000 0.000000
 99.800000 1.153226 0.021497 -0.000000 0.000000
