1502.600000
401.000000
1327.400000
47.600000
281.400000
822.400000
345.600000
322.200000
115.200000
558.600000
37.400000
10.600000
96.400000
404.800000
24.000000
729.200000
237.600000
189.600000
111.600000
387.000000
136.200000
235.800000
155.400000
55.000000
958.800000
16.400000
391.800000
761.600000
36.600000
305.800000
629.800000
210.000000
95.600000
262.400000
1674.000000
977.000000
581.400000
1876.000000
52.000000
1257.200000
137.200000
7.200000
58.000000
131.600000
380.000000
235.200000
708.200000
199.600000
428.400000
274.800000
802.200000
178.800000
99.800000
125.400000
236.200000
141.000000
238.600000
125.200000
756.600000
57.000000
