#! FIELDS time phi psi ves.bias ves.force2
#! SET min_phi -pi
#! SET max_phi pi
#! SET min_psi -pi
#! SET max_psi pi
 0.000000 -1.498385 0.273949 23.369432 70.063852
 0.200000 -1.585743 1.058834 22.473142 146.241412
 0.400000 -1.159033 1.303146 21.771192 432.203988
 0.600000 -0.750705 1.063949 7.983496 1892.577647
 0.800000 -1.365155 1.078648 24.000891 0.003102
 1.000000 -1.500676 0.649743 23.350139 71.759947
 1.200000 -1.110355 0.780509 20.794266 683.017758
 1.400000 -1.185318 1.159832 22.471514 351.099453
 1.600000 -1.391743 0.998916 24.359084 1.480967
 1.800000 -1.362857 0.607712 24.350192 3.391137
 2.000000 -0.668587 0.260737 4.290164 2328.118319
 2.200000 -1.248561 0.678993 23.769483 162.937901
 2.400000 -1.222348 1.196560 23.400101 237.876035
 2.600000 -1.610947 1.317857 22.266431 203.263210
 2.800000 -1.094004 0.894967 20.538618 858.220282
 3.000000 -1.280384 0.366998 24.124444 90.946624
 3.200000 -0.574378 0.032234 0.040393 860.629514
 3.400000 -1.393183 0.231310 24.619062 11.241004
 3.600000 -1.399377 1.226741 24.596570 15.273324
 3.800000 -1.790742 1.723623 20.027972 79.388257
 4.000000 -1.802373 1.928755 19.928778 66.299935
 4.200000 -2.119017 2.317860 20.450565 71.903031
 4.400000 -2.237587 2.959978 21.448607 63.122173
 4.600000 -3.055326 2.789740 13.237529 1733.241449
 4.800000 -2.725739 3.033153 22.055339 142.867945
 5.000000 -2.268665 2.904106 21.690844 58.623276
 5.200000 -2.105446 2.369708 20.329292 65.141096
 5.400000 -1.806698 2.283701 19.868355 72.134686
 5.600000 -2.104529 2.738415 20.321899 64.877784
 5.800000 -2.693652 2.802631 22.369071 93.918148
 6.000000 3.083316 3.038573 5.897050 3119.913187
 6.200000 -2.679853 2.887095 22.472590 81.080115
 6.400000 2.959377 2.511535 -0.026607 8.651754
 6.600000 -2.980664 2.917152 15.987940 1197.180565
 6.800000 3.040704 2.971557 3.556858 2775.233617
 7.000000 -2.677445 2.706003 22.494093 78.494674
 7.200000 -2.072774 2.765152 20.094062 61.485748
 7.400000 -2.001770 2.354062 19.652450 19.529510
 7.600000 -2.108289 2.349730 20.393504 79.557429
 7.800000 -2.024411 2.963620 19.766143 31.528101
 8.000000 -2.223827 2.564958 21.429031 64.491077
 8.200000 -2.820916 2.578238 20.537701 403.187475
 8.400000 -2.857702 3.065507 19.723327 584.975450
 8.600000 -3.095853 2.887302 11.385184 2183.045588
 8.800000 -2.785083 2.622235 21.187585 264.425777
 9.000000 -2.383523 2.976768 22.465934 30.757594
 9.200000 -2.209142 2.489928 21.482589 62.424979
 9.400000 -2.304665 2.501854 22.070994 24.550884
 9.600000 -2.121762 2.845532 20.672370 98.973660
 9.800000 -2.533828 2.766680 23.047252 0.233962
 10.000000 -2.598951 2.643074 22.935229 14.753785
 10.200000 -2.837748 2.715615 20.315007 477.344991
 10.400000 -3.124990 2.928767 9.999559 2542.615597
 10.600000 -2.992065 2.801870 15.689377 1331.854108
 10.800000 -2.236021 2.870812 21.800801 47.474956
 11.000000 -2.373493 2.300644 22.473944 19.158261
 11.200000 -2.053139 2.752574 20.073027 75.714544
 11.400000 -1.974940 2.699583 19.601652 10.636961
 11.600000 -2.220836 2.609611 21.793961 65.884097
 11.800000 -2.322027 2.561762 22.364769 15.270461
 12.000000 -2.529356 2.913868 23.013105 0.211498
 12.200000 3.038693 2.684479 3.525529 2805.078475
 12.400000 3.090412 3.001107 6.369542 3112.743080
 12.600000 -3.022599 2.864867 14.580489 1540.823280
 12.800000 3.074130 2.688421 5.461070 3101.106687
 13.000000 3.054270 2.951463 4.364148 2980.693156
 13.200000 3.135477 2.918149 8.900932 2790.631039
 13.400000 -2.943194 2.711073 17.481726 1110.458920
 13.600000 -2.604153 2.905397 22.871928 9.962828
 13.800000 -2.566898 2.636912 22.959987 2.441797
 14.000000 -2.444829 2.824149 22.879946 4.523234
 14.200000 -2.634364 2.704873 22.774151 20.645679
 14.400000 -2.712025 2.861255 22.288511 68.766309
 14.600000 -2.854604 2.823535 20.102497 582.675572
 14.800000 2.951154 2.722834 -0.014444 9.489990
 15.000000 -2.798423 2.985922 21.248324 278.823842
 15.200000 3.081435 2.604803 6.112797 3095.858357
 15.400000 -3.095679 2.974182 11.584684 2094.928590
 15.600000 -3.008287 2.992339 15.211223 1448.630455
 15.800000 -3.115710 2.751477 10.644048 2319.682689
 16.000000 -3.014634 3.085850 14.968362 1479.783931
 16.200000 2.999276 2.777492 1.820040 2326.216731
 16.400000 -2.950936 2.967368 17.353989 1192.747831
 16.600000 3.046820 2.721662 4.297679 3015.637924
 16.800000 -3.118424 3.034004 10.600584 2311.336339
 17.000000 -3.091596 2.879289 11.847259 2016.476727
 17.200000 -3.141514 2.782211 9.573265 2543.887884
 17.400000 2.944759 2.744153 -0.007451 3.635115
 17.600000 -3.011645 2.942538 15.220024 1462.457504
 17.800000 -3.118020 2.616186 10.724796 2264.408107
 18.000000 3.129704 3.108823 8.961287 2685.484681
 18.200000 3.104602 2.857606 7.778187 2952.790818
 18.400000 -2.854526 2.580385 20.363917 535.502811
 18.600000 -2.510277 2.750746 23.113361 0.709089
 18.800000 -2.376829 2.891695 22.877115 2.788755
 19.000000 -2.721601 2.541903 22.309064 68.399288
 19.200000 -2.553689 3.013503 23.128033 1.188056
 19.400000 -3.061472 2.730966 13.485751 1694.859649
 19.600000 2.979773 2.693796 1.166506 2149.613794
 19.800000 2.985394 2.974598 1.430819 2272.525787
 20.000000 3.037337 2.657471 4.148523 3095.909473
 20.200000 -2.885403 2.859431 19.726373 714.530514
 20.400000 -2.557976 2.906766 23.144297 1.217976
 20.600000 -2.638339 2.563663 22.897988 23.372189
 20.800000 -2.523889 2.717063 23.153922 0.234686
 21.000000 -2.491964 2.946046 23.120330 2.332061
 21.200000 -3.047168 2.567671 14.291102 1547.415431
 21.400000 -2.840402 2.963207 20.839929 409.316546
 21.600000 2.935029 2.901740 -0.002264 0.430624
 21.800000 -3.126092 2.766324 10.892102 2273.813937
 22.000000 -2.656395 2.818289 22.853285 30.845919
 22.200000 -2.490930 2.693751 23.191842 3.308990
 22.400000 -2.435302 2.580531 23.073000 4.724385
 22.600000 -2.786346 2.882341 21.792340 174.385277
 22.800000 -3.120337 2.744546 11.301111 2185.352407
 23.000000 -3.043305 2.973195 14.559548 1502.551250
 23.200000 -2.974135 2.753581 17.191856 1194.385101
 23.400000 2.927518 2.629108 -0.000476 0.020296
 23.600000 -2.893503 3.004414 19.714139 733.860270
 23.800000 -2.987631 2.681147 16.720077 1249.041190
 24.000000 -2.974958 2.721703 17.163403 1197.849714
 24.200000 -2.921748 3.023976 19.003986 896.243592
 24.400000 2.958177 2.522624 0.529554 2083.222899
 24.600000 -2.540143 2.881422 23.344401 0.015054
 24.800000 -2.528558 2.591927 23.339609 0.484076
 25.000000 -2.595980 2.682177 23.265374 8.830737
 25.200000 -2.633334 3.013745 23.179178 25.718510
 25.400000 3.109681 2.736621 9.000088 2953.504113
 25.600000 -3.032965 2.924830 15.327026 1425.523228
 25.800000 -3.101434 2.869463 12.546677 1951.056266
 26.000000 -3.031354 2.563686 15.387769 1417.540925
 26.200000 3.109925 3.041006 9.130671 2978.469294
 26.400000 -2.930935 2.909097 18.962363 897.165090
 26.600000 -2.687320 2.574924 22.898980 52.602903
 26.800000 -2.468192 2.777821 23.317488 10.029602
 27.000000 -2.000822 2.974496 19.573561 38.912845
 27.200000 -1.949331 2.276751 19.285076 14.561435
 27.400000 -1.811777 2.278567 19.220208 18.148046
 27.600000 -1.875765 2.547181 19.115666 0.347938
 27.800000 -2.126899 2.936701 20.862118 195.242243
 28.000000 -2.663144 2.617354 23.118645 44.311256
 28.200000 -3.114159 2.897852 12.351682 2152.962376
 28.400000 -2.900646 -3.049503 20.009416 645.985295
 28.600000 3.108197 2.480763 9.256877 3059.894825
 28.800000 -2.379913 2.805737 23.070644 10.931538
 29.000000 -2.028256 2.828080 19.736442 64.030237
 29.200000 -2.020504 2.285707 19.672567 55.868254
 29.400000 -1.801160 2.354043 19.199099 24.306952
 29.600000 -2.076761 2.437055 20.197604 126.013708
 29.800000 -2.664125 2.955725 23.206982 48.851586
 30.000000 2.911524 2.872832 -0.000018 0.000030
 30.200000 -2.534304 2.735759 23.668400 2.125810
 30.400000 -1.839037 2.411180 19.067076 1.758635
 30.600000 -1.787839 2.202825 19.253023 37.464755
 30.800000 -1.919331 2.447527 19.164271 9.758722
 31.000000 -2.793592 2.692203 22.073708 143.356908
 31.200000 2.881097 3.041563 -0.000000 0.000000
 31.400000 3.005266 2.892810 3.403088 3410.734700
 31.600000 -2.748914 2.795168 22.582790 90.049414
 31.800000 -2.609397 2.751811 23.612232 17.543529
 32.000000 -2.409056 2.701942 23.222463 17.995868
 32.200000 -2.855297 2.895982 21.260291 320.405374
 32.400000 -3.010177 2.823612 17.004759 1271.167662
 32.600000 -3.140047 2.804418 11.500877 2591.559386
 32.800000 -2.878811 2.725794 20.804127 438.122885
 33.000000 -2.691202 2.724934 23.132536 65.647588
 33.200000 -2.437218 2.760686 23.397126 24.626082
 33.400000 -2.553697 2.553339 23.819590 0.207648
 33.600000 -2.450532 2.806421 23.463521 24.942993
 33.800000 -2.698228 2.791801 23.127478 69.545502
 34.000000 3.099237 2.547636 9.200018 3322.482808
 34.200000 3.091694 3.066907 8.833820 3459.734230
 34.400000 -2.999226 2.968926 17.588780 1185.083884
 34.600000 -2.185125 2.337444 21.557109 181.551026
 34.800000 -1.495812 2.214980 22.545517 85.819366
 35.000000 -1.622746 2.318388 21.100248 183.293603
 35.200000 -2.151924 2.383859 21.081900 190.230480
 35.400000 -2.453553 2.941026 23.549985 31.156796
 35.600000 3.052163 2.958292 6.504580 3846.330556
 35.800000 3.084435 2.775690 8.477241 3576.277807
 36.000000 -2.808489 2.853083 22.123228 160.420669
 36.200000 -2.485855 2.624553 23.766345 27.468428
 36.400000 -1.921326 2.594696 19.167682 10.366182
 36.600000 -1.754251 2.393723 19.425068 70.923259
 36.800000 -2.000358 2.500870 19.517283 34.310262
 37.000000 -2.204563 2.622702 21.778512 164.538816
 37.200000 -1.907671 2.881209 19.127817 7.716141
 37.400000 -2.309632 2.350024 22.790366 44.210200
 37.600000 -1.825109 2.725873 19.062494 3.493968
 37.800000 -2.278482 2.618196 22.558422 69.494287
 38.000000 -2.262149 2.613349 22.413757 88.154280
 38.200000 -2.084483 2.732470 20.227734 118.463873
 38.400000 -1.761982 2.584206 19.355835 53.443342
 38.600000 -2.087790 2.228325 20.264062 122.834003
 38.800000 -1.845391 2.676998 19.050549 0.099608
 39.000000 -2.154631 2.698943 21.108386 184.691753
 39.200000 -2.847289 2.729457 21.730525 244.490675
 39.400000 -2.735505 -3.121588 23.063316 98.493948
 39.600000 -3.113972 2.672524 13.331684 2275.206407
 39.800000 -2.350559 2.894866 23.045127 33.824059
 40.000000 -1.948092 2.812970 19.292226 16.406744
 40.200000 -1.863893 2.265500 19.087849 0.709362
 40.400000 -1.939844 2.112283 19.276778 14.759224
 40.600000 -1.758058 2.654045 19.392905 51.020909
 40.800000 -2.129835 2.743150 20.831396 166.528334
 41.000000 -2.621979 2.544525 24.052435 27.728456
 41.200000 -2.617352 3.036838 24.118006 23.518740
 41.400000 -2.953647 2.742936 19.488522 811.293866
 41.600000 -2.467144 2.845527 23.830626 45.769288
 41.800000 -2.464634 2.643845 23.813585 46.419384
 42.000000 -2.252324 2.819149 22.339919 91.494571
 42.200000 -2.190854 2.648644 21.668577 153.512948
 42.400000 -1.833101 2.476538 19.123433 0.873268
 42.600000 -1.969778 2.502593 19.462010 25.978762
 42.800000 -2.253965 2.531993 22.365658 88.939719
 43.000000 -2.111151 3.002294 20.659675 144.149538
 43.200000 -2.180419 2.635597 21.568271 156.858591
 43.400000 -1.872412 2.370086 19.161623 2.162167
 43.600000 -1.600518 2.290915 21.043208 137.868949
 43.800000 -1.908704 2.605721 19.244550 9.147468
 44.000000 -2.517902 2.712353 24.198687 22.707726
 44.200000 -3.057097 2.867863 16.069999 1626.921831
 44.400000 -3.096243 2.852715 14.391414 2075.707716
 44.600000 -3.082252 2.858791 15.015006 1900.802010
 44.800000 -2.384967 2.782510 23.323720 42.812759
 45.000000 -2.032475 2.428715 19.942657 65.844528
 45.200000 -1.505639 2.429489 21.986066 94.987817
 45.400000 -1.869042 2.193388 19.216789 1.840600
 45.600000 -2.267273 2.801590 22.554346 68.357368
 45.800000 -2.384420 2.989343 23.334980 42.978564
 46.000000 -3.013382 2.686065 17.763483 1239.843021
 46.200000 -2.759403 2.908346 23.090261 122.712143
 46.400000 -2.465573 2.975478 23.940612 56.773937
 46.600000 -2.348099 2.506511 23.123349 36.353507
 46.800000 -2.019683 2.707225 19.914526 58.031187
 47.000000 -1.975850 2.419749 19.627438 30.858545
 47.200000 -1.996096 2.453641 19.788291 41.521267
 47.400000 -2.052595 2.654178 20.233134 87.797692
 47.600000 -1.970061 2.649980 19.635678 28.175255
 47.800000 -2.259090 2.570242 22.543902 70.714822
 48.000000 -2.122054 2.605033 20.997578 150.621228
 48.200000 -2.267821 2.847581 22.647155 61.138598
 48.400000 -2.207366 2.694525 22.077921 120.363173
 48.600000 -2.046107 2.693205 20.229186 81.040091
 48.800000 -1.913174 2.500724 19.440877 11.483670
 49.000000 -1.890494 2.552262 19.373066 6.642247
 49.200000 -1.947929 2.671439 19.632654 22.058318
 49.400000 -2.052662 2.654469 20.352464 88.551077
 49.600000 -2.048178 2.679243 20.310782 84.228502
 49.800000 -2.150734 2.500967 21.467658 153.272369
 50.000000 -2.003787 2.688171 19.954054 48.081538
 50.200000 -1.936790 2.457407 19.644703 21.476540
 50.400000 -1.858844 2.641358 19.384992 3.399223
 50.600000 -2.110010 2.582347 21.051228 137.854387
 50.800000 -2.110563 2.712291 21.057720 138.185039
 51.000000 -2.435066 2.719287 23.778026 59.815773
 51.200000 -2.590693 2.697849 24.606306 1.674993
 51.400000 -2.417258 2.926633 23.657142 52.422790
 51.600000 -2.748732 2.604442 23.346981 131.061330
 51.800000 -2.430253 3.061499 23.753686 57.832445
 52.000000 -2.723049 2.742987 23.635737 121.222160
 52.200000 -2.422868 2.776242 23.717278 54.739946
 52.400000 -2.216067 2.563955 22.393058 89.614894
 52.600000 -1.987961 2.769370 20.091764 46.659075
 52.800000 -1.923300 2.343366 19.714850 24.000286
 53.000000 -1.882106 2.339655 19.538857 12.858979
 53.200000 -1.818682 2.688412 19.431538 0.809773
 53.400000 -2.236014 2.598229 22.617448 67.045384
 53.600000 -2.276329 2.768607 22.905203 38.010317
 53.800000 -2.725162 2.615014 23.677068 128.604254
 54.000000 -2.344363 2.904370 23.264395 25.241921
 54.200000 -2.444358 2.570477 23.935823 62.873462
 54.400000 -2.147024 2.545717 21.773139 125.830025
 54.600000 -1.986926 2.547515 20.249290 48.279126
 54.800000 -1.653810 2.646263 20.154039 79.756723
 55.000000 -2.171310 2.453997 22.041769 117.289829
 55.200000 -2.127498 2.694879 21.624105 122.366761
 55.400000 -2.167871 2.835534 22.068440 115.505876
 55.600000 -2.414824 2.649348 23.746340 49.478645
 55.800000 -2.205736 2.806521 22.452891 88.620502
 56.000000 -2.174419 2.661216 22.138288 111.988577
 56.200000 -2.091454 2.690206 21.318659 108.920981
 56.400000 -2.110086 2.534866 21.516971 117.128472
 56.600000 -1.589842 2.441100 20.705895 98.281601
 56.800000 -1.908600 2.352025 19.902407 30.611184
 57.000000 -1.809540 2.616973 19.520622 2.245652
 57.200000 -2.042196 2.773403 20.925364 80.090894
 57.400000 -2.242734 2.722243 22.897576 50.305449
 57.600000 -2.530817 2.365156 24.667358 28.912981
 57.800000 -1.896650 3.046415 19.898656 30.300289
 58.000000 -2.103734 2.389566 21.533951 113.966729
 58.200000 -1.599280 2.370143 20.552136 90.936427
 58.400000 -0.696881 2.051019 2.715831 1889.677134
 58.600000 -1.116633 1.954677 19.013372 961.945103
 58.800000 -1.692799 1.327200 19.796715 34.354854
 59.000000 -1.128931 0.635343 19.385618 870.235992
 59.200000 -0.636702 -0.101024 0.291812 1360.897763
 59.400000 -0.577321 -0.481027 -0.000002 0.000000
 59.600000 -0.566514 -0.084618 -0.000000 0.000000
 59.800000 -1.018746 0.396634 15.542043 1371.606069
 60.000000 -1.460354 1.009436 21.782653 55.957495
 60.200000 -1.156932 1.261963 20.063400 652.589270
 60.400000 -1.067914 1.003075 17.290526 1254.512388
 60.600000 -1.512714 1.115297 21.308614 81.055841
 60.800000 -1.211492 0.649714 21.225763 288.359962
 61.000000 -0.963746 0.606545 13.469389 1336.772551
 61.200000 -0.928758 0.475900 12.161055 1310.380822
 61.400000 -1.042306 0.746138 16.326636 1338.134521
 61.600000 -1.342526 1.119340 22.196071 0.006122
 61.800000 -1.552036 1.183348 20.916994 88.570978
 62.000000 -0.865678 0.589215 9.840692 1443.594721
 62.200000 -0.987821 -0.003260 14.285633 1357.858844
 62.400000 -0.545001 -0.434429 -0.000000 0.000000
 62.600000 -0.835192 -0.080614 8.619556 1614.657589
 62.800000 -0.810907 0.558832 7.620040 1775.804869
 63.000000 -1.358398 0.829222 22.146470 1.467610
 63.200000 -1.588696 1.090157 20.534884 82.375735
 63.400000 -0.866931 0.973988 9.838823 1442.941821
 63.600000 -1.692440 1.208618 19.781468 20.430445
 63.800000 -1.534408 1.173421 21.036348 83.639061
 64.000000 -0.955593 0.515673 13.083437 1319.615879
 64.200000 -0.974066 0.515602 13.736387 1333.613499
 64.400000 -1.538573 1.323851 20.982121 83.410583
 64.600000 -0.864444 1.358064 9.727752 1455.859645
 64.800000 -1.427744 1.332622 21.834865 30.339054
 65.000000 -1.391007 0.649927 21.999410 11.355275
 65.200000 -0.686474 0.322374 2.007873 1777.558068
 65.400000 -0.684260 -0.061141 1.914859 1752.808641
 65.600000 -0.686832 -0.226434 2.022979 1781.491586
 65.800000 -0.643832 -0.200012 0.345163 1383.249914
 66.000000 -0.808257 0.254602 7.447610 1818.526568
 66.200000 -1.654334 1.035196 19.973747 42.551179
 66.400000 -1.010558 1.036565 15.044841 1346.220175
 66.600000 -1.056100 1.084837 16.701102 1273.885176
 66.800000 -1.446055 0.784588 21.694083 38.629406
 67.000000 -1.561567 0.918892 20.746059 85.649405
 67.200000 -0.944362 0.829633 12.628158 1298.544782
 67.400000 -1.533676 1.025487 20.995169 82.777303
 67.600000 -1.561847 1.050445 20.735128 86.254064
 67.800000 -0.823628 0.776081 8.076879 1714.896228
 68.000000 -1.528197 0.779232 21.044784 81.188537
 68.200000 -1.283614 0.994237 21.761914 45.590638
 68.400000 -1.158852 1.082528 19.853663 604.941280
 68.600000 -1.554427 1.038296 20.797159 87.325539
 68.800000 -0.817349 0.566894 7.810732 1766.065828
 69.000000 -0.946633 0.205359 12.708760 1297.052045
 69.200000 -0.851730 -0.017197 9.206696 1540.088687
 69.400000 -0.636954 0.164535 0.029844 598.973825
 69.600000 -1.224492 0.784973 21.119753 214.114123
 69.800000 -1.177810 1.527727 20.272869 470.960822
 70.000000 -0.525200 1.265265 -0.000000 0.000000
 70.200000 -1.439644 1.599804 21.713630 31.997426
 70.400000 -1.450704 0.937952 21.647733 39.119778
 70.600000 -0.679008 0.201366 1.616395 1717.475417
 70.800000 -0.674058 -0.480036 1.413172 1653.875363
 71.000000 -0.774310 -0.471571 5.918322 2066.813225
 71.200000 -0.878303 0.375220 10.236172 1403.051672
 71.400000 -1.353211 1.186714 21.962712 0.075279
 71.600000 -1.411708 1.442532 21.850157 15.667104
 71.800000 -0.980303 0.789522 13.923344 1300.596877
 72.000000 -1.525932 0.571243 21.052147 84.644363
 72.200000 -0.947779 0.531180 12.760215 1273.747446
 72.400000 -1.381211 0.953801 21.944157 3.189292
 72.600000 -1.566839 1.119460 20.663560 92.425319
 72.800000 -0.674143 0.704762 1.399280 1675.209030
 73.000000 -1.424373 0.764260 21.801864 22.365474
 73.200000 -1.024261 1.004683 15.508083 1285.451253
 73.400000 -0.870886 1.482528 9.978136 1434.681253
 73.600000 -0.727393 2.472640 3.752638 2156.984752
 73.800000 -1.467500 2.574107 21.554752 51.607360
 74.000000 -2.452132 2.077563 24.318869 47.945082
 74.200000 -2.496932 2.841405 24.633738 46.495744
 74.400000 -2.530250 -2.997713 24.834850 24.979579
 74.600000 -2.920941 2.462463 20.634783 542.432402
 74.800000 -2.251490 2.442762 23.594507 16.292321
 75.000000 -1.322406 2.868147 21.909281 11.693656
 75.200000 -0.631269 2.085715 -0.022720 9.726243
 75.400000 -0.611276 1.263780 -0.000232 0.003219
 75.600000 -1.128736 0.560629 18.950735 803.159686
 75.800000 -1.437022 0.515955 21.772100 29.064763
 76.000000 -0.975150 1.440188 13.757534 1264.276956
 76.200000 -0.948074 2.173541 12.805698 1247.313870
 76.400000 -0.721249 2.541434 3.479110 2170.548630
 76.600000 -0.703284 1.944877 2.652603 2050.978989
 76.800000 -0.561820 1.246906 -0.000000 0.000000
 77.000000 -1.269400 1.046407 21.566597 86.711387
 77.200000 -1.422161 0.776276 21.868040 18.398016
 77.400000 -0.728547 0.888427 3.835365 2210.138046
 77.600000 -1.613058 1.435925 20.231765 81.434193
 77.800000 -1.338665 1.235563 21.956350 5.784918
 78.000000 -0.952246 0.661804 12.966170 1241.678190
 78.200000 -1.482075 0.709660 21.506014 65.778735
 78.400000 -0.654083 0.947514 0.591319 1492.498883
 78.600000 -1.446160 1.377501 21.759553 35.078873
 78.800000 -0.990671 0.853868 14.333910 1249.224953
 79.000000 -0.992803 -0.113792 14.409289 1249.810879
 79.200000 -0.648698 -0.610246 0.385485 1541.376272
 79.400000 -0.820808 0.175746 8.084904 1777.161192
 79.600000 -1.672932 1.122024 19.789339 27.336524
 79.800000 -1.081325 1.556307 17.475023 1060.251454
 80.000000 -1.284613 1.746823 21.678300 64.832662
 80.200000 -1.042271 1.713828 16.165165 1192.901191
 80.400000 -1.223758 1.212949 20.966042 234.816767
 80.600000 -1.267477 0.817308 21.518694 101.595051
 80.800000 -1.681342 0.693199 19.744561 20.679675
 81.000000 -1.093793 1.122443 17.875919 985.636811
 81.200000 -1.300786 1.413900 21.798935 45.278553
 81.400000 -0.815980 0.784587 7.927271 1813.487433
 81.600000 -1.611880 0.564334 20.250105 90.634888
 81.800000 -0.845250 0.648626 9.130933 1575.902114
 82.000000 -1.349914 1.079697 22.014414 4.492029
 82.200000 -1.008443 0.838971 15.016853 1226.249241
 82.400000 -1.077766 0.309567 17.380987 1050.805529
 82.600000 -0.874057 0.087235 10.259900 1392.911654
 82.800000 -0.607106 -0.141071 -0.000061 0.000237
 83.000000 -0.703578 0.056746 2.748632 2144.021973
 83.200000 -0.998936 0.353121 14.704302 1225.700151
 83.400000 -1.449422 0.738487 21.846701 38.751298
 83.600000 -1.367881 1.383620 22.074935 0.637934
 83.800000 -0.812303 1.170443 7.819280 1844.270123
 84.000000 -1.225587 1.069425 20.988458 231.128567
 84.200000 -1.188032 0.597918 20.332405 393.225212
 84.400000 -0.613293 0.196657 -0.000288 0.005646
 84.600000 -0.586741 -0.311267 -0.000000 0.000000
 84.800000 -0.720772 -0.286430 3.599399 2277.468494
 85.000000 -0.681509 -0.042047 1.781035 1955.210386
 85.200000 -1.822549 1.006965 19.958363 49.777517
 85.400000 -1.621212 2.097135 20.175279 91.493906
 85.600000 -1.059813 2.773945 16.841414 1105.141563
 85.800000 -0.928523 2.330511 12.291721 1224.078340
 86.000000 -0.817597 1.210769 8.107986 1791.999196
 86.200000 -0.824193 -0.021338 8.420179 1730.057580
 86.400000 -0.650066 -0.784416 0.488994 1622.846940
 86.600000 -0.621263 -0.110508 -0.002396 0.396982
 86.800000 -1.517153 1.077633 21.330973 114.384775
 87.000000 -1.081277 1.421069 17.556772 1002.139506
 87.200000 -1.154310 1.471571 19.609674 562.912288
 87.400000 -1.479870 1.275476 21.717924 75.853533
 87.600000 -1.010836 0.276900 15.210813 1205.159945
 87.800000 -0.736301 -0.282835 4.440589 2348.730362
 88.000000 -0.751171 -0.425575 5.158857 2310.146349
 88.200000 -0.816096 0.066194 8.158744 1791.523348
 88.400000 -0.616851 0.570561 -0.000804 0.047448
 88.600000 -1.733044 1.042581 19.587757 0.006049
 88.800000 -1.345344 1.096415 22.109758 13.877640
 89.000000 -1.382034 1.068110 22.182108 0.036799
 89.200000 -1.657051 1.092124 19.867171 54.911755
 89.400000 -1.089914 0.815126 17.876410 932.311561
 89.600000 -1.784727 0.921085 19.708054 22.044821
 89.800000 -0.901780 0.910711 11.473666 1245.196509
 90.000000 -1.310340 1.492981 21.934196 50.628984
 90.200000 -1.595747 0.962511 20.467315 132.865751
 90.400000 -0.723133 0.301473 3.911898 2396.660821
 90.600000 -0.914812 -0.235157 11.964867 1213.327084
 90.800000 -0.688278 -0.468014 2.233848 2185.971045
 91.000000 -0.772288 -0.000089 6.287766 2196.527202
 91.200000 -1.072041 0.603975 17.358692 1004.871678
 91.400000 -1.448286 1.167880 22.060563 40.218153
 91.600000 -0.985387 1.225770 14.438187 1195.367065
 91.800000 -0.875973 0.879072 10.624778 1326.243298
 92.000000 -1.624777 0.921491 20.156626 102.560992
 92.200000 -1.401301 0.873880 22.275767 2.140249
 92.400000 -1.167593 0.808753 19.948353 465.034496
 92.600000 -1.641298 1.044118 20.000579 81.889925
 92.800000 -1.054370 0.997219 16.812598 1070.625512
 93.000000 -1.047647 1.312795 16.591377 1094.731275
 93.200000 -1.377601 1.151072 22.307949 1.406866
 93.400000 -1.244230 0.579477 21.291521 185.218297
 93.600000 -0.957299 0.335626 13.538223 1178.207687
 93.800000 -0.730579 0.300040 4.398690 2453.485788
 94.000000 -1.057597 0.507038 16.942831 1049.614576
 94.200000 -1.144225 1.044671 19.442479 577.685486
 94.400000 -1.387459 1.046252 22.345031 0.034766
 94.600000 -0.961912 0.871449 13.732197 1175.161540
 94.800000 -1.515337 0.952592 21.516784 139.598722
 95.000000 -0.896491 0.786381 11.480121 1229.454867
 95.200000 -1.583257 1.223439 20.670456 162.990066
 95.400000 -1.034117 0.967499 16.229701 1116.736653
 95.600000 -1.302141 0.661737 21.977512 77.651670
 95.800000 -1.355057 0.809998 22.314434 14.224576
 96.000000 -0.917772 0.983774 12.255482 1183.049799
 96.200000 -1.190538 1.099840 20.474567 353.728700
 96.400000 -1.439340 0.802071 22.277891 32.248438
 96.600000 -0.669148 0.436007 1.508299 2111.283352
 96.800000 -1.585605 0.778762 20.653500 166.679398
 97.000000 -1.301650 1.093135 22.000861 80.848995
 97.200000 -0.658398 1.118269 1.042565 1968.364255
 97.400000 -0.858809 1.506174 10.236814 1390.689004
 97.600000 -1.626328 2.035703 20.172911 120.925724
 97.800000 -1.792916 2.580061 19.663198 25.720041
 98.000000 -2.091198 2.789787 22.422962 92.308592
 98.200000 -2.463453 2.620972 24.164880 46.068064
 98.400000 -2.804805 2.665117 22.184971 228.370193
 98.600000 -2.420419 -2.973511 23.902055 26.662670
 98.800000 -2.734683 2.517349 23.233949 217.556849
 99.000000 -2.258005 2.646819 23.540452 6.528742
 99.200000 -2.306039 2.844961 23.606083 1.188832
 99.400000 -2.192440 2.768975 23.240378 38.707362
 99.600000 -2.448264 2.434420 24.049669 40.741632
 99.800000 -2.019121 2.978614 21.699843 97.319735
 100.000000 -2.080580 2.507653 22.300678 92.884919
 100.200000 -1.775680 2.381593 18.902731 11.680409
 100.400000 -1.689187 2.281835 18.986056 31.068358
 100.600000 -1.781790 2.425316 18.925294 15.712780
 100.800000 -2.170807 2.766470 22.425653 53.165301
 101.000000 -2.435341 2.852808 23.294501 34.231957
 101.200000 2.988061 2.666978 1.947655 2663.352867
 101.400000 3.013573 3.020833 3.316347 3073.739230
 101.600000 -2.728704 2.841905 22.597296 218.319839
 101.800000 -2.634611 2.545815 23.745890 63.478113
 102.000000 -1.759145 3.044224 18.864479 3.139158
 102.200000 -1.681485 2.395953 19.053023 42.603903
 102.400000 -1.610090 1.628050 19.758744 161.414907
 102.600000 -1.092568 0.625611 17.632952 835.363545
 102.800000 -1.082797 -0.323214 17.345909 890.519506
 103.000000 -0.654487 -0.590328 0.289689 2381.452519
 103.200000 -1.061417 0.260707 16.719712 998.465224
 103.400000 -1.302909 1.164151 21.541404 92.730170
 103.600000 -0.941802 1.415421 12.680089 1167.448820
 103.800000 -1.162547 1.714404 19.417693 452.253730
 104.000000 -1.780222 2.144109 18.932684 12.728158
 104.200000 -2.058479 2.736581 21.429911 99.003536
 104.400000 -1.920170 3.045589 20.021551 102.273011
 104.600000 -2.198762 2.242554 22.615804 31.950726
 104.800000 -1.446652 2.188094 21.848361 48.473237
 105.000000 -1.302197 2.115133 21.562205 95.543368
 105.200000 -0.713925 2.160412 3.312129 2651.970704
 105.400000 -0.621485 1.934460 -0.000041 0.000194
 105.600000 -1.024950 1.983654 15.590466 1133.434070
 105.800000 -0.693661 1.679090 2.273616 2578.957979
 106.000000 -0.688695 1.577731 2.022345 2540.416211
 106.200000 -0.975852 2.017342 13.943364 1187.760475
 106.400000 -0.675545 2.115472 1.398987 2420.022656
 106.600000 -0.859203 2.286983 9.897146 1347.343428
 106.800000 -0.864098 2.259992 10.075871 1318.852026
 107.000000 -0.791184 1.852058 7.144816 2012.836059
 107.200000 -0.899474 1.640441 11.357701 1189.287384
 107.400000 -1.695862 1.187739 19.036863 29.077667
 107.600000 -0.630353 0.195501 -0.001228 0.174285
 107.800000 -0.518631 -0.566239 -0.000000 0.000000
 108.000000 -0.679697 -0.222782 1.640320 2490.898742
 108.200000 -0.891700 0.119719 11.123649 1200.462490
 108.400000 -0.909783 0.453521 11.745922 1172.249634
 108.600000 -1.683833 1.023776 19.122431 45.206843
 108.800000 -1.328127 1.136391 21.896250 60.575487
 109.000000 -1.142720 1.010995 19.106692 525.642450
 109.200000 -1.644657 1.082859 19.477825 111.088041
 109.400000 -0.677399 0.695781 1.603573 2514.022578
 109.600000 -1.163410 0.769927 19.581306 426.418978
 109.800000 -1.573339 0.969282 20.404109 215.099046
 110.000000 -1.428096 1.166131 22.109751 22.814458
 110.200000 -1.195417 1.184258 20.215229 312.390759
 110.400000 -1.396283 1.068569 22.222186 0.129048
 110.600000 -1.360502 0.837151 22.148869 19.030855
 110.800000 -1.123875 0.732192 18.711732 613.030809
 111.000000 -1.603586 1.229892 19.998158 183.556530
 111.200000 -1.634893 1.286948 19.623994 132.157851
 111.400000 -1.192046 1.107905 20.182334 320.256786
 111.600000 -1.579844 0.979326 20.355051 213.416826
 111.800000 -1.416116 1.059321 22.220126 9.951080
 112.000000 -1.126709 1.255770 18.813713 593.132230
 112.200000 -1.463768 1.261970 21.948162 89.578286
 112.400000 -1.385781 0.718099 22.286364 1.179271
 112.600000 -0.961930 0.347260 13.669236 1194.922783
 112.800000 -0.634856 0.095088 -0.013806 13.998578
 113.000000 -1.462354 0.570331 21.961430 86.497248
 113.200000 -1.248560 1.270141 21.136610 198.390515
 113.400000 -0.593728 1.342655 -0.000000 0.000000
 113.600000 -0.594188 2.068255 -0.000000 0.000000
 113.800000 -1.587095 2.396874 20.298500 210.088574
 114.000000 -2.006966 2.413686 20.935444 111.409346
 114.200000 -1.701468 2.838945 19.098252 31.955632
 114.400000 -2.272295 2.390160 22.794050 2.237952
 114.600000 -2.445979 2.601154 23.190934 32.786860
 114.800000 -2.762445 3.033568 21.849128 243.910585
 115.000000 2.912029 2.703786 -0.000002 0.000000
 115.200000 -2.859626 2.863809 20.272086 300.267268
 115.400000 -2.597314 2.842296 23.736716 9.584915
 115.600000 -2.731415 2.616082 22.311586 235.312764
 115.800000 -2.761908 3.140626 21.837374 245.359022
 116.000000 -3.036443 3.032797 15.380394 1679.910283
 116.200000 -2.968296 2.703906 17.779465 902.258904
 116.400000 -2.730290 3.042539 22.315750 235.915285
 116.600000 -2.612578 2.933947 23.661359 26.259904
 116.800000 -2.863903 2.632654 20.177526 310.538861
 117.000000 -2.328406 3.099327 22.820886 0.492499
 117.200000 -2.417106 2.737919 23.001054 18.484622
 117.400000 -2.808968 2.460669 21.068269 251.737498
 117.600000 -2.326936 -3.012172 22.808942 0.445661
 117.800000 -3.063085 2.571359 14.188147 2033.301392
 118.000000 3.006921 2.733307 2.667115 2755.698456
 118.200000 2.933491 3.080913 -0.000850 0.069267
 118.400000 -3.002823 2.898454 16.607311 1273.797262
 118.600000 -2.791619 2.609240 21.333899 250.858274
 118.800000 -2.536766 2.946358 23.656250 15.727727
 119.000000 -2.749370 2.778850 22.001936 247.374352
 119.200000 -2.777654 2.659601 21.549005 251.811324
 119.400000 -2.392397 2.986584 22.893309 8.622703
 119.600000 -2.732898 2.668050 22.254115 239.430239
 119.800000 -2.897727 2.508728 19.491550 423.914146
 120.000000 -2.266290 3.132405 22.732309 2.883133
 120.200000 -2.678869 2.396736 23.027749 158.591985
 120.400000 -1.776614 2.563542 18.972527 1.478428
 120.600000 -1.835266 2.663637 19.202326 41.187578
 120.800000 -1.807572 2.471479 19.055706 16.927482
 121.000000 -2.678061 2.435303 23.037894 156.861761
 121.200000 -2.490918 -3.067565 23.387116 38.214737
 121.400000 3.060242 2.851095 5.543680 3275.589809
 121.600000 -2.276516 2.615198 22.726550 2.008028
 121.800000 -1.805922 2.434528 19.049536 14.872878
 122.000000 -1.686963 2.516288 19.275677 59.735449
 122.200000 -2.091789 2.557664 21.729404 76.790161
 122.400000 -1.911033 2.851394 19.851367 108.743144
 122.600000 -1.765770 2.621398 18.975033 0.006807
 122.800000 -1.755051 2.213660 18.981597 1.308186
 123.000000 -1.640504 2.497551 19.746534 139.154333
 123.200000 -1.745881 2.587669 19.007782 4.548804
 123.400000 -2.568440 2.607937 23.703952 0.694151
 123.600000 2.954763 2.907681 0.087409 1605.097960
 123.800000 -3.022231 -3.055966 15.792009 1515.063423
 124.000000 -2.892975 2.528735 19.540354 418.691479
 124.200000 -2.102964 2.774690 21.811859 69.476400
 124.400000 -1.471749 2.708148 22.169876 120.285585
 124.600000 -2.116083 1.766338 21.918743 63.281661
 124.800000 -1.302525 1.366377 22.055658 122.135263
 125.000000 -0.630152 0.235069 -0.018470 19.472757
 125.200000 -0.642509 -0.746525 0.321442 2629.653148
 125.400000 -0.718690 -0.280023 4.306174 2817.338132
 125.600000 -0.634557 0.719684 -0.015701 202.562431
 125.800000 -1.590215 1.609208 20.472483 221.137658
 126.000000 -1.738550 1.985370 19.048815 8.989897
 126.200000 -0.901761 2.634671 11.970353 1157.399763
 126.400000 -0.654021 2.168306 0.918284 2502.335443
 126.600000 -0.743567 1.567961 5.628122 2563.854261
 126.800000 -1.308406 0.857670 22.148258 113.984642
 127.000000 -1.612836 0.025243 20.164614 188.901827
 127.200000 -1.682743 -0.041857 19.396982 70.102281
 127.400000 -1.500863 0.772095 21.863730 189.095419
 127.600000 -0.632081 1.869059 -0.027398 4.794943
 127.800000 -0.637088 2.494396 0.095029 2137.765974
 128.000000 -0.874652 2.152286 11.062928 1181.930421
 128.200000 -0.538844 1.200679 -0.000000 0.000000
 128.400000 -0.870510 0.192521 10.939516 1187.378286
 128.600000 -0.916616 -0.764408 12.510535 1166.238162
 128.800000 0.404335 -0.457933 -0.000000 0.000000
