#! FIELDS time phi psi ves.bias ves.force2
#! SET min_phi -pi
#! SET max_phi pi
#! SET min_psi -pi
#! SET max_psi pi
 0.000000 -1.498385 0.273949 25.037724 141.910265
 0.200000 -1.113890 0.650768 22.325512 614.660072
 0.400000 -0.491776 1.523688 -0.000002 0.000000
 0.600000 -0.858123 2.585726 13.541686 1575.703352
 0.800000 -1.003623 2.595248 19.118651 1158.962693
 1.000000 -0.586800 1.829630 1.957225 1887.496948
 1.200000 -0.585946 1.464362 2.261823 2087.000898
 1.400000 -1.148239 1.421908 23.365275 560.781270
 1.600000 -1.654581 1.213565 22.682561 245.837156
 1.800000 -1.282948 0.583638 25.829214 100.875351
 2.000000 -0.808466 0.465330 11.732868 1449.091774
 2.200000 -1.375676 1.164400 26.101869 21.899975
 2.400000 -1.191160 1.224400 24.303866 463.649300
 2.600000 -0.864992 0.854096 13.947489 1647.224220
 2.800000 -1.426186 0.938049 25.727224 91.948483
 3.000000 -1.090919 0.861990 21.923876 667.828289
 3.200000 -1.418829 1.143076 25.951661 69.339318
 3.400000 -1.555874 1.040079 24.366915 197.315234
 3.600000 -1.020475 0.696858 19.942729 1027.389544
 3.800000 -0.904417 0.248771 15.611582 1670.391244
 4.000000 -1.286245 0.562147 25.985721 99.518032
 4.200000 -1.401517 0.981015 26.140319 35.507027
 4.400000 -1.323145 1.469601 26.275707 11.132010
 4.600000 -0.721797 1.053422 8.496457 1598.895672
 4.800000 -1.798885 1.172662 21.060020 20.220738
 5.000000 -1.468699 0.689057 25.584091 103.809999
 5.200000 -0.766789 0.662264 10.260690 1513.888258
 5.400000 -1.443416 0.923497 25.925615 67.770348
 5.600000 -1.704925 1.038897 22.035733 268.894238
 5.800000 -1.089241 0.934720 22.193704 796.534088
 6.000000 -1.421954 0.810285 26.089864 49.602888
 6.200000 -1.673308 0.894825 22.642577 375.346712
 6.400000 -1.442689 1.102852 26.046782 61.115067
 6.600000 -0.686394 1.031159 6.994435 1864.419259
 6.800000 -1.771228 1.413012 21.169418 80.149185
 7.000000 -1.695452 0.971600 22.226402 326.830930
 7.200000 -0.747020 0.365847 9.519676 1625.294207
 7.400000 -0.599316 -0.016100 3.036994 2077.030431
 7.600000 -0.675047 -0.507985 6.490836 1955.758164
 7.800000 -0.608160 -0.334333 3.441740 2109.220046
 8.000000 -0.885345 0.174344 15.079947 1659.515205
 8.200000 -1.320382 1.078378 26.585113 8.680521
 8.400000 -1.569604 1.353427 24.839874 252.420403
 8.600000 -0.973774 0.753924 18.597439 1370.807736
 8.800000 -1.561532 0.526384 24.965198 229.839712
 9.000000 -1.332892 0.767034 26.611874 1.833199
 9.200000 -1.171703 1.032500 24.636818 540.063472
 9.400000 -0.604877 1.140458 3.420981 2098.559288
 9.600000 -1.094675 1.361879 22.613662 833.294304
 9.800000 -0.793045 1.111137 11.409283 1559.151941
 10.000000 -1.459064 0.774560 26.218016 62.448136
 10.200000 -1.514163 0.517887 25.775536 139.493028
 10.400000 -0.848228 0.803673 13.647560 1655.100000
 10.600000 -1.521294 1.300256 25.689320 153.094039
 10.800000 -1.716687 1.201890 22.060326 336.688436
 11.000000 -0.798836 0.401095 11.667713 1562.715631
 11.200000 -0.647393 -0.394107 5.432582 2051.625259
 11.400000 -0.512746 -0.687607 -0.011344 6.551351
 11.600000 -0.599539 -0.264239 3.238449 2092.015513
 11.800000 -0.603232 0.328064 3.407574 2103.116498
 12.000000 -1.454199 0.857886 26.479237 65.507244
 12.200000 -1.858785 1.397155 20.676729 2.691735
 12.400000 -1.103385 1.552456 23.072335 801.418479
 12.600000 -0.680800 1.210636 6.986323 1863.573659
 12.800000 -0.619624 1.199236 4.237915 2122.901352
 13.000000 -1.782484 1.334145 21.125427 116.502349
 13.200000 -1.700584 0.914087 22.480645 417.271505
 13.400000 -0.668876 0.339828 6.553754 1921.031561
 13.600000 -0.556788 0.001396 1.489105 1818.733149
 13.800000 -0.898366 -0.073985 15.828886 1686.113059
 14.000000 -0.623776 -0.149621 4.518388 2122.484823
 14.200000 -0.621850 0.225549 4.534221 2135.180297
 14.400000 -1.778613 0.799596 21.220715 145.544140
 14.600000 -1.682110 1.401539 22.908880 457.916525
 14.800000 -1.537968 1.298660 25.742759 219.985768
 15.000000 -0.869332 0.533693 14.676234 1661.206620
 15.200000 -1.239577 0.164791 26.310826 254.298972
 15.400000 -0.797271 0.066311 11.864926 1490.295452
 15.600000 -0.594574 -0.207729 3.362857 2145.311974
 15.800000 -0.512157 -0.148362 -0.027822 0.129183
 16.000000 -0.528998 -0.286507 0.496510 1621.412426
 16.200000 -0.663374 -0.143944 6.623775 1912.630504
 16.400000 -0.824839 0.154485 12.998333 1523.511419
 16.600000 -0.909975 0.094560 16.411633 1634.138264
 16.800000 -0.574610 0.229156 2.553454 2090.027569
 17.000000 -0.536257 -0.511509 0.875174 1698.884526
 17.200000 -0.633396 -0.461562 5.417669 2110.515415
 17.400000 -0.752543 -0.196883 10.347655 1425.063644
 17.600000 -0.595621 0.333172 3.653546 2210.114433
 17.800000 -0.941303 0.257934 17.705055 1533.637554
 18.000000 -0.714208 -0.088355 8.872334 1560.446777
 18.200000 -0.490633 -0.331346 -0.000869 0.060286
 18.400000 -0.685750 -0.129317 7.870446 1710.029002
 18.600000 -2.017039 0.728837 20.653337 14.374134
 18.800000 -1.770097 1.528201 21.454625 205.108437
 19.000000 -0.774651 1.728019 11.289477 1371.605302
 19.200000 -0.768000 2.057468 11.143834 1338.205813
 19.400000 -1.135139 2.697027 24.093210 709.864432
 19.600000 -0.671042 2.150186 7.398022 1794.362122
 19.800000 -0.513795 1.467882 0.253126 1882.433105
 20.000000 -1.484355 1.214210 26.587940 115.541799
 20.200000 -1.886607 0.414083 20.504479 9.733063
 20.400000 -1.668077 0.065610 23.407442 463.806394
 20.600000 -1.985809 0.494199 20.482827 4.978666
 20.800000 -1.332556 1.097772 27.313849 8.854137
 21.000000 -0.873596 1.339170 15.189704 1517.831344
 21.200000 -0.581852 1.891088 3.577725 2325.714199
 21.400000 -0.913035 2.353289 16.778018 1498.522138
 21.600000 -0.608750 2.166059 4.869256 2258.567181
 21.800000 -0.646099 1.743572 6.591414 1971.052937
 22.000000 -1.124693 1.261411 23.840121 749.221459
 22.200000 -1.510126 0.802568 26.329973 156.754245
 22.400000 -1.428874 0.804278 27.100705 42.963497
 22.600000 -1.426949 1.363242 27.113184 41.123658
 22.800000 -1.664200 1.374920 23.538626 459.228547
 23.000000 -1.294724 0.988751 27.118862 65.751736
 23.200000 -1.465306 0.692915 26.845379 83.061762
 23.400000 -1.214775 1.056188 26.022136 380.999417
 23.600000 -1.731285 1.312518 22.202442 330.068490
 23.800000 -1.636863 1.169834 24.145657 451.715961
 24.000000 -1.020249 0.462543 20.715349 1076.023338
 24.200000 -0.884673 0.374013 15.858249 1435.321104
 24.400000 -1.240157 0.683224 26.501427 262.256014
 24.600000 -1.317355 1.314447 27.317954 25.168957
 24.800000 -1.472434 1.083381 26.828583 92.113972
 25.000000 -1.225756 0.635834 26.253956 329.666784
 25.200000 -0.974968 0.495295 19.245328 1229.412379
 25.400000 -1.284443 0.949094 27.127390 96.253193
 25.600000 -1.612891 0.996673 24.701925 429.587895
 25.800000 -1.198574 0.871845 25.754534 467.332740
 26.000000 -1.236442 0.858608 26.485933 283.522846
 26.200000 -1.449536 1.076671 27.135455 66.049439
 26.400000 -1.338899 1.184893 27.514863 4.966566
 26.600000 -1.262367 0.789482 26.937610 173.762937
 26.800000 -1.702196 0.937855 22.808166 418.424739
 27.000000 -1.506896 1.148245 26.540904 161.126260
 27.200000 -0.908122 0.951410 16.903679 1404.323243
 27.400000 -1.738814 0.933592 22.116562 321.424161
 27.600000 -1.512489 0.891204 26.522432 178.308218
 27.800000 -1.195304 0.921270 25.795348 501.630285
 28.000000 -1.443455 1.186389 27.249895 61.471271
 28.200000 -1.743969 1.030513 22.034793 313.419389
 28.400000 -1.293968 0.987092 27.432991 74.829405
 28.600000 -1.259792 1.172940 27.047524 193.407306
 28.800000 -1.682291 1.020422 23.271543 476.377685
 29.000000 -1.580876 1.013626 25.454853 373.198962
 29.200000 -1.278874 0.667303 27.356184 123.336910
 29.400000 -1.170294 0.747755 25.313335 630.983748
 29.600000 -1.226690 0.882103 26.568710 357.068950
 29.800000 -1.301655 0.954997 27.568887 57.512507
 30.000000 -1.113566 0.631891 23.781439 811.961412
 30.200000 -1.609627 1.062549 24.990958 459.386575
 30.400000 -1.503170 1.225418 26.840339 165.431250
 30.600000 -1.129801 0.770831 24.305879 779.470002
 30.800000 -1.044144 0.680709 21.768231 977.915916
 31.000000 -1.477556 0.829968 27.143002 116.486085
 31.200000 -0.852834 0.892612 14.989241 1390.282638
 31.400000 -1.516195 1.305402 26.737432 197.443294
 31.600000 -1.345606 0.729917 27.935033 1.435845
 31.800000 -0.608867 0.181931 5.706604 2341.317459
 32.000000 -0.731495 0.046968 10.720508 1208.433436
 32.200000 -0.749876 0.096346 11.388051 1167.692776
 32.400000 -1.131643 0.488142 24.511875 792.823259
 32.600000 -1.252637 1.049127 27.280395 234.998168
 32.800000 -1.130936 1.147556 24.491940 794.855909
 33.000000 -1.103563 1.145789 23.703100 863.563887
 33.200000 -1.720740 0.896938 22.579741 465.785168
 33.400000 -1.453513 0.764389 27.613063 85.982056
 33.600000 -1.057368 1.002728 22.376102 979.412653
 33.800000 -1.193613 1.221607 26.219442 548.396289
 34.000000 -1.106080 0.791471 23.856687 869.939746
 34.200000 -1.752186 0.806815 21.943025 371.256594
 34.400000 -1.669046 0.987342 23.802207 585.455482
 34.600000 -1.544211 1.125589 26.509558 288.610076
 34.800000 -0.816242 0.850586 13.772455 1287.118134
 35.000000 -1.670867 1.001268 23.758165 584.561443
 35.200000 -1.457062 1.140986 27.726873 93.524189
 35.400000 -1.207628 0.944312 26.726892 476.907152
 35.600000 -1.633467 0.994132 24.714482 570.608035
 35.800000 -1.715608 1.024125 22.737230 517.869170
 36.000000 -1.147339 0.840553 25.214329 767.773263
 36.200000 -1.367328 0.888687 28.355047 4.102070
 36.400000 -1.799267 0.926403 21.140650 227.497381
 36.600000 -1.603451 1.283807 25.480186 500.140897
 36.800000 -1.143056 1.002486 25.183206 793.767031
 37.000000 -1.645387 1.015873 24.488709 605.117741
 37.200000 -1.884581 0.936799 20.201734 46.313589
 37.400000 -1.634296 0.905920 24.834241 601.553323
 37.600000 -0.958989 0.912243 19.286041 1361.248076
 37.800000 -1.675275 1.318422 23.804903 641.153507
 38.000000 -1.801641 1.148699 21.097392 232.551402
 38.200000 -1.438113 0.720841 28.122387 66.321969
 38.400000 -0.975819 0.769841 19.957792 1311.796759
 38.600000 -1.248883 1.029194 27.782831 242.921610
 38.800000 -1.458672 1.092101 27.940076 92.072104
 39.000000 -1.163952 0.672041 25.936943 716.371304
 39.200000 -0.864767 0.540749 15.758461 1493.450743
 39.400000 -1.180164 0.642872 26.445895 636.869624
 39.600000 -1.109438 1.035709 24.451381 925.092822
 39.800000 -0.934999 1.319512 18.486501 1465.304016
 40.000000 -0.691729 1.081368 9.482595 1460.036575
 40.200000 -1.377401 0.801171 28.630059 10.544021
 40.400000 -1.641004 0.756556 24.878984 653.545515
 40.600000 -1.720761 1.118671 22.816289 605.702282
 40.800000 -1.402183 1.346437 28.521839 29.340400
 41.000000 -0.648322 0.489548 7.716370 1905.529298
 41.200000 -1.062002 -0.003307 23.130098 1069.023122
 41.400000 -0.371928 -0.655328 -0.000000 0.000000
 41.600000 -0.169912 -0.685267 -0.000000 0.000000
 41.800000 -0.822194 0.005360 14.210217 1396.277941
 42.000000 -1.760757 1.234096 21.925092 459.056391
 42.200000 -2.134571 2.347468 20.145305 35.191287
 42.400000 -2.962341 3.050467 15.395879 1006.333001
 42.600000 3.138139 3.069626 8.085653 2786.519202
 42.800000 -2.725850 2.514182 21.255083 139.529612
 43.000000 -1.956754 3.007286 19.730105 7.115143
 43.200000 -2.029309 2.422343 19.668575 3.076042
 43.400000 -2.517357 2.166628 22.147926 0.001303
 43.600000 -2.442908 3.075122 22.010063 13.618175
 43.800000 3.042599 2.887947 2.826051 2638.658609
 44.000000 -2.638147 2.648663 21.875005 20.514651
 44.200000 -1.969135 2.653752 19.647745 4.207547
 44.400000 -2.192817 2.361956 20.424378 40.798157
 44.600000 -2.612289 2.744902 21.930850 11.736535
 44.800000 -2.872219 3.028473 18.064310 840.357484
 45.000000 3.123463 2.929548 7.206145 2967.306439
 45.200000 3.083896 2.756740 4.969796 3097.770882
 45.400000 -2.906302 2.901931 17.004717 927.982737
 45.600000 -2.995884 2.809136 14.188878 1079.521251
 45.800000 3.088484 2.917918 5.225448 3111.805431
 46.000000 2.940944 2.908656 -0.000018 0.000013
 46.200000 -2.583543 3.096350 21.935283 6.530694
 46.400000 -2.236382 2.507582 20.629210 41.232225
 46.600000 -2.337838 2.528561 21.307611 45.823085
 46.800000 -2.083671 3.039193 19.755799 17.697629
 47.000000 -2.823100 2.780675 19.320988 606.133673
 47.200000 3.086448 2.913529 5.059894 3100.072909
 47.400000 3.014785 3.010184 1.353853 2014.281445
 47.600000 -2.908125 2.666377 16.890051 935.583617
 47.800000 3.015844 2.639268 1.401524 2039.132777
 48.000000 -2.808481 3.089684 19.639517 519.681101
 48.200000 3.097141 2.773076 5.645904 3110.608055
 48.400000 -2.943231 2.956412 15.778935 978.095194
 48.600000 3.048680 2.731575 2.995894 2724.499174
 48.800000 -2.696824 2.798447 21.311571 69.928167
 49.000000 -2.396668 2.803089 21.618374 32.094019
 49.200000 -2.317170 2.320420 21.076799 45.472158
 49.400000 -2.029409 2.655390 19.516790 2.902977
 49.600000 -2.484777 2.670332 21.914920 1.898327
 49.800000 -2.910977 2.744053 16.759486 944.471630
 50.000000 -2.795920 -3.106412 19.872540 440.671593
 50.200000 3.006012 2.541537 0.937961 1835.951458
 50.400000 -2.966398 2.683173 15.012604 1001.833767
 50.600000 -2.970382 2.966439 14.886343 1007.500644
 50.800000 3.049877 2.644512 3.052727 2771.143747
 51.000000 -2.928159 3.082489 16.211534 966.891487
 51.200000 -2.757505 2.783891 20.533284 231.534624
 51.400000 -2.965510 2.709066 15.038445 997.572118
 51.600000 -2.958128 2.754145 15.271105 989.454668
 51.800000 -3.094276 2.956215 10.379765 1982.749150
 52.000000 -3.090356 2.655179 10.553006 1922.653024
 52.200000 -2.577933 2.932161 21.738249 7.181343
 52.400000 2.909911 2.590821 -0.000000 0.000000
 52.600000 -2.543664 -3.108585 21.813412 2.695493
 52.800000 -2.164699 2.524823 20.057758 35.516058
 53.000000 -2.155036 2.436446 20.000445 34.802974
 53.200000 -2.174270 2.591738 20.101596 36.012516
 53.400000 3.117336 2.784646 6.809390 3042.843399
 53.600000 -2.839808 3.038875 18.804605 674.241969
 53.800000 -3.111722 2.694864 9.612355 2264.850748
 54.000000 -3.054258 2.850631 12.062516 1446.134297
 54.200000 -2.534987 2.824147 21.768337 1.997246
 54.400000 -2.377194 2.278648 21.359182 36.985182
 54.600000 -2.223031 2.671401 20.383912 36.289238
 54.800000 -2.840911 2.715139 18.781868 672.212758
 55.000000 2.789906 2.883467 -0.000000 0.000000
 55.200000 -2.329081 3.008661 21.037347 42.134133
 55.400000 -2.317305 1.971723 20.961029 41.777771
 55.600000 -1.721107 2.227912 23.078614 764.175663
 55.800000 -2.176591 2.648493 20.097362 36.771302
 56.000000 2.983316 2.803683 0.004403 396.661027
 56.200000 -2.978486 2.933664 14.703607 1007.063636
 56.400000 -2.916541 2.806853 16.631430 933.688476
 56.600000 -2.547547 2.817162 21.700895 4.135276
 56.800000 -2.394120 2.530480 21.430079 30.466289
 57.000000 -2.408183 2.590982 21.504328 25.213063
 57.200000 -2.182197 2.777930 20.120855 37.785486
 57.400000 -2.672709 2.564702 21.228683 30.183254
 57.600000 -2.539393 3.012156 21.703408 3.541428
 57.800000 -2.968471 2.819430 15.035587 988.020280
 58.000000 3.136260 2.789395 7.918197 2842.343769
 58.200000 -2.809525 3.079490 19.540476 452.507714
 58.400000 -2.671179 2.703515 21.221612 29.115893
 58.600000 -2.328150 2.640941 21.017593 41.543929
 58.800000 -1.872479 2.770374 20.006635 137.343300
 59.000000 -2.444033 2.388513 21.650200 10.634155
 59.200000 -2.411724 2.768684 21.517600 23.527999
 59.400000 -2.815932 2.992318 19.405495 484.928537
 59.600000 -3.121766 2.512816 9.263060 2431.618375
 59.800000 -2.377093 2.645859 21.328112 35.673935
 60.000000 -1.833669 2.765885 20.531020 258.628915
 60.200000 -2.533933 2.208558 21.699623 3.772006
 60.400000 -2.532931 2.850342 21.701549 3.607034
 60.600000 -3.029450 3.056439 13.097233 1196.418872
 60.800000 -2.957501 2.580418 15.422807 966.442149
 61.000000 -1.995273 2.825271 19.262507 0.108534
 61.200000 -2.135030 2.384301 19.804022 41.886269
 61.400000 -2.210237 2.595169 20.290027 39.367347
 61.600000 -2.549205 2.790730 21.668197 6.896387
 61.800000 -3.100493 2.812517 10.318912 2049.781488
 62.000000 -2.957693 2.998091 15.429897 965.103358
 62.200000 -2.673264 2.720906 21.174228 29.398018
 62.400000 -2.681428 2.637608 21.128354 33.951728
 62.600000 -2.399923 2.923375 21.482959 28.447089
 62.800000 -2.733089 2.762985 20.728639 103.499822
 63.000000 3.140789 2.824087 8.284791 2782.442314
 63.200000 3.018381 -3.067019 1.530531 2396.958813
 63.400000 -3.125867 2.646240 9.155086 2495.535639
 63.600000 -2.008584 2.868125 19.223289 0.628209
 63.800000 -1.985886 2.220297 19.226223 1.154257
 64.000000 -2.178482 2.425059 20.085701 44.954206
 64.200000 -2.648880 2.927255 21.292728 22.397633
 64.400000 3.054624 2.784898 3.461812 3142.833853
 64.600000 -2.565204 2.973056 21.638104 11.874971
 64.800000 -1.938229 2.588146 19.366462 28.343456
 65.000000 -2.649299 1.984519 21.290742 22.485753
 65.200000 -2.067130 2.706655 19.376320 22.979061
 65.400000 -2.662216 3.016885 21.226652 26.686872
 65.600000 2.972626 2.430392 -0.007302 3.488212
 65.800000 -2.670129 2.919298 21.184748 29.530667
 66.000000 -2.610974 2.763527 21.465119 18.606626
 66.200000 -2.519028 2.598402 21.786060 2.890682
 66.400000 -2.345162 2.881129 21.212589 43.186794
 66.600000 -2.774372 2.563356 20.213277 231.834561
 66.800000 -2.978843 2.834646 14.856662 984.402765
 67.000000 -2.967915 2.979961 15.198087 968.693177
 67.200000 -2.732523 2.662068 20.743767 97.561591
 67.400000 -2.163785 2.773204 19.999316 52.657586
 67.600000 -2.013605 2.357282 19.189563 1.708354
 67.800000 -2.101914 2.300189 19.564352 41.664035
 68.000000 -2.152977 2.910906 19.920850 52.659302
 68.200000 3.034806 2.500890 2.424343 2873.108269
 68.400000 -2.962420 3.121839 15.413416 957.767008
 68.600000 -3.052288 2.890810 12.446190 1365.835729
 68.800000 -2.773995 2.659095 20.240884 227.053828
 69.000000 -2.153106 3.007743 19.934713 54.348435
 69.200000 -2.186191 2.487310 20.192922 53.807818
 69.400000 -2.245828 2.179904 20.612890 45.935841
 69.600000 -1.981978 2.864194 19.172552 1.339632
 69.800000 -2.532720 2.719729 21.791409 6.248632
 70.000000 3.060237 2.627003 3.855242 3299.175279
 70.200000 3.056457 -3.111497 3.652743 3274.745295
 70.400000 -2.705507 2.833386 20.997902 54.503666
 70.600000 -2.176705 2.283411 20.143006 56.488750
 70.800000 -1.786371 2.337892 21.282769 476.018753
 71.000000 -2.615868 2.825202 21.486042 20.187420
 71.200000 3.032033 2.990757 2.310181 2872.088338
 71.400000 -2.876647 2.707976 18.029492 761.594323
 71.600000 -2.484648 2.527752 21.870880 0.027544
 71.800000 -2.083929 2.881339 19.479187 39.636429
 72.000000 -2.251825 2.586763 20.704127 46.285937
 72.200000 -2.640251 2.554672 21.388346 22.996781
 72.400000 -2.912005 -3.135800 17.036922 869.865779
 72.600000 3.049904 2.814628 3.313456 3225.831627
 72.800000 -2.881406 2.802428 17.917056 776.032140
 73.000000 -2.723196 2.806149 20.870250 77.824324
 73.200000 3.082278 2.585169 5.222281 3483.927638
 73.400000 3.076730 2.934571 4.894937 3478.087505
 73.600000 -2.554282 3.122471 21.765949 11.623066
 73.800000 -2.406954 2.226092 21.701326 20.700857
 74.000000 -2.073611 2.590504 19.436511 36.541659
 74.200000 -2.203924 3.036874 20.435637 56.808678
 74.400000 -2.924263 2.577856 16.724931 883.046640
 74.600000 -2.891363 2.793578 17.681985 800.348917
 74.800000 -2.281572 -2.966782 20.978406 43.088396
 75.000000 -2.823117 2.442838 19.410064 462.931910
 75.200000 -2.558080 2.927993 21.788633 12.471122
 75.400000 -2.806038 3.039114 19.775495 365.597320
 75.600000 3.040027 2.648031 2.815487 3114.230815
 75.800000 -2.590972 3.100214 21.658581 18.397186
 76.000000 -2.406003 2.825442 21.734466 20.267691
 76.200000 -2.614540 2.436152 21.576168 21.408925
 76.400000 -2.424424 2.989211 21.830905 13.484235
 76.600000 -3.093545 2.807062 11.021172 1930.334166
 76.800000 3.061913 2.778688 4.091610 3439.036702
 77.000000 -2.308810 2.938479 21.201503 40.311479
 77.200000 -2.043771 2.382290 19.297680 21.992976
 77.400000 -1.944015 2.363458 19.233441 14.638653
 77.600000 -2.295594 2.824405 21.138449 41.755260
 77.800000 -2.949689 2.978004 16.046289 916.493048
 78.000000 3.083899 2.873377 5.417318 3529.817467
 78.200000 -2.354961 2.999259 21.530372 35.127834
 78.400000 -2.001439 2.287535 19.173526 2.223059
 78.600000 -1.926430 2.307575 19.312955 28.890715
 78.800000 -2.222862 2.735544 20.656813 55.615694
 79.000000 -2.758664 2.916848 20.581949 159.592447
 79.200000 -2.936740 2.953826 16.488723 898.023239
 79.400000 -2.653654 2.763658 21.452558 29.804526
 79.600000 -2.802096 2.513820 19.929666 335.530556
 79.800000 -2.900712 2.908628 17.546381 816.672522
 80.000000 3.130293 2.866869 8.151451 3035.788356
 80.200000 -3.000190 2.602159 14.561639 1026.859891
 80.400000 -2.209992 2.993695 20.593354 60.345062
 80.600000 -2.233136 2.588005 20.768529 54.329641
 80.800000 -1.919738 2.576966 19.352121 31.959981
 81.000000 -2.401527 2.473132 21.831456 23.004670
 81.200000 -2.627107 2.956397 21.640648 26.132609
 81.400000 3.056620 2.851396 3.889176 3453.748265
 81.600000 3.013969 2.919109 1.518003 2621.152416
 81.800000 -2.721308 2.810221 21.037152 77.235709
 82.000000 -2.703269 2.799417 21.183580 56.311984
 82.200000 -2.796886 2.895596 20.101358 301.225213
 82.400000 -2.910695 2.828759 17.356863 845.412870
 82.600000 3.061588 2.876708 4.206674 3513.548848
 82.800000 3.038471 3.111751 2.862847 3204.983340
 83.000000 3.017801 2.714300 1.733675 2742.123023
 83.200000 -2.299479 2.851878 21.292459 43.088593
 83.400000 -1.896703 2.461983 19.495126 55.027244
 83.600000 -2.022928 2.241942 19.292951 12.605865
 83.800000 -2.104068 2.739667 19.776941 60.967854
 84.000000 -2.406447 2.855003 21.920004 21.537322
 84.200000 -2.991327 2.633836 14.956523 1018.737522
 84.400000 3.032193 2.886679 2.559945 3121.677327
 84.600000 3.124872 3.012735 7.986583 3120.364889
 84.800000 -3.124687 2.624295 9.767887 2484.556865
 85.000000 -2.412285 2.884943 21.966443 19.599344
 85.200000 -2.455101 2.654697 22.133798 5.404982
 85.400000 -2.383218 2.673634 21.841414 29.107013
 85.600000 -2.676301 2.698205 21.462231 38.522232
 85.800000 -2.840021 2.919678 19.330792 522.179315
 86.000000 3.120933 2.792048 7.801922 3177.959765
 86.200000 -2.983349 2.969161 15.262770 1008.749235
 86.400000 -2.711217 2.528912 21.245137 62.031129
 86.600000 -2.274435 2.796377 21.188864 45.809976
 86.800000 -2.037716 2.663732 19.402705 23.164078
 87.000000 -2.021354 2.520939 19.332610 13.984587
 87.200000 -2.315379 2.561164 21.477788 40.031822
 87.400000 -2.617074 3.012599 21.845579 26.468082
 87.600000 -2.994686 2.910050 14.925312 1041.324132
 87.800000 -3.124633 2.664244 9.867619 2445.146693
 88.000000 -2.899336 2.875526 17.854585 824.019408
 88.200000 -2.900418 2.948488 17.860926 830.906254
 88.400000 3.105366 2.741547 7.018770 3392.519101
 88.600000 -2.979400 2.899611 15.444177 1013.244201
 88.800000 -2.818710 2.835050 19.889581 393.495167
 89.000000 -2.767302 2.673187 20.728765 168.162696
 89.200000 -2.461348 2.925724 22.246423 4.913963
 89.400000 -2.729899 2.747116 21.164784 82.174170
 89.600000 -2.637150 2.981697 21.790870 30.399875
 89.800000 -3.093283 2.830869 11.382548 1866.656630
 90.000000 -3.118995 2.885008 10.208931 2318.410172
 90.200000 -2.769128 2.901298 20.771219 168.341090
 90.400000 -2.476257 2.755154 22.297652 1.932942
 90.600000 -2.367441 2.597337 21.854379 33.336045
 90.800000 -2.373677 2.767798 21.890097 32.255039
 91.000000 -2.381771 2.807993 21.935495 30.622269
 91.200000 -2.997507 2.751266 14.968155 1071.760067
 91.400000 2.966526 2.901748 -0.004778 1.997122
 91.600000 3.136659 2.900677 8.879762 2851.002113
 91.800000 -2.832292 2.622667 19.727391 458.823850
 92.000000 -2.132205 2.917024 20.174010 76.008726
 92.200000 -1.929686 2.261675 19.289229 6.148413
 92.400000 -2.027252 2.167283 19.425197 23.336220
 92.600000 -1.740197 2.771854 21.927931 709.948451
 92.800000 -2.932183 2.800173 17.080904 943.308596
 93.000000 3.068689 2.957494 4.970894 3675.020681
 93.200000 3.084654 2.795377 5.974553 3634.691698
 93.400000 3.061861 2.699150 4.592674 3675.506533
 93.600000 -2.527067 3.015794 22.382539 3.005737
 93.800000 -2.517024 2.712231 22.396748 1.190740
 94.000000 -2.594450 2.722470 22.147237 23.440862
 94.200000 -2.746661 2.939248 21.162781 107.026403
 94.400000 3.032178 2.580499 2.858932 3363.992359
 94.600000 -2.613580 2.910277 22.086129 28.004464
 94.800000 -2.455109 2.660572 22.363282 9.029899
 95.000000 -2.367266 2.492782 21.943346 34.397051
 95.200000 -2.323587 2.859625 21.701890 38.595540
 95.400000 -2.806629 2.682479 20.376827 309.923254
 95.600000 -3.097458 2.989060 11.419105 1905.163226
 95.800000 -3.035535 2.978617 13.825020 1232.496333
 96.000000 -2.634024 2.481891 22.011440 31.714944
 96.200000 -1.965751 2.542120 19.273164 1.265909
 96.400000 -2.120351 2.537134 20.150023 77.245135
 96.600000 -3.123802 2.742914 10.243433 2371.749275
 96.800000 3.055094 3.084528 4.296618 3700.640286
 97.000000 -2.945333 2.850049 16.821977 985.133733
 97.200000 -2.554540 2.254110 22.453100 9.540145
 97.400000 -1.801368 2.820263 20.422518 318.430345
 97.600000 -2.361255 2.567551 21.981728 36.202103
 97.800000 -2.962732 2.586594 16.306648 1019.516484
 98.000000 -3.127199 -2.952888 10.119152 2430.933744
 98.200000 3.065838 3.094789 5.035116 3771.812274
 98.400000 -2.923446 2.429962 17.573240 932.942581
 98.600000 -2.337292 2.932795 21.858879 38.550496
 98.800000 -2.101380 2.700850 20.011988 71.893566
 99.000000 -2.275138 2.359167 21.457683 46.426951
 99.200000 -1.954192 2.695813 19.272122 0.422288
 99.400000 -2.115991 2.782939 20.153982 78.949504
 99.600000 -2.744173 2.540059 21.366163 100.480807
 99.800000 -2.980314 2.935402 15.808355 1053.478661
 100.000000 3.074292 3.110553 5.598834 3764.152632
 100.200000 -2.879835 2.631931 16.438136 736.629841
 100.400000 -2.156344 2.676812 18.065898 84.886183
 100.600000 -2.063993 2.619919 17.268091 52.945425
 100.800000 -2.288308 2.445692 19.120198 43.686306
 101.000000 -2.533278 2.726914 20.129104 2.804332
 101.200000 3.125334 2.913854 6.235744 3029.222443
 101.400000 -2.761077 2.868794 18.797370 134.444519
 101.600000 -2.142423 2.550397 17.983073 86.214176
 101.800000 -1.866600 2.561951 17.084829 57.917489
 102.000000 -2.024605 2.565519 17.058923 28.619033
 102.200000 -2.382727 2.669699 19.803567 33.483080
 102.400000 -3.016042 2.977015 12.297277 1138.470131
 102.600000 -2.912828 3.090109 15.615229 906.097317
 102.800000 -2.667135 2.542889 19.629173 39.654323
 103.000000 -2.402991 2.668415 19.917574 29.535436
 103.200000 -2.354454 2.887170 19.684324 36.287013
 103.400000 -2.695080 2.584609 19.503205 49.325044
 103.600000 -2.665889 2.995521 19.696187 39.386346
 103.800000 -3.038199 2.793867 11.589881 1233.512705
 104.000000 3.139329 2.704504 7.110834 2719.207060
 104.200000 -2.982469 -3.088573 13.523658 1076.711490
 104.400000 3.006173 2.642238 -0.000717 0.113959
 104.600000 -2.722909 2.873854 19.354015 69.272336
 104.800000 -2.568018 2.901329 20.263508 12.182981
 105.000000 -2.757621 2.418995 19.020243 124.116088
 105.200000 -1.975703 2.874026 17.005595 8.432109
 105.400000 -2.003569 2.642443 17.108723 20.010343
 105.600000 -2.187533 2.473206 18.577338 82.801303
 105.800000 -2.027890 2.646432 17.233128 32.986284
 106.000000 -2.042697 2.789321 17.323623 41.907967
 106.200000 -2.462841 2.422732 20.386083 10.588117
 106.400000 -2.651368 2.910099 19.967543 35.350809
 106.600000 -2.949691 2.908742 14.708341 1035.934617
 106.800000 3.133633 2.656588 6.991031 2829.091822
 107.000000 -2.409109 2.924491 20.148054 28.364279
 107.200000 -1.986140 2.589242 17.112672 14.344450
 107.400000 -1.922483 1.989720 16.994457 0.140809
 107.600000 -1.836268 2.272260 17.424703 114.675126
 107.800000 -2.149740 2.895747 18.314865 90.384688
 108.000000 -3.038769 2.681341 11.793971 1237.121875
 108.200000 -3.105301 2.945492 9.257908 1941.216658
 108.400000 -2.922703 2.913895 15.682648 965.568240
 108.600000 -2.497735 2.386920 20.569538 1.549120
 108.800000 -1.775559 2.472946 18.377628 424.901088
 109.000000 -2.067706 2.607837 17.632003 59.306463
 109.200000 -2.793724 2.695812 18.848891 233.877654
 109.400000 -3.069307 3.074742 10.786616 1457.622290
 109.600000 3.061093 2.699978 2.880103 3934.688565
 109.800000 -2.390127 2.694151 20.184352 33.162598
 110.000000 -1.749149 2.629732 18.973507 601.549401
 110.200000 -2.028354 2.199661 17.445003 36.876413
 110.400000 -2.085125 2.555256 17.859137 70.672985
 110.600000 -1.938880 3.000583 17.099407 1.823150
 110.800000 -2.775012 2.348253 19.167485 165.635566
 111.000000 -2.706651 2.850493 19.830821 55.229285
 111.200000 -3.134089 2.976375 8.081923 2476.758185
 111.400000 3.063253 2.639640 3.127168 3961.888278
 111.600000 -2.852817 2.967687 17.808934 566.698441
 111.800000 -2.532884 2.832909 20.736417 0.921050
 112.000000 -2.355134 2.543139 20.063250 36.301582
 112.200000 -2.194619 2.680776 18.965366 80.971635
 112.400000 -1.966585 2.781518 17.238511 10.860111
 112.600000 -2.146911 2.401381 18.518005 91.458908
 112.800000 -1.861661 2.660228 17.293192 34.055228
 113.000000 -2.302793 2.788283 19.782793 40.200047
 113.200000 -2.978215 2.571963 14.161717 1098.686309
 113.400000 -3.107148 -3.065055 9.458832 1941.517761
 113.600000 3.017029 2.952332 0.351038 4040.761232
 113.800000 -2.426794 2.690503 20.563868 28.094088
 114.000000 -1.875274 2.489731 17.247336 14.929669
 114.200000 -1.887865 2.431586 17.231297 4.866434
 114.400000 -2.333192 2.528691 20.052777 37.028688
 114.600000 -2.847556 3.085821 18.099025 530.660172
 114.800000 -2.897579 3.005581 16.778866 860.253794
 115.000000 -2.357205 2.444169 20.198697 36.922247
 115.200000 -1.833571 2.532061 17.550437 87.407337
 115.400000 -2.134871 2.395440 18.550548 89.555381
 115.600000 -2.218910 2.894254 19.314222 67.160476
 115.800000 -3.097257 2.837615 9.992649 1765.505595
 116.000000 3.092968 2.919913 5.204027 3672.445547
 116.200000 -2.176239 2.922805 18.987338 84.371989
 116.400000 -1.909543 2.224043 17.266914 0.084382
 116.600000 -1.796773 1.730087 18.015022 239.364382
 116.800000 -1.926045 1.632554 17.282527 2.441259
 117.000000 -1.679999 1.415716 20.848269 891.637895
 117.200000 -1.371977 0.770921 25.750253 6.270580
 117.400000 -0.692446 -0.162028 5.420925 1677.294384
 117.600000 -0.709732 -0.347183 6.128001 1669.268344
 117.800000 -0.652082 -0.062400 3.764298 1687.063118
 118.000000 -0.533790 0.424630 -0.000131 0.001673
 118.200000 -1.697771 1.115534 20.310351 834.696364
 118.400000 -1.860989 1.424415 17.424589 21.258205
 118.600000 -1.671646 1.909316 21.079826 885.710353
 118.800000 -1.989497 2.410209 17.585375 25.295861
 119.000000 -2.737805 2.962268 19.987076 82.666805
 119.200000 -3.073520 2.859511 11.130979 1446.674867
 119.400000 3.140178 2.773721 8.072906 2616.464573
 119.600000 -2.488259 2.913653 21.096107 7.686429
 119.800000 -2.320797 2.456694 20.174613 36.548755
 120.000000 -2.065461 2.534820 18.123817 62.148397
 120.200000 -1.884542 2.777919 17.412633 2.032160
 120.400000 -2.273854 2.376805 19.921675 42.063093
 120.600000 -2.599544 2.738418 21.001333 23.366059
 120.800000 -3.055650 2.981164 11.834661 1298.038752
 121.000000 3.008215 2.940829 0.130605 3891.083632
 121.200000 -2.706633 2.852058 20.376009 56.068397
 121.400000 -2.157287 2.826033 19.030112 86.201239
 121.600000 -1.904584 2.300502 17.439067 0.404777
 121.800000 -2.070224 2.415442 18.249520 64.652111
 122.000000 -2.166526 2.732884 19.115459 84.305952
 122.200000 -2.953688 3.014285 15.383390 1100.635495
 122.400000 2.926622 2.736933 -0.000000 0.000000
 122.600000 -2.783867 3.052559 19.652352 184.357264
 122.800000 -2.620778 2.508814 20.985662 32.518166
 123.000000 -2.249611 2.777576 19.836424 48.315539
 123.200000 -2.212315 2.513055 19.597365 64.399819
 123.400000 -1.999187 2.731013 17.852944 31.386346
 123.600000 -2.119116 2.273913 18.763115 84.169927
 123.800000 -1.898072 2.669300 17.506655 0.141656
 124.000000 -2.064157 2.747229 18.290332 61.543130
 124.200000 -2.432590 2.552633 21.051752 36.110414
 124.400000 -2.816955 2.948147 19.211913 332.527371
 124.600000 2.979510 2.957433 -0.000003 0.000002
 124.800000 -2.794329 2.718871 19.586387 222.853683
 125.000000 -2.214643 2.508128 19.658217 62.022090
 125.200000 -1.939745 2.796946 17.671952 12.081223
 125.400000 -2.188595 2.614991 19.486132 73.133229
 125.600000 -2.560123 2.603800 21.395154 6.324579
 125.800000 -2.802093 2.999595 19.508802 255.877505
 126.000000 2.938639 2.898437 -0.000000 0.000000
 126.200000 -2.535383 2.624886 21.480928 0.221978
 126.400000 -1.761095 2.427742 18.732346 384.523435
 126.600000 -2.025797 2.335457 18.162174 43.279291
 126.800000 -2.121175 2.822427 18.924132 82.111350
 127.000000 3.079712 2.821511 4.961561 3930.591424
 127.200000 2.982219 3.039010 -0.000031 0.000228
 127.400000 -2.575571 2.895379 21.444270 13.259803
 127.600000 -1.739364 2.229580 19.197689 524.608085
 127.800000 -2.028127 1.562324 18.227378 44.294905
 128.000000 -1.697960 0.706977 20.255222 765.051547
 128.200000 -0.566097 0.007103 0.203608 1616.367260
 128.400000 -0.729629 -0.121212 6.753527 1679.117284
 128.600000 -0.754850 -0.004176 7.787170 1680.350765
 128.800000 -0.852880 -0.025989 11.818742 1701.860484
 129.000000 -0.602965 -0.051225 1.622220 1521.379570
 129.200000 -0.527510 -0.104354 -0.000015 0.000021
 129.400000 -1.053364 0.046448 19.783893 1344.575623
 129.600000 -0.513649 0.189230 -0.000000 0.000000
 129.800000 -0.830197 0.869112 10.867991 1697.336897
 130.000000 -1.365168 1.379028 25.561006 3.101022
 130.200000 -1.704379 1.229679 20.068555 709.129276
 130.400000 -1.643648 0.766766 21.773557 791.469244
 130.600000 -1.666923 0.642732 21.111662 814.694256
 130.800000 -1.453430 1.271793 25.147994 51.703931
 131.000000 -0.704995 1.142703 5.718022 1677.072318
 131.200000 -1.153735 1.259828 23.043850 766.637092
 131.400000 -1.163133 0.972753 23.298206 698.458515
 131.600000 -1.083314 0.420048 20.820288 1209.449976
 131.800000 -0.923341 -0.078624 14.665009 1657.139570
 132.000000 -0.673715 -0.427061 4.427907 1662.701807
 132.200000 -0.759619 0.035601 7.933857 1677.016865
 132.400000 -0.885518 0.775458 13.102867 1684.772243
 132.600000 -1.394823 1.701930 25.432845 13.052342
 132.800000 -1.970291 1.929907 18.111365 26.134043
 133.000000 -2.232226 2.785667 20.095690 45.861461
 133.200000 -3.109441 3.081659 10.254804 1804.781891
 133.400000 3.101156 2.695120 6.580597 3473.197331
 133.600000 -2.280721 2.859353 20.421593 31.050808
 133.800000 -1.945751 2.489611 18.031950 19.802840
 134.000000 -1.848888 2.413023 17.884168 9.683641
 134.200000 -1.962407 2.379624 18.148973 25.121045
 134.400000 -1.977582 2.753837 18.227916 29.005099
 134.600000 -2.468213 2.659760 21.622224 29.814280
 134.800000 -2.927047 2.662283 16.700600 1061.437240
 135.000000 -2.868171 3.108415 18.453238 681.249549
 135.200000 -2.822221 2.951628 19.517889 352.649945
 135.400000 -2.537171 2.420812 21.852641 0.072766
 135.600000 -2.082440 2.627558 18.972611 65.134595
 135.800000 -1.999530 2.815286 18.394123 35.110620
 136.000000 -2.614033 2.477008 21.578791 38.000562
 136.200000 -3.084895 2.949804 11.335728 1449.366321
 136.400000 3.061623 3.089834 4.235615 4213.880010
 136.600000 -2.668131 2.691286 21.235102 56.854469
 136.800000 -1.801517 2.568101 18.249727 103.151961
 137.000000 -2.238977 2.105415 20.267177 39.286778
 137.200000 -2.454798 2.752509 21.639755 40.902838
 137.400000 -3.047408 3.105183 12.714880 1193.481490
 137.600000 -3.042045 2.770975 12.899501 1177.392816
 137.800000 -2.438067 2.901334 21.527433 48.701149
 138.000000 -2.174685 2.724665 19.833424 66.521405
 138.200000 -2.136062 2.562322 19.543397 74.096483
 138.400000 -2.301243 2.611099 20.671581 27.573017
 138.600000 -2.458591 -3.127820 21.695568 39.436758
 138.800000 -3.073755 2.801840 11.811208 1334.134825
 139.000000 -2.342751 2.751764 20.900722 35.181596
 139.200000 -1.880676 2.354297 18.024221 2.111790
 139.400000 -1.976597 2.017204 18.418426 31.622513
 139.600000 -1.751646 2.477259 19.006505 349.907700
 139.800000 -2.191158 2.688272 20.034053 58.077430
 140.000000 -3.073510 2.944850 11.849448 1326.384912
 140.200000 3.128175 3.134519 8.349736 2730.440407
 140.400000 -2.958771 2.676303 15.810027 1160.289567
 140.600000 -2.892953 2.789637 17.948710 882.116087
 140.800000 -2.834900 3.094066 19.430093 437.247945
 141.000000 3.023426 2.487463 1.882425 4200.029388
 141.200000 -2.618703 -3.069257 21.763943 42.269106
 141.400000 -2.784672 2.685564 20.318138 179.940875
 141.600000 -2.554093 2.573838 22.051650 3.256471
 141.800000 -1.950115 3.038597 18.349222 26.905636
 142.000000 -2.214843 2.473061 20.273095 45.753339
 142.200000 -2.116283 2.466807 19.524305 70.807531
 142.400000 -2.163076 2.796436 19.916988 66.660829
 142.600000 -2.182881 2.772965 20.074470 59.426575
 142.800000 -2.699889 2.502845 21.196355 63.868183
 143.000000 -2.471732 3.039247 21.903901 32.632085
 143.200000 -2.606544 2.785463 21.910822 34.325383
 143.400000 -2.927930 2.532228 16.939135 1098.921524
 143.600000 -2.823588 2.986033 19.764662 366.146345
 143.800000 3.099899 2.730130 6.883903 3458.480963
 144.000000 -2.954733 2.944369 16.034019 1168.829579
 144.200000 -3.075648 2.766453 11.912175 1319.689473
 144.400000 -2.813963 2.719995 19.982010 310.833834
 144.600000 -2.736344 2.897988 20.966635 83.536571
 144.800000 -2.942689 2.612114 16.474466 1153.203885
 145.000000 -3.013651 3.037324 14.049127 1145.470902
 145.200000 -2.832060 2.928095 19.680182 425.532176
 145.400000 -2.791413 2.712582 20.385791 205.003681
 145.600000 -2.434786 2.792595 21.746354 54.089414
 145.800000 -2.418128 2.887777 21.621952 56.707881
 146.000000 -2.316388 2.508547 20.956557 27.289867
 146.200000 -2.345731 2.702766 21.149288 35.393282
 146.400000 -2.413127 2.713516 21.613881 56.746721
 146.600000 -2.433957 2.683313 21.770003 54.463626
 146.800000 -2.348496 2.791887 21.165853 36.404350
 147.000000 -2.486567 2.752957 22.103794 22.872747
 147.200000 -2.473032 2.739275 22.067671 32.664383
 147.400000 -2.326880 2.761115 21.078043 29.765603
 147.600000 -2.483422 2.776124 22.123381 24.901594
 147.800000 -2.434437 2.770254 21.809949 54.027362
 148.000000 -2.843342 2.689569 19.521963 513.985437
 148.200000 -2.752270 2.871077 20.986945 100.391627
 148.400000 2.981594 2.970683 -0.005456 5.482994
 148.600000 -2.859279 2.969714 19.178584 647.032404
 148.800000 -2.797174 2.855500 20.432802 229.809682
 149.000000 -3.062670 2.532796 12.490275 1223.616592
 149.200000 -2.983992 3.121146 15.208142 1194.967145
 149.400000 -3.077482 2.874932 11.992447 1317.352138
 149.600000 3.035849 2.553467 3.001601 4403.478441
 149.800000 -2.734819 -3.058219 21.193174 77.071630
 150.000000 3.027251 2.852454 2.432657 4345.766371
 150.200000 -2.795010 2.801314 20.555238 219.143034
 150.400000 -2.627225 2.752692 22.027183 41.748812
 150.600000 -2.708348 2.658268 21.449598 58.876976
 150.800000 -2.799562 2.853079 20.486329 239.602004
 151.000000 3.021826 2.853716 2.109906 4293.408952
 151.200000 -3.107974 3.052921 10.889429 1663.138346
 151.400000 -3.036735 2.857948 13.474314 1152.737081
 151.600000 -2.983904 2.662070 15.280615 1204.711027
 151.800000 -2.820189 2.936103 20.178463 353.839632
 152.000000 -2.693996 2.663011 21.598063 54.004483
 152.200000 -2.466940 2.795398 22.226359 35.060194
 152.400000 -2.135048 2.716333 20.020872 69.447331
 152.600000 -2.167853 2.367124 20.288513 62.384449
 152.800000 -1.779296 2.561026 18.677775 136.578640
 153.000000 -1.922035 2.727105 18.498726 28.295685
 153.200000 -2.161168 2.456064 20.265800 64.512867
 153.400000 -2.318133 2.715911 21.247761 31.500999
 153.600000 -2.481763 2.962622 22.344676 24.089299
 153.800000 -2.862392 2.674521 19.316262 687.310162
 154.000000 -3.093903 2.904945 11.517446 1467.963593
 154.200000 -3.083871 3.081453 11.928868 1362.379967
 154.400000 -2.866617 2.817075 19.247044 727.031669
 154.600000 -1.790945 2.856309 18.566219 86.659163
 154.800000 -1.782102 2.101732 18.655577 118.870263
 155.000000 -2.110474 1.776508 19.876579 69.542849
 155.200000 -1.668134 2.411247 20.899367 654.114870
 155.400000 -2.196149 2.888146 20.595020 51.664389
 155.600000 3.028492 2.831661 2.717105 4426.231132
 155.800000 -2.875088 2.918982 19.054698 803.743455
 156.000000 -2.565493 2.499192 22.513359 7.868046
 156.200000 -1.971409 2.552180 18.889114 45.139282
 156.400000 -2.033667 2.642719 19.328405 55.118720
 156.600000 -2.717943 2.528239 21.623779 58.128441
 156.800000 3.007705 3.110091 1.385974 4112.170597
 157.000000 2.871829 2.974504 -0.000000 0.000000
 157.200000 -2.626799 2.663979 22.287532 38.820708
 157.400000 -1.812789 2.697557 18.435520 27.223386
 157.600000 -2.060766 2.369010 19.565193 61.890966
 157.800000 -1.852279 2.662408 18.347348 0.211062
 158.000000 -2.237535 2.542716 20.929875 36.646566
 158.200000 -2.305700 2.673095 21.345652 31.894933
 158.400000 -2.583455 2.803721 22.554015 17.465488
 158.600000 -2.618148 2.728844 22.375060 35.280708
 158.800000 -2.735889 2.750135 21.561055 70.159322
 159.000000 -2.457811 2.974341 22.396292 40.453226
 159.200000 -2.668342 2.538326 22.089175 44.787901
 159.400000 -2.351037 2.764955 21.658702 44.698799
 159.600000 -2.114677 2.789112 20.070150 70.479127
 159.800000 -2.116730 2.277334 20.087385 70.492817
 160.000000 -1.777213 2.343550 18.745675 124.363976
 160.200000 -2.154688 2.480721 20.434757 65.377922
 160.400000 -2.525571 3.051175 22.732183 0.660889
 160.600000 -3.065252 2.936777 12.796861 1230.034737
 160.800000 -2.549777 2.700090 22.723825 2.192472
 161.000000 -1.872542 2.521450 18.432823 8.246004
 161.200000 -0.658455 2.560740 3.369802 1557.196006
 161.400000 -0.656500 1.456765 3.292745 1550.737395
 161.600000 -1.470613 0.803311 24.514672 69.451265
 161.800000 -1.971612 0.289725 19.016022 50.646064
 162.000000 -1.645459 0.132502 21.413606 625.973220
 162.200000 -1.761244 0.767984 18.964867 184.303208
 162.400000 -1.474145 1.438082 24.465891 74.880462
 162.600000 -0.682263 1.435163 4.299859 1619.517253
 162.800000 -0.956230 1.943758 15.390872 1597.826385
 163.000000 -0.948682 2.250720 15.088944 1602.131434
 163.200000 -1.891748 2.393007 18.559603 21.208611
 163.400000 3.014872 2.655129 2.052783 4324.468660
 163.600000 -3.023845 -2.818847 14.306092 1167.204872
 163.800000 -3.058797 2.627428 13.109541 1203.782604
 164.000000 -2.976170 2.252375 15.963286 1252.827894
 164.200000 -1.826660 -3.125219 18.476665 5.857107
 164.400000 -2.108431 2.683054 20.169650 70.668416
 164.600000 -2.772145 2.149260 21.442042 133.545650
 164.800000 -2.313045 3.042568 21.590567 37.499953
 165.000000 -2.313326 2.984689 21.592286 37.561989
 165.200000 -2.617442 2.249983 22.626371 34.469120
 165.400000 -2.090746 2.933098 20.048518 70.116886
 165.600000 -1.890075 2.866680 18.588576 20.965091
 165.800000 -2.087346 2.079912 20.020079 69.829429
 166.000000 -1.633358 1.938032 21.675993 587.169600
 166.200000 -0.518980 1.733552 -0.000001 0.000000
 166.400000 -1.345913 2.157433 24.871619 0.911752
 166.600000 -1.809530 2.268788 18.570538 24.040629
 166.800000 -2.995265 2.787706 15.380472 1225.923175
 167.000000 3.043595 -3.095383 4.057789 4527.216796
 167.200000 -2.637089 2.715970 22.573476 39.692419
 167.400000 -1.915789 2.335001 18.771432 37.505280
 167.600000 -1.647979 2.378816 21.305214 584.996721
 167.800000 -2.501860 2.547104 22.946326 8.045973
 168.000000 2.994510 3.049460 0.851170 3873.596129
 168.200000 2.998753 -3.034949 1.142436 3993.964043
 168.400000 -2.947796 2.387747 17.125246 1271.713232
 168.600000 -1.857312 2.667029 18.541006 3.251533
 168.800000 -2.014573 2.475242 19.511941 61.155496
 169.000000 -2.091981 2.590674 20.139747 69.948892
 169.200000 -2.562963 2.902472 23.008376 8.152172
 169.400000 -2.479169 3.015415 22.928413 22.500529
 169.600000 -2.716452 2.691377 22.113101 51.995642
 169.800000 -2.402152 2.651247 22.401388 63.023786
 170.000000 -1.890282 2.727708 18.675059 23.060012
 170.200000 -2.008534 2.348050 19.516363 60.911429
 170.400000 -1.752840 2.528660 19.156911 194.909475
 170.600000 -2.240340 2.738783 21.326002 40.594362
 170.800000 -2.815180 2.783542 21.015379 331.274837
 171.000000 3.035729 3.005380 3.638515 4551.085469
 171.200000 -2.993786 2.894288 15.563182 1243.006025
 171.400000 -2.751517 2.817938 21.894116 86.963249
 171.600000 -2.101342 2.707227 20.295211 69.732535
 171.800000 -1.738005 2.324528 19.390790 260.215381
 172.000000 -1.839776 1.960045 18.586110 0.008691
 172.200000 -1.784403 2.638751 18.832486 71.082335
 172.400000 -2.170870 2.938793 20.888152 59.920318
 172.600000 3.013886 2.483951 2.230597 4363.645401
 172.800000 -3.015352 2.954973 14.835432 1196.955878
 173.000000 -2.417583 2.891110 22.632619 60.944961
 173.200000 -2.542941 2.390896 23.178116 1.669137
 173.400000 -1.667314 2.817024 20.825969 523.208350
 173.600000 -2.375366 2.652523 22.329537 63.102371
 173.800000 -2.456846 2.944771 22.947825 38.400900
 174.000000 -2.977301 3.050441 16.201699 1281.092310
 174.200000 2.975895 2.790809 -0.025566 45.457311
 174.400000 -2.633846 2.873608 22.809007 38.933939
 174.600000 -1.909635 2.693196 18.898571 36.435572
 174.800000 -1.810207 1.976479 18.711556 16.768256
 175.000000 -1.803644 2.111283 18.741747 26.111832
 175.200000 -1.934160 2.254012 19.083638 48.210833
 175.400000 -1.987400 2.927696 19.479248 59.898664
 175.600000 -2.713898 2.436470 22.318886 48.998972
 175.800000 -2.652620 3.124142 22.719680 40.768230
 176.000000 -2.968746 2.916649 16.562556 1298.135036
 176.200000 2.970552 2.436887 -0.010914 16.701845
 176.400000 -2.146168 2.795736 20.790944 64.237873
 176.600000 -1.705758 2.785327 20.015605 376.766822
 176.800000 -2.419366 1.791111 22.789357 61.463250
 177.000000 -1.900787 2.560686 18.897720 31.377859
 177.200000 -1.879188 2.984785 18.816168 17.439419
 177.400000 -2.786305 2.339744 21.693379 180.600824
 177.600000 -2.943218 2.907816 17.538995 1292.878764
 177.800000 2.866429 3.103337 -0.000000 0.000000
 178.000000 -2.954440 2.601201 17.134089 1308.103369
 178.200000 -2.550699 2.524466 23.321246 4.937729
 178.400000 -1.950402 -3.094177 19.278074 54.228681
 178.600000 -2.025353 2.255347 19.858956 63.649339
 178.800000 -1.878348 1.875129 18.837259 17.014179
 179.000000 -1.584887 1.617662 22.618204 391.182723
 179.200000 -0.899451 0.724096 12.750974 1566.765130
 179.400000 -0.805080 0.269146 8.986627 1641.555655
 179.600000 -0.995319 0.071297 16.554306 1561.626722
 179.800000 -0.653080 -0.167619 2.811299 1482.613544
 180.000000 -0.983994 0.315963 16.105919 1572.344405
 180.200000 -0.728072 0.725511 5.808467 1699.134174
 180.400000 -1.622169 1.579818 21.819756 472.778561
 180.600000 -1.809169 1.557727 18.848351 14.431094
 180.800000 -1.732681 1.423839 19.587362 237.327151
 181.000000 -0.875440 0.843235 11.780271 1567.249580
 181.200000 -1.590699 0.619696 22.470715 396.014124
 181.400000 -1.848460 0.787607 18.829112 1.838174
 181.600000 -1.106986 1.038783 20.654800 1076.520438
 181.800000 -0.889243 1.430977 12.307586 1562.079822
 182.000000 -1.126219 1.728945 21.264334 931.605417
 182.200000 -0.832160 1.432984 10.024823 1601.358732
 182.400000 -0.714831 1.383655 5.226598 1688.265261
 182.600000 -1.441291 1.152573 24.353266 30.701975
 182.800000 -1.143560 0.618159 21.754894 795.641059
 183.000000 -0.914121 0.017467 13.272678 1562.953248
 183.200000 -0.580522 -0.291468 0.147954 1168.640753
 183.400000 -0.838824 0.144134 10.276836 1591.344785
 183.600000 -0.865321 0.612229 11.329180 1565.795828
 183.800000 -1.568939 1.335685 22.863019 320.832138
 184.000000 -1.864249 1.650006 18.913041 8.934814
 184.200000 -1.686676 1.997944 20.448590 387.343588
 184.400000 -1.868614 2.541508 18.950514 11.486483
 184.600000 -2.426911 2.830192 23.099886 58.310196
 184.800000 -3.067934 2.823309 13.295155 1266.347331
 185.000000 3.037697 2.954921 4.115936 4559.444235
 185.200000 -2.327890 2.937767 22.304127 62.683179
 185.400000 -1.886718 2.163557 19.049538 23.033647
 185.600000 -1.653499 1.720915 21.135100 445.711661
 185.800000 -1.062651 1.057191 19.034503 1359.016398
 186.000000 -0.922411 -0.033404 13.554060 1556.936646
 186.200000 -0.700773 -0.547725 4.590485 1670.375709
 186.400000 -0.895706 -0.357872 12.489204 1547.149809
 186.600000 -0.749394 0.529486 6.599120 1718.311619
 186.800000 -1.682278 1.430348 20.550172 386.390909
 187.000000 -1.812974 1.678044 18.972616 8.573316
 187.200000 -1.400900 2.167040 24.433939 5.462122
 187.400000 -1.880143 2.397076 19.067647 18.624216
 187.600000 -2.647618 2.917160 23.047909 39.299229
 187.800000 2.983001 2.882538 0.613405 3680.783208
 188.000000 -2.450150 2.749951 23.340970 40.408544
 188.200000 -2.089063 2.343876 20.599069 62.225784
 188.400000 -1.798214 2.573975 19.075689 23.868248
 188.600000 -2.003246 2.649579 19.924348 60.576790
 188.800000 -2.681181 2.542010 22.859034 38.518785
 189.000000 -2.824533 3.075088 21.352151 396.515113
 189.200000 3.074831 2.987537 6.666182 4032.101716
 189.400000 -2.950296 2.711896 17.580315 1333.000516
 189.600000 -2.643803 2.812288 23.112347 39.287566
 189.800000 -2.641365 2.841242 23.127624 39.251741
 190.000000 -2.919006 2.733870 18.702980 1218.642987
 190.200000 -2.899419 2.953732 19.391134 1079.749128
 190.400000 2.901184 2.930461 -0.000000 0.000000
 190.600000 -2.853146 2.730796 20.749635 643.675391
 190.800000 -2.417420 2.879617 23.175587 64.890376
 191.000000 -2.376758 2.564996 22.828667 76.831486
 191.200000 -2.044691 2.762898 20.309535 60.633367
 191.400000 -2.135205 2.639681 21.011928 58.113938
 191.600000 -1.772753 2.497587 19.304937 68.979116
 191.800000 -1.847470 2.420491 19.066261 1.980324
 192.000000 -1.639974 2.594800 21.424979 414.073950
 192.200000 -2.515295 2.705794 23.698341 0.312467
 192.400000 -2.689409 2.618920 22.894708 38.781685
 192.600000 -2.864603 2.946742 20.494193 753.960491
 192.800000 2.981553 2.642907 0.625676 3633.656656
 193.000000 -2.679134 3.032416 22.958473 38.371883
 193.200000 -2.484974 2.685708 23.660677 12.055220
 193.400000 -2.378012 2.607965 22.908232 78.988613
 193.600000 -2.103739 2.858707 20.809914 59.176701
 193.800000 -2.495847 2.561285 23.692845 5.943575
 194.000000 -2.549467 2.833381 23.684842 6.804492
 194.200000 -2.972789 2.954248 16.866883 1349.727221
 194.400000 3.026664 2.837552 3.572757 4514.052072
 194.600000 -2.495073 2.899306 23.717439 6.230497
 194.800000 -1.912721 2.570269 19.402720 37.470739
 195.000000 -1.651756 2.050836 21.188205 389.958518
 195.200000 -1.813447 2.388120 19.168229 5.835050
 195.400000 -2.342512 2.681702 22.639761 76.356122
 195.600000 -3.072724 2.956870 13.313067 1315.935798
 195.800000 -2.694344 2.967952 22.932677 39.101641
 196.000000 -1.955328 2.551666 19.714536 53.266938
 196.200000 -1.640152 2.021098 21.415324 384.410371
 196.400000 -1.770864 1.666323 19.409948 65.323510
 196.600000 -1.623524 1.349146 21.741180 381.101473
 196.800000 -0.576587 0.412762 -0.026735 5.770907
 197.000000 -1.320460 -0.035108 24.210616 19.453127
 197.200000 -1.003899 -0.014369 16.573566 1540.222328
 197.400000 -0.624903 0.029318 1.488541 1273.477750
 197.600000 -0.907379 0.134615 12.791852 1508.866030
 197.800000 -1.191153 0.604112 22.649519 434.055731
 198.000000 -1.301348 1.218112 24.089953 39.672260
 198.200000 -0.975007 1.613261 15.420431 1548.746725
 198.400000 -0.516803 1.767374 -0.000000 0.000000
 198.600000 -0.719758 1.948455 5.211304 1742.579163
 198.800000 -0.423490 1.982468 -0.000000 0.000000
 199.000000 -0.613233 2.157220 1.065396 1185.251035
 199.200000 -1.496296 1.610848 23.700468 102.744973
 199.400000 -1.526024 0.822326 23.357021 167.934270
 199.600000 -0.771044 0.143023 7.346101 1724.142356
 199.800000 -0.464323 -0.207918 -0.000000 0.000000
 200.000000 -0.998275 -0.302856 16.320941 1543.317806
 200.200000 -0.692957 0.118989 5.812512 1679.222028
 200.400000 -1.017334 0.296130 18.784854 1517.753206
 200.600000 -1.850334 1.119771 20.997545 3.038081
 200.800000 -1.307435 1.859900 25.808795 33.947698
 201.000000 -0.651676 2.118352 4.172157 1460.106743
 201.200000 -0.755232 2.399243 8.394841 1751.117537
 201.400000 -0.725450 1.924901 7.145572 1757.199552
 201.600000 -0.661432 1.634773 4.531216 1523.155608
 201.800000 -1.113363 1.376742 22.238976 1014.324864
 202.000000 -1.187173 0.755926 24.216332 456.660414
 202.200000 -0.529407 -0.052609 0.238827 758.865573
 202.400000 -0.617286 -0.573282 2.880364 1211.641475
 202.600000 -0.634780 -0.403751 3.505640 1343.074971
 202.800000 -0.706462 0.212390 6.338290 1725.741909
 203.000000 -1.216212 0.734309 24.748565 289.917949
 203.200000 -1.434315 1.037851 25.810958 20.513801
 203.400000 -0.934560 0.880915 15.482235 1509.705042
 203.600000 -1.159565 0.634224 23.522952 646.830598
 203.800000 -0.801832 0.276038 10.292631 1644.740325
 204.000000 -0.771852 -0.095936 9.062261 1720.923515
 204.200000 -0.520483 -0.220518 0.006691 184.932030
 204.400000 -0.642657 -0.172514 3.771942 1402.843226
 204.600000 -0.905012 0.457899 14.323260 1487.153185
 204.800000 -1.212549 0.836336 24.637063 306.923011
 205.000000 -1.780388 1.114030 21.184609 39.699579
 205.200000 -0.969642 1.013378 16.820523 1537.768535
 205.400000 -1.323588 0.966038 25.778058 20.433111
 205.600000 -1.590837 0.716350 23.990661 299.916948
 205.800000 -1.467138 1.209193 25.576910 55.180428
 206.000000 -0.816543 1.065375 10.862580 1598.936110
 206.200000 -1.526780 1.213517 24.953955 164.156603
 206.400000 -1.590419 0.847153 23.985289 295.559741
 206.600000 -0.711655 0.260414 6.514388 1741.410523
 206.800000 -0.577442 -0.252559 1.534289 917.159836
 207.000000 -0.705206 -0.493830 6.245790 1726.780076
 207.200000 -0.835712 -0.095493 11.603216 1546.294738
 207.400000 -0.686415 0.323453 5.464269 1663.467668
 207.600000 -1.471748 0.972170 25.506550 61.498855
 207.800000 -1.058533 1.164285 20.225927 1362.806902
 208.000000 -1.020215 1.128563 18.771119 1502.163006
 208.200000 -1.513840 0.913414 25.080382 134.913425
 208.400000 -0.508546 0.228700 -0.013155 3.747003
 208.600000 -0.734343 -0.295188 7.452394 1761.897871
 208.800000 -0.546902 -0.722160 0.642172 735.213035
 209.000000 -0.725462 0.092561 7.079700 1759.213765
 209.200000 -1.588001 1.139983 23.993425 282.101723
 209.400000 -1.983033 1.837761 21.804723 57.074425
 209.600000 -1.689731 2.819455 22.241307 245.010366
 209.800000 -2.616507 2.782947 25.341073 38.911794
 210.000000 3.009662 2.714581 4.340469 4267.636661
 210.200000 3.019828 3.056717 5.013062 4389.411847
 210.400000 2.906793 2.614881 -0.000189 0.002362
 210.600000 -2.147013 2.729281 23.022894 48.580326
 210.800000 -1.543846 2.395713 24.666538 195.781743
 211.000000 -1.927155 1.894548 21.410221 41.557738
 211.200000 -1.475193 1.860224 25.415964 65.829681
 211.400000 -1.135493 1.577165 22.707871 816.133631
 211.600000 -1.112603 1.040969 22.019565 993.247264
 211.800000 -1.630975 0.649798 23.234069 308.451899
 212.000000 -1.524179 0.713986 24.912994 153.086220
 212.200000 -0.659270 1.071162 4.361533 1526.090363
 212.400000 -1.329352 1.647016 25.678729 17.905101
 212.600000 -1.869446 1.388886 21.129542 10.156958
 212.800000 -1.478426 0.910998 25.375568 70.055576
 213.000000 -0.666197 -0.106592 4.633922 1566.456923
 213.200000 -0.571731 -0.710164 1.314342 893.949202
 213.400000 -0.866575 0.013399 12.745992 1474.049833
 213.600000 -0.893136 0.857556 13.762927 1462.442424
 213.800000 -1.099963 1.735873 21.577808 1083.417230
 214.000000 -0.789980 2.032493 9.733594 1645.250173
 214.200000 -0.870066 2.186024 12.873896 1466.860050
 214.400000 -0.730399 2.022017 7.268038 1748.357942
 214.600000 -0.642726 1.823636 3.721095 1422.536015
 214.800000 -0.848103 1.848142 12.029140 1495.313789
 215.000000 -1.144178 2.097142 22.896009 745.236947
 215.200000 -0.615101 2.193855 2.716698 1222.532051
 215.400000 -0.902699 2.099424 14.114287 1457.634234
 215.600000 -0.615593 1.931044 2.733916 1226.273574
 215.800000 -0.660071 1.859554 4.389775 1535.815665
 216.000000 -0.661990 1.923623 4.465125 1546.983523
 216.200000 -0.573445 2.003149 1.358049 917.211008
 216.400000 -0.813964 2.054705 10.690018 1566.077158
 216.600000 -0.959949 2.154193 16.309518 1503.299475
 216.800000 -0.642101 2.152497 3.702383 1422.985343
 217.000000 -0.796096 1.929046 9.977286 1616.693367
 217.200000 -0.665599 1.791819 4.619624 1570.888005
 217.400000 -0.521295 1.914265 -0.023855 16.084480
 217.600000 -0.685498 2.397486 5.420281 1661.854285
 217.800000 -0.618616 2.160306 2.848204 1258.325469
 218.000000 -0.760887 1.593531 8.547054 1703.304795
 218.200000 -1.347566 1.483904 25.644023 7.683811
 218.400000 -1.756581 0.768183 21.443754 78.745908
 218.600000 -0.877004 0.219347 13.129035 1443.185842
 218.800000 -0.779917 0.063136 9.335743 1651.471082
 219.000000 -0.762745 -0.127659 8.633181 1694.774096
 219.200000 -0.635704 0.086165 3.487877 1394.335725
 219.400000 -0.793020 0.315043 9.873630 1607.824748
 219.600000 -1.479648 1.005071 25.270326 67.891002
 219.800000 -1.543384 1.524589 24.578244 177.592767
 220.000000 -0.890022 0.981032 13.623147 1433.254086
 220.200000 -0.971036 0.488731 16.711956 1486.760051
 220.400000 -0.978955 -0.188038 17.017453 1489.544878
 220.600000 -0.481090 -0.394682 -0.000041 0.000062
 220.800000 -0.773817 0.048734 9.107520 1657.316096
 221.000000 -1.089115 0.698139 21.105124 1134.217341
 221.200000 -1.305610 1.271486 25.398746 44.634886
 221.400000 -0.992638 1.165644 17.538854 1480.772380
 221.600000 -1.183828 0.883733 23.735485 465.018195
 221.800000 -1.496778 0.566948 25.094554 91.974349
 222.000000 -0.754311 0.576791 8.321294 1700.481578
 222.200000 -1.098896 1.133139 21.402860 1058.941217
 222.400000 -1.259087 1.194868 24.958192 136.684546
 222.600000 -1.152651 0.488718 22.980004 669.114233
 222.800000 -0.644292 -0.031916 3.844671 1469.406732
 223.000000 -0.555077 0.051409 0.826669 837.313815
 223.200000 -1.292145 0.521423 25.268697 65.279312
 223.400000 -1.058575 1.074913 20.006754 1297.319226
 223.600000 -0.748341 1.671839 8.100849 1705.983503
 223.800000 -0.784723 2.284283 9.584340 1612.097324
 224.000000 -1.246713 2.713248 24.789150 173.635839
 224.200000 -0.771522 2.141919 9.063863 1646.298935
 224.400000 -0.774479 1.422508 9.183675 1637.784088
 224.600000 -1.539302 1.298794 24.588331 163.273196
 224.800000 -1.279713 0.214499 25.146180 88.407853
 225.000000 -0.733716 -0.189548 7.509190 1724.358289
 225.200000 -0.802086 -0.099126 10.297796 1547.386793
 225.400000 -1.045841 0.656482 19.534640 1343.963623
 225.600000 -1.039014 1.594552 19.283159 1369.983828
 225.800000 -0.752625 2.383084 8.305976 1689.703954
 226.000000 -0.810523 2.446856 10.628319 1522.142452
 226.200000 -0.815043 1.964286 10.816453 1503.127939
 226.400000 -0.880350 1.239905 13.290563 1395.890500
 226.600000 -1.473419 0.814609 25.242995 56.864000
 226.800000 -1.496237 0.527388 25.049379 88.767418
 227.000000 -1.248927 0.914502 24.776048 167.109343
 227.200000 -1.393699 1.243795 25.569428 0.800415
 227.400000 -0.971345 0.874851 16.722340 1452.015054
 227.600000 -0.745888 0.461845 8.063346 1696.901850
 227.800000 -1.207062 0.287479 24.112668 331.729876
 228.000000 -0.395367 0.082687 -0.000000 0.000000
 228.200000 -0.765106 -0.102349 8.867169 1646.087257
 228.400000 -0.661272 -0.130430 4.595111 1601.145830
 228.600000 -0.835155 0.036754 11.614654 1441.095034
 228.800000 -0.824984 0.204637 11.226984 1465.073486
 229.000000 -0.703946 0.349600 6.341963 1723.710509
 229.200000 -1.231758 0.718530 24.496186 224.900389
 229.400000 -1.614451 1.234176 23.444329 259.877451
 229.600000 -1.272842 0.904998 25.012447 104.898456
 229.800000 -1.203019 0.637006 24.012975 348.588822
 230.000000 -1.694320 1.067976 22.185636 204.855403
 230.200000 -0.972895 1.264842 16.797751 1440.639304
 230.400000 -0.963199 1.049069 16.430010 1435.863327
 230.600000 -1.427403 1.068900 25.466642 13.157233
 230.800000 -1.762799 0.789879 21.395440 67.297687
 231.000000 -0.881137 0.723719 13.359723 1376.166449
 231.200000 -0.609133 1.038736 2.647794 1305.455602
 231.400000 -0.742479 1.872696 8.001148 1692.730757
 231.600000 -0.944579 2.539165 15.735163 1416.697541
 231.800000 -0.812931 2.296880 10.809982 1480.050044
 232.000000 -0.803273 1.518371 10.436642 1508.985078
 232.200000 -1.116211 0.534117 21.875855 883.074031
 232.400000 -0.698902 -0.198028 6.215538 1726.806812
 232.600000 -0.514778 -0.631313 -0.016925 6.126585
 232.800000 -0.794350 -0.079424 10.108000 1532.545404
 233.000000 -0.965775 0.725549 16.544611 1428.943216
 233.200000 -1.470482 1.705178 25.212434 51.177583
 233.400000 -1.651821 2.105430 22.832576 256.633927
 233.600000 -2.250510 2.748969 23.641396 60.380500
 233.800000 -2.821312 -3.138852 23.477556 358.455441
 234.000000 3.083417 2.884746 9.069443 3569.158594
 234.200000 2.999731 2.903936 3.722063 3936.426492
 234.400000 -1.852215 2.979959 21.084156 1.583920
 234.600000 -1.772904 1.852435 21.308994 51.696336
 234.800000 -1.379188 0.749405 25.507788 0.285754
 235.000000 -0.447159 -0.428672 -0.000000 0.000000
 235.200000 0.257097 -1.252880 -0.000000 0.000000
