#! FIELDS time phi psi ves.bias ves.force2
#! SET min_phi -pi
#! SET max_phi pi
#! SET min_psi -pi
#! SET max_psi pi
 0.000000 -1.498385 0.273949 27.215882 148.921278
 0.200000 -0.333144 -0.229122 0.358627 74.663253
 0.400000 -0.796945 -0.277776 11.874482 1997.628218
 0.600000 -0.418086 -0.290527 1.152062 114.608978
 0.800000 -0.665979 -0.014545 6.438513 1278.854527
 1.000000 -1.321006 0.393617 27.835696 38.067301
 1.200000 -0.569554 0.569875 4.022084 583.727715
 1.400000 -1.270688 1.316148 27.360720 141.602889
 1.600000 -1.589183 1.154397 25.766658 287.144002
 1.800000 -0.851437 0.567853 14.595258 1856.867961
 2.000000 -0.610881 -0.055388 5.109417 815.636625
 2.200000 -0.712772 -0.467759 8.713805 1643.705950
 2.400000 -0.738098 -0.558381 9.766737 1806.994246
 2.600000 -0.524774 0.065323 3.009278 423.897357
 2.800000 -0.933437 0.848213 18.073520 1447.140024
 3.000000 -1.500956 1.375028 27.172631 154.823252
 3.200000 -1.457503 0.955872 27.648917 73.240533
 3.400000 -1.146746 0.652789 25.020653 677.527095
 3.600000 -0.830437 0.318992 13.949531 1902.171895
 3.800000 -1.189624 0.270892 26.052298 480.086355
 4.000000 -0.626416 0.357559 5.817171 990.741593
 4.200000 -0.960679 0.488872 19.296407 1302.988522
 4.400000 -1.463833 0.999215 27.625150 84.125829
 4.600000 -1.454245 1.368206 27.709056 69.323746
 4.800000 -0.756675 0.919049 10.827292 1807.791424
 5.000000 -0.879527 0.182618 16.141165 1730.282420
 5.200000 -0.548440 -0.566344 3.759713 667.471210
 5.400000 -0.375542 -0.448916 0.659479 99.400656
 5.600000 -0.675821 0.195079 7.713902 1327.831653
 5.800000 -1.565191 0.876293 26.368275 273.290076
 6.000000 -1.761276 1.318306 23.300626 114.158492
 6.200000 -0.944928 1.095623 18.927181 1392.252324
 6.400000 -1.200365 0.837780 26.424772 417.115301
 6.600000 -1.593279 0.709223 25.941152 303.879475
 6.800000 -1.490176 1.112076 27.479160 129.071116
 7.000000 -0.946792 1.210702 18.996613 1381.510339
 7.200000 -1.401665 1.164795 28.180928 8.483357
 7.400000 -0.953966 0.537795 19.353125 1335.767969
 7.600000 -1.233694 0.266707 27.085507 280.536133
 7.800000 -0.755795 0.139369 11.055363 1739.193323
 8.000000 -0.769950 0.064853 11.651650 1808.328843
 8.200000 -0.530968 -0.001495 3.516232 739.394219
 8.400000 -0.804257 0.094052 13.209470 1913.471073
 8.600000 -0.702295 0.042042 9.027871 1400.442489
 8.800000 -0.598773 0.032483 5.505229 971.298445
 9.000000 -0.914356 0.240295 17.931414 1599.103497
 9.200000 -1.320950 0.516196 28.154212 35.241735
 9.400000 -1.000205 0.864129 21.136250 1079.444212
 9.600000 -1.350415 1.347203 28.279136 6.690388
 9.800000 -1.068376 0.971684 23.230233 833.309283
 10.000000 -1.332358 0.727172 28.214328 21.237955
 10.200000 -1.074460 0.942949 23.496854 825.644040
 10.400000 -1.250091 1.355860 27.514984 207.827007
 10.600000 -1.080833 1.134368 23.679005 808.137030
 10.800000 -1.180821 0.476800 26.239333 485.412807
 11.000000 -1.075269 0.419217 23.520087 823.407351
 11.200000 -1.140843 0.877248 25.427001 651.043992
 11.400000 -1.474452 1.090421 27.920534 92.958226
 11.600000 -1.202419 0.890975 26.840342 398.699556
 11.800000 -1.001226 0.544917 21.326686 1103.294206
 12.000000 -1.235310 0.679151 27.434314 258.114983
 12.200000 -1.122003 1.031880 25.060696 730.739163
 12.400000 -1.237644 1.284862 27.609317 243.075857
 12.600000 -1.152834 1.093548 25.862230 618.126131
 12.800000 -1.322594 0.686750 28.452509 19.729837
 13.000000 -1.361780 0.874701 28.539231 0.011280
 13.200000 -0.939307 1.050154 19.271238 1462.757994
 13.400000 -0.836867 1.415583 15.065619 1816.213906
 13.600000 -1.220476 1.494984 27.489297 307.151794
 13.800000 -0.725341 0.942218 10.486870 1485.567967
 14.000000 -1.079028 0.341694 23.983731 893.954797
 14.200000 -0.584971 -0.136708 5.421228 1230.233498
 14.400000 -0.515331 -0.147377 3.113317 917.032352
 14.600000 -0.890685 0.028331 17.407132 1705.604437
 14.800000 -1.076206 0.427937 24.047638 931.653623
 15.000000 -0.986653 0.838601 21.102185 1255.057650
 15.200000 -1.673655 1.065778 24.667349 447.781076
 15.400000 -1.761763 1.269809 23.059985 202.934251
 15.600000 -1.126467 0.872978 25.647146 753.313566
 15.800000 -0.903203 0.353359 18.019826 1651.307349
 16.000000 -0.436440 -0.387064 1.136567 344.603772
 16.200000 -0.497051 -0.633629 2.560571 821.321427
 16.400000 -0.671165 0.000327 8.664280 1425.094523
 16.600000 -1.365319 0.708842 28.836843 2.317512
 16.800000 -1.334462 1.251021 28.840863 1.829427
 17.000000 -0.815172 0.717617 14.431661 1788.470691
 17.200000 -0.935140 0.237022 19.482322 1508.169514
 17.400000 -0.528998 -0.319676 3.563401 1078.536989
 17.600000 -0.355750 -0.350369 0.099752 40.296147
 17.800000 -0.598616 -0.246853 6.019643 1357.872711
 18.000000 -0.741979 -0.052087 11.496111 1610.149871
 18.200000 -0.487660 -0.010117 2.330072 785.597187
 18.400000 -0.800454 -0.354060 14.012114 1785.443928
 18.600000 -0.780913 -0.142926 13.190996 1743.416510
 18.800000 -0.464327 -0.119700 1.719266 587.692600
 19.000000 -0.943853 0.210477 19.928812 1455.324692
 19.200000 -0.932570 0.718501 19.600158 1485.917210
 19.400000 -1.343210 1.203474 29.031031 0.023340
 19.600000 -1.612830 1.083506 26.058441 475.956150
 19.800000 -1.018370 0.707894 22.689161 1133.894694
 20.000000 -1.430129 0.602943 28.709826 47.197378
 20.200000 -1.144931 1.090770 26.592551 662.491390
 20.400000 -1.082522 1.251615 24.825314 925.232396
 20.600000 -0.705271 1.068335 10.312311 1562.520765
 20.800000 -1.561463 0.956499 27.130374 337.500678
 21.000000 -1.495242 0.686072 28.141996 148.170948
 21.200000 -0.813831 0.697994 14.898691 1840.655640
 21.400000 -0.973569 1.311048 21.315417 1270.397095
 21.600000 -1.168604 1.814348 27.244136 536.311224
 21.800000 -0.573627 1.583652 5.347644 1354.695731
 22.000000 -0.526243 2.022911 3.666550 1136.165619
 22.200000 -0.866928 2.594737 17.262256 1763.965686
 22.400000 -0.485763 1.958368 2.434594 847.211175
 22.600000 -0.548980 1.605665 4.511399 1274.813166
 22.800000 -1.330399 1.207799 29.223569 0.695739
 23.000000 -1.702051 0.590584 24.097919 468.630717
 23.200000 -1.743368 0.471761 23.270576 342.193139
 23.400000 -1.670745 1.001694 24.822639 542.496992
 23.600000 -1.225378 1.241954 28.486358 235.753149
 23.800000 -0.880735 1.144180 17.944764 1715.680703
 24.000000 -1.742019 1.183494 23.295635 347.222389
 24.200000 -1.761978 0.655422 22.961242 285.760506
 24.400000 -1.534101 0.792983 27.743964 262.187331
 24.600000 -1.010311 1.182112 22.843835 1087.417852
 24.800000 -0.822659 1.340864 15.561504 1890.002371
 25.000000 -0.931848 1.079234 20.075260 1440.195411
 25.200000 -1.722136 0.755730 23.761276 441.558320
 25.400000 -1.762087 0.372556 22.990200 302.117160
 25.600000 -1.697199 0.770401 24.305593 507.607595
 25.800000 -1.134830 1.343244 26.660852 699.151918
 26.000000 -0.712868 1.600356 10.975040 1645.310470
 26.200000 -0.626728 2.364974 7.645694 1479.326512
 26.400000 -0.935180 2.309608 20.394101 1412.869724
 26.600000 -0.628444 2.018357 7.711697 1480.992273
 26.800000 -0.349147 1.549742 0.004376 14.216667
 27.000000 -1.097650 1.717461 25.692393 824.457819
 27.200000 -0.754011 1.454849 12.838495 1821.397464
 27.400000 -0.877083 1.077070 18.177145 1751.113091
 27.600000 -1.490837 1.081754 28.450383 154.265171
 27.800000 -1.883019 0.765250 21.669795 24.100264
 28.000000 -1.204356 0.675982 28.342408 340.915246
 28.200000 -1.403231 1.061992 29.305155 40.816514
 28.400000 -1.631020 1.440227 25.999409 494.892044
 28.600000 -1.778832 0.931451 22.828302 289.665100
 28.800000 -0.754995 0.481021 12.968708 1835.925378
 29.000000 -0.753498 0.514840 12.904575 1830.985421
 29.200000 -0.826514 0.125358 16.184095 1926.599822
 29.400000 -0.723308 -0.038336 11.712127 1738.320176
 29.600000 -0.493469 0.028024 2.872678 1062.682075
 29.800000 -0.904960 -0.177725 19.495689 1579.019581
 30.000000 -0.538773 -0.473339 4.458565 1362.203770
 30.200000 -0.364593 -0.316381 0.066046 78.770175
 30.400000 -0.782168 0.084398 14.324085 1925.553266
 30.600000 -1.763077 0.676098 23.203529 368.679474
 30.800000 -1.876972 1.791837 21.675673 49.489924
 31.000000 -1.832306 2.358315 22.104298 148.165029
 31.200000 -2.536609 3.012022 24.414418 6.452888
 31.400000 3.074691 2.809037 6.273548 2542.011704
 31.600000 -3.010260 2.844084 16.144460 1596.983562
 31.800000 -2.505891 2.753007 24.474689 1.765360
 32.000000 -2.441278 2.761421 24.449444 5.470229
 32.200000 -2.744712 2.608421 22.961677 186.065725
 32.400000 -3.037114 2.948253 14.983072 1911.866005
 32.600000 -3.140730 2.911891 9.824391 2888.499746
 32.800000 -2.638667 2.789038 23.956180 35.597130
 33.000000 -2.413191 2.511858 24.320811 18.258109
 33.200000 -2.289604 2.707238 23.359508 85.105734
 33.400000 3.048311 2.637072 4.936660 2194.928891
 33.600000 3.034650 3.055760 4.312149 1983.067809
 33.800000 -2.895888 2.738764 19.830361 727.961826
 34.000000 -2.582674 2.574489 24.206389 15.164770
 34.200000 -2.274335 2.786324 23.177576 84.850227
 34.400000 -2.554329 2.755703 24.290528 8.893391
 34.600000 3.090734 2.715476 7.038399 2718.975670
 34.800000 -3.029762 -2.989277 15.254823 1802.956222
 35.000000 -2.894283 2.783425 19.843526 717.171651
 35.200000 -2.010048 2.584241 21.394114 10.682563
 35.400000 -1.910480 2.233125 21.433859 25.996848
 35.600000 -2.433135 2.280834 24.316641 10.450122
 35.800000 -2.791833 -2.990274 22.131265 335.855599
 36.000000 -3.127145 3.075657 10.524372 2816.694666
 36.200000 -2.703585 2.612427 23.378660 109.569539
 36.400000 -2.000703 2.832782 21.337758 7.159045
 36.600000 -1.940359 2.439517 21.310586 4.795846
 36.800000 -2.151214 2.490983 22.114226 43.904480
 37.000000 -2.612447 2.785851 24.050823 24.678709
 37.200000 3.056126 2.971178 5.300379 2353.969814
 37.400000 -3.089503 2.965741 12.465868 2477.583546
 37.600000 -3.111546 2.712785 11.344712 2687.480611
 37.800000 -2.790198 2.927974 22.115263 338.431854
 38.000000 -2.877836 2.803993 20.188192 644.550760
 38.200000 3.068519 2.930681 5.926944 2522.181187
 38.400000 2.940396 2.992506 0.888528 684.195117
 38.600000 -2.828944 2.693692 21.324274 470.888278
 38.800000 -2.324527 2.620969 23.536843 86.777562
 39.000000 -2.186724 2.640163 22.314229 54.296008
 39.200000 -2.328458 2.529753 23.553482 87.298138
 39.400000 -2.274306 2.731647 23.034729 90.099274
 39.600000 -2.503956 2.852277 24.388363 0.561024
 39.800000 -3.003806 2.577480 16.243748 1452.133476
 40.000000 -2.944860 -3.040862 18.275404 970.307036
 40.200000 -2.921533 2.849210 18.969466 836.884083
 40.400000 -2.792060 2.536529 22.050429 346.968023
 40.600000 -1.949449 2.945832 21.249817 3.715529
 40.800000 -2.103770 2.664753 21.735133 33.983876
 41.000000 -2.117397 2.370712 21.815940 36.350303
 41.200000 -2.053487 2.575793 21.455574 22.959886
 41.400000 -2.042881 2.985368 21.406557 19.722804
 41.600000 -2.897458 2.429048 19.638289 725.354304
 41.800000 -2.719530 -3.023026 23.164410 148.728412
 42.000000 3.100034 2.779485 7.630119 2786.318342
 42.200000 -3.124171 2.738931 10.766923 2686.242984
 42.400000 -2.658717 3.010852 23.768499 59.183784
 42.600000 -2.922512 2.619663 18.934890 843.982190
 42.800000 -2.815130 2.777604 21.597864 425.131503
 43.000000 3.016952 2.947906 3.567241 1904.587421
 43.200000 2.890186 2.575454 -0.010869 1.542461
 43.400000 -2.606050 2.919806 24.112794 24.702555
 43.600000 -2.292620 2.709320 23.187789 97.799214
 43.800000 -2.260232 2.506183 22.873739 88.558868
 44.000000 -2.100613 2.796479 21.705791 32.699875
 44.200000 -2.164028 2.664703 22.099325 45.473480
 44.400000 -2.302386 2.430305 23.285117 98.291866
 44.600000 -2.264150 2.932911 22.911323 90.153041
 44.800000 -2.366626 2.872278 23.886698 68.850858
 45.000000 -2.835563 2.468862 21.176421 502.451779
 45.200000 3.115155 2.967151 8.535791 2807.062650
 45.400000 -3.138589 3.069351 10.088393 2730.162028
 45.600000 -2.839113 2.634438 21.101545 519.100614
 45.800000 -2.662040 2.760845 23.800792 61.833038
 46.000000 -2.215456 2.940549 22.491422 65.843085
 46.200000 -2.647694 2.353659 23.931051 48.508666
 46.400000 -2.248332 2.872122 22.785914 81.674895
 46.600000 -2.441285 2.751835 24.351788 12.663628
 46.800000 -2.653162 2.519138 23.892037 53.397345
 47.000000 -2.465603 2.934187 24.418041 3.635197
 47.200000 -2.740175 2.961882 22.988231 211.073690
 47.400000 3.073348 2.575547 6.398246 2679.240195
 47.600000 2.988716 3.035940 2.423185 1628.417815
 47.800000 -2.721191 3.104560 23.247408 163.395196
 48.000000 -2.979647 2.328255 17.144461 1189.973756
 48.200000 -1.998420 2.685956 21.246800 7.331194
 48.400000 -1.874718 2.837304 21.663900 113.921407
 48.600000 -2.876142 2.145192 20.223840 658.623099
 48.800000 -2.886283 -2.992664 19.960048 694.944925
 49.000000 -3.031634 2.825349 15.209245 1652.448117
 49.200000 -3.133331 2.508156 10.493454 2663.416189
 49.400000 -2.801656 2.746164 21.956905 413.367062
 49.600000 -3.018388 2.890624 15.755907 1506.625028
 49.800000 -2.673328 2.779996 23.824858 78.199066
 50.000000 -2.372466 2.790033 23.997032 64.634263
 50.200000 -2.426330 2.481641 24.360182 22.559190
 50.400000 -2.099923 2.859217 21.747681 36.977002
 50.600000 -2.275187 2.631780 23.090693 95.268367
 50.800000 -2.224954 2.636189 22.628198 72.781571
 51.000000 -2.021829 2.885981 21.327008 17.597958
 51.200000 -2.246035 2.705443 22.834922 85.161503
 51.400000 -2.508030 2.447876 24.558805 0.027008
 51.600000 -2.280297 -3.109250 23.164216 98.189689
 51.800000 -3.084172 2.605316 12.995417 2190.417541
 52.000000 -2.908528 2.818794 19.389488 777.159692
 52.200000 -2.626734 2.925419 24.267567 30.250078
 52.400000 3.107736 2.414066 8.390790 2832.603858
 52.600000 -2.594308 -3.052398 24.416396 14.128127
 52.800000 -3.054451 2.890764 14.361620 1849.013984
 53.000000 3.057911 2.536772 5.762268 2660.705449
 53.200000 -2.803818 3.082219 21.989421 444.805687
 53.400000 2.931099 2.746049 0.349434 1038.314271
 53.600000 -3.062398 2.812915 14.053150 1931.400242
 53.800000 3.132279 3.109541 9.730670 2760.654818
 54.000000 -2.878825 2.887590 20.217732 671.442282
 54.200000 -2.026914 2.585406 21.372096 22.915241
 54.400000 -1.978871 2.125390 21.204987 3.309295
 54.600000 -1.959302 2.158008 21.186601 0.000013
 54.800000 -2.153107 2.802830 22.137784 48.148846
 55.000000 3.111218 2.903347 8.666602 2837.562027
 55.200000 3.114340 3.003680 8.879519 2832.495688
 55.400000 -2.467576 3.114962 24.622090 3.905848
 55.600000 -2.286426 2.175920 23.320894 106.572252
 55.800000 -1.853380 2.313897 21.856144 169.040818
 56.000000 -2.248505 2.648469 22.938667 94.154167
 56.200000 3.004765 2.833657 3.266084 2187.085336
 56.400000 -2.762477 -3.035101 22.862406 315.140197
 56.600000 -2.879384 2.358096 20.270151 665.773277
 56.800000 -2.740021 2.560882 23.237191 243.449301
 57.000000 -2.493668 3.078510 24.681739 0.327352
 57.200000 -3.014423 2.545123 16.146951 1398.717671
 57.400000 -2.943713 2.915977 18.513454 901.915553
 57.600000 3.026925 3.123322 4.370803 2498.575988
 57.800000 -2.954637 2.832514 18.180339 958.977536
 58.000000 -1.999399 2.693023 21.292203 11.968554
 58.200000 -2.048299 2.332913 21.526565 29.489566
 58.400000 -1.972157 2.446632 21.230932 2.293000
 58.600000 -2.304621 2.872710 23.590211 114.210137
 58.800000 3.118183 2.711269 9.219881 2809.557774
 59.000000 -2.758942 -3.036425 22.978399 302.826045
 59.200000 -2.304136 2.791700 23.610311 117.570599
 59.400000 -2.064994 2.125110 21.636434 32.383712
 59.600000 -1.827863 2.232660 22.207338 240.781957
 59.800000 -2.315965 2.665869 23.737489 113.207084
 60.000000 2.950022 2.870399 0.986330 1419.747647
 60.200000 -3.053591 2.928860 14.699640 1787.782242
 60.400000 -2.515596 2.842016 24.797739 0.386609
 60.600000 -2.941328 2.530661 18.689771 882.730893
 60.800000 -2.573576 3.091070 24.700733 7.413173
 61.000000 3.021151 2.752864 4.182405 2519.004015
 61.200000 -3.089703 2.679878 13.132294 2176.910980
 61.400000 -2.607586 -3.083760 24.608746 18.125737
 61.600000 -2.636341 2.420120 24.462069 36.323075
 61.800000 -2.236318 2.638109 22.923419 102.285550
 62.000000 -2.199430 2.835860 22.576866 74.700888
 62.200000 -2.034035 2.487208 21.527514 25.588150
 62.400000 -2.358832 2.611184 24.252710 83.858627
 62.600000 -2.028896 3.092101 21.501873 24.180104
 62.800000 -2.821108 2.517760 21.853422 490.909621
 63.000000 3.011304 2.562456 3.754083 2468.255031
 63.200000 -3.135677 -2.897544 10.966566 2602.688607
 63.400000 2.908186 2.630390 -0.005797 1.572147
 63.600000 -2.045244 2.513609 21.610820 28.432867
 63.800000 -1.849559 2.540023 21.904158 156.799664
 64.000000 -2.593411 2.487967 24.725521 12.520570
 64.200000 -2.978478 3.018906 17.663680 1095.811000
 64.400000 2.996360 3.137914 3.081588 2355.662365
 64.600000 -3.079188 2.685527 13.735538 2037.402566
 64.800000 -2.305960 2.829889 23.757436 126.976037
 65.000000 -2.074230 2.431836 21.795563 32.291876
 65.200000 -1.916539 2.426290 21.380542 12.673841
 65.400000 -2.145973 2.517602 22.255109 44.546762
 65.600000 -2.073516 3.083117 21.816589 32.285699
 65.800000 -2.823003 2.523090 21.896645 493.405430
 66.000000 2.961963 2.832998 1.526155 1861.442572
 66.200000 -3.084934 3.057129 13.548181 2071.476621
 66.400000 -3.088909 2.481081 13.366375 2112.101179
 66.600000 -2.854541 2.758050 21.194040 576.271544
 66.800000 3.043370 3.140317 5.583097 2848.286597
 67.000000 -3.051917 2.896763 14.987587 1733.066474
 67.200000 -2.086922 2.557435 21.952271 32.648408
 67.400000 -1.933916 2.247734 21.375303 1.303446
 67.600000 -2.052110 2.447895 21.756963 30.053344
 67.800000 -2.239007 2.819854 23.087382 106.741059
 68.000000 -3.025618 2.772652 16.075348 1474.505121
 68.200000 3.039540 2.825340 5.484434 2874.462610
 68.400000 -2.482308 2.974772 25.019486 0.913918
 68.600000 -2.764698 2.261865 23.149015 316.272542
 68.800000 -2.043857 2.925301 21.747165 29.060235
 69.000000 -2.218723 2.794987 22.909815 89.190943
 69.200000 -2.245577 2.088722 23.202960 109.869052
 69.400000 -1.866812 2.680064 21.744077 85.253333
 69.600000 -2.280491 2.779283 23.586034 127.944561
 69.800000 3.083275 2.657961 7.898194 2892.312930
 70.000000 2.950289 -3.061005 1.093358 1837.786627
 70.200000 -2.926665 2.837239 19.444824 810.600697
 70.400000 -2.276585 2.312408 23.567743 125.803255
 70.600000 -1.788437 2.724320 22.822006 304.792562
 70.800000 -2.382781 2.670543 24.653772 59.054476
 71.000000 2.963674 2.604514 1.708085 2131.383013
 71.200000 -2.957207 -2.996253 18.568363 966.638369
 71.400000 -3.097334 2.752660 13.176745 2118.486182
 71.600000 -2.289121 2.417257 23.735617 127.425631
 71.800000 -1.435873 2.663422 28.579190 97.779427
 72.000000 -2.342714 2.018681 24.319708 101.256741
 72.200000 -2.422450 2.774876 24.948092 23.096560
 72.400000 -2.951041 3.114956 18.791199 932.716708
 72.600000 3.022913 2.743642 4.788152 2901.648085
 72.800000 -2.904745 3.028365 20.115248 719.257286
 73.000000 -2.904380 2.706233 20.125035 717.883072
 73.200000 -2.530330 2.674882 25.153290 0.791580
 73.400000 -2.733694 2.805969 23.785300 224.883473
 73.600000 -2.941540 2.752503 19.110176 882.847341
 73.800000 -3.085855 2.772940 13.770758 1987.387838
 74.000000 -2.975560 3.037908 18.046067 1083.780244
 74.200000 3.038480 2.664043 5.737043 2991.245498
 74.400000 -2.977303 2.768340 18.022365 1097.321581
 74.600000 -2.996651 2.814110 17.362291 1233.300786
 74.800000 -2.716774 2.687526 24.055264 180.607890
 75.000000 -2.496312 2.897686 25.190703 0.266777
 75.200000 2.973685 2.625746 2.330183 2538.619416
 75.400000 -2.487649 -3.108114 25.213084 0.921861
 75.600000 -2.247879 2.438359 23.378854 109.122176
 75.800000 -2.060434 2.282629 22.065437 30.814601
 76.000000 -1.908901 2.682190 21.572941 6.859185
 76.200000 -2.302480 2.859367 24.006296 128.081373
 76.400000 3.007528 2.790690 4.149101 2941.684946
 76.600000 3.055212 2.956014 6.762621 2991.257050
 76.800000 -2.507486 2.927882 25.253161 0.009070
 77.000000 -2.719717 2.368588 24.078088 186.771486
 77.200000 -1.873050 -3.104216 21.768507 47.699511
 77.400000 -2.140115 2.517655 22.555948 34.219925
 77.600000 -2.182129 2.392145 22.830493 54.378010
 77.800000 -2.118905 2.717130 22.436372 29.940689
 78.000000 -2.243524 2.601245 23.375155 106.268362
 78.200000 3.119606 2.630785 10.275745 2558.665538
 78.400000 2.854145 3.082055 -0.000000 0.000000
 78.600000 -2.551135 2.774350 25.281415 2.533591
 78.800000 -1.750050 1.887734 23.449900 332.343114
 79.000000 -1.582529 1.948846 26.434408 251.473272
 79.200000 -1.589535 2.015860 26.298742 256.192459
 79.400000 -2.635947 2.500638 24.995569 40.994975
 79.600000 2.892375 -3.045546 -0.000023 0.000042
 79.800000 3.035025 3.086489 5.807200 3079.791027
 80.000000 -2.438758 2.176859 25.207459 15.832643
 80.200000 -1.870526 2.479540 21.824750 45.156021
 80.400000 -2.202544 2.592147 23.070045 66.991518
 80.600000 3.092064 2.687632 8.956681 2751.078261
 80.800000 -2.379158 -3.017349 24.867764 66.857254
 81.000000 -2.274188 2.251520 23.774528 123.232636
 81.200000 -1.578347 1.826126 26.430256 243.598940
 81.400000 -1.838992 1.132077 22.112044 112.149522
 81.600000 -0.880921 0.230920 18.544100 1562.064730
 81.800000 -0.503509 -0.088061 2.663874 1518.777144
 82.000000 -0.752806 -0.341619 12.967183 2010.166570
 82.200000 -1.017246 -0.514499 23.143555 884.967132
 82.400000 -0.388754 0.065630 -0.000336 0.002208
 82.600000 -1.015864 0.589770 23.102409 888.262193
 82.800000 -1.712666 1.435921 24.105443 334.702514
 83.000000 -1.754123 1.962131 23.358224 306.031772
 83.200000 -2.002256 2.822438 21.980628 29.175317
 83.400000 3.002082 2.847270 4.141081 3160.166110
 83.600000 3.102927 2.715867 9.656636 2615.591147
 83.800000 -2.249394 2.750057 23.578053 104.629825
 84.000000 -1.707243 2.285928 24.198984 330.952072
 84.200000 -1.884006 2.166054 21.813485 19.538228
 84.400000 -2.430779 2.375346 25.290843 23.825491
 84.600000 -2.826792 -3.049139 22.421891 441.191220
 84.800000 2.977080 2.919900 2.784210 3010.382151
 85.000000 3.079140 2.595058 8.463738 2821.503735
 85.200000 -1.605534 3.095164 25.936226 254.422374
 85.400000 -1.833300 2.167709 22.217502 115.689134
 85.600000 -2.152240 1.737091 22.854084 33.667300
 85.800000 -1.736960 1.644614 23.663280 312.232159
 86.000000 -0.964508 1.503170 21.435419 1054.434507
 86.200000 -0.983609 1.094349 22.019514 981.347988
 86.400000 -1.678384 0.769138 24.705338 307.135029
 86.600000 -2.019125 0.368948 22.160894 32.933547
 86.800000 -1.403129 0.249225 28.455435 49.058217
 87.000000 -1.032011 0.885766 23.480223 850.697020
 87.200000 -1.549978 1.672716 26.751762 207.199136
 87.400000 -1.693828 1.311582 24.434434 309.703654
 87.600000 -1.181512 0.697017 27.221192 366.428109
 87.800000 -1.196441 0.721488 27.494215 303.321173
 88.000000 -1.537119 1.274779 26.934673 197.442439
 88.200000 -1.665103 1.214367 24.932830 290.622710
 88.400000 -0.976849 0.379742 21.764273 1006.455561
 88.600000 -1.202399 0.280817 27.572739 278.100609
 88.800000 -0.737939 0.572462 12.111015 1973.806679
 89.000000 -1.798379 1.207696 22.699963 196.198523
 89.200000 -1.819722 1.380460 22.437433 140.892969
 89.400000 -1.314740 1.244283 28.617832 5.525206
 89.600000 -1.013961 0.901902 22.887602 893.090754
 89.800000 -1.865527 0.864341 22.015283 40.802716
 90.000000 -1.505517 0.941295 27.343880 166.924034
 90.200000 -0.751530 0.827140 12.668059 2022.229870
 90.400000 -1.352818 1.153438 28.603305 3.765555
 90.600000 -1.931199 0.944077 21.888598 1.981918
 90.800000 -1.337199 0.742190 28.620412 0.055130
 91.000000 -1.355571 1.039672 28.597562 4.978923
 91.200000 -1.820083 1.294323 22.478568 137.172688
 91.400000 -1.695535 1.137705 24.431447 295.374271
 91.600000 -0.507387 0.351837 2.536186 1577.349755
 91.800000 -1.002350 -0.188797 22.506378 923.679514
 92.000000 -0.520264 -0.666225 3.052267 1630.487303
 92.200000 -0.395369 -0.170494 -0.000058 0.000085
 92.400000 -0.769674 0.649898 13.446545 2065.120995
 92.600000 -2.144182 1.473038 22.962713 27.951920
 92.800000 -1.869217 2.629754 22.065292 34.862697
 93.000000 -2.273058 3.111543 23.971928 109.933716
 93.200000 3.065323 2.540677 8.088678 2908.559700
 93.400000 -2.703134 2.969664 24.634133 153.001737
 93.600000 -2.202950 3.028409 23.345837 55.376673
 93.800000 -2.376614 2.024126 25.045728 75.828976
 94.000000 -1.448797 2.701226 27.959142 97.310745
 94.200000 -0.466252 2.403095 0.908885 1247.156672
 94.400000 -0.579606 1.470672 5.410303 1642.175864
 94.600000 -1.527101 1.053110 27.029788 175.180310
 94.800000 -1.755416 0.156088 23.475997 262.177143
 95.000000 -1.721050 -0.098230 24.047141 284.692013
 95.200000 -2.014348 0.616281 22.336704 31.886535
 95.400000 -1.415806 1.044005 28.223272 54.869231
 95.600000 -0.991619 1.298781 22.125479 954.837937
 95.800000 -1.406910 1.481085 28.286033 44.828464
 96.000000 -1.143200 0.769872 26.270247 516.148380
 96.200000 -1.278108 -0.003139 28.306856 49.081277
 96.400000 -0.076143 -0.630495 -0.000007 0.000000
 96.600000 -0.474092 -0.329026 1.147029 1347.937363
 96.800000 -1.377237 0.412560 28.434420 15.673007
 97.000000 -1.250433 1.677575 28.065426 109.281115
 97.200000 -0.474683 2.260413 1.148777 1363.031622
 97.400000 -0.837200 2.330220 16.402478 1910.251532
 97.600000 -0.491605 1.859158 1.791748 1516.761547
 97.800000 -0.176668 1.484792 -0.001947 0.000073
 98.000000 -0.645120 1.445399 7.992909 1619.243321
 98.200000 -1.415199 1.526643 28.204040 50.402982
 98.400000 -1.424989 0.526156 28.130816 61.656858
 98.600000 -0.609853 -0.189847 6.571814 1593.235640
 98.800000 -0.372086 -0.585775 -0.000001 0.000000
 99.000000 -0.699873 -0.239252 10.236821 1815.197752
 99.200000 -0.570829 0.135331 4.996808 1652.238789
 99.400000 -0.850026 0.133514 16.939556 1838.795430
 99.600000 -1.057362 -0.063476 24.021102 781.810719
 99.800000 -1.160237 -0.083262 26.589375 437.973814
 100.000000 -0.676074 0.272231 9.226076 1699.368804
 100.200000 -0.683219 0.331880 9.053921 1724.910551
 100.400000 -0.886997 -0.247783 17.998527 1556.132516
 100.600000 -0.463102 -0.387269 0.205660 1532.386668
 100.800000 -0.895566 0.054920 18.332891 1488.775259
 101.000000 -0.853553 0.351969 16.624852 1816.147022
 101.200000 -1.576946 1.103196 25.898049 195.002397
 101.400000 -1.250701 1.272336 27.540241 106.001180
 101.600000 -1.072291 0.796042 23.963199 744.436141
 101.800000 -1.712028 0.751880 23.856571 258.916056
 102.000000 -1.336120 0.866906 27.989583 0.236910
 102.200000 -1.367046 1.335601 27.951096 6.516851
 102.400000 -1.649958 1.249473 24.846143 229.572465
 102.600000 -1.238692 0.518911 27.402707 137.480716
 102.800000 -0.443099 0.138697 -0.004385 1.183755
 103.000000 -0.675781 -0.256040 8.745040 1681.389721
 103.200000 -0.422755 -0.588187 -0.000023 0.000031
 103.400000 -0.439675 -0.292066 -0.001715 0.197237
 103.600000 -0.896236 0.240413 18.366174 1480.714706
 103.800000 -1.595189 1.010583 25.660819 201.477368
 104.000000 -1.662253 1.680488 24.672161 234.374965
 104.200000 -1.734983 1.444858 23.545078 250.958472
 104.400000 -1.301158 0.980390 27.893027 18.480840
 104.600000 -1.223545 0.585616 27.207380 183.024697
 104.800000 -1.154761 0.687984 25.997290 457.420789
 105.000000 -1.498326 1.083159 26.945587 136.773074
 105.200000 -1.390053 1.223049 27.868405 19.877862
 105.400000 -1.022832 0.744129 22.557859 856.721703
 105.600000 -1.386313 0.455613 27.884472 17.095099
 105.800000 -1.385398 0.868291 27.888218 16.441189
 106.000000 -1.180521 1.256292 26.516569 347.540038
 106.200000 -1.460845 0.840355 27.367850 93.099070
 106.400000 -0.748802 0.191217 11.892995 2057.863078
 106.600000 -0.806555 -0.068109 14.549506 2101.348657
 106.800000 -0.571781 -0.289617 4.618189 1640.517492
 107.000000 -0.635558 -0.432763 7.142342 1540.116884
 107.200000 -0.396417 -0.764745 -0.000000 0.000000
 107.400000 -0.322921 -0.281636 -0.000000 0.000000
 107.600000 -0.551034 0.019665 3.778863 1705.387323
 107.800000 -1.620254 0.809830 25.359693 208.836505
 108.000000 -1.331166 1.327270 27.984229 1.291171
 108.200000 -0.742947 0.981550 11.631091 2033.407821
 108.400000 -1.079125 0.876260 24.148652 734.132747
 108.600000 -1.637185 0.916134 25.129448 216.626812
 108.800000 -1.445867 0.734590 27.527840 73.802494
 109.000000 -1.091675 0.919058 24.484746 699.561400
 109.200000 -1.602326 1.143529 25.650375 200.363768
 109.400000 -1.222287 1.008168 27.215268 186.379305
 109.600000 -0.712934 0.331151 10.310465 1858.117170
 109.800000 -0.587363 -0.105639 5.276801 1584.170218
 110.000000 -0.437087 -0.347504 -0.000623 0.028962
 110.200000 -1.180033 0.024700 26.536510 352.838279
 110.400000 -0.758927 0.461938 12.369131 2100.414728
 110.600000 -1.744296 0.998873 23.512780 247.513762
 110.800000 -1.212106 1.119113 27.077530 222.271293
 111.000000 -0.837991 0.636732 15.987700 1947.459156
 111.200000 -1.261732 0.531604 27.670400 76.859957
 111.400000 -1.885977 0.744224 21.857417 24.452647
 111.600000 -1.475909 1.291570 27.282641 104.743876
 111.800000 -0.790287 1.263801 13.826565 2143.069626
 112.000000 -0.548144 1.319754 3.705823 1733.114374
 112.200000 -0.796311 1.875835 14.115821 2134.646785
 112.400000 -0.504620 2.199692 1.882625 1770.655498
 112.600000 -0.985434 2.328899 21.450297 947.950383
 112.800000 -0.798449 1.783671 14.214580 2130.553875
 113.000000 -0.807217 1.605668 14.618216 2106.796278
 113.200000 -0.806388 1.570300 14.595151 2108.526514
 113.400000 -1.392055 1.810964 27.923838 17.579331
 113.600000 -1.577451 1.059576 26.074440 185.757491
 113.800000 -0.823999 0.053496 15.396886 2030.127846
 114.000000 -0.065590 -0.466921 -0.000000 0.000000
 114.200000 0.178302 -0.736250 -0.000000 0.000000
