#! FIELDS time phi psi ves.bias ves.force2
#! SET min_phi -pi
#! SET max_phi pi
#! SET min_psi -pi
#! SET max_psi pi
 0.000000 -1.498385 0.273949 21.102548 145.576228
 0.200000 -1.565662 1.458415 20.175181 230.923850
 0.400000 -0.698839 1.468913 3.546922 1831.064048
 0.600000 -0.453459 1.757865 -0.000000 0.000000
 0.800000 -1.145433 2.183621 19.424708 494.170083
 1.000000 -1.448458 2.425304 21.620843 72.406023
 1.200000 -2.288962 2.455651 18.866053 55.141075
 1.400000 3.040875 2.857238 1.623913 2077.644919
 1.600000 3.122802 -3.046804 5.815699 2792.520407
 1.800000 -2.688723 2.417517 19.524110 75.466728
 2.000000 -1.700736 2.377930 18.068725 172.643691
 2.200000 -1.764227 2.483861 17.398069 81.120731
 2.400000 -2.461625 2.444733 20.012281 18.472406
 2.600000 -3.003195 3.059631 12.711833 1104.357250
 2.800000 3.114345 3.025803 5.585434 2761.684571
 3.000000 -2.871961 2.786422 16.546691 624.741870
 3.200000 -2.207662 2.500425 18.205920 82.014411
 3.400000 -1.795873 2.593024 17.184227 59.419855
 3.600000 -2.131272 2.371323 17.535243 66.120960
 3.800000 -2.446275 2.752071 19.960087 20.901648
 4.000000 -2.759223 2.925928 18.729258 203.263561
 4.200000 3.123110 2.923888 6.262128 2802.327405
 4.400000 3.132294 2.795167 6.744780 2717.898990
 4.600000 -2.448832 2.938459 20.024976 14.306523
 4.800000 -2.227373 2.410090 18.446763 88.521152
 5.000000 -1.741107 2.336468 17.754657 115.632429
 5.200000 -1.991696 2.490818 16.797090 7.277612
 5.400000 -2.533582 2.747574 20.201198 0.500987
 5.600000 -3.132731 2.939704 7.735559 2479.230105
 5.800000 -3.009703 2.912670 12.687067 1012.293389
 6.000000 -2.476786 2.725921 20.166879 3.632433
 6.200000 -2.015993 2.434369 16.896978 13.998014
 6.400000 -1.675374 2.502503 18.562740 153.890772
 6.600000 -2.210578 2.488960 18.370890 104.950910
 6.800000 -2.793048 2.919816 18.160510 304.410976
 7.000000 -3.109730 3.055289 8.920175 2135.897324
 7.200000 -2.557065 2.670922 20.173081 6.621658
 7.400000 -2.111656 2.504918 17.469645 60.577580
 7.600000 -1.881674 2.724704 16.866130 8.731545
 7.800000 -2.194283 2.551036 18.237963 108.772375
 8.000000 -2.717894 2.672401 19.204180 110.803048
 8.200000 -2.963970 2.973650 14.170677 798.743928
 8.400000 -2.923687 2.990235 15.267092 688.215041
 8.600000 -2.306771 2.667533 19.461664 80.529712
 8.800000 -1.934048 2.511369 16.859707 0.082767
 9.000000 -2.011008 2.317293 16.961888 8.691008
 9.200000 -2.082973 2.596719 17.323464 39.247083
 9.400000 -2.468687 2.744222 20.321325 1.394584
 9.600000 -2.914264 2.693630 15.535493 655.216893
 9.800000 -2.900784 3.036977 15.875704 618.543620
 10.000000 -2.859644 2.739342 16.848296 497.825106
 10.200000 -2.036193 2.622897 17.148524 12.040375
 10.400000 -1.819662 2.562027 17.259108 23.496739
 10.600000 -1.921475 2.354625 17.005185 0.309694
 10.800000 -2.339072 2.630488 19.857799 48.060942
 11.000000 -2.749622 2.868697 18.835764 184.504975
 11.200000 -3.029345 2.701653 12.259915 1186.055865
 11.400000 3.094242 2.971705 4.980216 2862.922143
 11.600000 -2.289022 3.089871 19.515073 90.589066
 11.800000 -1.968277 2.178835 17.085196 1.122254
 12.000000 -1.437833 1.493085 21.459935 68.630069
 12.200000 -0.828536 0.418996 8.313915 1394.468434
 12.400000 -1.013462 -0.353548 15.190284 1207.998302
 12.600000 -0.864412 -0.455097 9.646964 1378.156500
 12.800000 -1.037001 0.283220 15.983551 1060.480792
 13.000000 -1.547194 1.299863 20.096837 188.437778
 13.200000 -1.502168 1.549123 20.667120 166.154104
 13.400000 -1.222183 1.038257 20.243213 257.926052
 13.600000 -1.123494 0.462675 18.351446 526.970123
 13.800000 -0.862438 0.244286 9.536658 1382.195262
 14.000000 -0.804640 0.023123 7.377373 1440.187909
 14.200000 -1.056565 0.324097 16.568385 919.494848
 14.400000 -1.055735 0.585511 16.543183 925.257230
 14.600000 -1.545021 1.467335 20.076400 186.608690
 14.800000 -1.629985 1.852916 18.946976 158.366492
 15.000000 -1.712952 2.182222 18.001180 97.880625
 15.200000 -1.962554 2.964629 17.240839 1.979737
 15.400000 3.085905 2.708063 4.568826 2793.232198
 15.600000 -3.079903 3.092694 10.353783 1765.445339
 15.800000 -2.863101 2.940085 16.831229 459.882663
 16.000000 -2.393727 2.569978 20.298454 7.173885
 16.200000 -1.944563 2.556491 17.243647 1.623489
 16.400000 -1.999809 2.471894 17.328905 3.658468
 16.600000 -2.194412 2.590109 18.655590 146.018378
 16.800000 -2.630237 2.870876 20.082663 39.482236
 17.000000 -2.979838 2.886936 13.879992 869.587863
 17.200000 -3.093609 2.777516 9.777543 1930.630012
 17.400000 -2.510344 2.731221 20.424440 0.125945
 17.600000 -2.625282 2.645072 20.109016 36.095576
 17.800000 -2.873958 2.680752 16.582215 481.139433
 18.000000 -2.907685 2.885729 15.806435 580.068572
 18.200000 -2.622450 2.939763 20.154425 32.831545
 18.400000 -2.351135 2.363478 20.188273 20.775581
 18.600000 -2.032046 2.746187 17.474370 6.807107
 18.800000 -2.049861 2.601094 17.527156 11.263132
 19.000000 -2.012684 2.636882 17.429609 4.236666
 19.200000 -2.344224 2.533029 20.170642 23.097665
 19.400000 -2.209952 2.930016 18.908618 150.519759
 19.600000 -2.214011 2.634480 18.958412 150.509179
 19.800000 -1.986873 2.508963 17.424846 3.227917
 20.000000 -2.062860 2.666192 17.616342 15.392389
 20.200000 -2.481193 2.644501 20.422360 0.516039
 20.400000 -2.877112 2.965267 16.512690 467.456840
 20.600000 -2.881712 2.968866 16.412637 478.528065
 20.800000 -2.742270 2.671040 18.972279 217.740809
 21.000000 -2.367380 2.727430 20.269225 8.802763
 21.200000 -2.392638 2.853973 20.332057 2.741200
 21.400000 -2.512066 2.583678 20.450285 0.365074
 21.600000 -2.865583 2.833577 16.785324 432.186298
 21.800000 -3.091231 2.966541 9.932671 1953.336712
 22.000000 -2.929068 2.866640 15.345172 616.043748
 22.200000 -2.078703 2.774226 17.880263 26.928031
 22.400000 -1.800694 2.316719 17.328980 11.292424
 22.600000 -1.870102 2.201325 17.274421 1.939607
 22.800000 -2.004106 2.435835 17.614503 7.002850
 23.000000 -2.122418 2.921236 18.171469 67.351412
 23.200000 -2.843279 2.546079 17.275056 363.092115
 23.400000 -2.762997 2.960937 18.679900 256.307419
 23.600000 -2.869835 2.823418 16.752003 415.630519
 23.800000 -2.850838 2.586328 17.129703 376.524725
 24.000000 -2.465109 2.953451 20.418317 1.510973
 24.200000 -2.759171 2.842829 18.774313 251.686852
 24.400000 -2.671428 2.710747 19.959677 107.749087
 24.600000 -2.979000 2.861643 14.125933 892.645741
 24.800000 -2.606863 2.985228 20.429995 16.925637
 25.000000 -2.690353 2.384475 19.747925 143.137202
 25.200000 -2.126941 2.865710 18.372627 75.046071
 25.400000 -1.782769 2.595053 17.386829 15.369797
 25.600000 -2.061918 2.149510 17.954833 19.311039
 25.800000 -1.643989 2.389011 18.544973 124.754147
 26.000000 -1.265184 2.725918 20.610642 178.990431
 26.200000 -0.674888 2.154650 1.903368 1391.957490
 26.400000 -1.210527 1.263415 19.741548 286.250819
 26.600000 -1.434677 0.467545 21.021796 77.496127
 26.800000 -0.668028 -0.079887 1.649862 1337.644351
 27.000000 -0.839209 -0.072157 8.215674 1394.511028
 27.200000 -0.797064 0.283264 6.612705 1421.501126
 27.400000 -1.472039 1.137906 20.594770 137.882982
 27.600000 -0.961745 1.385300 12.905763 1503.707756
 27.800000 -0.742741 1.385939 4.522099 1540.744447
 28.000000 -0.970865 1.168375 13.257893 1476.386838
 28.200000 -1.358068 0.861555 21.275562 2.034129
 28.400000 -1.234453 0.637675 20.089107 244.989709
 28.600000 -1.316146 1.239067 21.083114 58.195284
 28.800000 -1.732549 1.262898 17.624831 49.485128
 29.000000 -1.171338 0.910299 18.991646 364.316851
 29.200000 -1.025060 0.205075 15.215126 1157.600964
 29.400000 -0.657038 -0.395190 1.202377 1217.914144
 29.600000 -0.787073 -0.221300 6.197553 1447.370300
 29.800000 -1.121329 0.612334 17.939007 522.030694
 30.000000 -1.481936 1.196902 20.436556 151.340234
 30.200000 -1.307721 1.379525 20.996432 77.364453
 30.400000 -1.372944 0.826417 21.263563 0.749910
 30.600000 -0.928053 0.436076 11.567650 1541.153448
 30.800000 -0.999538 0.548487 14.314731 1332.127082
 31.000000 -1.355262 0.968581 21.254747 3.492030
 31.200000 -1.499142 1.112881 20.199642 169.429005
 31.400000 -1.363357 0.990958 21.265357 0.348805
 31.600000 -1.262673 0.997155 20.485501 185.630816
 31.800000 -1.739019 1.011417 17.512903 39.435803
 32.000000 -1.180565 0.951566 19.148685 341.862093
 32.200000 -1.301347 1.034993 20.944388 91.971284
 32.400000 -1.329026 0.850800 21.159627 34.322766
 32.600000 -0.905002 0.663919 10.674639 1528.833758
 32.800000 -1.368499 0.910475 21.273411 0.023765
 33.000000 -1.396059 0.884635 21.211698 18.197455
 33.200000 -1.073841 0.943249 16.776308 785.267087
 33.400000 -1.375225 0.930588 21.301505 1.283394
 33.600000 -1.366701 0.821968 21.305523 0.037150
 33.800000 -1.150857 0.978564 18.603655 407.729717
 34.000000 -1.409241 0.857080 21.176691 36.994260
 34.200000 -1.249625 0.818503 20.353765 218.716325
 34.400000 -1.428012 1.103206 21.090337 71.291520
 34.600000 -1.350918 0.858201 21.326951 8.015412
 34.800000 -1.264691 0.796036 20.568282 186.339861
 35.000000 -1.371240 0.859323 21.351899 0.143816
 35.200000 -1.390230 1.002512 21.376900 10.679658
 35.400000 -0.780269 0.729018 5.896945 1473.704188
 35.600000 -1.431470 0.941263 21.119882 79.953595
 35.800000 -1.559945 1.143415 19.438612 204.394682
 36.000000 -0.821494 0.700948 7.462670 1424.962900
 36.200000 -1.457356 0.930691 20.913573 137.073196
 36.400000 -1.451112 0.912572 20.984892 123.835699
 36.600000 -0.979822 0.855714 13.649550 1504.961192
 36.800000 -1.630894 1.209107 18.475445 165.558209
 37.000000 -1.435439 0.956837 21.146591 89.373245
 37.200000 -0.967981 0.735351 13.197563 1566.795751
 37.400000 -1.414142 0.929049 21.387911 44.286200
 37.600000 -1.567561 0.959953 19.385733 227.267187
 37.800000 -1.122733 1.081155 18.137279 515.904940
 38.000000 -1.403086 1.128697 21.452571 25.258466
 38.200000 -1.271001 0.625727 20.839265 184.772484
 38.400000 -1.048362 0.623575 16.154027 1033.458717
 38.600000 -1.386149 0.900517 21.586648 5.177312
 38.800000 -1.241012 1.188400 20.398605 245.149435
 39.000000 -1.222216 1.121963 20.095064 275.936180
 39.200000 -1.467798 0.821400 20.984560 173.010895
 39.400000 -1.638378 0.922861 18.386473 186.182438
 39.600000 -1.043639 1.209419 16.036452 1096.177277
 39.800000 -0.681805 1.356243 1.988105 1434.403031
 40.000000 -0.998633 1.843441 14.425993 1453.052253
 40.200000 -0.546731 1.782828 -0.000001 0.000000
 40.400000 -0.659005 2.006995 1.136249 1234.194948
 40.600000 -0.805920 2.201458 6.832853 1468.495885
 40.800000 -0.708431 2.047407 3.004585 1561.355872
 41.000000 -1.178111 1.884480 19.456763 355.432251
 41.200000 -0.870839 1.302838 9.344032 1540.435650
 41.400000 -1.106035 1.031608 17.959606 636.655677
 41.600000 -1.531266 0.682587 20.110899 279.201267
 41.800000 -1.281603 0.989344 21.189738 160.338168
 42.000000 -1.065706 1.335093 16.836692 934.636195
 42.200000 -0.656668 1.296694 1.047049 1219.742147
 42.400000 -1.627426 1.193155 18.563389 227.416741
 42.600000 -1.455130 0.696194 21.316645 155.340406
 42.800000 -0.973428 0.405017 13.537937 1639.911381
 43.000000 -0.973904 0.500825 13.557220 1638.060320
 43.200000 -1.466593 1.154160 21.217237 190.749742
 43.400000 -1.557345 1.220184 19.733997 299.562353
 43.600000 -1.264364 0.810126 21.087967 200.483571
 43.800000 -0.799023 0.376082 6.600094 1499.175148
 44.000000 -1.003715 0.044463 14.779593 1484.912725
 44.200000 -0.692008 0.022827 2.367106 1524.397703
 44.400000 -1.162879 0.157899 19.419612 399.054680
 44.600000 -1.649029 0.692169 18.266573 211.151670
 44.800000 -1.042103 1.487330 16.231517 1175.177344
 45.000000 -1.029105 2.157939 15.774935 1292.675377
 45.200000 -0.830978 2.580705 7.873664 1504.606380
 45.400000 -0.742032 2.026037 4.380151 1616.530162
 45.600000 -0.823771 1.435888 7.594339 1500.817766
 45.800000 -1.209172 0.800355 20.346561 302.951258
 46.000000 -1.685519 0.459055 17.781085 155.208733
 46.200000 -1.533841 0.617539 20.251917 314.179538
 46.400000 -1.409602 1.322777 21.973645 46.587166
 46.600000 -0.767214 1.746055 5.410561 1578.400982
 46.800000 -0.708820 1.974199 3.062750 1608.449849
 47.000000 -0.633665 2.501373 0.287657 1141.886932
 47.200000 -1.771373 2.234255 17.013919 19.619144
 47.400000 -2.198416 2.403912 19.077660 94.504706
 47.600000 -2.859842 2.896506 17.126845 386.657225
 47.800000 3.052028 2.947928 2.362154 1964.527721
 48.000000 -2.925116 2.711832 15.639029 705.873940
 48.200000 -2.269105 2.857577 19.639851 35.437059
 48.400000 -2.152233 2.327900 18.615167 80.243866
 48.600000 -1.779023 2.508511 16.964693 13.971014
 48.800000 -1.853172 2.551630 16.995592 15.714981
 49.000000 -2.057144 2.642449 17.997942 18.058238
 49.200000 -2.974484 2.662840 14.112132 1150.815017
 49.400000 2.963983 2.864183 -0.000724 0.019061
 49.600000 -2.622917 2.812485 20.273693 14.376220
 49.800000 -1.820433 2.463030 16.891842 0.808053
 50.000000 -1.897617 2.020503 17.200999 35.367973
 50.200000 -1.848589 1.978255 16.937880 11.987148
 50.400000 -1.802094 2.383522 16.880833 1.696489
 50.600000 -1.844781 2.706859 16.925292 9.899531
 50.800000 -2.417814 2.728973 19.791715 0.363918
 51.000000 2.976679 2.610720 -0.007801 2.109024
 51.200000 3.128745 3.110119 5.947762 2588.912916
 51.400000 -3.099220 2.646110 8.742334 2455.174686
 51.600000 -2.805840 2.701723 18.007864 273.408534
 51.800000 -2.086822 2.959112 18.106228 31.973717
 52.000000 -1.819401 2.107474 16.871137 0.272455
 52.200000 -1.530530 1.775956 20.493015 326.200693
 52.400000 -1.608029 1.647808 19.091484 307.987391
 52.600000 -1.668332 1.285138 18.097183 228.194093
 52.800000 -0.884518 0.570897 10.197964 1673.266966
 53.000000 -1.148827 0.206351 19.516477 456.938175
 53.200000 -0.715947 0.153292 3.463465 1674.116127
 53.400000 -1.116644 0.742634 18.810398 606.392604
 53.600000 -1.297161 1.418311 22.010332 113.800296
 53.800000 -0.586591 1.361574 -0.000131 0.000540
 54.000000 -1.160111 1.727035 19.785061 421.453674
 54.200000 -0.788809 1.473275 6.431970 1574.204104
 54.400000 -0.788029 1.245017 6.401008 1575.625364
 54.600000 -1.153034 1.274023 19.677861 446.873826
 54.800000 -1.683045 0.463874 17.927816 207.447380
 55.000000 -1.103548 0.464200 18.513684 691.834390
 55.200000 -0.963565 1.126507 13.586641 1776.618446
 55.400000 -0.969964 2.027266 13.855596 1755.890981
 55.600000 -0.739579 2.506306 4.464332 1682.870469
 55.800000 -0.963463 2.252499 13.582330 1776.905883
 56.000000 -0.772846 1.415671 5.815527 1611.514978
 56.200000 -0.797041 0.427085 6.812659 1567.655604
 56.400000 -0.976732 -0.684246 14.168831 1728.299845
 56.600000 -0.726517 -0.406064 3.953392 1706.900149
 56.800000 -1.632508 1.087634 18.772810 286.646037
 57.000000 -1.761899 1.720841 17.072841 52.716235
 57.200000 -1.767523 1.727018 17.038605 46.112195
 57.400000 -1.886711 1.952140 17.032800 24.921145
 57.600000 -1.815378 2.481469 16.855053 0.853297
 57.800000 -2.310108 2.879383 19.608452 1.203074
 58.000000 3.119645 2.839123 5.345972 2539.687347
 58.200000 -3.040885 2.813931 11.347780 1965.640768
 58.400000 -2.764022 2.731170 18.468236 234.939227
 58.600000 -2.686831 2.620224 19.541161 132.150927
 58.800000 -2.412823 2.905821 19.511686 0.009376
 59.000000 -2.729100 2.750620 18.988374 204.948280
 59.200000 -3.038778 2.759134 11.422336 1948.738830
 59.400000 -2.590218 -3.021196 20.084277 0.195430
 59.600000 -2.363665 2.263133 19.524161 2.167103
 59.800000 -1.797224 2.094353 16.907004 12.629168
 60.000000 -1.675152 1.885613 18.160538 235.186501
 60.200000 -1.939737 2.192379 17.277693 28.686832
 60.400000 -2.155100 2.662599 18.519546 85.530732
 60.600000 -2.333761 -3.138989 19.532475 0.671792
 60.800000 3.056502 2.211182 2.279138 1865.225572
 61.000000 -2.768615 3.082496 18.354776 240.491543
 61.200000 -2.916614 2.973557 15.629432 610.835959
 61.400000 -2.866946 2.703987 16.700653 358.475172
 61.600000 -1.803307 2.839231 16.900011 10.446692
 61.800000 -1.722019 2.253580 17.554918 152.942498
 62.000000 -2.013131 1.615871 17.615174 18.341762
 62.200000 -1.411556 1.659587 22.361465 69.275689
 62.400000 -0.905425 0.765233 11.323964 1726.997389
 62.600000 -1.202882 0.138326 20.923295 318.307631
 62.800000 -0.583778 -0.110515 -0.000095 0.000292
 63.000000 -1.195037 0.382259 20.781383 336.224821
 63.200000 -1.291239 1.169197 22.228929 105.415876
 63.400000 -1.359378 1.442724 22.593985 0.004391
 63.600000 -0.543688 0.729567 -0.000000 0.000000
 63.800000 -1.122104 0.275918 19.265535 601.747473
 64.000000 -0.621793 -0.017854 0.034973 543.456035
 64.200000 -0.741856 -0.074018 4.778529 1763.961968
 64.400000 -1.017113 0.405139 15.989997 1463.796524
 64.600000 -0.917043 0.638745 11.859866 1753.083274
 64.800000 -1.339030 1.107088 22.578809 10.260696
 65.000000 -1.744242 1.104796 17.357985 115.562575
 65.200000 -1.076495 0.919920 18.065181 926.951002
 65.400000 -1.172549 0.887193 20.425869 394.624526
 65.600000 -1.384894 0.911356 22.564308 20.113083
 65.800000 -1.636967 1.157493 18.929983 272.166954
 66.000000 -1.406254 1.135812 22.432940 60.194999
 66.200000 -1.402004 0.981537 22.482077 52.014721
 66.400000 -1.577054 0.986899 19.953620 284.709429
 66.600000 -1.578523 1.072869 19.928838 284.556827
 66.800000 -1.370150 1.081392 22.632861 4.652952
 67.000000 -1.185291 0.769180 20.704449 359.322339
 67.200000 -0.940323 0.525727 12.926689 1779.181508
 67.400000 -1.485557 0.792096 21.494712 243.847314
 67.600000 -1.403858 1.199306 22.497880 57.061557
 67.800000 -1.066207 1.141250 17.804191 1021.941634
 68.000000 -1.105993 0.850986 18.966340 704.507156
 68.200000 -1.675773 0.810216 18.361440 245.699224
 68.400000 -1.516034 0.807352 21.023146 278.600611
 68.600000 -0.617631 0.660473 -0.019566 55.825739
 68.800000 -1.674984 1.072522 18.373822 246.501562
 69.000000 -1.449200 0.792104 22.049476 173.499069
 69.200000 -1.057853 0.510106 17.599959 1104.933587
 69.400000 -1.715252 0.886074 17.793475 191.189803
 69.600000 -1.578607 1.450103 19.987988 286.931592
 69.800000 -0.642748 1.202158 0.783386 1306.636726
 70.000000 -1.620128 1.262833 19.289546 278.350397
 70.200000 -1.713444 0.818395 17.837162 197.179500
 70.400000 -0.880759 0.624572 10.546656 1637.582151
 70.600000 -1.196079 1.132197 21.050724 332.096112
 70.800000 -1.596184 1.154149 19.714397 284.640748
 71.000000 -1.177221 0.806277 20.694931 381.434607
 71.200000 -0.840943 0.138550 8.987565 1568.416988
 71.400000 -0.701065 -0.526062 3.160001 1874.028602
 71.600000 -0.701727 -0.503642 3.188670 1876.117739
 71.800000 -0.770910 0.373936 6.164809 1739.403821
 72.000000 -1.308843 1.261491 22.633847 58.392824
 72.200000 -1.605722 1.351455 19.606244 282.904715
 72.400000 -1.188107 0.727086 20.974046 350.710693
 72.600000 -1.170562 0.571364 20.634503 400.230941
 72.800000 -0.649294 0.342422 1.042395 1428.984695
 73.000000 -1.029876 0.122544 16.715695 1372.416230
 73.200000 -0.583785 0.096107 -0.000098 0.000330
 73.400000 -1.197645 0.396032 21.184057 325.396371
 73.600000 -1.613096 1.098009 19.509280 281.943946
 73.800000 -1.539591 1.331811 20.760344 294.415675
 74.000000 -0.880789 0.686749 10.649755 1629.033724
 74.200000 -0.590017 -0.165377 -0.000337 0.004471
 74.400000 -0.553154 -0.432483 -0.000001 0.000000
 74.600000 -0.768421 -0.228404 6.165908 1776.484395
 74.800000 -0.875296 0.431822 10.463758 1609.487584
 75.000000 -1.388692 1.028709 22.831291 29.046315
 75.200000 -1.655600 1.073358 18.854401 272.410272
 75.400000 -1.149408 0.904874 20.300467 470.390465
 75.600000 -1.117198 0.648737 19.547214 636.890788
 75.800000 -1.195757 0.587585 21.215938 325.570248
 76.000000 -1.695430 0.943479 18.213534 240.431829
 76.200000 -1.289403 1.300320 22.611996 105.033437
 76.400000 -0.794412 1.342216 7.332382 1660.039765
 76.600000 -1.149236 1.421039 20.331607 468.333798
 76.800000 -1.666860 1.110555 18.696026 269.800550
 77.000000 -1.394312 0.553365 22.860625 38.938609
 77.200000 -0.612730 0.475940 -0.027541 1.027951
 77.400000 -1.041705 0.510282 17.326792 1274.087676
 77.600000 -1.397724 0.728814 22.871313 45.820354
 77.800000 -1.247643 1.398464 22.120086 207.358221
 78.000000 -0.807645 1.831889 7.912519 1606.588170
 78.200000 -0.688282 2.309361 2.798983 1961.085554
 78.400000 -0.767653 2.437225 6.314812 1805.768879
 78.600000 -0.601289 1.974260 -0.004558 0.906945
 78.800000 -0.644226 1.653544 0.956971 1467.725992
 79.000000 -0.995324 1.132721 15.583024 1645.095026
 79.200000 -1.235554 0.304682 21.998510 232.795860
 79.400000 -0.643332 0.031150 0.950380 1479.381784
 79.600000 -0.530852 -0.049889 -0.000000 0.000000
 79.800000 -1.365394 0.423496 23.066859 1.807990
 80.000000 -0.843714 0.922567 9.438259 1525.646450
 80.200000 -0.902144 1.608673 11.798237 1641.309787
 80.400000 -0.662699 2.101646 1.767137 1783.712013
 80.600000 -0.727879 2.275130 4.680977 2035.791931
 80.800000 -0.841364 2.083842 9.399224 1515.272468
 81.000000 -0.646452 1.480071 1.102615 1554.588328
 81.200000 -0.701182 1.496496 3.524569 2085.886058
 81.400000 -1.300967 1.397122 22.865646 79.034668
 81.600000 -1.189340 0.576122 21.287203 326.164178
 81.800000 -1.017150 0.255913 16.567827 1493.342456
 82.000000 -0.851862 0.274570 9.863380 1503.704095
 82.200000 -1.114661 0.523936 19.742642 633.681514
 82.400000 -1.166107 1.449856 20.885202 387.450990
 82.600000 -0.465653 1.939047 -0.000000 0.000000
 82.800000 -1.247243 2.710211 22.259706 204.607479
 83.000000 -0.655887 2.442640 1.567832 1755.942473
 83.200000 -0.666196 1.506497 2.056580 1916.771362
 83.400000 -1.006591 0.998905 16.240719 1573.796532
 83.600000 -1.692194 0.788625 18.434501 272.662291
 83.800000 -1.684645 0.853963 18.559713 277.295032
 84.000000 -0.761746 1.386165 6.374299 1854.603624
 84.200000 -0.676430 2.492192 2.562058 2045.456822
 84.400000 -1.229746 2.490443 22.069196 236.695065
 84.600000 -0.854902 1.854444 10.151149 1467.574797
 84.800000 -0.836080 1.531167 9.430740 1469.141597
 85.000000 -1.098522 1.460997 19.405775 746.240410
 85.200000 -1.291815 0.800652 22.906760 97.270110
 85.400000 -1.746007 0.550332 17.614010 206.484796
 85.600000 -1.772099 0.771690 17.267385 145.918823
 85.800000 -1.019845 1.092994 16.848310 1471.339033
 86.000000 -0.946276 1.514990 13.848607 1730.070152
 86.200000 -0.780018 1.433109 7.350408 1712.742449
 86.400000 -1.214739 1.193869 21.905654 261.997474
 86.600000 -1.635131 0.790144 19.451111 285.866800
 86.800000 -1.550553 0.763562 20.884564 296.157069
 87.000000 -0.920956 1.273669 12.855354 1652.419086
 87.200000 -0.599139 1.661991 -0.011743 5.230124
 87.400000 -0.610067 2.206738 0.005698 331.721561
 87.600000 -1.242585 2.561524 22.367095 206.104000
 87.800000 -2.036659 2.377983 17.163042 21.708851
 88.000000 -2.812646 2.611513 16.912546 240.435137
 88.200000 3.059716 -2.771293 1.759168 1567.472735
 88.400000 3.024224 2.828801 0.485170 1069.326190
 88.600000 -2.028736 2.557843 17.098468 20.674121
 88.800000 -1.739351 2.305047 17.745678 238.555908
 89.000000 -2.054809 2.382709 17.222061 24.921864
 89.200000 -2.592208 2.542820 19.296325 4.042478
 89.400000 -2.758385 -3.021759 17.702910 258.587214
 89.600000 -3.019808 2.814267 11.571205 1897.200029
 89.800000 -2.357915 2.641223 18.531583 9.699752
 90.000000 -1.947382 2.686913 16.723061 14.789157
 90.200000 -2.190007 2.645071 18.127715 66.347286
 90.400000 -2.578456 2.815996 19.227134 15.288280
 90.600000 -2.952160 2.905063 14.039993 891.341188
 90.800000 -2.421508 2.853286 18.376734 0.094024
 91.000000 -2.394650 2.359104 18.399961 3.594620
 91.200000 -2.164965 2.759483 17.892120 69.712758
 91.400000 -2.537119 2.662581 18.956064 54.681432
 91.600000 -2.870677 2.710997 15.863104 298.577155
 91.800000 3.056017 2.926615 1.545609 1474.619484
 92.000000 3.115744 2.970439 4.162981 2338.956966
 92.200000 -2.353501 2.756753 18.459949 9.343732
 92.400000 -2.224532 2.346912 18.329501 41.444092
 92.600000 -1.619243 2.527473 19.846841 281.189535
 92.800000 -2.634341 2.384803 19.161196 23.954607
 93.000000 -2.978447 3.025790 13.131962 1253.922847
 93.200000 -2.712979 -3.092301 18.302412 221.720604
 93.400000 -2.443574 2.273300 18.339781 6.797548
 93.600000 -1.721499 2.420525 18.092437 293.782330
 93.800000 -2.104342 2.681966 17.384235 43.322247
 94.000000 -2.497442 2.785046 18.615241 50.680979
 94.200000 -2.995369 2.818871 12.454429 1516.646373
 94.400000 -2.900307 2.839425 15.228695 420.054004
 94.600000 -2.443811 2.829120 18.323801 7.127779
 94.800000 -1.937657 2.731323 16.577308 11.252179
 95.000000 -1.856479 2.323447 16.537678 12.824456
 95.200000 -1.999111 2.260121 16.808682 19.102633
 95.400000 -1.925785 2.785375 16.524866 7.589859
 95.600000 -2.926675 2.830798 14.612333 613.532154
 95.800000 -2.954387 3.093271 13.851501 916.012764
 96.000000 -3.101557 2.954394 7.419076 2698.774581
 96.200000 3.062787 2.648788 1.718400 1548.588957
 96.400000 -2.127443 3.024310 17.485967 53.730472
 96.600000 -2.087821 2.335736 17.224230 34.480241
 96.800000 -1.775351 2.023587 17.258218 194.867765
 97.000000 -1.958787 1.966638 16.626263 15.284647
 97.200000 -1.723944 2.401299 18.086956 303.463037
 97.400000 -2.567559 2.670426 19.042243 24.890028
 97.600000 3.035677 2.917865 0.715778 1125.764984
 97.800000 -2.378602 2.969042 18.284030 5.873445
 98.000000 -1.693091 2.265551 18.633565 318.256159
 98.200000 -1.717468 0.916316 18.209043 310.818482
 98.400000 -0.605136 -0.183798 0.042177 740.650003
 98.600000 -0.412330 -0.754854 -0.000001 0.000000
 98.800000 -0.704749 -0.576018 4.519963 2427.064143
 99.000000 -0.854472 0.127050 10.845104 1350.720607
 99.200000 -0.504666 0.525754 -0.000000 0.000000
 99.400000 -1.938141 0.897214 16.538037 9.590400
 99.600000 -2.300863 1.435603 18.407179 0.050856
 99.800000 -1.862019 2.015136 16.504563 10.924444
 100.000000 -1.728316 3.020139 18.028683 300.712886
 100.200000 2.845124 2.716686 -0.000000 0.000000
 100.400000 -2.619802 3.008472 17.581598 7.846154
 100.600000 -2.026665 2.574104 15.397330 17.640174
 100.800000 -2.330075 2.192995 16.873110 4.400871
 101.000000 -2.045005 2.547042 15.476198 19.579699
 101.200000 -2.356631 2.784620 16.804027 7.410536
 101.400000 -3.120887 2.585909 4.846386 2677.807323
 101.600000 -2.519714 3.109626 17.190172 58.314160
 101.800000 -1.868894 2.456424 15.027382 6.677460
 102.000000 -1.902692 1.953395 15.001159 0.686816
 102.200000 -1.697386 1.629732 17.157107 319.476647
 102.400000 -1.343323 0.981534 22.041619 1.048063
 102.600000 -0.893323 0.329644 10.949474 1401.519254
 102.800000 -0.635917 -0.385997 -0.027326 5.094188
 103.000000 -0.598893 -0.393617 -0.000000 0.000000
 103.200000 -0.743019 0.166192 5.099663 2156.548894
 103.400000 -1.102653 0.594579 18.589363 682.698981
 103.600000 -1.461846 0.769905 21.080074 230.492208
 103.800000 -1.682433 1.177730 17.447664 314.747135
 104.000000 -0.799656 1.119495 7.521460 1542.153526
 104.200000 -0.832262 1.068242 8.803074 1350.193660
 104.400000 -1.736997 1.145442 16.507208 291.832836
 104.600000 -1.795755 0.607752 15.629327 145.622733
 104.800000 -1.213156 0.661573 20.829486 242.218613
 105.000000 -0.549914 0.869121 -0.000000 0.000000
 105.200000 -1.022305 1.641950 16.093465 1366.233199
 105.400000 -0.832726 1.732651 8.868468 1345.828783
 105.600000 -0.699635 1.822469 3.080295 2518.230077
 105.800000 -1.832399 2.737600 15.294551 54.227187
 106.000000 -2.944242 2.874124 12.548975 774.575057
 106.200000 3.069837 3.124267 0.455334 1726.247702
 106.400000 -2.359382 2.806422 16.776520 7.077893
 106.600000 -2.398598 2.481705 16.692817 1.383863
 106.800000 -1.993690 2.954910 15.343714 11.973756
 107.000000 -2.833437 2.684183 14.705938 228.702507
 107.200000 -2.854398 2.895172 14.375214 245.371313
 107.400000 -2.950557 2.760287 12.356267 847.555762
 107.600000 -3.133907 2.542559 4.147973 2601.936233
 107.800000 -2.878655 3.090244 13.976812 302.335847
 108.000000 -2.928602 2.774610 12.945802 608.992722
 108.200000 -1.796520 2.666483 15.706786 147.327052
 108.400000 -1.765260 2.235883 16.139608 236.224953
 108.600000 -2.196771 2.027131 16.438376 54.368940
 108.800000 -2.374532 2.980980 16.730740 5.465143
 109.000000 -2.922122 -2.945278 13.101522 552.402396
 109.200000 -3.056048 2.581405 8.127479 2410.309663
 109.400000 -3.076671 2.566849 7.094252 2595.324229
 109.600000 -2.974457 -3.038177 11.594088 1182.740806
 109.800000 -2.916160 2.811568 13.238050 505.482214
 110.000000 -2.230640 2.617575 16.661455 33.591300
 110.200000 -1.773825 2.509280 16.053658 213.940273
 110.400000 -2.307984 2.338548 16.862095 0.329448
 110.600000 -2.619207 3.022248 17.542049 9.926982
 110.800000 3.129899 3.128329 3.173882 2428.336895
 111.000000 -3.114754 2.491582 5.130560 2678.900645
 111.200000 -2.135158 2.857477 15.980987 43.220297
 111.400000 -2.053231 2.526843 15.578731 12.301256
 111.600000 -2.161784 2.493415 16.167476 53.940889
 111.800000 -2.542744 2.656951 17.349226 45.096832
 112.000000 -2.886982 2.925922 13.831124 331.963290
 112.200000 -2.956155 2.819164 12.192329 922.286734
 112.400000 -2.621702 2.686417 17.526343 13.802079
 112.600000 -2.388114 2.485834 16.703480 2.347109
 112.800000 -2.485692 2.659257 16.942267 42.908602
 113.000000 -2.589926 2.998312 17.560263 2.159591
 113.200000 -2.656792 2.756390 17.288641 91.002055
 113.400000 -2.642765 2.622789 17.407372 54.127236
 113.600000 -2.003726 2.766799 15.438062 8.836244
 113.800000 -2.469114 2.403594 16.854333 29.238506
 114.000000 -2.465192 2.667913 16.833752 25.886113
 114.200000 -2.891129 2.879403 13.758871 348.594486
 114.400000 -2.834936 2.746941 14.669330 218.741230
 114.600000 -2.620973 2.746969 17.530385 14.708927
 114.800000 -2.476576 2.670464 16.911106 35.852332
 115.000000 -2.691989 2.667759 16.867442 192.625867
 115.200000 -2.852800 3.017941 14.408312 235.075123
 115.400000 -2.675564 2.700485 17.081358 148.106777
 115.600000 -2.537036 2.727838 17.348235 44.853298
 115.800000 -2.392325 2.846211 16.719845 0.896314
 116.000000 -2.456992 2.597283 16.824032 20.069896
 116.200000 -2.601805 2.548131 17.585932 0.764240
 116.400000 -2.497258 -3.097223 17.079790 49.342570
 116.600000 -3.098962 2.427595 5.969486 2671.441498
 116.800000 -2.474035 3.015868 16.928668 34.186247
 117.000000 -2.569827 2.751059 17.537332 13.700286
 117.200000 -2.273403 2.785632 16.819232 5.869943
 117.400000 -2.519319 2.609550 17.260566 50.568526
 117.600000 -2.421897 2.834393 16.756531 2.289554
 117.800000 -2.978435 2.696795 11.474187 1253.969785
 118.000000 3.080150 2.805068 0.918945 1762.540945
 118.200000 -2.625651 3.002391 17.532909 25.794815
 118.400000 -2.826995 2.611177 14.825393 212.699665
 118.600000 -2.429471 2.882668 16.795038 5.335098
 118.800000 -2.554567 2.649917 17.505932 24.966685
 119.000000 -2.543730 2.688408 17.446705 34.738592
 119.200000 -2.434811 2.879355 16.836473 8.479892
 119.400000 -2.800013 2.528961 15.231581 216.612188
 119.600000 -2.574607 2.906995 17.605850 6.579172
 119.800000 3.124916 2.772637 2.964577 2362.806375
 120.000000 -3.034398 2.909196 9.178009 2131.917771
 120.200000 -2.754895 2.911469 15.928448 244.846928
 120.400000 -2.917141 2.652689 13.274883 531.356903
 120.600000 -2.559394 2.776350 17.579114 17.433018
 120.800000 -2.701824 2.698655 16.749054 212.953362
 121.000000 -2.991147 2.817970 11.017593 1468.346836
 121.200000 -2.804508 2.963094 15.194151 212.434986
 121.400000 -3.048886 2.484823 8.501193 2320.672454
 121.600000 -2.909500 2.830549 13.458320 476.113757
 121.800000 -2.649097 2.759993 17.405491 82.355418
 122.000000 -2.753417 2.522618 15.965908 244.225297
 122.200000 -2.432066 2.683765 16.911628 9.753387
 122.400000 -2.346005 2.971629 16.865171 0.522945
 122.600000 -2.859096 2.482854 14.405945 251.899538
 122.800000 -2.885492 3.033372 13.956244 339.791589
 123.000000 -2.353754 2.952130 16.859403 0.564204
 123.200000 -2.511700 2.333838 17.389269 46.054440
 123.400000 -1.929518 2.669009 15.289965 1.924196
 123.600000 -2.040391 2.664730 15.576764 9.967986
 123.800000 -2.544505 2.549044 17.592067 27.217313
 124.000000 -2.749631 2.990778 16.066875 241.410145
 124.200000 3.025782 2.957539 -0.000036 0.000096
 124.400000 -2.428396 2.616049 16.956769 9.899701
 124.600000 -1.809813 2.300463 15.766385 117.233397
 124.800000 -2.131118 2.063008 15.974956 35.655887
 125.000000 -2.317755 2.830206 16.888661 0.177515
 125.200000 -2.875782 -3.128237 14.196009 312.378264
 125.400000 -2.783580 2.795561 15.599717 219.519689
 125.600000 -1.913733 2.624330 15.280780 0.147470
 125.800000 -1.871531 2.319659 15.337876 11.504803
 126.000000 -2.025348 2.320753 15.532200 9.011117
 126.200000 -2.516998 2.885565 17.520194 41.965103
 126.400000 3.094560 2.923642 1.587429 1977.378763
 126.600000 -2.573457 2.852673 17.779243 3.136291
 126.800000 -1.862989 2.502849 15.378232 19.518794
 127.000000 -2.086030 1.850791 15.749680 18.710980
 127.200000 -1.773732 2.070611 16.254460 209.525318
 127.400000 -2.187271 2.277450 16.353660 46.288362
 127.600000 -2.523959 3.032726 17.595011 37.423703
 127.800000 3.109735 2.921772 2.287357 2180.457818
 128.000000 3.080824 2.553506 0.999795 1777.734358
 128.200000 -2.109629 2.809689 15.873529 26.711863
 128.400000 -1.871994 2.485413 15.359389 12.543046
 128.600000 -1.983943 2.129388 15.421151 7.360005
 128.800000 -2.038765 2.240773 15.584185 10.638480
 129.000000 -2.085484 2.825917 15.758781 18.927200
 129.200000 -2.852578 2.750796 14.672514 257.143997
 129.400000 -2.991448 2.975317 11.060623 1527.535652
 129.600000 -2.556900 2.926953 17.810928 11.049546
 129.800000 -2.514708 2.382240 17.596235 40.127915
 130.000000 -1.998909 2.720709 15.472551 8.229192
 130.200000 -2.109754 2.877152 15.893034 25.973493
 130.400000 -2.860055 2.496108 14.571054 279.249386
 130.600000 3.138539 3.076490 3.706345 2470.562354
 130.800000 -2.705239 3.111850 16.879101 203.308312
 131.000000 -3.134856 2.152019 4.196437 2538.196635
 131.200000 -2.082159 3.008876 15.774681 17.674439
 131.400000 -2.458638 2.762968 17.298472 33.502304
 131.600000 -3.104231 2.321952 5.767560 2623.674511
 131.800000 -2.500660 2.938990 17.565995 42.814644
 132.000000 -2.371602 3.077801 16.997254 1.935738
 132.200000 -2.451729 2.335964 17.290275 30.779706
 132.400000 -1.992382 2.743874 15.483462 8.085909
 132.600000 -2.026429 2.738373 15.585791 10.017570
 132.800000 -2.640336 2.361464 17.675389 69.505275
 133.000000 -2.612193 3.132457 17.855978 19.596941
 133.200000 3.041176 2.706658 -0.004327 1.327976
 133.400000 -2.560103 2.879405 17.923478 5.979678
 133.600000 -2.299088 2.696506 16.913415 5.645129
 133.800000 -1.868487 2.509815 15.428097 15.984861
 134.000000 -2.476825 2.136199 17.475733 41.389301
 134.200000 -2.302550 2.949014 16.928239 5.609676
 134.400000 -2.937887 2.872761 12.919751 833.494250
 134.600000 -2.987488 2.578405 11.244923 1490.876941
 134.800000 -1.731832 2.980396 16.961458 260.618739
 135.000000 -2.059586 2.082140 15.723831 13.514003
 135.200000 -2.186291 2.051328 16.392436 38.723421
 135.400000 -1.848387 2.790860 15.554495 39.315236
 135.600000 -2.377402 2.950303 17.087735 5.781061
 135.800000 -3.040981 2.530551 8.942538 2213.759612
 136.000000 -2.086526 3.078773 15.843769 18.322193
 136.200000 -2.163716 2.355411 16.263331 36.650493
 136.400000 -2.129734 2.287601 16.067253 29.241743
 136.600000 -2.187926 2.891715 16.411708 37.703671
 136.800000 -2.607312 2.848808 17.958258 17.537458
 137.000000 3.138523 2.424946 3.770600 2453.975955
 137.200000 -2.523639 2.970259 17.898606 26.515311
 137.400000 -2.339102 2.539489 17.042069 4.658568
 137.600000 -2.367391 2.259022 17.106489 6.315375
 137.800000 -2.217305 2.822118 16.597748 31.707049
 138.000000 -2.546330 2.760279 17.995976 10.938158
 138.200000 3.055388 2.559844 0.062730 1125.732091
 138.400000 3.137438 2.960831 3.737150 2440.898452
 138.600000 -2.985659 2.700340 11.339093 1481.109003
 138.800000 -2.308117 2.897335 16.985843 7.086965
 139.000000 -1.918803 2.568667 15.402176 0.175758
 139.200000 -1.992115 2.376276 15.566436 9.974272
 139.400000 -2.258876 2.538961 16.830871 17.997261
 139.600000 -2.840308 3.089744 15.085264 254.640080
 139.800000 -3.102922 2.848512 5.908300 2574.708090
 140.000000 -2.857619 2.875510 14.797548 301.475881
 140.200000 -2.694976 2.734109 17.190925 175.404360
 140.400000 -2.565133 2.711807 18.115832 0.592079
 140.600000 3.078223 2.692138 1.029557 1779.729518
 140.800000 3.104665 3.064230 2.199834 2129.094234
 141.000000 3.138927 2.698295 3.843576 2446.457743
 141.200000 -2.374167 2.583382 17.219039 11.464364
 141.400000 -2.114797 2.559846 16.089824 25.048136
 141.600000 -2.022445 2.676457 15.698061 13.454070
 141.800000 -2.577308 2.624306 18.140785 0.737861
 142.000000 -2.677771 2.870493 17.429156 149.753639
 142.200000 -3.074103 2.933554 7.402604 2444.089100
 142.400000 -2.778471 2.829460 16.060694 201.407767
 142.600000 -2.101355 2.820364 16.044841 22.777769
 142.800000 -2.169044 2.469082 16.403815 32.141738
 143.000000 -2.191107 2.615194 16.528815 31.613211
 143.200000 -2.410807 2.888566 17.424582 25.520658
 143.400000 -3.084670 2.721734 6.892737 2486.350836
 143.600000 -2.528868 3.065778 18.112623 16.688942
 143.800000 -2.281086 2.684142 16.969982 12.549290
 144.000000 -2.346404 2.492580 17.172030 9.425711
 144.200000 -2.465321 3.019503 17.783787 42.196695
 144.400000 -3.008510 2.884486 10.459751 1775.697931
 144.600000 -2.979573 3.030483 11.612468 1399.976628
 144.800000 3.128257 2.883065 3.402282 2366.259552
 145.000000 -2.528172 2.778735 18.142364 16.163655
 145.200000 -2.084369 2.445128 16.026540 22.251981
 145.400000 -1.798326 2.414121 16.081230 127.877830
 145.600000 -2.143501 2.583245 16.327644 29.454421
 145.800000 -2.656987 2.856100 17.741117 114.085033
 146.000000 -2.838504 2.994436 15.234075 266.310801
 146.200000 3.112822 2.724055 2.705974 2241.282492
 146.400000 -3.140121 2.710899 4.175237 2455.288679
 146.600000 -2.338858 3.118265 17.215223 11.388305
 146.800000 -2.207001 2.405056 16.694196 26.815374
 147.000000 -1.993068 2.040187 15.652253 14.252144
 147.200000 -1.683145 2.265317 17.697706 215.595607
 147.400000 -2.441015 2.762250 17.736437 40.897873
 147.600000 2.995806 2.884943 -0.000000 0.000000
 147.800000 -2.512398 2.824610 18.174954 23.638842
 148.000000 -2.094635 2.372329 16.120274 24.843132
 148.200000 -1.975921 2.554306 15.609654 12.715556
 148.400000 -2.297398 2.707206 17.115286 11.931428
 148.600000 3.041061 2.586041 -0.015062 10.642224
 148.800000 -2.914806 3.057026 13.704554 685.671766
 149.000000 -2.721491 2.814966 16.983823 186.504625
 149.200000 -2.860028 2.555812 14.933971 348.416439
 149.400000 -2.261784 -3.129020 17.002861 15.529766
 149.600000 -2.683247 2.567821 17.505972 154.963392
 149.800000 -2.747557 2.683038 16.645989 191.085843
 150.000000 -2.976232 3.126864 11.781428 1349.573432
 150.200000 -3.112752 2.783114 5.635202 2486.423929
 150.400000 -2.512881 2.671106 18.278713 20.781364
 150.600000 -1.947929 2.696832 15.541366 6.572145
 150.800000 -2.069583 2.381493 16.059427 25.474493
 151.000000 -2.212978 2.715116 16.808498 23.100000
 151.200000 -2.761990 2.905096 16.496711 192.324099
 151.400000 -2.947440 3.019082 12.789181 1020.104513
 151.600000 -2.066661 2.678158 16.066334 26.324586
 151.800000 -1.789372 2.131354 16.202468 135.372908
 152.000000 -1.888186 1.819043 15.515850 3.645262
 152.200000 -1.427031 1.553237 21.331022 149.394433
 152.400000 -1.166846 0.452595 20.062363 320.495223
 152.600000 -0.594753 -0.294797 -0.000117 0.001047
 152.800000 -0.561632 -0.516224 -0.000000 0.000000
 153.000000 -0.765921 0.189802 6.767198 1921.654590
 153.200000 -0.804053 0.652339 8.345850 1564.256037
 153.400000 -1.665676 0.973814 17.893186 191.020850
 153.600000 -1.807750 1.269071 16.014665 99.005848
 153.800000 -1.282924 1.075830 21.620808 69.622066
 154.000000 -1.587380 0.617938 18.957505 190.717161
 154.200000 -1.650483 0.769756 18.091852 183.905195
 154.400000 -1.266761 1.051627 21.456732 102.355423
 154.600000 -1.150059 1.222474 19.723701 372.811946
 154.800000 -1.588765 0.653350 18.925815 189.554725
 155.000000 -0.811870 0.392409 8.645745 1508.127879
 155.200000 -0.820047 0.316020 8.953819 1457.392069
 155.400000 -0.688758 -0.006544 3.096541 2392.274454
 155.600000 -0.629169 -0.016586 0.350520 1891.115983
 155.800000 -0.653073 -0.182356 1.396362 2079.174566
 156.000000 -1.043033 0.237937 17.015264 998.522809
 156.200000 -1.013945 0.801205 16.040377 1187.963035
 156.400000 -1.852589 1.224426 15.687070 29.589136
 156.600000 -1.350771 1.197199 21.827051 2.270729
 156.800000 -1.337370 0.758011 21.832968 0.382771
 157.000000 -1.933482 0.711251 15.564251 3.628124
 157.200000 -1.822681 0.493694 15.901550 70.344029
 157.400000 -0.887884 0.600647 11.437330 1310.947733
 157.600000 -1.628551 1.196826 18.362184 177.120786
 157.800000 -1.823240 1.673029 15.896880 69.467632
 158.000000 -1.942678 2.210047 15.592714 6.328523
 158.200000 -1.929594 2.819543 15.576014 2.703201
 158.400000 3.062174 2.889186 0.673635 1739.385340
 158.600000 -2.953850 2.994924 12.630459 1105.274377
 158.800000 -2.561453 2.924024 18.585180 0.946198
 159.000000 -2.863494 2.852799 15.016059 405.281945
 159.200000 -2.799493 2.949153 16.132213 224.138801
 159.400000 3.050743 2.936390 0.204117 1865.582073
 159.600000 -2.630651 3.077638 18.257887 75.580640
 159.800000 -2.748195 2.618814 16.856224 183.276013
 160.000000 -2.516320 2.889201 18.540884 13.743918
 160.200000 -2.909406 2.951585 13.971946 706.279090
 160.400000 3.130839 2.535364 3.867244 2400.199077
 160.600000 -2.132364 2.901139 16.587039 29.487338
 160.800000 -1.817745 2.588695 15.972232 75.311129
 161.000000 -2.060623 2.207476 16.181084 32.921789
 161.200000 -2.378573 2.672682 17.707623 36.940709
 161.400000 -2.664552 -2.913516 17.960274 124.492919
 161.600000 -3.086392 2.746897 7.117846 2308.386876
 161.800000 -2.561559 2.719608 18.650519 1.283604
 162.000000 -2.274713 2.846841 17.232067 13.568604
 162.200000 -2.472721 2.526067 18.383021 43.075272
 162.400000 3.038179 2.756927 -0.021937 13.004374
 162.600000 3.027108 2.988009 -0.001323 0.142844
 162.800000 -2.913239 2.668845 13.887032 747.395658
 163.000000 -2.420629 2.669276 18.011288 52.289107
 163.200000 -2.084142 2.715524 16.358726 34.207088
 163.400000 -2.125145 2.625850 16.592939 30.504701
 163.600000 -2.635775 2.619067 18.297349 83.236681
 163.800000 3.042841 2.816223 -0.014032 161.910581
 164.000000 -3.043744 2.983345 9.125420 1983.585291
 164.200000 -2.908840 2.782921 14.026098 721.781171
 164.400000 -2.692151 2.773646 17.702198 151.159481
 164.600000 -2.651298 2.872206 18.168143 105.671696
 164.800000 3.043201 2.607988 -0.003785 309.697367
 165.000000 3.116962 3.019705 3.261715 2346.716956
 165.200000 3.067308 2.963083 0.987217 1850.064811
 165.400000 -2.854984 2.800990 15.295189 401.040786
 165.600000 -2.342869 2.961058 17.574747 27.046626
 165.800000 -2.249904 2.516776 17.190698 13.631279
 166.000000 -2.325021 2.510151 17.487124 21.464052
 166.200000 -2.364145 2.941260 17.712272 36.339888
 166.400000 -2.803753 2.735786 16.221123 248.259882
 166.600000 3.072460 2.677295 1.228268 1931.803678
 166.800000 3.107396 3.054559 2.841707 2299.417164
 167.000000 3.088967 2.684578 1.973095 2133.415124
 167.200000 -2.358222 2.801281 17.696773 34.761742
 167.400000 -1.886299 2.662596 15.660146 4.031561
 167.600000 -1.934589 2.250642 15.664763 4.082997
 167.800000 -1.864045 2.403968 15.728153 16.918153
 168.000000 -2.093901 2.957396 16.475409 35.736160
 168.200000 -2.916402 2.681135 13.858961 795.914895
 168.400000 -3.103383 3.013880 6.441403 2345.470260
 168.600000 -3.047641 2.937932 9.036654 1960.569800
 168.800000 -2.194691 2.333963 17.017643 18.457960
 169.000000 -1.565017 2.152657 19.111993 201.936859
 169.200000 -1.877339 2.323787 15.697892 7.583990
 169.400000 -2.711492 2.838162 17.581448 159.879644
 169.600000 -2.902410 -2.884899 14.250335 695.830698
 169.800000 -2.965029 2.510671 12.334915 1207.863201
 170.000000 -1.654382 2.473598 17.921189 159.447707
 170.200000 -1.791257 2.262106 16.271052 99.068501
 170.400000 -2.083487 2.597952 16.461888 37.452359
 170.600000 -2.934840 3.003828 13.333398 945.585561
 170.800000 -3.092802 -3.116689 7.003996 2271.858275
 171.000000 -2.731469 2.681764 17.347346 172.774725
 171.200000 -2.192000 2.491310 17.051536 17.975728
 171.400000 -1.939269 2.391204 15.716146 6.266386
 171.600000 -2.044804 2.692969 16.237367 38.882148
 171.800000 3.136063 2.803841 4.377947 2447.195648
 172.000000 -3.032542 -3.056601 9.750404 1791.199711
 172.200000 -2.101410 2.648035 16.605054 35.317210
 172.400000 -1.979004 1.863659 15.877451 22.720372
 172.600000 -1.091488 1.240094 18.174042 670.160741
 172.800000 -1.606891 0.806067 18.497815 169.369279
 173.000000 -1.880716 0.865164 15.715254 5.359713
 173.200000 -1.514047 0.862455 19.806953 232.594426
 173.400000 -1.192689 1.231897 20.232292 252.350543
 173.600000 -1.432648 1.246276 20.977022 146.473348
 173.800000 -1.501489 0.916652 19.998819 233.538397
 174.000000 -1.627855 0.687884 18.220153 159.319884
 174.200000 -0.983737 1.291958 14.741617 1267.900686
 174.400000 -1.476965 1.502557 20.360304 219.530984
 174.600000 -1.701862 1.262065 17.298667 148.863682
 174.800000 -1.570749 0.817938 18.965853 194.208202
 175.000000 -0.687707 0.352158 3.004232 2290.779274
 175.200000 -1.110467 0.003454 18.597393 563.492767
 175.400000 -0.759674 -0.238640 6.370642 1945.694479
 175.600000 -0.757226 -0.009807 6.262313 1969.239949
 175.800000 -1.260123 0.500738 21.095878 105.345247
 176.000000 -1.587651 1.586811 18.728273 180.798181
 176.200000 -1.596270 1.887524 18.607251 174.696858
 176.400000 -1.822986 2.175506 16.031486 51.957598
 176.600000 -2.167202 2.522114 17.015874 20.442565
 176.800000 -2.954557 2.831574 12.757222 1095.716034
 177.000000 3.057707 2.989596 0.781670 1860.094619
 177.200000 -2.709294 2.796260 17.766526 150.212910
 177.400000 -2.645458 2.541607 18.468507 88.298466
 177.600000 -2.834824 2.791053 15.878814 372.127729
 177.800000 3.107977 2.851454 3.144386 2406.489669
 178.000000 3.078823 2.812183 1.746944 2156.987655
 178.200000 -2.671474 2.892057 18.222354 115.584419
 178.400000 -2.512516 2.487383 18.933151 11.495726
 178.600000 -2.429812 2.890625 18.416238 63.021817
 178.800000 -2.789477 2.553305 16.684673 247.067460
 179.000000 -2.785593 3.044032 16.745239 239.344446
 179.200000 3.115241 2.775726 3.552384 2453.206407
 179.400000 -2.977501 2.683243 11.993004 1258.162294
 179.600000 -2.418089 2.881972 18.339374 64.825776
 179.800000 -2.416097 2.682859 18.323336 64.809436
 180.000000 -2.154472 2.616363 16.994349 21.993438
 180.200000 -2.321344 2.686423 17.674530 28.810637
 180.400000 -2.812774 2.677452 16.338901 311.408731
 180.600000 -3.057036 3.037784 8.865051 1887.709242
 180.800000 -3.132687 2.997579 5.328587 2434.111561
 181.000000 -3.045401 2.578030 9.363909 1789.073778
 181.200000 -2.642710 2.905469 18.563634 80.925328
 181.400000 -2.582326 2.798471 18.966689 15.721488
 181.600000 -2.842988 2.663770 15.780032 424.018614
 181.800000 -2.874355 2.913313 15.081864 574.816320
 182.000000 3.125014 2.876140 4.090548 2486.098951
 182.200000 -3.050682 2.841549 9.182911 1808.685963
 182.400000 -2.636081 2.811953 18.640616 72.365392
 182.600000 -2.674126 2.500684 18.274524 112.312606
 182.800000 -2.854453 2.916619 15.554505 480.341972
 183.000000 3.042751 2.791148 0.236966 2019.698796
 183.200000 3.126054 2.816264 4.198529 2500.412828
 183.400000 -2.907788 2.693870 14.242343 778.701158
 183.600000 -2.780301 2.955798 16.944211 237.635513
 183.800000 3.017269 2.696354 -0.000664 0.038636
 184.000000 3.089566 2.824219 2.391951 2347.605938
 184.200000 -3.037976 2.691253 9.761738 1677.546572
 184.400000 -2.880661 2.961856 14.976708 624.998282
 184.600000 -3.095117 2.797927 7.256798 2174.479607
 184.800000 -2.879555 2.965191 15.004297 618.943277
 185.000000 -2.651452 2.660658 18.543889 86.407728
 185.200000 -2.612635 2.619313 18.873438 43.724574
 185.400000 -2.841121 2.749055 15.903889 434.979851
 185.600000 3.069866 2.924269 1.507099 2162.121626
 185.800000 -2.743415 2.673403 17.526127 176.016640
 186.000000 -2.695790 2.810790 18.107665 126.194095
 186.200000 -2.811776 2.692600 16.501700 327.447356
 186.400000 3.122672 2.820909 4.129063 2532.139191
 186.600000 -3.133730 2.802387 5.469235 2452.008610
 186.800000 3.086431 2.953554 2.324106 2371.444592
 187.000000 -2.727301 2.558911 17.762843 154.874663
 187.200000 -2.104686 2.896352 16.818750 34.418022
 187.400000 -2.094055 2.648529 16.754976 37.519372
 187.600000 -2.334945 2.551063 17.822149 41.542230
 187.800000 -2.711680 2.913704 17.980289 136.034922
 188.000000 3.060977 3.097325 1.150163 2073.860273
 188.200000 -3.052520 3.025279 9.278999 1746.038473
 188.400000 -2.168055 2.635059 17.142713 16.367769
 188.600000 -1.736595 2.217249 16.840835 113.299863
 188.800000 -1.375981 2.153547 21.276860 21.316086
 189.000000 -0.393210 1.769523 -0.000000 0.000000
 189.200000 -0.853584 2.086050 9.911143 1286.065596
 189.400000 -0.632716 2.137385 0.484570 1609.196551
 189.600000 -0.662927 2.111686 1.756716 1980.201643
 189.800000 -0.963214 1.802501 13.791738 1259.338074
 190.000000 -0.260951 0.977361 -0.000000 0.000000
 190.200000 -0.900401 0.414173 11.554647 1238.064421
 190.400000 -1.456026 0.392171 20.500363 172.453926
 190.600000 -1.828111 1.207545 16.037265 36.566805
 190.800000 -0.680209 1.416891 2.536354 2135.699114
 191.000000 -0.687174 1.659197 2.859897 2177.060177
 191.200000 -0.773100 2.061885 6.777377 1800.169212
 191.400000 -1.082395 2.286665 17.630801 743.146794
 191.600000 -0.993789 2.353813 14.839718 1201.087536
 191.800000 -1.589858 2.142849 18.557857 182.569247
 192.000000 -1.969343 2.022915 15.990091 23.934116
 192.200000 -2.415237 2.778081 18.519195 78.140971
 192.400000 -2.898146 -2.975764 14.673378 761.334150
 192.600000 -2.757124 2.807852 17.546597 190.171115
 192.800000 -1.622896 2.354424 18.116986 157.845064
 193.000000 -0.772276 1.947801 6.734342 1805.187128
 193.200000 -1.056728 1.716814 16.867420 898.464659
 193.400000 -2.021874 1.942070 16.314250 46.940857
 193.600000 -2.500377 2.630239 19.140706 17.552591
 193.800000 3.037195 -3.134566 0.217648 2124.121559
 194.000000 -2.963059 2.542730 12.710992 1095.353966
 194.200000 -2.135128 2.632605 17.047196 24.378921
 194.400000 -1.886743 2.612395 15.823332 1.448845
 194.600000 -1.964321 2.240330 15.972830 22.148340
 194.800000 -2.274210 2.466774 17.544389 16.413814
 195.000000 -2.242931 -3.133699 17.432654 10.238267
 195.200000 3.079061 2.579448 2.215330 2456.997688
 195.400000 -2.775411 2.801728 17.357815 230.849127
 195.600000 -2.768822 2.802591 17.456045 214.033589
 195.800000 -2.547016 2.511745 19.257212 0.218299
 196.000000 -2.445235 2.933321 18.818234 66.523552
 196.200000 -2.893438 2.711223 14.870893 754.367717
 196.400000 3.115907 2.879157 4.114794 2636.070586
 196.600000 -2.745584 3.044156 17.800588 164.369845
 196.800000 -2.263897 2.544831 17.516366 13.740954
 197.000000 -1.941434 2.158894 15.886940 10.625847
 197.200000 -1.703432 2.627643 17.136100 115.549174
 197.400000 -2.183930 2.621355 17.271892 11.237947
 197.600000 -3.045414 2.585146 9.802424 1577.723642
 197.800000 -3.040158 -2.917163 10.009749 1534.584783
 198.000000 -2.883195 2.741104 15.166953 706.263179
 198.200000 -2.442069 2.448172 18.836601 70.466302
 198.400000 -1.702079 2.904326 17.143296 114.937804
 198.600000 -2.015016 2.377782 16.292265 48.083242
 198.800000 -2.288405 2.309417 17.632412 22.254942
 199.000000 -2.486563 3.063383 19.150122 28.999686
 199.200000 -3.137860 2.803905 5.699598 2501.718010
 199.400000 -2.683203 2.911263 18.547868 85.515191
 199.600000 -2.152073 2.763519 17.167579 18.364527
 199.800000 -1.941583 2.476469 15.897306 11.193222
 200.000000 -2.185822 2.432961 17.293739 10.699187
 200.200000 -1.785961 2.862968 17.169581 65.377407
 200.400000 -2.849977 2.667960 16.901072 543.244475
 200.600000 3.069809 2.948000 2.717856 2421.009585
 200.800000 -3.123585 -3.115666 7.274065 2367.660892
 201.000000 -3.116667 2.672094 7.608082 2294.527325
 201.200000 -2.239820 2.809475 18.306561 9.556255
 201.400000 -1.965079 2.496972 16.844490 24.518495
 201.600000 -1.947532 2.493985 16.767246 14.618089
 201.800000 -1.967901 2.640917 16.858697 26.171572
 202.000000 -2.371749 2.845156 19.074290 79.339848
 202.200000 3.076525 2.589103 3.093904 2528.642212
 202.400000 -2.916450 -3.105945 15.150325 886.733040
 202.600000 -2.997657 2.744357 12.516798 1225.055461
 202.800000 -2.566682 2.588761 20.159028 5.718119
 203.000000 -2.163431 2.899687 18.070736 14.701701
 203.200000 -2.369776 2.595289 19.072905 79.937296
 203.400000 -2.348723 2.724485 18.892992 65.593955
 203.600000 -2.251904 2.854136 18.352233 11.518513
 203.800000 -2.812738 2.538422 17.746065 369.040596
 204.000000 -2.767723 2.870511 18.498787 207.239331
 204.200000 3.027119 2.966477 0.834490 1702.399022
 204.400000 -2.765390 2.745143 18.552243 200.555997
 204.600000 -2.317092 2.506693 18.671294 42.017707
 204.800000 -1.968298 2.717800 16.875271 27.180702
 205.000000 -2.011208 2.645539 17.141289 48.371626
 205.200000 -2.560934 2.647865 20.198957 3.552042
 205.400000 -2.820156 3.118244 17.637562 407.191770
 205.600000 3.096576 2.993879 4.188671 2705.374376
 205.800000 -2.641512 2.751215 19.812098 50.001453
 206.000000 -1.913837 2.514703 16.693216 2.067205
 206.200000 -1.820392 2.251996 16.906129 32.678714
 206.400000 -1.956447 2.531090 16.828527 20.857112
 206.600000 -2.514379 2.805996 20.195267 6.710010
 206.800000 -3.033703 2.949130 11.280332 1407.670918
 207.000000 -2.921242 2.809730 15.057459 913.490251
 207.200000 -2.599161 2.764271 20.089666 22.912085
 207.400000 -2.502651 2.596653 20.169990 13.804533
 207.600000 -2.233099 2.602877 18.313850 9.468821
 207.800000 -2.068703 2.661084 17.574564 48.991185
 208.000000 -2.413765 2.578319 19.532097 88.844588
 208.200000 -2.773752 2.709446 18.507293 224.265234
 208.400000 -2.806311 2.978768 17.961154 347.918146
 208.600000 -3.134136 2.664698 6.963310 2471.695143
 208.800000 -2.469398 3.043639 20.009398 44.128356
 209.000000 -2.106433 2.497582 17.825246 34.605860
 209.200000 -1.965727 2.326202 16.893742 26.722829
 209.400000 -1.662972 2.423988 18.282889 121.463584
 209.600000 -2.012941 2.657313 17.187019 48.756760
 209.800000 -2.546248 2.542580 20.263293 0.352605
 210.000000 3.063945 2.935269 2.601489 2468.772811
 210.200000 -2.910803 -3.094233 15.422070 876.285865
 210.400000 -2.215186 2.458569 18.278925 9.091680
 210.600000 -1.464721 1.966522 20.905890 170.419073
 210.800000 -0.752714 1.162674 6.484230 1905.185339
 211.000000 -1.524234 0.720496 20.066622 211.576945
 211.200000 -1.757851 0.608347 17.332022 70.074923
 211.400000 -1.186761 1.088848 20.343790 270.951192
 211.600000 -1.313619 1.447212 21.700241 16.250712
 211.800000 -1.454249 1.248272 21.019074 152.976358
 212.000000 -1.375710 0.534390 21.699417 17.031598
 212.200000 -0.632763 0.320910 1.220793 1387.275126
 212.400000 -1.222529 0.119085 20.857873 180.047257
 212.600000 -1.694962 0.746317 17.908634 102.151360
 212.800000 -1.228766 1.440287 20.939874 165.830174
 213.000000 -0.488688 1.615155 -0.000003 0.000000
 213.200000 -0.657193 1.879463 2.179355 1741.830228
 213.400000 -0.859277 2.306261 10.604279 1279.265915
 213.600000 -0.701203 2.120632 4.118562 2062.926156
 213.800000 -0.622119 1.842317 0.829166 1206.926605
 214.000000 -0.883653 1.755338 11.468910 1243.158673
 214.200000 -1.203821 1.593263 20.551323 226.118731
 214.400000 -1.688903 0.923281 17.949778 103.381386
 214.600000 -1.213454 0.365803 20.692252 202.256921
 214.800000 -1.200906 0.172469 20.507122 233.600713
 215.000000 -0.919888 0.287780 12.727500 1236.101087
 215.200000 -1.654817 0.957639 18.299285 121.210454
 215.400000 -0.955569 1.374264 13.966085 1227.544810
 215.600000 -0.641887 1.696324 1.548255 1519.710189
 215.800000 -0.757373 2.041781 6.608709 1854.703257
 216.000000 -0.876184 2.322207 11.174807 1249.611705
 216.200000 -0.883100 2.396405 11.406043 1242.205492
 216.400000 -0.877800 1.880049 11.219072 1247.102158
 216.600000 -0.684374 1.705065 3.336971 1983.069987
 216.800000 -0.780729 1.649626 7.580535 1680.062188
 217.000000 -1.358018 1.653422 21.661468 3.004261
 217.200000 -1.271887 0.894493 21.316238 79.016376
 217.400000 -1.134729 0.329813 19.244015 452.763237
 217.600000 -0.638891 0.194982 1.426127 1470.476113
 217.800000 -1.583877 0.465345 19.130759 172.576630
 218.000000 -1.316349 1.063002 21.601136 14.135175
 218.200000 -0.680422 1.206955 3.155692 1952.276667
 218.400000 -1.031021 1.430972 16.468531 996.942200
 218.600000 -1.712850 1.183051 17.677358 88.941160
 218.800000 -0.930263 0.373236 13.039258 1230.949301
 219.000000 -0.661440 0.056374 2.334433 1777.391179
 219.200000 -1.112736 -0.047736 18.716344 552.423421
 219.400000 -1.281005 0.519236 21.362509 63.244376
 219.600000 -1.406770 1.506576 21.376921 62.183599
 219.800000 -1.325393 1.399619 21.600458 6.831960
 220.000000 -0.963319 0.241274 14.184699 1210.809762
 220.200000 -0.686536 -0.537550 3.422411 1984.668677
 220.400000 -0.651239 -0.407768 1.908560 1647.987149
 220.600000 -0.769308 0.244147 7.082124 1749.791988
 220.800000 -0.744733 0.623350 6.029118 1917.451089
 221.000000 -1.739805 1.089931 17.418021 73.945727
 221.200000 -1.575023 1.218011 19.204365 176.189202
 221.400000 -1.350256 1.102288 21.600982 0.496820
 221.600000 -1.556524 1.050617 19.454564 189.328573
 221.800000 -1.214138 0.721359 20.582429 204.859740
 222.000000 -1.717636 0.790669 17.608125 85.945182
 222.200000 -0.834974 0.780491 9.632720 1337.299713
 222.400000 -0.685640 1.341617 3.385520 1974.267690
 222.600000 -0.924911 2.190804 12.811941 1224.470506
 222.800000 -0.575433 2.339749 -0.003078 0.279755
 223.000000 -0.996673 2.059485 15.295485 1130.434991
 223.200000 -1.314237 0.793158 21.518529 16.575699
 223.400000 -0.478127 -0.845934 -0.000002 0.000000
 223.600000 -0.566227 -0.460258 -0.000660 0.011266
 223.800000 -1.568334 1.095059 19.274296 179.423544
 224.000000 -1.813995 2.059917 16.879371 24.714280
 224.200000 -2.162032 2.965366 18.127680 14.779525
 224.400000 3.035171 2.678061 1.400569 2071.444392
 224.600000 -2.594088 2.954920 20.262384 18.314782
 224.800000 -2.062092 2.647000 17.591573 45.827955
 225.000000 -1.864882 2.184176 16.711581 1.677274
 225.200000 -1.679758 1.954554 17.952235 104.866094
 225.400000 -1.588186 2.185600 18.998354 162.064080
 225.600000 -2.001491 2.573295 17.171658 45.063725
 225.800000 -2.657406 2.833059 19.902396 48.992731
 226.000000 -2.781411 3.056789 18.599273 253.553266
 226.200000 -3.001556 2.694984 12.665076 1141.095380
 226.400000 -2.855954 2.643358 17.072529 630.097794
 226.600000 -2.438372 3.036415 19.938445 73.482861
 226.800000 -2.445262 2.644623 19.996160 66.812406
 227.000000 -1.829121 2.564339 16.797232 15.002993
 227.200000 -1.956175 2.304942 16.902954 26.155437
 227.400000 -1.793967 2.679983 16.969413 37.499483
 227.600000 -2.499799 2.745721 20.331764 13.471376
 227.800000 -2.867815 2.937124 16.774570 694.802986
 228.000000 -2.959422 2.897616 14.054504 1021.702881
 228.200000 -2.263553 2.856071 18.505955 23.391151
 228.400000 -2.089194 2.204492 17.766289 35.971471
 228.600000 -1.611876 2.400850 18.686246 141.076815
 228.800000 -1.922055 2.567617 16.763418 9.830577
 229.000000 -2.416203 2.644242 19.746827 89.726449
 229.200000 -2.996996 3.132919 12.840696 1121.423032
 229.400000 3.106788 2.774899 5.100966 2849.884637
 229.600000 -2.512811 2.622484 20.377875 5.754444
 229.800000 -1.988556 2.585383 17.097980 40.662846
 230.000000 -1.777062 2.496663 17.074349 49.064291
 230.200000 -2.281275 2.322687 18.606702 32.945705
 230.400000 -2.554425 2.980169 20.399848 1.946211
 230.600000 -2.880547 2.982082 16.452139 760.687364
 230.800000 -3.124419 2.526912 7.782163 2345.482783
 231.000000 -2.323982 2.927639 18.898606 62.921041
 231.200000 -2.267481 2.469761 18.536883 26.559231
 231.400000 -2.243857 2.489250 18.426238 18.177290
 231.600000 -2.326817 2.800272 18.928706 65.534275
 231.800000 -2.629085 2.879705 20.113723 33.727693
 232.000000 3.106111 2.659478 5.082088 2857.535022
 232.200000 -2.854267 3.082108 17.156996 621.601289
 232.400000 -2.945989 2.745654 14.516771 987.526710
 232.600000 -3.005369 2.707289 12.583856 1149.483514
 232.800000 -2.328442 -3.115291 18.952025 66.837509
 233.000000 -2.683728 2.605409 19.746891 62.022454
 233.200000 -2.934262 2.673916 14.892885 957.303642
 233.400000 -3.050318 3.104994 10.993122 1429.367282
 233.600000 3.006509 2.675698 0.235069 1701.779821
 233.800000 -1.926913 2.812205 16.792021 12.884060
 234.000000 -1.619523 2.240552 18.563932 130.136918
 234.200000 -1.926992 1.986216 16.794525 13.057074
 234.400000 -2.237604 2.339873 18.417201 18.491597
 234.600000 -2.019486 3.076705 17.314814 45.501348
 234.800000 -2.832288 2.608542 17.693533 496.793794
 235.000000 3.039823 2.738302 1.677211 2212.743053
 235.200000 -2.768211 -3.096768 18.870622 205.703363
 235.400000 -2.826272 2.389490 17.833812 462.662901
 235.600000 -2.409204 2.642311 19.726746 88.187522
 235.800000 -1.827647 2.887061 16.788302 13.254014
 236.000000 -1.979521 2.322553 17.059478 36.417670
 236.200000 -2.026959 1.778265 17.370407 44.518866
 236.400000 -1.392660 2.235065 21.271569 43.488167
 236.600000 -0.660632 2.194453 2.305727 1739.484645
 236.800000 -0.772528 2.003652 7.135424 1648.635609
 237.000000 -0.934969 1.698293 13.033122 1213.044236
 237.200000 -0.721093 1.365772 4.942784 1936.479848
 237.400000 -1.254775 1.041307 20.890901 127.164721
 237.600000 -1.669834 0.651598 17.997949 103.480175
 237.800000 -1.297490 0.398367 21.272210 40.709781
 238.000000 -1.270701 0.952439 21.057279 91.968476
 238.200000 -1.552597 1.254203 19.335745 168.445878
 238.400000 -1.221441 0.895370 20.448498 205.698082
 238.600000 -1.209025 0.333585 20.264147 235.488907
 238.800000 -0.614404 0.140919 0.552872 1123.043637
 239.000000 -1.300067 0.781542 21.275565 36.691525
 239.200000 -1.790430 1.099020 16.965517 35.151328
 239.400000 -1.247486 1.061998 20.781706 144.913945
 239.600000 -1.369938 1.106316 21.350914 13.546909
 239.800000 -1.844264 0.896959 16.743701 4.705033
 240.000000 -0.956985 0.698967 13.766548 1189.468249
 240.200000 -1.387917 1.112133 21.252234 36.786372
 240.400000 -1.482633 0.851698 20.254570 177.231740
 240.600000 -0.906597 0.300420 12.006959 1213.101247
 240.800000 -1.170881 0.423419 19.597424 335.401767
 241.000000 -1.528875 1.223378 19.630768 178.859522
 241.200000 -1.550067 1.431289 19.344799 166.211637
 241.400000 -0.701302 0.933704 4.053562 1948.431224
 241.600000 -1.755758 0.753300 17.200343 59.373367
 241.800000 -1.580757 0.702285 18.961423 145.792359
 242.000000 -1.230089 1.166735 20.538443 187.302446
 242.200000 -1.149102 1.458297 19.159615 402.026406
 242.400000 -1.629809 1.146858 18.398215 117.204758
 242.600000 -1.391412 0.574072 21.210299 42.669007
 242.800000 -1.217472 0.818388 20.350942 218.252733
 243.000000 -1.765576 1.301932 17.126237 52.286839
 243.200000 -1.024048 1.067744 15.950028 970.362056
 243.400000 -1.510468 0.936543 19.856117 180.179729
 243.600000 -1.992592 1.016341 17.165580 37.259497
 243.800000 -1.112438 0.892261 18.359731 537.327218
 244.000000 -1.423078 1.235787 20.938659 98.710352
 244.200000 -1.801470 1.233331 16.902438 26.091982
 244.400000 -0.977043 0.759721 14.406911 1144.798973
 244.600000 -1.016763 0.361874 15.712435 1003.518521
 244.800000 -1.055454 0.161073 16.879115 812.034280
 245.000000 -1.593230 0.952033 18.804662 135.126110
 245.200000 -1.351031 1.576791 21.346258 1.334026
 245.400000 -0.776059 1.242809 7.219925 1602.883276
 245.600000 -1.600221 1.133842 18.723118 130.388211
 245.800000 -1.725946 0.838732 17.445536 77.596039
 246.000000 -0.670909 0.274563 2.713661 1813.299658
 246.200000 -1.082229 0.201399 17.594399 675.614811
 246.400000 -0.907014 0.174235 11.974909 1210.798998
 246.600000 -0.767508 0.201597 6.870070 1657.452846
 246.800000 -0.941244 0.278787 13.164490 1200.901903
 247.000000 -1.511481 1.097767 19.829601 176.849076
 247.200000 -1.341170 1.554840 21.339038 0.062142
 247.400000 -1.469068 1.770146 20.383314 161.853671
 247.600000 -1.518458 1.078769 19.733794 174.496721
 247.800000 -0.784568 0.219329 7.550235 1544.293987
 248.000000 -0.609056 -0.448271 0.354022 1131.652764
 248.200000 -0.727344 -0.549405 5.172851 1886.326687
 248.400000 -0.777935 0.253251 7.286361 1585.412789
 248.600000 -1.450046 1.289047 20.615513 139.927934
 248.800000 -1.637444 1.377961 18.314354 112.541409
 249.000000 -1.210867 1.509533 20.213863 236.497904
 249.200000 -0.994642 0.905752 14.964472 1089.356546
 249.400000 -1.229940 0.366991 20.485985 189.761166
 249.600000 -1.072459 0.761644 17.316638 723.611883
 249.800000 -0.987848 1.606138 14.739097 1111.635363
 250.000000 -0.886973 1.957705 11.264971 1209.834859
 250.200000 -0.650881 2.167226 1.878751 1618.172750
 250.400000 -1.563671 2.298773 19.156063 150.150902
 250.600000 -2.440125 2.254095 20.027984 58.543885
 250.800000 -2.506986 -3.003703 20.386149 7.270343
 251.000000 2.995910 2.859600 -0.024830 22.013355
 251.200000 -3.128680 2.402367 7.697439 2461.052563
 251.400000 -2.253499 3.085073 18.529394 31.234610
 251.600000 -2.259996 2.906459 18.566358 33.537426
 251.800000 -2.352295 2.402791 19.252169 79.305027
 252.000000 -2.328329 2.702327 19.045984 68.139080
 252.200000 -2.240142 2.858170 18.457800 27.646958
 252.400000 3.017218 2.278400 0.721821 1699.707711
 252.600000 -2.817784 -3.010062 18.088859 405.783131
 252.800000 -2.944581 3.026937 14.712146 967.043613
 253.000000 3.141371 2.434381 7.035807 2633.174712
 253.200000 -2.439301 3.033257 20.020115 57.671247
 253.400000 -2.248153 2.732832 18.502275 30.304561
 253.600000 -2.358062 2.269111 19.308236 80.543097
 253.800000 -2.117972 2.672982 17.876702 25.795895
 254.000000 -2.104888 2.900962 17.808986 27.811947
 254.200000 -2.476181 2.510205 20.256376 26.397706
 254.400000 -2.597913 2.885621 20.294506 15.167377
 254.600000 3.134858 2.880578 6.703871 2710.432691
 254.800000 3.080605 2.864064 3.799638 2852.100612
 255.000000 -2.435147 2.814816 19.987835 60.243560
 255.200000 -2.001687 2.358647 17.201705 35.193202
 255.400000 -1.559647 2.358556 19.201111 150.648905
 255.600000 -2.006761 2.275423 17.231941 35.784255
 255.800000 -2.180459 2.588283 18.174892 21.565920
 256.000000 -2.829840 3.029134 17.840555 466.627166
 256.200000 2.999346 2.847091 0.030373 667.883091
 256.400000 -3.033185 2.872093 11.779574 1317.451297
 256.600000 -2.495671 2.836802 20.339010 12.642655
 256.800000 -2.138582 2.491120 17.977792 24.219679
 257.000000 -1.609482 2.470004 18.617939 123.865739
 257.200000 -1.875649 2.401151 16.713581 0.179557
 257.400000 -2.052003 2.683513 17.503054 35.790605
 257.600000 -2.675393 2.890643 19.865029 49.800197
 257.800000 -2.991059 2.899478 13.237870 1096.386154
 258.000000 -2.559417 2.724734 20.398355 2.356735
 258.200000 -2.317294 2.475767 18.984287 60.871277
 258.400000 -2.069715 2.470001 17.607448 33.900829
 258.600000 -1.929628 2.799346 16.832668 14.362894
 258.800000 -2.197464 2.586943 18.262584 23.153578
 259.000000 -2.910309 2.659286 15.763942 856.559393
 259.200000 3.119669 -3.102909 5.919100 2847.877578
 259.400000 3.112417 3.064621 5.530540 2890.702195
 259.600000 -2.112118 2.477315 17.844346 28.244230
 259.800000 -1.458863 2.115741 20.473204 144.814985
 260.000000 -1.129922 1.501237 18.647480 467.762024
 260.200000 -1.237945 0.396552 20.526079 172.585248
 260.400000 -0.345393 -0.498397 -0.000000 0.000000
 260.600000 -0.548287 -0.572278 -0.000024 0.000010
 260.800000 -0.950057 0.079154 13.408342 1181.920173
 261.000000 -1.279882 1.290450 20.987505 75.214640
 261.200000 -1.230382 1.956321 20.417464 191.237747
 261.400000 -0.598562 2.118117 0.010632 298.048474
 261.600000 -1.157058 2.319357 19.190236 379.690664
 261.800000 -0.615656 2.031205 0.550424 1151.822408
 262.000000 -0.633658 1.821437 1.189433 1389.645950
 262.200000 -1.480222 1.696099 20.196030 160.998271
 262.400000 -1.599627 1.036661 18.717694 127.528038
 262.600000 -0.949418 0.557837 13.378313 1183.355725
 262.800000 -0.795213 0.494383 7.922006 1463.541127
 263.000000 -1.453053 0.697329 20.529272 137.017161
 263.200000 -1.489978 1.412505 20.067943 164.854564
 263.400000 -0.947983 1.287799 13.326479 1185.633179
 263.600000 -1.283153 0.908442 20.997361 68.912813
 263.800000 -1.571415 0.721900 19.042049 141.423018
 264.000000 -1.359795 0.688498 21.239132 4.898252
 264.200000 -1.138157 1.296316 18.792574 436.448030
 264.400000 -1.843642 1.669065 16.728957 3.406931
 264.600000 -1.520554 1.324301 19.673236 164.531811
 264.800000 -1.531134 0.857977 19.538180 161.160426
 265.000000 -1.259873 0.671879 20.766588 120.512642
 265.200000 -1.476891 1.285928 20.232336 157.560485
 265.400000 -1.753918 1.677996 17.181610 61.457181
 265.600000 -1.890427 1.832832 16.722808 2.463933
 265.800000 -1.513056 2.464515 19.769411 165.490008
 266.000000 -2.580365 2.686036 20.339983 7.970256
 266.200000 3.012026 3.043644 0.549875 1611.310257
 266.400000 -2.925772 2.967001 15.312076 906.687020
 266.600000 -2.425804 2.484746 19.922507 59.398311
 266.800000 -1.782239 2.543170 16.981240 39.420127
 267.000000 -1.146631 2.747561 18.958726 408.573631
 267.200000 -0.713869 1.944227 4.545386 1905.957720
 267.400000 -0.767415 1.404370 6.810164 1634.083469
 267.600000 -1.826727 0.939863 16.769217 9.923530
 267.800000 -1.609181 0.061519 18.612099 123.615127
 268.000000 -1.230154 0.029312 20.383753 192.201816
 268.200000 -1.195249 0.498008 19.846041 276.738456
 268.400000 -1.775793 1.151532 17.023699 44.678841
 268.600000 -1.190117 1.687857 19.759707 289.389288
 268.800000 -0.919625 1.636999 12.330495 1205.978748
 269.000000 -1.671274 2.160663 17.951493 104.902494
 269.200000 -2.384064 2.578958 19.577083 72.215234
 269.400000 3.084064 3.083320 4.023362 2862.199932
 269.600000 3.062232 3.085599 2.875596 2634.639590
 269.800000 -2.989813 2.702082 13.289741 1091.202114
 270.000000 -2.408719 2.890663 19.783062 66.144219
 270.200000 -2.336485 2.798524 19.179679 64.665950
 270.400000 -2.499886 2.412989 20.326501 9.075996
 270.600000 -2.206461 -2.920940 18.333219 28.375133
 270.800000 -2.414870 2.745081 19.831496 62.903816
 271.000000 3.038850 2.149143 1.726006 2198.561690
 271.200000 -3.019193 3.110430 12.291322 1224.333611
 271.400000 2.970416 2.842052 -0.000342 0.005342
 271.600000 -2.669621 2.488871 19.888637 44.825239
 271.800000 -1.688965 2.736709 17.778412 100.116836
 272.000000 -1.880935 1.992520 16.708640 0.770281
 272.200000 -2.251070 1.986175 18.589543 36.237467
 272.400000 -2.212600 3.051589 18.369578 30.043640
 272.600000 -3.068271 3.017944 10.451962 1637.298465
 272.800000 -2.849047 2.879145 17.403811 562.515338
 273.000000 -1.803607 2.799884 16.862556 23.985734
 273.200000 -0.647989 1.916377 1.724455 1573.022287
 273.400000 -1.027809 1.294767 15.929863 932.893026
 273.600000 -1.485296 0.734172 20.123826 156.494384
 273.800000 -0.738259 0.261513 5.579817 1802.285946
 274.000000 -0.710472 0.037039 4.381375 1900.959843
 274.200000 -1.235944 0.058086 20.432299 179.137606
 274.400000 -0.567577 0.370343 -0.000381 0.004420
 274.600000 -1.620138 1.401608 18.507914 119.613636
 274.800000 -1.401658 1.411541 21.005033 53.005870
 275.000000 -0.709676 0.628018 4.344207 1900.233191
 275.200000 -1.588880 0.286482 18.860554 130.348450
 275.400000 -1.686059 0.513744 17.814873 102.800869
 275.600000 -0.885616 0.832690 11.122023 1216.146787
 275.800000 -1.259681 1.141533 20.719223 122.583373
 276.000000 -1.148479 0.726240 18.958885 400.057645
 276.200000 -0.889251 0.164570 11.245737 1215.505096
 276.400000 -0.673356 -0.054204 2.766018 1808.377193
 276.600000 -0.675126 0.102328 2.841407 1819.617750
 276.800000 -1.174620 0.214020 19.453403 327.908255
 277.000000 -1.590449 0.946593 18.847363 129.686970
 277.200000 -1.024622 1.644187 15.820873 946.882042
 277.400000 -0.807371 2.010579 8.325039 1392.490522
 277.600000 -0.700378 2.268800 3.933093 1901.154289
 277.800000 -0.693622 2.141754 3.638724 1893.117832
 278.000000 -0.687226 1.691925 3.361012 1876.361291
 278.200000 -1.572184 1.166666 19.066343 136.791962
 278.400000 -0.946952 0.174950 13.252001 1193.840205
 278.600000 -0.792566 -0.157520 7.764882 1470.179056
 278.800000 -0.843889 -0.061230 9.652130 1264.998179
 279.000000 -1.240141 0.377395 20.473102 169.538691
 279.200000 -1.373003 1.317700 21.157068 13.655942
 279.400000 -0.976396 1.514802 14.259430 1134.735693
 279.600000 -0.645556 1.356422 1.624831 1540.872473
 279.800000 -1.155708 1.691591 19.087096 377.815460
 280.000000 -1.865252 1.565576 16.694083 0.098299
 280.200000 -1.537400 1.290326 19.491557 149.969424
 280.400000 -0.957726 0.684130 13.625620 1176.145021
 280.600000 -0.817366 0.063870 8.697653 1349.036954
 280.800000 -0.957115 -0.010745 13.604641 1177.223671
 281.000000 -1.171303 0.501934 19.377951 335.600413
 281.200000 -1.795700 1.035310 16.896142 31.125009
 281.400000 -1.090966 1.121689 17.660581 609.523138
 281.600000 -1.183619 0.960848 19.595232 304.475718
 281.800000 -1.682085 0.843566 17.867646 108.259294
 282.000000 -0.892914 0.834539 11.379047 1215.627324
 282.200000 -1.360108 1.174435 21.191206 3.553012
 282.400000 -1.818182 1.142218 16.788065 15.574129
 282.600000 -0.976463 0.835247 14.267199 1130.542012
 282.800000 -1.618702 0.955158 18.554910 123.133793
 283.000000 -1.627770 1.051228 18.454693 121.178862
 283.200000 -1.558417 1.177060 19.252831 141.595802
 283.400000 -1.471293 1.134793 20.316122 140.060829
 283.600000 -1.568292 0.914918 19.136064 138.037698
 283.800000 -1.319258 0.752958 21.150876 14.641525
 284.000000 -1.214430 1.005417 20.092955 231.207019
 284.200000 -1.001646 1.272908 15.102463 1039.569068
 284.400000 -1.220271 1.207010 20.178503 217.932083
 284.600000 -1.556453 0.660931 19.283243 142.232813
 284.800000 -1.508038 0.484251 19.874330 152.897817
 285.000000 -0.990845 0.977492 14.750659 1081.605063
 285.200000 -1.649499 1.521535 18.234952 118.795503
 285.400000 -1.391295 1.591866 21.078032 33.224703
 285.600000 -0.998883 0.779736 15.015787 1049.645601
 285.800000 -1.390352 0.457498 21.083417 31.962417
 286.000000 -1.093813 0.905697 17.728573 591.081783
 286.200000 -1.482219 1.519664 20.207397 145.662970
 286.400000 -1.469485 1.379604 20.359018 137.318513
 286.600000 -0.955021 0.540145 13.549803 1176.651115
 286.800000 -0.697116 -0.204792 3.807398 1901.111869
 287.000000 -0.596948 -0.186453 -0.016314 74.887216
 287.200000 -0.985602 0.286241 14.586134 1097.199931
 287.400000 -1.813266 0.862784 16.802032 20.343643
 287.600000 -1.128920 1.368003 18.528716 454.309716
 287.800000 -0.838288 1.724248 9.474954 1282.144565
 288.000000 -0.846121 2.367014 9.754360 1263.607207
 288.200000 -0.686255 2.391761 3.339376 1878.768677
 288.400000 -0.707766 1.914130 4.276726 1902.769976
 288.600000 -0.969038 1.552008 14.034693 1145.371368
 288.800000 -1.639265 1.067214 18.367898 123.467799
 289.000000 -1.393200 0.351491 21.087446 34.481631
 289.200000 -1.168333 0.817612 19.311261 341.235677
 289.400000 -1.767650 1.324750 17.083058 60.216439
 289.600000 -1.731281 1.946445 17.399973 90.983970
 289.800000 -1.762461 2.350866 17.124112 64.970751
 290.000000 -2.258959 2.892816 18.653540 43.915066
 290.200000 -3.010150 2.522698 12.561033 1179.177489
 290.400000 -2.808841 3.076091 18.174043 347.256120
 290.600000 -2.989576 2.658982 13.253140 1088.972889
 290.800000 -2.571033 2.707348 20.241045 4.634118
 291.000000 -1.910005 2.594038 16.702206 5.351768
 291.200000 -1.954588 2.443141 16.846615 18.137056
 291.400000 -1.834423 2.469945 16.714643 9.247860
 291.600000 -2.255836 2.749114 18.627482 43.943987
 291.800000 -2.981749 2.764545 13.505023 1060.883440
 292.000000 -2.789965 3.052186 18.497366 267.558121
 292.200000 -2.260700 2.577393 18.657388 44.762249
 292.400000 -2.129809 2.057312 17.826634 38.052725
 292.600000 -1.623945 2.462586 18.569275 129.143846
 292.800000 -1.913675 2.858579 16.702209 6.034213
 293.000000 -2.833794 2.590168 17.658764 467.522491
 293.200000 3.053230 3.098454 2.421373 2418.172308
 293.400000 -2.868281 3.037870 16.840462 644.134836
 293.600000 -2.845905 2.446232 17.382371 529.226043
 293.800000 -2.063549 2.779225 17.418077 35.282583
 294.000000 -1.952975 2.785669 16.831096 17.294312
 294.200000 -2.241662 2.331424 18.528288 43.349423
 294.400000 -2.113978 2.741662 17.717824 38.022018
 294.600000 -2.329892 2.860329 19.143607 54.829315
 294.800000 -2.699984 2.620689 19.541198 67.407750
 295.000000 -3.052570 2.936361 11.003626 1483.613253
 295.200000 -3.069806 2.959005 10.315981 1661.422044
 295.400000 -2.954241 2.642409 14.365848 975.170267
 295.600000 -2.562089 2.753006 20.220088 2.442112
 295.800000 -2.376136 2.689943 19.488572 55.430601
 296.000000 -2.409814 2.588356 19.732501 48.180769
 296.200000 -2.379910 2.747551 19.515660 54.347062
 296.400000 -2.565701 2.702771 20.207134 3.158664
 296.600000 -2.856645 2.727706 17.114648 582.596989
 296.800000 3.061311 3.067440 2.818064 2536.556585
 297.000000 -2.820587 2.983160 17.911854 399.827396
 297.200000 -2.523118 2.694090 20.218985 0.926115
 297.400000 -2.043318 2.595339 17.277512 33.272556
 297.600000 -1.827534 2.852940 16.729053 13.979472
 297.800000 -2.274871 2.530617 18.754524 47.647614
 298.000000 -2.603633 2.651875 20.093603 14.352678
 298.200000 -2.875718 3.127081 16.627067 676.800556
 298.400000 3.079243 2.713981 3.736957 2736.735758
 298.600000 -2.755436 2.901672 18.955128 158.111037
 298.800000 -2.396348 2.686478 19.635349 49.649099
 299.000000 -2.445830 2.561615 19.951856 30.476949
 299.200000 -2.005307 2.797820 17.056087 27.787260
 299.400000 -2.279292 2.565523 18.791649 48.930648
 299.600000 -2.328193 2.731555 19.141234 53.155757
 299.800000 -2.570462 2.835948 20.179665 4.140446
 300.000000 2.883963 2.589523 -0.000000 0.000000
 300.200000 -2.795848 3.017783 19.092393 290.105239
 300.400000 -2.566760 2.714256 20.922433 3.308531
 300.600000 -2.505662 2.437577 20.918010 4.146994
 300.800000 -1.953425 2.826975 17.547583 16.182094
 301.000000 -1.973323 2.724746 17.633702 21.213681
 301.200000 -2.503193 2.289379 20.907258 4.671120
 301.400000 -2.294342 2.781013 19.645856 50.928071
 301.600000 -2.347280 2.990184 20.028966 53.152552
 301.800000 3.129036 2.388851 7.095108 2690.389461
 302.000000 -2.938872 2.995291 15.558909 924.445051
 302.200000 2.997839 -3.106963 0.810388 1156.077514
 302.400000 -2.821825 2.561473 18.596352 405.644332
 302.600000 -1.728629 2.658698 18.181833 102.537882
 302.800000 -1.405703 2.470266 21.815510 45.504055
 303.000000 -2.090797 2.049160 18.269960 38.111794
 303.200000 -1.946869 2.751624 17.506716 14.072598
 303.400000 -2.230885 3.006844 19.203325 49.350847
 303.600000 -2.837640 2.353111 18.256366 483.395645
 303.800000 -2.592185 2.932336 20.839784 9.993358
 304.000000 -2.845571 3.028716 18.078439 523.461907
 304.200000 3.125728 2.489944 6.910094 2713.376929
 304.400000 -2.689883 3.120993 20.312598 57.893196
 304.600000 -2.699445 2.751854 20.237213 66.691726
 304.800000 -2.656357 2.643894 20.539121 35.662216
 305.000000 -2.013787 2.935766 17.812986 28.304511
 305.200000 -2.040105 2.653532 17.952384 32.145969
 305.400000 -2.319509 2.241579 19.841984 52.066542
 305.600000 -2.044092 2.876914 17.975082 32.686222
 305.800000 -2.193490 2.879681 18.941724 49.359397
 306.000000 -2.530395 2.423078 20.920043 0.120026
 306.200000 -2.664800 2.790743 20.480256 40.109895
 306.400000 -2.632103 3.005916 20.663762 24.133491
 306.600000 -2.938011 2.525154 15.561271 917.893425
 306.800000 -2.515368 2.900341 20.903338 1.587053
 307.000000 -2.736991 2.611575 19.874691 119.741657
 307.200000 -2.815928 2.618615 18.687790 379.674695
 307.400000 -2.720506 3.024731 20.042475 92.821207
 307.600000 -3.021148 2.724577 12.851380 1247.068209
 307.800000 -2.836278 2.738848 18.266992 477.685680
 308.000000 -2.612359 2.798411 20.751242 16.308889
 308.200000 -2.643266 2.497090 20.605363 28.647699
 308.400000 -2.300757 2.798904 19.716241 51.982459
 308.600000 -2.579331 2.852370 20.856873 5.848066
 308.800000 -2.674163 2.628182 20.418540 45.926008
 309.000000 -2.988252 2.695782 13.968491 1083.545664
 309.200000 -2.724971 3.074733 19.999076 100.166687
 309.400000 -2.898164 2.753472 16.712705 773.326197
 309.600000 -2.386329 2.739002 20.320285 43.962036
 309.800000 -2.163431 2.693896 18.726580 49.566646
 310.000000 -2.069900 2.522609 18.111797 36.371975
 310.200000 -1.974903 2.581570 17.595234 21.044121
 310.400000 -2.078403 2.740363 18.159934 37.843625
 310.600000 -2.361857 2.697207 20.156600 47.777542
 310.800000 -2.891563 2.867815 16.893147 745.813669
 311.000000 2.955009 2.839260 -0.012056 2.133367
 311.200000 -3.082444 2.991371 10.466708 1820.652598
 311.400000 -2.795149 2.767125 19.064832 292.768360
 311.600000 -2.367241 2.886245 20.196590 46.569115
 311.800000 -2.309551 2.549227 19.790173 51.692009
 312.000000 -2.281949 2.598582 19.590596 52.818993
 312.200000 -2.392347 2.843908 20.366718 41.043692
 312.400000 -2.969905 2.709766 14.555928 1019.958561
 312.600000 -3.015107 3.041339 13.051227 1216.004356
 312.800000 3.045952 2.741727 2.765454 2233.087091
 313.000000 3.068208 2.751393 3.861340 2592.192953
 313.200000 -2.924527 3.040848 15.951963 874.222029
 313.400000 3.125994 2.674047 6.888284 2707.784545
 313.600000 -2.828933 2.902933 18.420177 444.973217
 313.800000 -3.059450 2.875894 11.407147 1565.308494
 314.000000 -2.974368 2.856655 14.412212 1035.661428
 314.200000 -2.621278 2.886650 20.713884 18.332514
 314.400000 -2.531089 2.399294 20.901855 0.114542
 314.600000 -2.272407 2.769098 19.536010 54.039754
 314.800000 -2.124010 2.820101 18.447807 47.045628
 315.000000 -2.372510 2.409354 20.243925 44.183758
 315.200000 -2.563697 2.810680 20.882704 2.193128
 315.400000 -3.018477 2.867932 12.933935 1238.557662
 315.600000 3.082934 2.966401 4.618651 2735.471309
 315.800000 -2.936830 2.810440 15.587086 915.420976
 316.000000 -2.534746 2.736584 20.902533 0.016371
 316.200000 -2.244904 2.701304 19.342246 56.310440
 316.400000 -2.009840 2.707666 17.743625 28.403137
 316.600000 -1.943060 2.509662 17.434442 13.698655
 316.800000 -2.145555 2.512212 18.599136 51.961808
 317.000000 -2.072696 2.851313 18.107681 38.918129
 317.200000 -2.473506 2.682086 20.792007 11.952484
 317.400000 -2.747752 2.729785 19.759703 144.838483
 317.600000 3.089510 2.925222 4.963852 2773.420470
 317.800000 3.025326 3.118559 1.835653 1789.146889
 318.000000 -3.013504 2.680580 13.109355 1210.748688
 318.200000 -2.235340 2.887044 19.279646 57.121046
 318.400000 -1.780592 2.524863 17.627971 54.902784
 318.600000 -1.967327 2.099040 17.526567 20.552565
 318.800000 -1.953364 2.307228 17.466030 17.013541
 319.000000 -1.944475 2.998080 17.430687 14.601014
 319.200000 -2.785318 2.504173 19.239734 256.409593
 319.400000 -2.961611 2.893397 14.825573 995.897461
 319.600000 -3.006748 3.104913 13.343976 1174.633806
 319.800000 2.947216 2.601413 -0.004192 0.265869
 320.000000 -1.993940 2.696090 17.654631 26.688079
 320.200000 -1.701685 2.470116 18.378019 127.693018
 320.400000 -2.183581 2.032240 18.894390 57.456460
 320.600000 -2.466326 2.561901 20.771147 14.039317
 320.800000 -2.880988 -3.076203 17.187418 700.379417
 321.000000 2.964830 2.784030 -0.027717 0.247457
 321.200000 -2.177667 2.729357 18.853191 57.363209
 321.400000 -1.380288 2.400190 21.862749 9.628038
 321.600000 -1.622237 1.853703 19.313917 146.420647
 321.800000 -1.755425 1.556406 17.816149 82.222090
 322.000000 -1.068358 0.594303 17.669310 675.563688
 322.200000 -0.605005 -0.335275 0.825445 943.331363
 322.400000 -0.580341 -0.610901 0.124647 620.326607
 322.600000 -0.609934 -0.302174 0.979806 1018.957930
 322.800000 -1.238516 0.817979 20.982483 194.315456
 323.000000 -1.627566 1.616706 19.245421 146.257237
 323.200000 -1.474649 2.426948 21.101372 128.160489
 323.400000 -1.986102 2.747102 17.609200 26.369793
 323.600000 -3.127987 2.785617 8.374121 2412.598244
 323.800000 -2.400510 -2.980866 20.450731 35.105601
 324.000000 -2.235543 2.481694 19.302961 57.866084
 324.200000 -1.758405 2.188132 17.775279 79.382788
 324.400000 -1.764575 2.575209 17.721492 72.596972
 324.600000 -2.264383 2.764746 19.524212 55.481215
 324.800000 2.999454 2.730490 0.841725 1190.121147
 325.000000 2.854959 3.084733 -0.000233 0.000052
 325.200000 -1.915219 2.361079 17.311991 7.446383
 325.400000 -1.364287 1.515577 21.863485 0.735824
 325.600000 -1.019424 0.612770 16.247586 920.937959
 325.800000 -1.717356 0.477266 18.182476 118.437378
 326.000000 -1.610148 0.671932 19.446967 147.177764
 326.200000 -0.816950 1.132830 9.303648 1365.046908
 326.400000 -1.364703 2.117729 21.855037 0.779662
 326.600000 -1.998415 2.898047 17.669615 29.590061
 326.800000 2.973019 2.755500 0.032901 356.145235
 327.000000 3.124553 2.966641 6.820356 2720.028728
 327.200000 -2.192041 2.776420 18.981678 59.686700
 327.400000 -1.899313 2.346092 17.269731 3.359266
 327.600000 -1.020080 2.240551 16.247840 917.056778
 327.800000 -0.837448 1.885727 10.041630 1292.107107
 328.000000 -0.800023 1.772725 8.661091 1445.522531
 328.200000 -1.360053 1.776911 21.842859 0.030891
 328.400000 -1.779721 1.214768 17.590607 56.323235
 328.600000 -0.988450 0.421081 15.243712 1056.298385
 328.800000 -0.609727 -0.335326 0.933001 1006.536657
 329.000000 -0.620731 -0.714382 1.296622 1178.485898
 329.200000 -0.776696 -0.119291 7.738965 1579.585066
 329.400000 -0.856360 0.460145 10.698325 1247.710844
 329.600000 -1.616196 1.200307 19.364470 145.793887
 329.800000 -1.819057 1.837302 17.353243 19.183559
 330.000000 -1.652487 2.689693 18.927706 143.501655
 330.200000 -2.635074 2.856639 20.668101 23.617719
 330.400000 -2.900957 2.863046 16.651330 782.964918
 330.600000 -2.767425 2.933799 19.512911 197.500863
 330.800000 -2.911719 2.517250 16.346091 825.389032
 331.000000 -2.633917 3.041193 20.673695 23.114128
 331.200000 -2.586682 2.805957 20.850042 6.880062
 331.400000 -2.613171 2.417264 20.763866 14.966193
 331.600000 -2.185416 2.757947 18.936659 60.188579
 331.800000 -2.190631 2.799471 18.977146 60.363361
 332.000000 -2.364400 2.386418 20.244601 41.666675
 332.200000 -2.234546 2.878450 19.320255 59.190839
 332.400000 -2.502817 2.727134 20.887381 3.344147
 332.600000 -3.050143 2.534147 11.786228 1484.611580
 332.800000 3.106161 -3.128788 5.853647 2800.553821
 333.000000 3.066822 2.963293 3.795240 2581.176697
 333.200000 -2.392162 2.524041 20.423791 35.558499
 333.400000 -1.492476 2.542732 20.852408 136.848702
 333.600000 -1.612080 2.413438 19.406562 144.375961
 333.800000 -2.227880 1.989568 19.271502 60.024491
 334.000000 -2.056037 2.845927 18.004599 41.393582
 334.200000 -2.489898 3.030842 20.863798 6.098105
 334.400000 3.054053 2.297465 3.159771 2391.347190
 334.600000 -2.674575 -3.136977 20.441206 46.110835
 334.800000 -2.858456 2.761021 17.766929 586.952962
 335.000000 -2.960966 2.259197 14.863841 992.076684
 335.200000 -2.384316 2.937767 20.384116 37.053079
 335.400000 -2.907757 2.558347 16.463126 808.440891
 335.600000 -3.136737 2.404630 7.947004 2516.807137
 335.800000 -2.458448 2.982463 20.765151 15.231013
 336.000000 -2.816292 2.588991 18.693570 383.215599
 336.200000 -2.596105 2.664951 20.828412 9.696378
 336.400000 -1.746848 3.063653 17.859960 93.755866
 336.600000 -2.017586 1.898213 17.762095 35.525647
 336.800000 -1.601161 1.350068 19.530906 143.875494
 337.000000 -0.778650 0.601370 7.762321 1560.531824
 337.200000 -0.999034 -0.160313 15.504867 1012.476208
 337.400000 -0.674685 -0.581596 3.350782 1805.150416
 337.600000 -1.182130 -0.235356 19.926337 305.197717
 337.800000 -1.142707 0.559864 19.193984 390.237922
 338.000000 -1.771582 1.194044 17.635290 67.228795
 338.200000 -1.141235 1.414728 19.154613 393.560766
 338.400000 -1.084629 1.096763 17.912331 590.795777
 338.600000 -1.553624 0.996636 20.096849 146.149642
 338.800000 -1.498101 0.832889 20.763505 137.097144
 339.000000 -1.299624 0.725553 21.506008 67.149057
 339.200000 -1.686957 0.999050 18.502659 135.592279
 339.400000 -1.081321 1.297742 17.822683 605.236408
 339.600000 -1.464394 1.184154 21.136377 109.767525
 339.800000 -1.116903 0.601103 18.642348 464.783688
 340.000000 -1.066205 0.534497 17.440166 676.929422
 340.200000 -1.286110 0.849831 21.366119 95.788337
 340.400000 -1.072953 1.302694 17.605908 643.962912
 340.600000 -1.138778 1.055979 19.087982 398.939833
 340.800000 -1.464635 0.728209 21.130879 109.516887
 341.000000 -1.218789 0.919150 20.499619 237.053732
 341.200000 -1.277762 1.488538 21.273909 114.262868
 341.400000 -1.124382 1.113700 18.786158 440.151457
 341.600000 -1.514614 0.769843 20.560861 142.436649
 341.800000 -1.249848 0.774852 20.938531 175.163706
 342.000000 -1.497504 1.357736 20.762887 135.694647
 342.200000 -1.580385 1.465403 19.767225 144.498781
 342.400000 -1.227941 0.774508 20.625350 219.940793
 342.600000 -1.046717 0.170621 16.893004 777.620789
 342.800000 -0.794739 0.129288 8.340259 1462.146680
 343.000000 -1.323695 0.636357 21.640652 27.393070
 343.200000 -1.360362 1.207422 21.738021 0.058904
 343.400000 -1.052503 1.208732 17.046702 748.533343
 343.600000 -1.410674 1.070653 21.585205 36.851225
 343.800000 -1.594958 0.802950 19.591729 144.087500
 344.000000 -1.155514 0.645941 19.395458 358.406701
 344.200000 -1.449281 0.924775 21.279435 90.004746
 344.400000 -1.500024 1.141319 20.731878 136.660828
 344.600000 -1.146926 1.226845 19.226018 378.864951
 344.800000 -1.694187 0.757312 18.406674 134.813336
 345.000000 -0.735570 0.511985 5.930679 1809.356124
 345.200000 -1.587862 0.717780 19.677161 145.021657
 345.400000 -1.448718 0.874388 21.286026 89.027608
 345.600000 -1.056778 1.003041 17.152071 728.247502
 345.800000 -1.753195 0.984247 17.770125 89.798365
 346.000000 -1.171056 0.803978 19.674644 326.230047
 346.200000 -1.849471 0.736261 17.194239 3.617614
 346.400000 -0.853061 0.802604 10.439488 1247.707725
 346.600000 -1.450291 1.440133 21.272856 90.774358
 346.800000 -1.077436 1.512361 17.684914 627.167837
 347.000000 -0.499699 0.553840 -0.000067 0.000002
 347.200000 -0.877045 -0.086226 11.273635 1218.978320
 347.400000 -0.625830 -0.323589 1.359083 1235.471530
 347.600000 -0.591049 -0.112424 0.266694 831.663438
 347.800000 -1.131340 0.316942 18.904427 422.282089
 348.000000 -1.426145 1.319333 21.482820 57.171566
 348.200000 -0.323418 1.655705 -0.000002 0.000000
 348.400000 -0.997288 2.455378 15.370569 1029.391792
 348.600000 -0.808426 2.410165 8.810866 1391.047103
 348.800000 -0.429667 1.574656 -0.000110 0.000002
 349.000000 -1.545231 1.225974 20.199081 147.284920
 349.200000 -1.571450 0.362532 19.882610 147.365871
 349.400000 -1.057133 -0.067552 17.144526 730.608070
 349.600000 -1.059871 0.095609 17.218182 716.518378
 349.800000 -0.746853 0.404218 6.370722 1749.450796
 350.000000 -1.806166 1.301549 17.345405 32.833481
 350.200000 -1.782965 1.909736 17.497010 58.263512
 350.400000 -1.876257 2.512809 17.151974 0.075082
 350.600000 -2.391500 3.000905 20.458749 34.721582
 350.800000 3.026373 2.603293 1.876574 1845.885094
 351.000000 -3.133850 2.917731 8.095675 2480.971975
 351.200000 -2.141560 2.954742 18.589660 60.007584
 351.400000 -1.768356 1.973796 17.613918 76.043442
 351.600000 -0.933600 0.726631 13.217287 1193.940744
 351.800000 -1.240580 -0.011913 20.786688 197.881907
 352.000000 -0.598533 -0.055011 0.464358 860.842071
 352.200000 -1.168898 0.360437 19.618966 333.435026
 352.400000 -1.220804 0.861937 20.493589 236.909438
 352.600000 -1.382907 1.650416 21.714107 6.752758
 352.800000 -1.648790 1.325600 18.949431 148.868482
 353.000000 -0.959181 0.661593 14.090694 1155.753171
 353.200000 -1.840564 0.801517 17.181050 7.833093
 353.400000 -0.865346 0.904757 10.830948 1233.142117
 353.600000 -1.535916 1.458171 20.325060 146.376909
 353.800000 -1.747259 1.579002 17.808887 101.538302
 354.000000 -1.856658 1.639081 17.147474 1.909256
 354.200000 -0.929671 1.830147 13.069070 1200.805954
 354.400000 -0.627173 1.963784 1.371350 1249.809132
 354.600000 -0.608111 1.976657 0.738377 960.917779
 354.800000 -1.179742 2.043755 19.811617 312.625402
 355.000000 -1.233801 2.134319 20.686805 212.194654
 355.200000 -0.962435 2.218044 14.191497 1151.909317
 355.400000 -0.836736 2.183651 9.806466 1288.960419
 355.600000 -1.039352 1.985327 16.632446 827.781306
 355.800000 -0.646850 1.303952 2.100831 1522.005715
 356.000000 -0.657939 1.086039 2.542575 1648.220561
 356.200000 -1.633970 1.033872 19.141988 150.355699
 356.400000 -1.397195 0.512507 21.669251 18.666470
 356.600000 -0.922444 0.327237 12.811868 1209.266272
 356.800000 -0.834028 0.504566 9.704309 1297.529193
 357.000000 -1.939707 1.123667 17.274331 17.631558
 357.200000 -1.636393 1.798676 19.115307 150.800188
 357.400000 -0.767989 1.781154 7.195444 1619.745678
 357.600000 -0.806015 2.145181 8.671746 1405.316636
 357.800000 -0.707449 2.295775 4.642537 1882.235593
 358.000000 -0.624667 1.979114 1.274266 1210.932028
 358.200000 -1.084657 1.921794 17.838690 598.132220
 358.400000 -1.754866 1.274937 17.730888 97.068828
 358.600000 -0.812336 0.682743 8.904107 1377.061399
 358.800000 -1.521051 0.645544 20.518660 142.429975
 359.000000 -1.162855 0.853337 19.502717 346.119400
 359.200000 -1.140155 1.141277 19.065337 399.388730
 359.400000 -0.957703 1.317285 14.027273 1169.265744
 359.600000 -1.685246 1.022090 18.519920 149.032770
 359.800000 -1.191429 0.594134 20.012060 291.114749
 360.000000 -0.652059 0.262151 2.296064 1582.032308
 360.200000 -0.889898 -0.119615 11.668733 1228.349438
 360.400000 -0.759711 -0.477843 6.849990 1668.696597
 360.600000 -0.602369 -0.144933 0.547841 896.053249
 360.800000 -1.402516 0.749400 21.650359 24.088043
 361.000000 -1.748605 1.642402 17.794781 105.744580
 361.200000 -1.426100 2.131072 21.505861 54.343595
 361.400000 -1.705251 2.390419 18.283416 142.779768
 361.600000 -2.202649 2.728265 19.040048 66.717926
 361.800000 3.102581 2.636520 5.635692 2813.913657
 362.000000 3.012598 3.111692 1.278456 1515.814399
 362.200000 -2.573326 2.850110 20.820107 5.072843
 362.400000 -1.896317 2.404184 17.114229 2.563799
 362.600000 -1.616332 2.050758 19.379882 149.614401
 362.800000 -1.904523 1.985154 17.129734 4.712726
 363.000000 -1.960649 2.488924 17.339349 24.875062
 363.200000 -1.923129 3.098773 17.176511 10.886457
 363.400000 -3.079455 2.368270 10.558390 1775.963506
 363.600000 -2.965518 2.872640 14.647154 997.864984
 363.800000 -2.780800 3.031586 19.248196 240.548265
 364.000000 -2.728020 2.254739 19.920652 104.810423
 364.200000 -2.081901 2.840311 18.089143 50.681727
 364.400000 -1.898963 2.743906 17.110791 3.063808
 364.600000 -2.230605 2.144138 19.254467 65.959670
 364.800000 -2.288388 2.357717 19.712030 58.449266
 365.000000 -1.984320 3.126933 17.456624 32.134344
 365.200000 -2.457814 2.560496 20.731641 12.133898
 365.400000 -2.528120 2.595536 20.856072 0.001058
 365.600000 -2.897526 -3.123838 16.662147 769.989089
 365.800000 2.949612 2.606654 -0.003209 0.183679
 366.000000 -1.592270 2.750579 19.685345 146.738229
 366.200000 -0.621117 1.876377 1.135831 1159.158655
 366.400000 -0.646129 1.407257 2.051036 1510.208181
 366.600000 -1.553465 1.148959 20.156093 143.866332
 366.800000 -1.178085 0.262241 19.777945 313.737095
 367.000000 -0.047091 -0.442733 -0.000000 0.000000
 367.200000 1.211964 -1.450217 -0.000000 0.000000
