#! FIELDS time phi psi ves.bias ves.force2
#! SET min_phi -pi
#! SET max_phi pi
#! SET min_psi -pi
#! SET max_psi pi
 0.000000 -1.498385 0.273949 27.215882 148.921278
 0.200000 -1.021044 0.728180 21.043201 1247.625070
 0.400000 -1.347283 1.445699 27.958103 9.977135
 0.600000 -0.896236 1.218295 16.221762 1757.520617
 0.800000 -0.597674 0.642377 4.291315 728.669296
 1.000000 -1.255338 0.238399 27.176157 195.149100
 1.200000 -0.642517 0.161544 5.773111 1073.604246
 1.400000 -0.616426 0.097664 4.956400 890.088815
 1.600000 -1.077935 0.119044 23.342868 944.904407
 1.800000 -0.439998 0.021672 1.324908 156.502269
 2.000000 -0.594543 0.020205 4.330410 749.878626
 2.200000 -0.793848 0.019260 12.066434 1978.923715
 2.400000 -0.662424 -0.008869 6.681843 1261.793039
 2.600000 -0.813179 -0.336595 12.929283 2001.340716
 2.800000 -0.411084 -0.310794 1.052706 139.596425
 3.000000 -0.675091 0.099474 7.140166 1356.898135
 3.200000 -1.249738 0.758122 27.294967 171.399888
 3.400000 -1.561314 1.323841 26.142580 278.093760
 3.600000 -0.522876 0.900368 2.965894 490.486132
 3.800000 -1.459624 0.794042 27.573018 104.363615
 4.000000 -1.136068 0.711404 25.099266 646.885325
 4.200000 -0.800414 0.316307 12.753995 1720.648701
 4.400000 -0.957869 0.158378 19.181783 1545.231292
 4.600000 -1.604274 0.709656 25.424358 308.593363
 4.800000 -0.971232 1.463546 19.703938 1507.661320
 5.000000 -0.553801 1.830747 3.801540 698.822236
 5.200000 -0.966342 2.309879 19.566850 1503.524317
 5.400000 -1.335238 2.335321 28.068806 17.763269
 5.600000 -2.302934 2.370379 24.778091 84.107832
 5.800000 3.064498 2.755878 6.928775 2449.685941
 6.000000 -2.882358 3.125915 21.469372 679.809793
 6.200000 -2.888195 2.478938 21.304476 694.095049
 6.400000 -1.447702 2.804435 27.899890 74.870537
 6.600000 -1.781266 2.243955 22.980887 61.795470
 6.800000 -2.484409 1.798769 25.702767 0.201846
 7.000000 -2.781762 2.818194 23.626093 288.387134
 7.200000 2.953767 3.118507 2.617636 698.607989
 7.400000 3.017258 2.617270 4.746726 1652.245327
 7.600000 -2.267774 2.874301 24.396014 85.672672
 7.800000 -2.005064 2.534106 22.608368 15.716160
 8.000000 -1.987614 2.184674 22.545128 10.684577
 8.200000 -1.935763 2.306153 22.462441 0.532497
 8.400000 -1.870446 2.836412 22.520029 6.353682
 8.600000 -2.567763 2.622614 25.550416 15.348129
 8.800000 -3.132828 2.868178 11.468608 2929.785694
 9.000000 -2.998423 -2.973556 17.815878 1449.255617
 9.200000 -2.729597 2.671803 24.324676 162.759170
 9.400000 -2.416646 2.398326 25.572592 22.617551
 9.600000 -1.547815 2.902630 26.570148 350.788702
 9.800000 -2.197308 2.490238 23.782238 61.339548
 10.000000 -2.520958 2.425526 25.709958 3.376459
 10.200000 -2.874710 -3.129720 21.622787 592.364046
 10.400000 2.930467 2.627909 2.023310 536.142783
 10.600000 -2.648488 2.869405 25.142309 59.065963
 10.800000 -1.998892 2.859750 22.660604 9.486041
 11.000000 -2.001700 2.209394 22.669398 10.139190
 11.200000 -1.930663 2.109585 22.594615 0.192016
 11.400000 -1.808330 2.581858 22.837007 23.263520
 11.600000 -2.389352 2.979198 25.404060 42.186428
 11.800000 3.010774 2.588714 4.598009 1633.940124
 12.000000 3.024793 2.988655 5.183691 1857.987902
 12.200000 -2.835865 2.812706 22.540444 437.162941
 12.400000 -2.482760 2.493037 25.768912 1.703078
 12.600000 -1.944484 2.806344 22.683106 0.899088
 12.800000 -2.040750 2.478945 22.920042 15.735952
 13.000000 -2.213637 2.295747 23.974355 61.375179
 13.200000 -1.922738 2.836792 22.742462 0.431058
 13.400000 -2.448465 2.682652 25.685163 13.316335
 13.600000 -3.095067 2.513592 13.568404 2502.534043
 13.800000 -3.093350 -3.086301 13.654171 2487.224532
 14.000000 -3.041560 2.740014 16.095376 1942.948654
 14.200000 -2.639814 2.470599 25.287748 60.485465
 14.400000 -2.145206 2.871003 23.613026 35.369443
 14.600000 -2.268265 2.724959 24.458141 58.746440
 14.800000 -2.820997 2.466364 22.890672 377.853492
 15.000000 3.077008 2.974245 7.854946 2578.991048
 15.200000 -2.844770 3.070146 22.445863 453.098865
 15.400000 -3.071951 2.468849 14.773610 2233.464114
 15.600000 -2.331865 3.072725 24.959086 55.780452
 15.800000 -2.145323 2.610275 23.684700 33.112888
 16.000000 -2.159918 2.092643 23.770066 35.315342
 16.200000 -1.642959 2.701523 24.590967 332.517286
 16.400000 -2.203894 2.764777 24.113935 38.572767
 16.600000 3.075148 2.594720 7.894197 2586.063414
 16.800000 -3.137840 -3.062911 11.539402 2679.532299
 17.000000 -3.076686 2.779452 14.592035 2252.639338
 17.200000 -2.856184 2.682992 22.282629 494.377989
 17.400000 -2.417660 2.943429 25.548404 31.672913
 17.600000 -2.502866 2.513806 25.850468 0.928829
 17.800000 -2.524795 2.595721 25.854693 0.344722
 18.000000 -2.765287 2.975722 23.935015 214.798028
 18.200000 2.907921 2.814632 1.358678 566.794569
 18.400000 -2.726931 2.839727 24.472306 151.105724
 18.600000 -2.276673 2.753643 24.659378 36.211354
 18.800000 -2.229070 2.302871 24.383760 31.675127
 19.000000 -1.766063 2.702689 23.050333 30.962098
 19.200000 -2.125003 2.546083 23.869392 34.766117
 19.400000 -2.557382 2.664515 25.884914 9.885995
 19.600000 -3.060373 2.777431 15.473437 1990.092501
 19.800000 3.040444 2.995366 6.401413 2397.453728
 20.000000 -2.887408 2.723451 21.605741 661.347807
 20.200000 -2.487181 2.623000 25.945213 6.429359
 20.400000 -2.140380 2.630055 24.032287 34.788772
 20.600000 -2.207663 2.625238 24.398921 25.333229
 20.800000 -2.519349 2.715200 25.986080 0.001922
 21.000000 -3.106984 2.765970 13.356639 2326.836375
 21.200000 -3.131692 2.992534 12.201712 2456.935945
 21.400000 -2.950701 2.817350 19.817134 1106.258241
 21.600000 3.058328 2.661630 7.440082 2590.128550
 21.800000 -2.740472 2.957617 24.369769 159.333333
 22.000000 -2.982196 2.680100 18.715305 1344.163773
 22.200000 -3.106383 2.737069 13.518542 2260.731955
 22.400000 -2.663889 3.081427 25.243711 97.521407
 22.600000 -2.796502 2.442463 23.605404 255.739096
 22.800000 -2.338175 2.755222 25.155732 35.498736
 23.000000 -2.422884 2.756969 25.712496 40.917513
 23.200000 -2.898681 2.599542 21.483238 734.345319
 23.400000 -2.774403 3.120872 23.979228 202.896798
 23.600000 3.059721 2.715841 7.672415 2690.563112
 23.800000 -3.025722 2.717108 17.147772 1631.625183
 24.000000 -2.645272 -3.110955 25.456908 86.246389
 24.200000 3.133427 2.600853 11.592369 2543.761975
 24.400000 -2.432546 -3.124372 25.845255 42.388985
 24.600000 -2.520738 2.360054 26.170446 0.003389
 24.800000 -2.664251 2.299188 25.312318 100.415066
 25.000000 -2.556614 2.968524 26.105699 12.378936
 25.200000 2.885880 2.723787 0.692779 488.086657
 25.400000 -2.555304 2.640366 26.176097 11.708468
 25.600000 -1.948334 2.748511 23.071978 14.809647
 25.800000 -1.900719 2.168245 22.927503 5.264896
 26.000000 -2.017656 1.999349 23.433797 43.034284
 26.200000 -1.706932 2.692523 23.369175 114.995062
 26.400000 -2.143366 2.659623 24.388586 40.591498
 26.600000 3.032100 2.321736 6.466682 2705.138217
 26.800000 -2.308736 -2.888800 25.092093 22.728713
 27.000000 -2.404125 2.714573 25.718335 58.621854
 27.200000 -2.098749 1.879150 24.107966 59.923087
 27.400000 -1.598741 2.153658 25.119594 403.695211
 27.600000 -0.551669 2.451515 3.432261 919.542899
 27.800000 -1.301370 1.888311 27.253544 62.072470
 28.000000 -1.536797 0.937895 26.326258 316.422939
 28.200000 -0.661682 -0.061313 7.044471 1276.998636
 28.400000 -0.469837 -0.874720 1.173907 531.188098
 28.600000 -0.778716 -0.318641 11.539099 1636.844549
 28.800000 -0.980564 0.536618 19.501400 1362.632901
 29.000000 -1.704345 1.513514 23.361889 118.493567
 29.200000 -1.548283 1.685182 26.074138 345.561360
 29.400000 -1.715018 1.719925 23.239477 90.820798
 29.600000 -2.033820 1.921399 23.649520 58.961350
 29.800000 -1.699720 2.473416 23.399811 130.711392
 30.000000 -2.177178 2.650742 24.682884 23.779189
 30.200000 -3.108479 2.757261 14.042819 2138.196092
 30.400000 -2.996655 -3.051304 18.652746 1328.215617
 30.600000 2.950804 2.719733 2.699940 1716.186645
 30.800000 -2.129697 2.769892 24.430413 47.501072
 31.000000 -1.616926 2.293599 24.731238 372.299190
 31.200000 -1.981828 2.151780 23.334327 38.213785
 31.400000 -1.925073 2.710154 23.047084 15.830278
 31.600000 -2.505911 2.922408 26.522509 4.891826
 31.800000 -2.773958 2.670768 24.221777 206.862954
 32.000000 -2.554413 2.844594 26.495896 11.073552
 32.200000 -2.470047 2.447887 26.410563 33.681345
 32.400000 -2.752671 2.454315 24.537097 183.816133
 32.600000 -3.020326 2.812996 17.842519 1451.198020
 32.800000 -2.896497 2.896878 21.851462 669.712204
 33.000000 -2.484394 2.621822 26.484983 20.584138
 33.200000 -1.874908 2.371413 22.906774 6.161277
 33.400000 -1.801240 2.531381 22.843833 1.427405
 33.600000 -2.145464 2.530499 24.620557 35.871775
 33.800000 -2.836128 2.718382 23.230416 368.822351
 34.000000 2.914593 2.881363 1.333174 1108.723706
 34.200000 -3.002620 2.737071 18.570331 1330.692511
 34.400000 -2.541522 2.575502 26.672631 2.925576
 34.600000 -2.598247 3.061497 26.390317 62.779227
 34.800000 -2.824402 2.968232 23.473868 326.038176
 35.000000 -2.044324 2.722504 23.879356 68.616373
 35.200000 -1.682838 2.228795 23.675782 178.972897
 35.400000 -1.739147 1.845982 23.105100 47.451982
 35.600000 -1.544187 1.677912 26.107094 291.133307
 35.800000 -1.418319 1.190836 27.371429 5.428063
 36.000000 -0.691228 0.097727 7.916518 1339.440508
 36.200000 -0.408675 -0.388391 -0.015341 1.651873
 36.400000 -0.763940 -0.178853 10.664694 1577.494922
 36.600000 -1.086764 0.334716 22.875052 957.693387
 36.800000 -1.220293 1.119409 26.029064 245.665778
 37.000000 -0.588678 1.230806 4.359901 1057.518989
 37.200000 -1.025700 1.036828 20.819041 1231.649612
 37.400000 -1.594005 1.050840 25.206713 351.478150
 37.600000 -1.910140 0.838818 23.079217 15.364923
 37.800000 -0.976802 0.695209 19.052195 1372.214071
 38.000000 -1.318445 0.950557 27.067206 44.829495
 38.200000 -1.473665 1.013650 27.019093 76.934485
 38.400000 -1.147486 0.935233 24.527357 601.197044
 38.600000 -1.423210 1.053859 27.301689 6.510863
 38.800000 -1.581681 1.175637 25.442564 341.051358
 39.000000 -0.911423 0.898434 16.543802 1523.097995
 39.200000 -0.714064 0.639596 8.666860 1418.284421
 39.400000 -1.453629 0.721850 27.162289 37.421344
 39.600000 -1.527597 0.905644 26.372378 222.443680
 39.800000 -0.979460 1.081262 19.115123 1368.061860
 40.000000 -1.290488 1.253381 26.823331 77.130846
 40.200000 -1.070560 0.617030 22.296928 1053.856761
 40.400000 -1.202839 0.575250 25.690989 314.309115
 40.600000 -1.302615 0.814221 26.921801 60.164971
 40.800000 -1.398311 1.242482 27.315239 0.019197
 41.000000 -1.086197 0.883320 22.794834 972.910282
 41.200000 -0.456411 -0.051858 0.385449 556.123409
 41.400000 -0.778223 -0.567627 11.141366 1618.854206
 41.600000 -0.663593 -0.254557 6.787736 1252.514123
 41.800000 -0.856905 0.323713 14.336797 1633.800268
 42.000000 -1.661101 1.257441 24.096560 238.080652
 42.200000 -1.723202 1.686861 23.345141 81.329700
 42.400000 -0.857371 1.289515 14.352825 1634.373881
 42.600000 -1.287839 0.680263 26.812630 77.998092
 42.800000 -0.874920 0.286314 15.059177 1604.683455
 43.000000 -0.691783 -0.041089 7.795925 1345.931052
 43.200000 -0.834170 -0.144037 13.414785 1662.009993
 43.400000 -0.669440 -0.418598 6.981401 1276.934288
 43.600000 -0.343642 -0.137335 -0.000028 0.000000
 43.800000 -0.795057 0.103691 11.819347 1653.506820
 44.000000 -1.089167 0.363443 22.893924 971.537144
 44.200000 -1.009698 0.921885 20.202718 1290.305990
 44.400000 -1.688397 1.510914 23.767365 169.507233
 44.600000 -1.751501 1.643217 23.159460 38.942195
 44.800000 -1.739320 1.593164 23.243231 56.591149
 45.000000 -0.997301 0.911511 19.754664 1321.746023
 45.200000 -0.983614 0.128840 19.260610 1347.955923
 45.400000 -0.455253 -0.680724 0.222975 626.003185
 45.600000 -0.493895 -0.643074 1.229670 783.332691
 45.800000 -0.758060 0.191423 10.353273 1591.912199
 46.000000 -1.463246 1.038551 27.119888 46.211030
 46.200000 -1.497996 1.277947 26.817747 115.063017
 46.400000 -0.887237 0.732834 15.603868 1561.818960
 46.600000 -1.325882 0.816618 27.127867 30.020567
 46.800000 -1.356052 1.022333 27.260110 10.825561
 47.000000 -0.952343 1.145760 18.110070 1405.937101
 47.200000 -1.015395 1.202659 20.426522 1261.775125
 47.400000 -1.036678 0.856312 21.173971 1202.862959
 47.600000 -1.332568 0.421071 27.177517 23.891886
 47.800000 -1.188823 0.657921 25.517333 395.853632
 48.000000 -0.829582 1.295911 13.304125 1670.138681
 48.200000 -0.886569 1.657410 15.627835 1560.227625
 48.400000 -0.944710 1.714495 17.867055 1410.717215
 48.600000 -0.676753 1.701812 7.282640 1332.409745
 48.800000 -0.892946 1.983411 15.879056 1543.198362
 49.000000 -0.587693 2.182376 4.174580 1133.859963
 49.200000 -0.814302 2.221029 12.740693 1691.546452
 49.400000 -0.586538 1.974015 4.140037 1145.305175
 49.600000 -0.903006 1.684029 16.308482 1509.877053
 49.800000 -1.262725 1.243593 26.683548 116.821110
 50.000000 -1.595093 0.582846 25.423641 303.355772
 50.200000 -1.539527 0.507422 26.340800 207.980271
 50.400000 -0.460398 0.710184 0.235938 731.916471
 50.600000 -1.566657 1.361211 25.922448 265.333936
 50.800000 -1.236199 0.850006 26.377751 190.137467
 51.000000 -0.967661 0.462171 18.782831 1339.701837
 51.200000 -1.726459 0.550329 23.496903 103.697376
 51.400000 -1.119752 0.835525 23.913805 813.200078
 51.600000 -0.880348 1.334399 15.513846 1556.316192
 51.800000 -0.814666 1.989976 12.853669 1700.947773
 52.000000 -0.609292 2.081867 4.936067 1209.713553
 52.200000 -0.766579 2.253150 10.918812 1687.743300
 52.400000 -0.840923 1.972664 13.985372 1661.728219
 52.600000 -0.579439 1.631576 3.912917 1176.857193
 52.800000 -0.895694 1.896805 16.165405 1499.908537
 53.000000 -0.742725 1.600359 9.946737 1629.302611
 53.200000 -0.679187 1.617186 7.505235 1418.474813
 53.400000 -0.631394 1.916302 5.753246 1280.442543
 53.600000 -1.726449 2.579034 23.538681 111.133540
 53.800000 -2.520443 2.710870 26.994657 4.972285
 54.000000 2.901984 2.852951 0.516298 1248.384602
 54.200000 -2.542650 2.838305 27.000648 1.076047
 54.400000 -2.288608 2.227827 25.078365 17.657088
 54.600000 -1.715728 2.434537 23.676244 136.244329
 54.800000 -1.504353 2.772220 26.849708 115.641358
 55.000000 -2.387350 2.381190 25.838032 114.935368
 55.200000 -2.904222 2.829852 21.784050 648.844277
 55.400000 -3.000542 3.051304 18.773408 1333.655638
 55.600000 -2.750381 2.402504 24.643493 229.394870
 55.800000 -2.424859 2.450477 26.242712 122.464438
 56.000000 -2.010461 2.978196 23.661664 71.093220
 56.200000 -2.272056 2.378842 24.989080 10.832508
 56.400000 -2.591776 2.045996 26.765982 62.980037
 56.600000 -1.998413 2.931008 23.551054 67.271800
 56.800000 -2.343924 2.890929 25.396279 68.944272
 57.000000 -2.715216 2.005148 25.174649 228.914639
 57.200000 -2.589627 2.551645 26.784633 57.336385
 57.400000 -2.096833 -2.962882 24.362451 49.902744
 57.600000 -2.466595 2.471771 26.649869 78.231033
 57.800000 -2.345313 2.401428 25.402670 70.094697
 58.000000 -1.917951 3.032474 23.019843 18.514016
 58.200000 -2.013737 2.561047 23.675176 75.574417
 58.400000 -2.006431 1.836585 23.612091 73.444002
 58.600000 -1.207753 2.170364 26.053264 307.529898
 58.800000 -0.494693 2.133757 1.111685 990.811759
 59.000000 -1.626100 1.605754 25.088800 281.638284
 59.200000 -1.723428 0.429852 23.661972 136.578013
 59.400000 -0.468013 -0.474118 0.285489 942.227833
 59.600000 -0.552287 -0.414620 3.057502 1250.444342
 59.800000 -0.900042 0.020744 16.634047 1424.138653
 60.000000 -1.307459 0.635374 27.205007 38.777824
 60.200000 -1.543408 1.542828 26.425843 185.870563
 60.400000 -0.852561 1.343949 14.818321 1612.147549
 60.600000 -0.803269 1.102273 12.792190 1745.833171
 60.800000 -1.759200 1.007047 23.304546 76.903667
 61.000000 -1.524568 0.690712 26.668502 146.176975
 61.200000 -1.126878 0.912090 24.233399 757.346128
 61.400000 -1.745704 1.078665 23.440785 103.367883
 61.600000 -1.132571 1.133878 24.388448 726.107457
 61.800000 -1.281240 0.728609 27.027137 74.782341
 62.000000 -1.560073 0.732946 26.209012 214.937747
 62.200000 -0.984351 0.957800 19.724538 1159.619046
 62.400000 -1.063149 1.363024 22.332055 1017.591965
 62.600000 -1.235794 1.215691 26.528870 193.534834
 62.800000 -1.328327 0.665358 27.339253 19.386180
 63.000000 -1.072183 0.596784 22.618404 991.350022
 63.200000 -0.912942 0.816243 17.239078 1349.157316
 63.400000 -1.651475 1.181684 24.782359 270.428622
 63.600000 -1.602232 1.107514 25.602518 270.235248
 63.800000 -1.233609 0.853271 26.514342 200.549656
 64.000000 -1.339287 0.903956 27.395659 12.520274
 64.200000 -1.278465 1.071189 27.042873 78.842152
 64.400000 -1.216835 1.224527 26.275335 266.420409
 64.600000 -1.339377 0.908656 27.411230 12.460292
 64.800000 -1.336437 0.913316 27.400531 14.059225
 65.000000 -1.414136 1.036188 27.476087 3.353609
 65.200000 -1.031103 1.035821 21.377505 1074.785204
 65.400000 -1.512993 0.937397 26.898529 110.649935
 65.600000 -1.067780 0.847506 22.558708 992.832004
 65.800000 -1.270870 0.917937 27.001823 93.961544
 66.000000 -1.310644 1.206204 27.306646 33.499081
 66.200000 -1.395102 1.037967 27.552689 0.368885
 66.400000 -1.082988 0.792374 23.062621 945.646004
 66.600000 -1.271559 0.967291 27.049152 92.539146
 66.800000 -1.339062 1.050710 27.475335 11.618302
 67.000000 -0.993343 0.737587 20.152991 1133.782796
 67.200000 -0.787815 0.117210 12.363596 1769.947052
 67.400000 -0.599242 -0.285966 4.878523 1419.298599
 67.600000 -0.527682 -0.676042 2.198862 1341.957913
 67.800000 -0.622649 -0.184582 5.760877 1424.739355
 68.000000 -0.845572 0.408414 14.761280 1641.847623
 68.200000 -1.333174 0.816861 27.545870 13.401627
 68.400000 -1.372166 1.140353 27.630180 0.525460
 68.600000 -0.824757 1.001509 13.939022 1711.122890
 68.800000 -1.462592 0.847757 27.393495 38.409596
 69.000000 -1.695273 0.825626 24.192169 233.300360
 69.200000 -0.774590 0.957837 11.870370 1766.127157
 69.400000 -1.205971 1.345496 26.291925 328.388001
 69.600000 -1.693431 1.270654 24.235860 240.553329
 69.800000 -1.300909 0.729439 27.430879 42.354232
 70.000000 -0.819020 0.074207 13.732686 1724.258326
 70.200000 -0.233047 -0.495670 -0.000054 0.000019
 70.400000 -0.900033 -0.262595 16.976635 1401.365380
 70.600000 -1.146744 -0.117389 25.028883 662.609070
 70.800000 -0.889302 0.539164 16.571687 1447.563089
 71.000000 -1.409400 1.361717 27.683109 4.895494
 71.200000 -1.461773 1.126420 27.491679 41.602548
 71.400000 -0.798172 0.326326 12.930651 1759.455612
 71.600000 -0.492486 -0.430852 0.919799 1217.339320
 71.800000 -0.418914 -0.769621 -0.000009 0.000003
 72.000000 -0.650304 -0.093957 6.916120 1491.422322
 72.200000 -0.522858 0.457671 2.029013 1426.802268
 72.400000 -1.575547 0.984652 26.252903 234.031833
 72.600000 -1.783109 1.027165 23.129319 83.266646
 72.800000 -0.733268 0.638360 10.254059 1697.244173
 73.000000 -1.616039 0.899123 25.596806 285.295954
 73.200000 -1.612466 0.947686 25.681395 283.897726
 73.400000 -0.948060 0.841553 18.809184 1227.486908
 73.600000 -1.373786 1.068426 27.837369 0.014482
 73.800000 -1.935704 0.999967 22.955109 40.175216
 74.000000 -1.183274 0.860906 26.017297 459.486078
 74.200000 -0.878035 0.699341 16.276580 1482.417563
 74.400000 -1.565972 1.068892 26.452949 219.203076
 74.600000 -1.532480 1.032453 26.911422 155.862278
 74.800000 -0.937110 0.980173 18.454792 1253.713883
 75.000000 -1.513388 1.298429 27.135496 120.414211
 75.200000 -1.565948 0.950231 26.488027 219.699459
 75.400000 -0.773046 0.495610 12.026399 1769.074593
 75.600000 -1.245970 0.669439 27.179797 166.868139
 75.800000 -1.922020 1.406789 22.847937 26.937597
 76.000000 -1.245409 1.607103 27.172534 168.809320
 76.200000 -0.478680 1.576425 0.406494 1305.143581
 76.400000 -0.652780 2.007841 7.166339 1535.094553
 76.600000 -1.001519 2.302334 20.734544 1126.502891
 76.800000 -0.614449 2.200283 5.667517 1533.767337
 77.000000 -1.109193 1.421947 24.205481 886.530818
 77.200000 -1.633718 0.475993 25.442795 307.205421
 77.400000 -0.867276 -0.023733 15.981894 1524.121897
 77.600000 -0.763458 -0.185363 11.702052 1772.955251
 77.800000 -0.476582 -0.236220 0.319970 1373.041539
 78.000000 -1.077041 -0.018046 23.246760 1007.577893
 78.200000 -0.379929 -0.109348 -0.000000 0.000000
 78.400000 -0.606359 0.083218 5.401182 1570.770168
 78.600000 -0.986223 0.076780 20.289476 1134.601095
 78.800000 -0.478736 -0.289412 0.392229 1360.373139
 79.000000 -0.466591 -0.233982 -0.006422 201.926681
 79.200000 -0.729176 -0.336215 10.357833 1721.428860
 79.400000 -0.449106 -0.255457 -0.001898 0.212776
 79.600000 -0.680238 0.198571 8.363987 1602.339794
 79.800000 -1.244111 0.847551 27.320610 174.787426
 80.000000 -1.002405 1.438823 20.866640 1113.435111
 80.200000 -0.545306 1.775392 3.004867 1660.789403
 80.400000 -0.671034 2.366390 8.040128 1586.052314
 80.600000 -0.892852 2.435263 17.092199 1390.820868
 80.800000 -1.808262 1.517176 22.933488 63.068770
 81.000000 -1.580708 0.520209 26.426903 250.412807
 81.200000 -0.733710 -0.100151 10.634021 1731.212669
 81.400000 -0.607162 -0.148176 5.551601 1600.023893
 81.600000 -0.504875 -0.171048 1.399885 1547.063994
 81.800000 -0.707792 0.036615 9.565866 1664.721554
 82.000000 -0.754875 0.222405 11.520272 1772.160304
 82.200000 -1.455069 0.076738 27.898644 39.385853
 82.400000 -1.920292 0.492814 22.757970 21.919836
 82.600000 -1.756140 0.626680 23.511697 184.680089
 82.800000 -0.484388 0.890456 0.626223 1430.621969
 83.000000 -1.127823 1.802471 24.953093 809.691698
 83.200000 -0.550400 2.252197 3.318700 1733.972378
 83.400000 -0.957989 2.503355 19.532942 1147.018149
 83.600000 -0.993989 2.011481 20.736518 1096.235299
 83.800000 -1.719911 1.422270 24.069881 266.755244
 84.000000 -1.318653 0.237101 28.092022 18.013039
 84.200000 -1.003649 -0.013042 21.092922 1081.194262
 84.400000 -0.451495 -0.285750 -0.002938 0.572839
 84.600000 -0.759498 -0.459938 11.854097 1780.586380
 84.800000 -0.661609 -0.231813 7.857098 1566.887451
 85.000000 -0.534769 -0.085638 2.700539 1757.496874
 85.200000 -0.792549 -0.063609 13.301112 1789.030871
 85.400000 -0.550785 -0.227016 3.414363 1782.200378
 85.600000 -0.500860 -0.250858 1.322918 1655.175605
 85.800000 -0.820247 -0.125222 14.464009 1725.962343
 86.000000 -0.532132 0.044037 2.625740 1784.750309
 86.200000 -0.585624 -0.169513 4.923801 1704.953301
 86.400000 -0.622054 -0.344105 6.400744 1590.844279
 86.600000 -0.523661 -0.001176 2.305705 1803.623420
 86.800000 -1.046624 0.268965 22.560136 1039.160713
 87.000000 -1.056907 0.451464 22.890860 1029.057127
 87.200000 -1.205779 1.351143 26.969390 354.387275
 87.400000 -1.012563 1.392285 21.491745 1046.713077
 87.600000 -0.552266 0.919534 3.576724 1833.300181
 87.800000 -0.870493 0.754841 16.588463 1488.984795
 88.000000 -1.660981 0.831301 25.182424 342.701944
 88.200000 -1.628700 0.836128 25.796112 331.572207
 88.400000 -0.650734 0.734674 7.660017 1543.153326
 88.600000 -1.299424 1.279481 28.135871 36.858314
 88.800000 -1.200020 1.090748 26.888567 386.830786
 89.000000 -0.766909 0.343462 12.369989 1786.048352
 89.200000 -0.983974 -0.159423 20.645655 1048.978165
 89.400000 -0.483447 -0.204980 0.708476 1680.200762
 89.600000 -0.847484 0.043444 15.786177 1611.780492
 89.800000 -0.694244 0.331287 9.433473 1585.454574
 90.000000 -1.572327 1.371818 26.779056 243.022364
 90.200000 -1.438077 1.275091 28.192462 25.757845
 90.400000 -0.769402 0.500735 12.582370 1784.335514
 90.600000 -0.758416 0.004740 12.119385 1766.302613
 90.800000 -0.563848 -0.326122 4.233032 1869.575623
 91.000000 -0.590974 -0.254774 5.384506 1732.418923
 91.200000 -0.900969 0.119673 17.931722 1300.318306
 91.400000 -0.526072 0.290551 2.615948 1994.877186
 91.600000 -1.627038 0.688100 25.881018 334.401402
 91.800000 -1.467683 1.180243 28.031850 53.651776
 92.000000 -0.654620 1.329858 7.996918 1528.366099
 92.200000 -0.522078 1.812425 2.479088 2029.978715
 92.400000 -0.843683 2.294061 15.796934 1623.320359
 92.600000 -0.979405 2.583268 20.619196 1027.518668
 92.800000 -0.596607 1.918012 5.741175 1722.255629
 93.000000 -0.762384 1.083680 12.398972 1770.066543
 93.200000 -1.783944 0.590090 23.230481 153.478442
 93.400000 -1.835573 0.331391 22.737063 42.549098
 93.600000 -1.149368 0.536449 25.877690 698.157385
 93.800000 -0.945093 1.072523 19.552394 1089.898851
 94.000000 -1.206126 1.597158 27.169252 349.794232
 94.200000 -0.776465 0.772996 13.105124 1785.407742
 94.400000 -0.852215 -0.040114 16.249959 1575.265655
 94.600000 -0.718780 -0.359995 10.713804 1626.359854
 94.800000 -0.393708 -0.705959 -0.000000 0.000000
 95.000000 -0.907410 -0.199320 18.320021 1244.804241
 95.200000 -1.732733 0.379415 23.997412 282.024667
 95.400000 -1.533326 1.378978 27.463416 162.806506
 95.600000 -0.471387 1.461920 0.317798 2059.269034
 95.800000 -0.539473 1.935196 3.417806 2121.110368
 96.000000 -1.223777 2.341589 27.539049 253.344702
 96.200000 -2.256398 2.541968 24.315951 9.165549
 96.400000 -3.079995 2.902914 14.642831 1966.031765
 96.600000 3.081761 3.105371 8.717115 2896.402766
 96.800000 3.123860 2.705670 10.904038 2511.384413
 97.000000 -2.277576 2.874423 24.391654 17.325528
 97.200000 -1.711460 2.509224 24.389043 327.913371
 97.400000 -2.036847 1.993175 23.414857 70.204156
 97.600000 -2.110834 2.560328 23.922628 23.929188
 97.800000 -2.216322 3.071184 24.201235 3.028525
 98.000000 -3.030602 2.534217 16.711605 1624.137635
 98.200000 -2.837189 2.902682 22.321688 383.112037
 98.400000 -2.722080 3.020042 24.409603 296.427842
 98.600000 2.942902 2.495628 0.915610 2521.496684
 98.800000 -2.612918 -3.011772 25.955355 85.640071
 99.000000 -3.039051 2.685090 16.340498 1685.604645
 99.200000 3.091754 2.763546 9.182481 2801.179809
 99.400000 3.087099 -2.829589 8.935104 2846.486171
 99.600000 3.079170 2.598231 8.509230 2923.700245
 99.800000 -2.027937 2.806426 23.308850 72.214393
 100.000000 -1.575202 2.525119 26.932695 258.925598
 100.200000 -2.139915 2.158332 23.414080 10.446112
 100.400000 -2.292252 2.640888 23.794360 25.066148
 100.600000 -2.483795 -3.053756 25.443842 45.872688
 100.800000 3.002496 2.386726 3.568968 3347.882760
 101.000000 -3.014506 2.949956 16.692460 1489.626395
 101.200000 -3.050592 3.024220 15.222911 1751.217364
 101.400000 3.139447 2.660773 11.007292 2369.739783
 101.600000 -2.420597 2.768828 24.870931 102.816484
 101.800000 -2.342748 2.691564 24.118474 67.753973
 102.000000 -2.834351 2.560794 21.745490 383.979577
 102.200000 -3.126987 -3.090794 11.805712 2239.033444
 102.400000 -2.798721 2.890386 22.408803 339.154472
 102.600000 -2.344122 2.423775 24.120603 69.113567
 102.800000 -1.760969 2.647065 23.029033 233.075879
 103.000000 -2.203133 2.408796 23.524453 2.315555
 103.200000 -2.507724 2.724852 25.533889 17.834811
 103.400000 -2.766559 2.985272 22.983805 319.713037
 103.600000 3.051352 2.730003 6.359961 3210.422799
 103.800000 -2.744222 3.097201 23.379538 307.651403
 104.000000 -2.791741 2.696361 22.528654 334.629801
 104.200000 -2.723744 -3.130766 23.730070 290.835749
 104.400000 -3.081337 2.879334 13.875765 1926.938074
 104.600000 -2.378052 2.496463 24.415446 95.379475
 104.800000 -2.104457 2.662736 23.220812 27.404014
 105.000000 -2.372686 2.501982 24.363471 92.168679
 105.200000 -2.286254 2.939727 23.721877 22.159691
 105.400000 2.871991 2.760410 -0.000000 0.000000
 105.600000 -2.251937 3.111115 23.594773 7.838166
 105.800000 -1.917443 2.173704 21.955932 5.054231
 106.000000 -1.544865 1.720375 26.919884 188.147492
 106.200000 -1.666391 0.840693 24.791968 387.839938
 106.400000 -0.845302 0.434039 15.954914 1628.438820
 106.600000 -1.658076 0.939670 24.955707 387.375801
 106.800000 -1.222667 1.278838 27.225392 244.239208
 107.000000 -0.376854 0.825869 -0.000000 0.000000
 107.200000 1.321836 -0.098868 -0.000000 0.000000
