#! FIELDS time phi psi ves.bias ves.force2
#! SET min_phi -pi
#! SET max_phi pi
#! SET min_psi -pi
#! SET max_psi pi
 0.000000 -1.498385 0.273949 27.215882 148.921278
 0.200000 -0.582621 -0.049551 3.899574 628.143149
 0.400000 -0.663092 -0.003533 6.335748 1254.145953
 0.600000 -0.662152 -0.059921 6.302532 1246.101434
 0.800000 -0.635932 -0.099684 5.419779 1023.807625
 1.000000 -0.845034 0.078716 14.015928 1942.074629
 1.200000 -0.827732 0.037907 13.787249 1806.982502
 1.400000 -0.880758 0.015674 15.989624 1632.050537
 1.600000 -1.034486 0.269953 21.624809 1087.378203
 1.800000 -0.609472 0.133096 5.072145 998.213933
 2.000000 -1.492849 0.838903 27.199771 147.028025
 2.200000 -1.700838 1.170065 23.956623 180.198816
 2.400000 -1.098456 0.837754 23.669488 813.240382
 2.600000 -1.043319 0.596601 22.014718 984.598924
 2.800000 -1.833732 0.949404 22.773437 19.045834
 3.000000 -0.892314 1.131597 16.702548 1559.657792
 3.200000 -0.891535 1.256565 16.759176 1533.285115
 3.400000 -1.216954 1.400284 26.533424 327.593188
 3.600000 -0.824883 0.534461 14.022636 1821.449491
 3.800000 -0.674535 -0.250595 7.641756 1528.017193
 4.000000 -0.522758 -0.625251 2.851240 543.933511
 4.200000 -0.391321 -0.310002 0.658232 109.883200
 4.400000 -1.392985 0.660725 27.951866 2.644799
 4.600000 -1.470695 1.707553 27.540134 78.870914
 4.800000 -1.952365 2.021849 22.570453 4.937854
 5.000000 -2.235086 2.772172 24.213207 77.278665
 5.200000 2.963232 3.006642 2.935572 791.219032
 5.400000 2.973232 2.889770 3.228230 924.939236
 5.600000 -1.716339 2.672708 23.908130 206.373317
 5.800000 -1.577286 1.727366 26.209400 265.517613
 6.000000 -0.824831 0.151461 14.266617 1748.169065
 6.200000 -0.411794 -0.789692 0.872830 165.011483
 6.400000 0.718670 -1.626140 -0.000000 0.000000
