#! FIELDS time phi psi ves.bias ves.force2
#! SET min_phi -pi
#! SET max_phi pi
#! SET min_psi -pi
#! SET max_psi pi
 0.000000 -1.498385 0.273949 25.037724 141.910265
 0.200000 -0.884902 0.354783 14.608246 1592.967504
 0.400000 -1.310968 0.900442 25.820835 51.620650
 0.600000 -1.373645 1.076516 25.990141 2.560228
 0.800000 -0.791401 0.775108 10.913281 1554.095205
 1.000000 -1.290761 0.567656 25.646517 100.938834
 1.200000 -1.083835 0.653786 21.935506 723.058639
 1.400000 -1.463525 1.164363 25.616131 121.776802
 1.600000 -0.981476 1.012041 18.634500 1422.163308
 1.800000 -1.441441 0.824859 25.843590 90.335434
 2.000000 -1.326966 0.863995 26.214920 20.312201
 2.200000 -1.164766 1.002154 24.090405 472.760714
 2.400000 -1.378153 1.049685 26.500856 7.082810
 2.600000 -1.476717 0.816335 25.685786 162.367615
 2.800000 -1.089893 0.708097 22.262865 753.195654
 3.000000 -0.914328 0.990871 15.924080 1775.056514
 3.200000 -1.488980 1.083977 25.706293 206.789992
 3.400000 -1.428017 0.728628 26.425354 77.442278
 3.600000 -0.661994 0.717513 5.206819 2160.564039
 3.800000 -1.614036 1.295071 23.515999 367.054325
 4.000000 -1.407087 1.169256 26.583902 39.705212
 4.200000 -0.837599 0.550842 12.731496 1771.314730
 4.400000 -0.799480 0.018895 11.142866 1714.534744
 4.600000 -0.665712 -0.430128 5.333778 2155.543792
 4.800000 -0.648768 -0.544953 4.544637 2175.515674
 5.000000 -0.495462 -0.004111 -0.000003 0.000000
 5.200000 -0.783174 0.601508 10.512244 1697.718530
 5.400000 -1.244399 1.030195 25.891391 271.392765
 5.600000 -1.694720 0.998213 22.146747 282.559608
 5.800000 -0.582551 0.362059 1.648382 1780.045304
 6.000000 -0.690523 -0.099693 6.555462 2028.669511
 6.200000 -0.375977 -0.491300 -0.000000 0.000000
 6.400000 -0.826122 -0.628641 12.396631 1745.643573
 6.600000 -0.483278 -0.388797 -0.000000 0.000000
 6.800000 -0.433789 -0.308107 -0.000000 0.000000
 7.000000 -0.778110 -0.118137 10.405830 1716.464200
 7.200000 -0.549331 -0.175276 0.482252 1515.141525
 7.400000 -0.935141 0.039453 17.093359 1739.586339
 7.600000 -0.851245 0.124217 13.546965 1746.332613
 7.800000 -0.877880 0.630513 14.668689 1797.060067
 8.000000 -1.264293 1.198753 26.265592 224.626635
 8.200000 -1.454515 1.215380 26.612166 126.331797
 8.400000 -1.337505 0.599253 27.053213 23.290375
 8.600000 -0.590824 -0.133032 2.370213 2045.354454
 8.800000 -0.289071 -0.313304 -0.000000 0.000000
 9.000000 -0.510020 -0.074104 -0.000410 0.011283
 9.200000 -1.580228 0.894362 24.609217 416.010859
 9.400000 -1.735497 1.739448 21.538343 209.851457
 9.600000 -1.858999 2.487590 20.727571 0.069989
 9.800000 -1.992046 -3.054386 21.072106 10.783033
 10.000000 3.071776 2.490940 6.278828 3261.538258
 10.200000 -2.943808 2.745931 17.697984 1092.460401
 10.400000 -2.839035 -3.066813 20.814338 622.990372
 10.600000 2.912891 2.339067 -0.000037 0.000065
 10.800000 -2.346775 2.786279 23.215022 29.239631
 11.000000 -1.817825 2.831012 20.812472 14.235114
 11.200000 -2.299161 2.175572 22.898073 39.068350
 11.400000 -2.547770 2.014203 23.882228 0.034080
 11.600000 -2.074915 -3.135455 21.313403 21.543625
 11.800000 -2.564713 2.750845 23.870714 1.393462
 12.000000 2.995940 2.394098 2.057188 2401.180847
 12.200000 -2.896506 3.021409 19.142729 917.603419
 12.400000 3.061586 3.026280 5.597946 3280.833066
 12.600000 -2.943132 2.412622 17.672119 1058.393385
 12.800000 -2.108978 3.018880 21.481837 34.962562
 13.000000 -2.095669 2.523971 21.406857 28.659928
 13.200000 -2.191987 2.562581 22.070756 65.790917
 13.400000 -2.595978 2.624944 23.754349 7.044964
 13.600000 -3.010386 3.109370 15.418967 1203.343324
 13.800000 3.090865 2.724776 7.271624 3197.188860
 14.000000 -3.002573 2.748511 15.688505 1177.630448
 14.200000 -2.793299 2.831049 21.769496 394.441252
 14.400000 -2.693018 3.032203 23.193419 84.667464
 14.600000 3.039567 2.497045 4.367151 3156.523385
 14.800000 -2.800006 2.969031 21.633568 427.332819
 15.000000 -2.817770 2.770143 21.247413 519.621504
 15.200000 2.988749 2.461096 1.719800 2247.889664
 15.400000 -2.460353 -3.096283 23.603127 11.458333
 15.600000 -2.793497 2.584192 21.811270 391.112897
 15.800000 -2.826014 2.772831 21.102874 564.494767
 16.000000 3.048633 2.996455 4.904582 3248.478266
 16.200000 -2.738013 2.902424 22.753181 164.036557
 16.400000 -2.456826 2.543758 23.573267 12.574958
 16.600000 -2.013547 2.712570 21.034646 7.073764
 16.800000 -2.115879 2.446121 21.483098 42.028786
 17.000000 -2.058396 2.671794 21.181451 16.217931
 17.200000 -2.529806 2.557770 23.745830 1.552283
 17.400000 -2.428315 2.753078 23.449735 16.016087
 17.600000 -2.435287 2.727158 23.477356 15.360621
 17.800000 -2.840322 2.425144 20.882581 625.244088
 18.000000 -2.158599 3.096673 21.801804 62.251295
 18.200000 -2.173197 2.863499 21.939212 67.193031
 18.400000 -1.858550 1.969436 20.779962 0.695464
 18.600000 -1.657151 1.414778 22.992882 401.315045
 18.800000 -0.741653 0.497545 9.532783 1502.758867
 19.000000 -1.430410 0.317945 26.845806 74.229572
 19.200000 -1.493808 1.036409 26.062642 221.945623
 19.400000 -1.019891 1.219605 20.231384 1010.430336
 19.600000 -0.611878 1.565892 3.854383 2264.736990
 19.800000 -0.818078 2.040785 12.439723 1507.118723
 20.000000 -0.839485 2.439872 13.279971 1575.438038
 20.200000 -0.542378 2.149464 0.717798 1688.531817
 20.400000 -0.771592 1.722468 10.664338 1426.295431
 20.600000 -0.540868 1.170413 0.655889 1674.834494
 20.800000 -1.226094 1.161233 25.388641 429.923596
 21.000000 -1.228694 0.667301 25.442297 421.792244
 21.200000 -0.416938 -0.099979 -0.000000 0.000000
 21.400000 -0.520494 -0.585443 -0.027301 3.786314
 21.600000 -0.700448 -0.493875 7.909805 1711.036678
 21.800000 -0.586859 0.129823 2.722990 2198.393558
 22.000000 -0.904361 0.653069 15.894098 1657.196412
 22.200000 -1.666552 1.139379 22.754488 374.754041
 22.400000 -1.383817 1.385426 27.029458 4.126719
 22.600000 -0.910002 0.904675 16.120337 1642.798706
 22.800000 -1.645096 0.889346 23.179233 405.971956
 23.000000 -1.615771 0.893097 23.776421 417.554526
 23.200000 -1.114785 1.064195 22.730807 609.821742
 23.400000 -1.290384 1.466027 26.480152 184.976258
 23.600000 -0.835996 1.148776 13.147565 1526.001828
 23.800000 -1.485333 0.675739 26.135576 197.413728
 24.000000 -1.877137 0.671815 20.726108 0.001205
 24.200000 -1.348984 0.837273 26.991367 13.152949
 24.400000 -0.580665 1.160705 2.602007 2203.818004
 24.600000 -0.718871 1.972199 8.756883 1503.942782
 24.800000 -0.962769 2.496271 18.199738 1369.024989
 25.000000 -0.770938 2.326375 10.708696 1359.695262
 25.200000 -0.825396 1.466594 12.778268 1485.369144
 25.400000 -1.194894 0.665929 24.622697 543.178929
 25.600000 -0.732445 0.089747 9.316582 1417.099120
 25.800000 -0.504098 0.150578 -0.002256 0.392000
 26.000000 -0.869408 -0.057130 14.518701 1629.450652
 26.200000 -0.566192 -0.044486 2.042134 2132.666355
 26.400000 -0.513493 0.212173 -0.025529 8.136252
 26.600000 -1.085613 0.244121 21.944263 643.249312
 26.800000 -1.083109 0.619136 21.880615 648.258279
 27.000000 -1.001608 1.461957 19.574800 1032.723934
 27.200000 -1.127928 2.055816 22.985999 600.821832
 27.400000 -0.513090 2.234198 -0.027165 3.185207
 27.600000 -0.988821 1.972038 19.186656 1096.159440
 27.800000 -0.745386 1.633988 9.891322 1369.989873
 28.000000 -0.502593 1.126708 -0.002605 0.528120
 28.200000 -1.690480 1.045784 22.358421 339.773265
 28.400000 -1.732851 0.733788 21.648584 218.746819
 28.600000 -1.461324 0.645646 26.384257 134.944384
 28.800000 -0.605047 0.956476 4.000465 2289.966872
 29.000000 -1.307077 1.690562 26.687625 110.409199
 29.200000 -1.490941 1.454298 25.991420 189.233705
 29.400000 -1.608629 0.966557 23.979623 389.509034
 29.600000 -0.792384 0.385267 11.754814 1415.847154
 29.800000 -0.626818 -0.036381 5.093728 2196.014980
 30.000000 -0.772890 -0.143370 11.026992 1376.915474
 30.200000 -0.731332 -0.291422 9.537596 1423.457549
 30.400000 -0.622350 -0.139545 4.941576 2223.517008
 30.600000 -0.847913 0.209094 13.982831 1605.823037
 30.800000 -0.878596 0.401438 15.221037 1635.732348
 31.000000 -1.741177 1.174100 21.542335 198.808623
 31.200000 -1.560852 1.443632 24.891637 308.181287
 31.400000 -1.361219 1.072831 26.982490 0.246250
 31.600000 -1.177571 0.547885 24.200629 597.000922
 31.800000 -0.829549 0.019403 13.324426 1560.787539
 32.000000 -0.861154 -0.105881 14.589782 1633.359873
 32.200000 -0.580445 -0.016711 3.060381 2331.125096
 32.400000 -0.923963 0.239502 17.160859 1454.514551
 32.600000 -1.285943 1.119295 26.445465 194.225598
 32.800000 -1.538173 1.374003 25.285064 260.871121
 33.000000 -1.285068 0.778072 26.433205 198.425047
 33.200000 -0.969874 0.308574 18.863897 1081.168542
 33.400000 -0.573057 -0.032186 2.762717 2322.068858
 33.600000 -0.790540 -0.032044 11.939857 1447.832789
 33.800000 -0.851164 0.130530 14.325024 1635.233889
 34.000000 -0.874492 0.259036 15.271217 1644.677877
 34.200000 -0.906951 0.474336 16.651955 1537.336061
 34.400000 -1.649301 1.000889 23.239610 409.290587
 34.600000 -1.665698 1.379985 22.909558 398.869524
 34.800000 -1.155963 1.018565 23.676397 595.241823
 35.000000 -1.406756 0.747295 26.857236 37.240719
 35.200000 -1.705785 0.678935 22.152453 329.209916
 35.400000 -1.630970 1.234185 23.632094 410.447003
 35.600000 -0.805617 1.013272 12.665982 1526.424796
 35.800000 -1.321702 0.890684 26.847164 55.149949
 36.000000 -1.730408 0.950019 21.730626 256.729942
 36.200000 -1.303912 0.967629 26.693582 114.220753
 36.400000 -1.193529 0.992927 24.608674 581.983676
 36.600000 -1.709868 1.180749 22.098122 326.099801
 36.800000 -1.643741 0.961799 23.403343 420.160580
 37.000000 -0.620164 0.479738 5.220825 2259.136515
 37.200000 -1.710732 0.737018 22.116117 331.743858
 37.400000 -1.628677 1.000523 23.753149 411.390857
 37.600000 -1.019426 1.116882 20.523259 642.492253
 37.800000 -1.366762 1.185050 27.014437 0.228941
 38.000000 -1.517256 0.799009 25.713872 204.038248
 38.200000 -1.029436 0.539334 20.811955 580.515462
 38.400000 -1.292622 0.523563 26.587986 162.062342
 38.600000 -1.174485 0.978141 24.167315 596.972984
 38.800000 -1.131005 1.682383 23.120741 549.986748
 39.000000 -1.207858 1.633995 24.973268 554.662281
 39.200000 -1.139268 1.382729 23.347889 557.732942
 39.400000 -1.168307 0.663892 24.045804 592.006620
 39.600000 -1.397343 0.532673 26.965308 23.136651
 39.800000 -1.006292 0.789038 20.290049 681.662287
 40.000000 -1.620202 1.110953 24.009751 394.551220
 40.200000 -0.955081 0.927171 18.852227 1082.597023
 40.400000 -1.346430 1.042872 27.051358 7.281194
 40.600000 -1.897075 0.916949 20.348057 4.134560
 40.800000 -1.446233 0.653643 26.625649 89.555414
 41.000000 -0.560835 0.347018 2.483472 2364.482037
 41.200000 -1.201418 0.398042 24.926147 560.042939
 41.400000 -1.157710 0.747381 23.873985 575.507383
 41.600000 -1.720539 1.581034 22.077161 336.898691
 41.800000 -2.005699 2.369267 20.400639 14.303301
 42.000000 -2.440879 3.090866 22.960762 20.901226
 42.200000 -3.140453 2.786269 9.635003 2604.635088
 42.400000 3.029340 2.904212 3.350705 2906.186604
 42.600000 2.976020 3.080856 0.773700 1725.068590
 42.800000 -2.484720 2.624140 23.091289 8.186436
 43.000000 -1.624593 2.043703 24.041405 393.695439
 43.200000 -1.708673 2.010156 22.374684 373.869077
 43.400000 -1.963020 2.321131 20.221774 1.192102
 43.600000 -2.387299 2.963554 22.630497 24.671392
 43.800000 -3.139332 2.829120 9.662599 2581.956830
 44.000000 -2.722177 2.828427 22.378328 61.208861
 44.200000 -1.663360 2.590248 23.325843 421.535090
 44.400000 -2.197415 1.942916 21.716555 45.333216
 44.600000 -1.638021 2.186914 23.842312 404.637106
 44.800000 -2.073971 2.494810 20.704335 60.649675
 45.000000 -2.340159 2.836454 22.377825 18.426891
 45.200000 3.084424 2.443449 6.377817 3239.480487
 45.400000 -2.713829 3.112741 22.364390 49.569559
 45.600000 -2.987654 2.687385 15.882320 1285.107400
 45.800000 -2.745834 2.541621 22.097906 96.602696
 46.000000 -1.956459 3.058943 20.167054 0.240035
 46.200000 -2.416823 2.636150 22.702983 26.427371
 46.400000 -2.363193 2.404467 22.429126 23.057347
 46.600000 -2.534846 2.918093 23.036593 0.322407
 46.800000 -2.812375 2.898887 21.131761 370.303288
 47.000000 -2.581243 2.807794 22.951015 8.632668
 47.200000 -2.203402 2.786239 21.696856 38.175811
 47.400000 -2.167802 2.547519 21.449131 59.248381
 47.600000 -2.509817 2.586341 23.014293 0.777552
 47.800000 -2.695510 2.988796 22.426241 33.305186
 48.000000 3.122575 2.728362 8.457673 2885.887011
 48.200000 -2.878968 2.702799 19.450651 868.297233
 48.400000 -2.806221 2.775653 21.206969 334.030172
 48.600000 -2.914971 2.819605 18.321132 1087.691078
 48.800000 3.042919 2.925918 3.960704 3076.875785
 49.000000 -3.133426 2.920854 9.846348 2483.641693
 49.200000 -2.751418 2.732517 21.969206 103.446152
 49.400000 -2.244651 2.558245 21.882974 20.400838
 49.600000 -1.796787 2.738225 21.082651 175.244435
 49.800000 -2.334070 2.375133 22.252703 20.507513
 50.000000 -2.742576 3.011980 22.054633 84.086529
 50.200000 2.986129 3.068091 1.072947 1921.359643
 50.400000 3.095338 2.684516 6.913827 3173.017637
 50.600000 -2.777496 2.701069 21.658749 186.741871
 50.800000 -2.473275 2.951403 22.924929 9.218708
 51.000000 -2.586651 2.595445 22.860431 12.160736
 51.200000 -2.601347 2.740977 22.790938 15.318245
 51.400000 -2.609856 -3.131875 22.757063 16.339953
 51.600000 -2.889817 2.744454 19.088098 978.620018
 51.800000 -2.800008 2.788856 21.313405 298.905677
 52.000000 3.001518 2.804582 1.775918 2305.068671
 52.200000 -3.011697 2.931888 14.836943 1331.025409
 52.400000 -2.951631 2.657218 16.995737 1254.439840
 52.600000 3.120692 2.749983 8.299906 2870.705479
 52.800000 -3.009449 -3.028518 14.918872 1326.634070
 53.000000 -3.032967 2.549017 14.052972 1392.751288
 53.200000 -2.416786 2.698190 22.677543 31.247710
 53.400000 -1.990838 2.978005 20.066141 9.370784
 53.600000 -2.187933 2.244580 21.522259 44.128404
 53.800000 -1.911013 2.363644 20.096783 14.753926
 54.000000 -2.066308 2.906984 20.508706 66.005163
 54.200000 -2.867857 2.741587 19.767453 835.204507
 54.400000 -2.892250 3.001987 19.022375 1026.450161
 54.600000 -2.742045 3.040099 22.061626 70.917382
 54.800000 -2.674512 2.695459 22.458966 19.645281
 55.000000 -2.290571 2.797641 22.010616 16.860394
 55.200000 -2.592536 2.679411 22.806272 15.417247
 55.400000 -3.132013 2.617408 9.871886 2365.375330
 55.600000 2.945113 3.057010 -0.003989 0.946069
 55.800000 2.969272 2.658017 0.364189 1730.195248
 56.000000 -2.468080 2.735188 22.912895 11.171122
 56.200000 -1.897462 2.713006 20.124040 27.125646
 56.400000 -2.065876 2.229498 20.483928 68.818367
 56.600000 -1.876537 2.651341 20.252645 50.198979
 56.800000 -2.636604 2.680571 22.627419 17.578385
 57.000000 2.972151 2.965097 0.489372 1710.695203
 57.200000 -2.872895 2.955483 19.645154 894.972905
 57.400000 -3.054236 2.399415 13.209961 1469.921882
 57.600000 -2.411523 2.971435 22.638440 35.721702
 57.800000 -2.464519 2.765256 22.905494 13.497262
 58.000000 -2.313687 2.533442 22.089581 20.419940
 58.200000 -1.902960 2.811814 20.082673 22.275432
 58.400000 -2.116836 2.517808 20.936723 81.255893
 58.600000 -2.742420 2.367008 22.093039 67.004038
 58.800000 -2.456826 -3.107093 22.883671 17.622128
 59.000000 -3.057702 2.687863 13.081490 1486.125255
 59.200000 3.027939 2.659305 3.186855 2920.311718
 59.400000 -3.037469 3.052274 13.851367 1390.165511
 59.600000 2.887140 2.678850 -0.000000 0.000000
 59.800000 -2.544501 2.388156 22.984759 4.660125
 60.000000 -1.702970 2.868610 22.760932 399.296622
 60.200000 -2.566810 2.350275 22.934317 11.022669
 60.400000 -2.904513 2.884706 18.661037 1143.245688
 60.600000 -3.093979 -3.049201 11.635114 1791.747684
 60.800000 -3.059631 2.736743 13.019535 1490.039386
 61.000000 -1.881036 2.724727 20.193967 44.873338
 61.200000 -1.864200 2.250759 20.314872 68.173890
 61.400000 -1.988542 2.109309 20.012795 10.926564
 61.600000 -1.955495 2.804292 19.952487 0.096972
 61.800000 -2.185601 3.020411 21.481333 40.712263
 62.000000 3.030283 2.391260 3.346372 2979.508202
 62.200000 -2.593119 3.085843 22.860566 17.219180
 62.400000 -2.790977 2.800439 21.572620 235.958744
 62.600000 -2.666827 2.531435 22.544843 17.977474
 62.800000 -1.720158 3.070688 22.409416 379.120155
 63.000000 -2.304233 2.479349 22.031853 21.087593
 63.200000 -2.675019 2.470676 22.523878 18.543251
 63.400000 -2.676694 -3.117541 22.516648 18.720041
 63.600000 -3.007727 3.070431 14.974438 1326.966392
 63.800000 -2.925224 2.666420 17.966157 1253.024633
 64.000000 -2.840728 2.889991 20.587784 612.679234
 64.200000 -2.369784 2.935850 22.400026 43.901845
 64.400000 -2.360704 2.358759 22.340718 41.328466
 64.600000 -1.818535 2.723084 20.790752 153.541783
 64.800000 -2.327784 2.768551 22.144841 29.409031
 65.000000 -2.644894 2.785012 22.674213 17.995255
 65.200000 -2.899530 2.935760 18.869745 1126.306336
 65.400000 -2.773853 2.885100 21.861579 159.129172
 65.600000 -2.608900 2.611286 22.851064 17.978334
 65.800000 -2.472296 2.370155 23.025471 12.647453
 66.000000 -1.752225 2.854768 21.799063 315.075026
 66.200000 -2.683802 2.412234 22.561557 19.763333
 66.400000 -3.097991 2.762154 11.543566 1792.662378
 66.600000 -3.017644 -3.096120 14.632214 1321.882744
 66.800000 3.134806 2.615345 9.211242 2542.360555
 67.000000 -2.792266 2.882053 21.623474 253.635459
 67.200000 -2.550944 2.875319 23.101420 5.472169
 67.400000 -2.650619 2.452491 22.729274 16.622179
 67.600000 -2.225651 2.743845 21.687834 22.300294
 67.800000 -2.393159 2.650722 22.599785 49.903033
 68.000000 -2.585877 2.580240 22.991761 14.058970
 68.200000 -2.386234 2.834490 22.571950 51.641846
 68.400000 -2.417967 2.738029 22.795578 45.330444
 68.600000 -2.307629 2.642006 22.067799 27.720760
 68.800000 -2.303341 2.775161 22.045493 26.416298
 69.000000 -2.108189 2.812442 20.889624 71.816702
 69.200000 -2.510198 2.360006 23.203856 0.239342
 69.400000 -2.094571 3.072374 20.774242 71.088708
 69.600000 -2.704073 2.667536 22.561774 26.737065
 69.800000 -2.713495 2.880386 22.510401 33.158251
 70.000000 -2.560505 2.855365 23.136861 8.148938
 70.200000 -3.102441 2.624014 11.419415 1825.027812
 70.400000 -2.999455 2.983765 15.319612 1295.654445
 70.600000 3.036261 -3.115593 3.791318 3168.196087
 70.800000 -2.989469 2.682421 15.679580 1303.331876
 71.000000 -2.071165 2.839085 20.582784 64.652234
 71.200000 -2.109196 2.574092 20.899378 68.645354
 71.400000 -2.514919 2.419225 23.286779 0.000984
 71.600000 -2.669854 3.019951 22.787128 16.880457
 71.800000 -3.088680 3.048464 12.010442 1657.742683
 72.000000 -2.854572 2.852032 20.342757 805.809888
 72.200000 -2.259703 2.826704 21.869423 26.764672
 72.400000 -2.312147 2.463036 22.167713 41.025932
 72.600000 -2.039482 2.624430 20.352341 46.943737
 72.800000 -2.343907 2.883403 22.387089 54.426128
 73.000000 -3.069586 2.682606 12.782746 1476.101252
 73.200000 -2.682661 -2.938440 22.798529 19.496317
 73.400000 -2.220566 2.679447 21.677644 29.845351
 73.600000 -2.031584 2.041167 20.303353 41.814692
 73.800000 -1.668177 1.922646 23.308320 355.873975
 74.000000 -2.103661 2.342207 20.860902 68.715323
 74.200000 -2.982077 3.043174 15.982441 1294.737523
 74.400000 2.969144 2.994112 0.447940 1842.112864
 74.600000 -2.966700 2.512104 16.537864 1313.834136
 74.800000 -1.788476 2.838425 21.163415 210.905435
 75.000000 -2.077140 2.402780 20.648528 66.102558
 75.200000 -2.089616 2.553280 20.756839 68.753113
 75.400000 -2.262876 2.679266 21.940879 32.915403
 75.600000 -2.518509 2.848362 23.441434 0.377030
 75.800000 -2.810765 2.745532 21.496718 432.327571
 76.000000 -2.703906 2.869663 22.756351 29.035509
 76.200000 -2.710623 2.658546 22.750492 34.505919
 76.400000 -2.592821 2.763711 23.266374 16.927383
 76.600000 -2.556935 2.843128 23.399745 9.686232
 76.800000 -2.788522 2.676471 21.935758 275.844328
 77.000000 -2.660734 2.977723 22.985239 16.777359
 77.200000 -2.816622 2.784490 21.417454 493.077257
 77.400000 -2.980954 2.589529 16.046399 1295.536818
 77.600000 -2.988565 2.966466 15.773078 1283.836287
 77.800000 -2.902679 2.949953 18.876683 1226.192781
 78.000000 -2.236737 2.786913 21.832919 33.694228
 78.200000 -2.007862 2.076014 20.187598 26.684575
 78.400000 -1.988770 2.245532 20.102290 13.996279
 78.600000 -2.016865 2.639152 20.236863 33.293602
 78.800000 -2.675099 2.916726 22.998282 19.127736
 79.000000 -3.106981 2.870718 11.349314 1860.302948
 79.200000 -2.947237 2.919050 17.304437 1345.158978
 79.400000 2.924521 2.470293 -0.000031 0.000054
 79.600000 -2.464148 3.010374 23.507761 17.246812
 79.800000 -1.824594 2.730439 20.697136 123.047599
 80.000000 -2.113870 1.969361 20.997181 71.687322
 80.200000 -1.738209 1.807511 21.936284 290.310739
 80.400000 -1.685863 1.549263 22.867389 328.312071
 80.600000 -1.058949 0.657804 21.674289 403.334736
 80.800000 -1.476839 0.409602 25.811629 92.030569
 81.000000 -1.208108 0.860217 24.841621 446.561368
 81.200000 -1.260199 1.187916 25.788303 238.352371
 81.400000 -0.924978 0.979213 18.098615 1326.561098
 81.600000 -1.699207 0.839032 22.613964 323.201244
 81.800000 -1.379106 0.691778 26.474074 9.976918
 82.000000 -0.667021 0.806368 7.062389 1813.130034
 82.200000 -0.640020 1.300918 5.868391 1903.678237
 82.400000 -1.080084 1.734670 22.051625 400.808345
 82.600000 -1.077467 1.250253 21.999256 399.907092
 82.800000 -1.308351 0.620304 26.322561 55.861884
 83.000000 -1.028267 0.571557 20.992975 466.772345
 83.200000 -0.658272 0.600109 6.630540 1836.103802
 83.400000 -1.505891 0.867649 25.452715 110.046733
 83.600000 -1.369751 0.981861 26.453814 4.249030
 83.800000 -0.911650 0.932144 17.555835 1479.952135
 84.000000 -1.469847 0.856583 25.808781 85.846056
 84.200000 -1.116503 0.671165 22.769265 445.250352
 84.400000 -1.327857 0.895226 26.399235 16.535011
 84.600000 -1.875119 1.122935 20.272918 38.040178
 84.800000 -1.512251 0.933474 25.369510 114.115525
 85.000000 -0.649003 0.732045 6.206775 1865.736248
 85.200000 -1.669904 0.939049 23.097404 310.281335
 85.400000 -1.843496 0.906252 20.516904 80.490153
 85.600000 -1.041954 0.920115 21.230901 438.162041
 85.800000 -1.475244 1.396087 25.726235 88.155824
 86.000000 -1.350361 0.913704 26.433147 0.298512
 86.200000 -0.948278 0.339834 18.799400 1058.033693
 86.400000 -0.565430 -0.054834 2.472825 1913.467272
 86.600000 -0.510283 -0.862159 0.187034 1654.075812
 86.800000 -0.682135 -0.318409 7.570769 1781.515539
 87.000000 -1.011881 0.278828 20.554120 544.568484
 87.200000 -1.066799 0.865002 21.715618 414.555439
 87.400000 -1.732309 1.758263 22.002782 280.030672
 87.600000 -2.073032 2.573866 20.701231 68.734553
 87.800000 -3.082929 -3.046644 12.430143 1578.729985
 88.000000 2.895939 2.861766 -0.000000 0.000000
 88.200000 -3.059424 2.757380 13.338157 1397.792716
 88.400000 -2.616509 2.966825 23.509346 20.810401
 88.600000 -2.725648 2.684816 22.954408 57.200062
 88.800000 -2.771361 2.696383 22.475500 194.920962
 89.000000 -2.955572 2.947028 17.118615 1372.651674
 89.200000 -3.019758 2.969355 14.788741 1291.980089
 89.400000 -2.599002 2.767964 23.611077 20.416947
 89.600000 -2.148536 2.653695 21.346527 66.286824
 89.800000 -1.692837 2.523808 22.677375 304.846153
 90.000000 -2.265832 2.420783 22.184339 49.675054
 90.200000 -2.313408 2.881074 22.557826 70.156381
 90.400000 -2.929075 2.938410 18.122872 1370.887156
 90.600000 2.983645 2.730582 1.156900 2195.566168
 90.800000 -3.111758 3.056416 11.241561 1940.628776
 91.000000 -2.595597 2.594468 23.648621 20.161506
 91.200000 -2.015350 2.281562 20.289758 31.536738
 91.400000 -1.768895 2.558804 21.429770 210.301782
 91.600000 -2.302617 2.572264 22.479796 65.555523
 91.800000 -2.827230 2.538114 21.446785 618.419522
 92.000000 3.028835 2.882842 3.529046 3211.752822
 92.200000 -2.896515 2.975572 19.334548 1247.375701
 92.400000 -3.002682 2.621724 15.431367 1310.331013
 92.600000 -3.077836 2.964927 12.661781 1536.270742
 92.800000 -3.084093 2.931765 12.414218 1595.163880
 93.000000 3.002965 2.586181 2.122987 2705.525924
 93.200000 -2.936353 3.040787 17.898384 1390.735994
 93.400000 3.101604 2.887857 7.760420 3127.564544
 93.600000 -3.045467 2.577373 13.896655 1345.923952
 93.800000 -2.930067 3.020556 18.132480 1382.213865
 94.000000 -3.090732 2.922918 12.157750 1668.088623
 94.200000 -2.555939 2.589521 23.903091 11.015728
 94.400000 -1.868586 2.686001 20.360700 46.234783
 94.600000 -1.885229 2.490850 20.259143 29.151380
 94.800000 -2.132451 2.549162 21.228985 75.346840
 95.000000 -2.574627 2.783514 23.832773 17.165945
 95.200000 -3.048839 2.829902 13.812196 1366.158460
 95.400000 3.113463 2.920969 8.444699 2945.417480
 95.600000 -3.046516 2.884666 13.897924 1357.650339
 95.800000 -2.336266 2.824675 22.813866 85.568197
 96.000000 -2.113357 2.263185 21.064742 79.465668
 96.200000 -1.866461 2.507620 20.382904 47.960450
 96.400000 -2.083878 2.726578 20.805580 76.786388
 96.600000 -2.517261 2.568979 24.025209 0.171494
 96.800000 -2.503600 2.870654 24.022098 0.783555
 97.000000 -2.512301 2.739597 24.026127 0.002164
 97.200000 -2.921359 2.321835 18.543781 1356.441040
 97.400000 -2.949427 2.887079 17.499879 1394.633698
 97.600000 -2.767558 -2.962602 22.677526 177.090474
 97.800000 -2.740677 2.592173 22.980219 88.501845
 98.000000 -2.096973 2.535938 20.929476 80.632396
 98.200000 -1.823854 2.796876 20.751147 102.756524
 98.400000 -2.682192 2.412333 23.400729 27.565010
 98.600000 -3.062722 3.034859 13.355089 1436.534923
 98.800000 2.947753 2.975664 -0.015727 11.023193
 99.000000 -2.639275 2.638121 23.614698 24.291823
 99.200000 -2.088102 2.642753 20.863340 80.369732
 99.400000 -1.981183 2.402989 20.159837 8.553563
 99.600000 -2.380320 2.502463 23.294113 96.914705
 99.800000 -2.362675 3.095634 23.119827 97.163649
 100.000000 -2.822791 2.837586 21.699840 562.733727
 100.200000 3.034778 2.638383 3.808727 3368.678622
 100.400000 3.081487 -3.141326 6.561334 3411.520461
 100.600000 -2.986503 2.717979 16.019522 1344.291105
 100.800000 -2.733196 2.527534 22.933153 74.079164
 101.000000 -2.250156 2.926254 22.010207 49.849233
 101.200000 -1.764329 2.594515 21.301109 191.752070
 101.400000 -2.102806 2.217026 20.845515 84.347182
 101.600000 -1.625754 2.617405 23.487828 238.697398
 101.800000 -2.261798 2.692079 22.105776 52.455285
 102.000000 -3.112811 2.514379 11.218495 1967.320339
 102.200000 3.097868 -3.113795 7.557500 3234.086546
 102.400000 -3.138731 2.759714 10.035861 2407.657457
 102.600000 -2.601955 2.395026 23.723357 25.232547
 102.800000 -1.664755 2.975017 22.851313 266.137898
 103.000000 -2.342560 2.446022 22.802732 94.128012
 103.200000 -2.502771 2.593338 24.018171 1.364789
 103.400000 -2.488564 2.867513 23.990990 7.094251
 103.600000 -2.936924 2.749532 17.923790 1383.152999
 103.800000 -2.992665 2.803699 15.862048 1327.114615
 104.000000 3.002919 3.072261 2.079667 2829.477667
 104.200000 3.006595 2.654958 2.294263 2933.792368
 104.400000 -2.105484 2.863565 20.906957 86.432102
 104.600000 -1.666546 2.490871 22.797478 260.742500
 104.800000 -2.135632 2.134360 21.184268 80.997576
 105.000000 -2.094136 2.588110 20.801709 85.279224
 105.200000 -2.124945 2.905923 21.103132 84.472070
 105.400000 -2.323849 2.458165 22.682506 86.054633
 105.600000 -2.635738 2.788149 23.608763 27.134246
 105.800000 -2.561631 2.884926 23.972909 14.803157
 106.000000 -3.007417 2.553336 15.376391 1297.816876
 106.200000 -2.994303 3.068228 15.872589 1311.764664
 106.400000 3.124981 2.945872 9.164686 2783.676434
 106.600000 2.975493 2.579453 0.755122 2144.031162
 106.800000 -2.885223 2.812138 19.845233 1149.572654
 107.000000 2.998665 2.841208 1.903539 2773.385590
 107.200000 3.062138 2.930353 5.596642 3612.574100
 107.400000 -2.720039 2.846576 23.167672 53.218075
 107.600000 -2.507816 2.324077 24.125545 0.241134
 107.800000 -1.767650 2.835659 21.248393 170.358714
 108.000000 -2.431292 2.392471 23.778649 66.802601
 108.200000 -2.098519 2.855803 20.908396 87.654273
 108.400000 -2.031702 2.771750 20.335762 50.655062
 108.600000 -2.007602 2.352245 20.183840 29.486854
 108.800000 -2.041435 2.316979 20.407858 59.061807
 109.000000 -1.880160 2.806343 20.188260 29.535825
 109.200000 3.124363 2.586614 9.234839 2799.956382
 109.400000 2.928937 -3.108651 -0.000048 0.000166
 109.600000 -3.094399 3.016326 12.246204 1680.184902
 109.800000 -3.121172 2.417758 11.089445 2078.938085
 110.000000 -2.670985 3.061863 23.496051 27.928351
 110.200000 -2.739063 2.859344 23.063998 83.572910
 110.400000 3.039801 2.681259 4.341558 3588.744361
 110.600000 3.020889 -3.133672 3.226214 3339.167787
 110.800000 3.053289 2.779838 5.154245 3657.160893
 111.000000 -2.658343 2.650737 23.579719 27.897394
 111.200000 -2.144576 2.889645 21.390693 75.378373
 111.400000 -2.179417 2.429492 21.675891 59.105970
 111.600000 -2.057499 2.347123 20.595330 74.084545
 111.800000 -1.880900 2.669731 20.203832 27.229228
 112.000000 -2.054768 2.864742 20.571970 72.247420
 112.200000 -3.037678 2.537946 14.472465 1263.924184
 112.400000 3.022696 3.024949 3.389588 3409.713845
 112.600000 2.942307 2.792315 -0.002908 0.689969
 112.800000 -2.893384 2.655680 19.679933 1204.670463
 113.000000 -2.529626 2.870916 24.236048 3.594983
 113.200000 -2.471568 2.493513 24.191500 20.255553
 113.400000 -2.335972 2.595615 22.939655 104.946680
 113.600000 -2.078454 2.911743 20.834150 84.804632
 113.800000 -2.191131 2.434585 21.801018 51.808268
 114.000000 -2.033526 2.533179 20.449966 57.522521
 114.200000 -1.896472 2.708304 20.155324 13.261120
 114.400000 -2.240424 2.615269 22.158920 46.115186
 114.600000 -2.509215 2.747689 24.306467 0.023847
 114.800000 -2.279737 2.961827 22.443735 62.030112
 115.000000 -2.232904 2.584160 22.108166 45.099113
 115.200000 -2.020641 2.649350 20.404983 49.601560
 115.400000 -2.098083 2.692559 21.075480 87.485496
 115.600000 -2.604692 2.567458 23.972318 34.274518
 115.800000 -2.792904 2.914592 22.444226 309.753280
 116.000000 2.969123 2.892805 0.631141 2142.135248
 116.200000 2.968933 2.599236 0.643035 2151.062266
 116.400000 -2.421316 2.806136 23.912497 88.231652
 116.600000 -1.942056 2.535996 20.108077 0.487011
 116.800000 -1.850919 2.288590 20.407520 48.792211
 117.000000 -1.855865 2.633403 20.373879 43.781738
 117.200000 -2.360238 2.776360 23.287155 121.796277
 117.400000 -2.937978 2.712677 18.156885 1353.903639
 117.600000 -3.045082 3.004770 14.333915 1243.879450
 117.800000 -2.854952 2.824378 21.006746 869.930016
 118.000000 3.032809 2.287736 4.151946 3636.881674
 118.200000 -2.581477 -3.012870 24.165560 31.444252
 118.400000 -2.791164 2.890580 22.520731 296.508751
 118.600000 -3.132398 2.342912 10.880573 2213.485850
 118.800000 -2.374578 2.860511 23.470348 124.069418
 119.000000 -1.971257 2.674939 20.210568 13.140505
 119.200000 -2.120777 2.112052 21.405367 79.176698
 119.400000 -1.655079 2.259591 22.758953 211.267273
 119.600000 -2.288899 2.448012 22.630569 67.990636
 119.800000 -2.440138 2.995064 24.150766 62.033038
 120.000000 -3.139770 2.745355 10.561326 2352.169382
 120.200000 2.930771 2.829205 -0.000292 0.007053
 120.400000 -1.882457 3.024428 20.254223 15.467950
 120.600000 -1.320692 1.904560 25.451074 23.124760
 120.800000 -1.156864 0.577961 22.882700 499.230077
 121.000000 -1.060102 0.018756 20.725066 500.384623
 121.200000 -0.839438 0.021644 13.442611 1998.093559
 121.400000 -0.813474 -0.117949 12.271142 2059.800174
 121.600000 -1.361042 0.391457 25.506327 0.522669
 121.800000 -1.286066 1.053181 25.168653 103.252054
 122.000000 -0.551359 1.934561 1.162261 1419.925981
 122.200000 -1.001356 2.824746 19.275208 675.168229
 122.400000 -2.081230 2.371707 21.131451 88.835500
 122.600000 -2.549612 2.316939 24.408946 16.422175
 122.800000 -2.454355 3.027229 24.320157 41.783435
 123.000000 -2.709649 2.588021 23.470238 45.191943
 123.200000 -3.027484 2.491241 15.086829 1198.272981
 123.400000 -2.976438 3.069753 16.878245 1288.522612
 123.600000 2.949586 2.648285 -0.018283 120.083250
 123.800000 -2.309605 2.685534 22.894637 84.973933
 124.000000 -1.422496 2.666646 25.229616 40.588647
 124.200000 -1.919021 1.809370 20.209357 0.015835
 124.400000 -1.584361 1.070255 23.635523 155.019558
 124.600000 -0.696816 0.262626 7.033490 1806.298119
 124.800000 -0.562820 -0.405421 1.538778 1467.019870
 125.000000 -0.533029 -0.643791 0.436019 1336.913323
 125.200000 -0.448633 -0.242927 -0.000000 0.000000
 125.400000 -0.713610 0.305691 7.726485 1848.365970
 125.600000 -1.214368 0.505505 23.990051 376.926394
 125.800000 -1.319162 0.940238 25.334817 26.372144
 126.000000 -1.045592 1.323619 20.272596 528.773828
 126.200000 -1.123472 1.306930 21.998209 505.943339
 126.400000 -1.337203 0.678622 25.384777 6.230339
 126.600000 -1.000786 0.267718 19.156270 684.526867
 126.800000 -0.742353 0.057481 8.955111 1933.243294
 127.000000 -0.505723 -0.301032 -0.003753 0.829283
 127.200000 -0.519497 -0.639907 -0.020300 59.951456
 127.400000 -0.164695 -0.407281 -0.000000 0.000000
 127.600000 -0.547712 0.198315 0.927453 1338.737685
 127.800000 -1.461913 0.903510 24.860394 70.420127
 128.000000 -0.727870 1.422437 8.303506 1888.445101
 128.200000 -0.648067 1.702574 4.909131 1723.143983
 128.400000 -0.714250 2.416313 7.700064 1848.238888
 128.600000 -1.142034 2.314540 22.384800 509.430649
 128.800000 -0.757380 1.771971 9.584736 1972.089649
 129.000000 -0.676096 1.714741 6.079615 1765.695825
 129.200000 -0.639537 1.819155 4.548015 1709.875292
 129.400000 -1.163946 2.003888 22.862165 495.180001
 129.600000 -0.572864 2.148779 1.858322 1500.290097
 129.800000 -1.119480 1.967208 21.860096 510.559364
 130.000000 -0.597730 1.961072 2.840634 1612.458397
 130.200000 -1.160455 2.031404 22.772513 499.146482
 130.400000 -0.890219 2.211271 15.394391 1614.678586
 130.600000 -0.483398 1.939732 -0.000011 0.000008
 130.800000 -0.649530 1.872825 4.957610 1725.546783
 131.000000 -1.522316 1.382966 24.241757 108.287318
 131.200000 -1.469574 0.360922 24.729918 75.162723
 131.400000 -0.511101 -0.463173 -0.010388 5.010054
 131.600000 0.157701 -1.075586 -0.000000 0.000000
