560.600000
50.800000
1153.600000
706.800000
128.800000
158.200000
4095.800000
1103.000000
1245.000000
2128.400000
41.400000
59.400000
583.000000
795.200000
76.400000
3674.600000
147.800000
881.400000
988.200000
643.400000
1716.000000
322.200000
500.800000
162.200000
1037.400000
2504.400000
1578.000000
498.000000
3500.000000
77.000000
586.000000
1187.000000
1683.200000
451.400000
1173.800000
329.200000
1232.000000
101.000000
1321.400000
640.400000
1122.200000
350.600000
151.000000
2068.200000
431.200000
893.200000
199.200000
285.600000
1525.800000
754.000000
979.000000
1953.400000
2058.400000
445.800000
1209.600000
608.800000
454.800000
2336.600000
645.800000
1050.800000
