8.237906751959173
0.8245399815605678
17.037942006462682
8.709234678373798
2.1649336788067073
2.541548858870354
61.32959024442918
16.470438469539822
16.83755647227935
33.70483757633059
0.6810102107453084
1.1649981301348802
10.475312843504687
10.71033631463054
1.6734932968949279
52.470267288594876
3.3365432241503323
12.81662069908806
12.593517365611017
8.873234028028312
28.463801888051485
5.192439804447482
7.595379021348613
3.205540048450087
18.091768248679365
35.462980764734574
22.845350623188047
7.614025822446046
52.111442103297826
1.2033005441236277
8.463546721229775
17.849490871245223
23.29399197569956
6.184839398050225
16.307153458775066
4.918451565796391
17.295249629680274
1.6891658271392718
16.67683350185905
8.811955630048713
15.798134695872207
5.5577352844214705
2.6422382552461783
31.60386982845564
8.524514069432836
12.81699866883718
3.317880192025813
3.772956013701946
21.369052405324116
10.04709968208711
13.208083589298587
33.177345149417064
29.526247076988493
7.395876702129726
19.189213815008628
9.590988171200967
6.539213194747597
33.394732257974646
9.735090671420082
16.183414454049856
