#! FIELDS time phi psi ves.bias ves.force2
#! SET min_phi -pi
#! SET max_phi pi
#! SET min_psi -pi
#! SET max_psi pi
 0.000000 -1.498385 0.273949 23.369432 70.063852
 0.200000 -1.425859 0.965027 23.850877 21.907327
 0.400000 -0.585600 1.344331 0.530334 1618.186187
 0.600000 -0.428332 1.976105 -0.000000 0.000000
 0.800000 -1.246486 2.446581 23.252739 162.743599
 1.000000 -1.555323 2.297662 22.822300 117.532509
 1.200000 -1.958834 2.239086 19.667785 7.760714
 1.400000 -2.458255 2.869098 23.123402 22.713797
 1.600000 -3.120704 3.050986 10.406884 2499.880273
 1.800000 -2.934200 2.943605 17.729422 962.662374
 2.000000 -2.174076 2.656467 21.079733 81.303258
 2.200000 -1.907396 2.555042 19.633940 1.080411
 2.400000 -1.893207 2.248466 19.624641 0.064843
 2.600000 -2.009033 2.758002 19.938738 20.287493
 2.800000 -2.300014 2.641658 22.191611 75.453110
 3.000000 -2.751787 2.675787 21.861112 193.120824
 3.200000 -2.697517 2.910408 22.489568 103.061687
 3.400000 3.132496 2.680974 8.843513 2938.236554
 3.600000 2.889881 2.724918 -0.000000 0.000000
 3.800000 -2.713090 -3.058293 22.323897 124.071706
 4.000000 -2.361189 2.339069 22.817042 53.922263
 4.200000 -1.924166 2.525513 19.971819 9.529544
 4.400000 -1.614434 2.679105 22.048085 206.457479
 4.600000 -2.533481 2.434604 23.427973 1.456470
 4.800000 2.989456 2.773563 1.207623 1964.388569
 5.000000 3.093691 -2.991658 6.740018 3244.429768
 5.200000 -3.119712 2.503824 10.596631 2506.933598
 5.400000 -2.796605 2.542611 21.244753 348.743513
 5.600000 -2.483081 3.067023 23.439112 0.644301
 5.800000 -2.941988 2.560726 17.540525 967.509112
 6.000000 -2.525160 2.909151 23.434251 1.004680
 6.200000 -2.426660 2.793874 23.352152 13.792155
 6.400000 -2.294562 2.603211 22.353384 121.022318
 6.600000 -2.141693 2.486715 20.751489 47.872924
 6.800000 -1.863210 2.795905 19.872648 5.512820
 7.000000 -2.511338 2.419112 23.482648 0.187673
 7.200000 -2.613894 2.753095 23.248435 23.740589
 7.400000 -3.017995 3.053650 15.040270 1335.993496
 7.600000 3.068657 2.676545 5.540665 3272.195298
 7.800000 -2.398732 2.994919 23.301000 31.022433
 8.000000 -1.897236 2.461360 20.004172 13.717627
 8.200000 -1.981563 2.272283 20.309937 7.510735
 8.400000 -1.856614 2.551682 19.880525 4.829507
 8.600000 -2.213156 2.853055 21.493131 117.426226
 8.800000 -3.029834 2.630112 14.633628 1410.029881
 9.000000 3.114662 -3.047746 8.209480 3074.162456
 9.200000 3.115454 3.028103 8.312102 3063.813594
 9.400000 -2.017417 2.632584 20.461436 5.330185
 9.600000 -1.629189 2.073981 21.690405 203.625690
 9.800000 -1.725964 1.850099 20.399755 113.711090
 10.000000 -1.815320 1.752686 19.868911 1.048874
 10.200000 -1.131216 2.032982 20.732132 528.427753
 10.400000 -0.670830 2.050819 4.075250 2081.491599
 10.600000 -0.985204 2.102194 16.512739 1185.807946
 10.800000 -0.670368 1.742360 4.054204 2081.273011
 11.000000 -0.825633 1.687357 10.625348 1475.873508
 11.200000 -1.453283 1.762433 23.447397 30.147662
 11.400000 -1.485234 1.021950 23.245205 50.949594
 11.600000 -1.048276 0.378410 18.506384 874.225921
 11.800000 -0.567598 -0.444233 -0.019262 11.951351
 12.000000 -0.603337 -0.802424 1.107528 1661.804770
 12.200000 -0.692599 -0.027870 5.075313 2020.985996
 12.400000 -1.071832 0.726788 19.157645 744.398913
 12.600000 -1.609114 1.322356 21.984309 166.783735
 12.800000 -1.043899 1.185018 18.362756 878.397271
 13.000000 -1.205503 0.953253 22.130010 300.924276
 13.200000 -1.676609 0.689932 21.089199 183.817632
 13.400000 -0.668575 0.546458 4.018464 2049.008222
 13.600000 -0.777404 0.475108 8.716791 1613.162268
 13.800000 -1.267183 0.348987 23.003498 139.040047
 14.000000 -1.715377 1.139131 20.594302 135.712794
 14.200000 -0.836722 1.518360 11.046642 1455.207435
 14.400000 -1.067842 1.980350 19.022855 726.774493
 14.600000 -0.426204 2.387861 -0.000000 0.000000
 14.800000 -1.453215 2.099770 23.402650 26.028031
 15.000000 -2.004573 2.098819 20.591715 5.131804
 15.200000 -2.673664 2.580830 22.833125 68.131790
 15.400000 3.077388 -3.038436 6.282601 3295.850824
 15.600000 -2.948831 2.611208 17.375108 1028.190657
 15.800000 -2.451592 2.431322 23.673301 6.983446
 16.000000 -1.899162 2.718788 20.165567 24.913337
 16.200000 -2.000583 2.487902 20.594464 5.936789
 16.400000 -2.665502 2.230260 22.891944 63.797208
 16.600000 -2.942528 2.988683 17.565135 1006.461626
 16.800000 -3.086724 2.938564 12.362995 1831.636202
 17.000000 -2.531810 2.640470 23.650748 7.821795
 17.200000 -2.260629 2.680060 22.018364 138.471581
 17.400000 -2.424488 2.741898 23.563186 22.322839
 17.600000 3.055290 2.763119 5.000802 3266.073869
 17.800000 -2.762551 2.966185 21.855132 205.404364
 18.000000 -2.871970 2.534102 19.627784 697.851264
 18.200000 -2.980041 2.597353 16.345732 1121.841914
 18.400000 -3.091959 -3.138039 12.129563 1908.585055
 18.600000 -2.763160 2.758124 21.850215 214.485738
 18.800000 -2.293191 2.493234 22.396147 137.179899
 19.000000 -1.757893 2.676863 20.181249 73.342697
 19.200000 -1.911972 2.577314 20.226665 32.604547
 19.400000 -2.315598 2.437836 22.658984 123.469572
 19.600000 -2.558171 2.984700 23.605848 13.328131
 19.800000 3.044288 3.047059 4.379504 3174.198205
 20.000000 -3.028252 2.760204 14.682999 1343.630666
 20.200000 -1.934757 2.895275 20.361680 29.404785
 20.400000 -1.723882 2.286247 20.516819 153.905735
 20.600000 -1.740271 1.993062 20.326176 116.605119
 20.800000 -1.825219 1.874930 19.876234 0.172098
 21.000000 -1.374225 1.926787 23.482988 0.626527
 21.200000 -1.147344 1.835512 20.763030 413.173432
 21.400000 -0.559367 1.687418 -0.008384 4.259841
 21.600000 -1.110688 1.928074 19.981755 500.519106
 21.800000 -0.571647 1.678168 0.037842 818.604184
 22.000000 -0.428670 1.683494 -0.000000 0.000000
 22.200000 -0.984936 2.011199 16.533393 1096.740611
 22.400000 -0.544732 1.990193 -0.000165 0.002120
 22.600000 -0.628418 2.030118 2.385238 1915.782900
 22.800000 -0.828917 2.103089 10.777076 1465.472561
 23.000000 -0.506009 1.860194 -0.000000 0.000000
 23.200000 -1.053850 1.944504 18.594952 689.370163
 23.400000 -1.175809 1.655609 21.261055 344.218252
 23.600000 -0.740785 0.874576 7.321772 1700.210770
 23.800000 -1.492733 0.781486 23.094459 26.272468
 24.000000 -1.172561 0.692262 21.200554 349.889419
 24.200000 -0.711204 0.997994 6.102999 1834.349980
 24.400000 -1.326488 1.469308 23.216772 33.711878
 24.600000 -1.081988 0.733196 19.306667 555.776714
 24.800000 -0.887020 0.138934 13.025760 1452.297346
 25.000000 -0.486676 0.169684 -0.000000 0.000000
 25.200000 -0.941094 0.103972 15.081068 1324.194958
 25.400000 -0.956979 0.237922 15.650950 1247.510512
 25.600000 -0.912372 0.497347 14.015327 1420.058882
 25.800000 -1.493366 0.781911 23.070188 23.988573
 26.000000 -1.324167 1.163611 23.195316 36.482556
 26.200000 -0.913881 1.132430 14.113463 1422.717676
 26.400000 -1.720697 1.019123 20.592374 167.835975
 26.600000 -1.344815 0.661746 23.294489 14.274304
 26.800000 -0.666552 0.475974 4.229755 1991.867253
 27.000000 -1.538250 0.732277 22.804860 46.985160
 27.200000 -1.356876 1.074660 23.336465 6.519236
 27.400000 -0.819800 1.337174 10.550590 1472.918870
 27.600000 -1.185088 1.471378 21.397086 315.067495
 27.800000 -1.008971 0.720837 17.445760 900.792990
 28.000000 -1.332155 0.281486 23.241319 26.966703
 28.200000 -0.766705 0.540583 8.532000 1551.253584
 28.400000 -1.445080 1.365959 23.269155 11.349580
 28.600000 -1.206171 1.155023 21.773634 281.909027
 28.800000 -0.696610 0.390920 5.637338 1886.509545
 29.000000 -0.823345 -0.475688 10.722891 1473.173554
 29.200000 -0.607369 -0.573111 1.699855 1876.034891
 29.400000 -0.908948 0.284612 14.062798 1445.709566
 29.600000 -1.550581 1.456629 22.733613 57.876484
 29.800000 -1.325432 1.605310 23.240023 35.997864
 30.000000 -0.566654 1.620154 0.023067 674.309652
 30.200000 -1.457143 1.578766 23.266957 15.121528
 30.400000 -1.807962 1.477666 19.863071 4.106472
 30.600000 -1.134035 0.787438 20.512625 366.853280
 30.800000 -0.937522 0.085872 15.175223 1344.127763
 31.000000 -0.667137 -0.035656 4.422286 2035.711742
 31.200000 -0.816335 0.282824 10.601880 1456.272953
 31.400000 -1.221070 0.905009 22.067212 251.770613
 31.600000 -1.674257 1.287163 21.266618 233.238544
 31.800000 -0.929702 0.977187 14.927480 1377.537730
 32.000000 -1.533362 0.654300 22.893978 46.456722
 32.200000 -1.216991 0.688069 22.019420 255.204681
 32.400000 -1.290359 1.126921 23.006528 104.119359
 32.600000 -1.381363 1.244937 23.478631 0.230380
 32.800000 -1.258026 0.764633 22.624744 176.577546
 33.000000 -1.422865 0.803579 23.433385 5.896408
 33.200000 -1.318401 0.951033 23.288225 50.311153
 33.400000 -1.347941 1.188947 23.448306 14.225802
 33.600000 -1.365367 1.001978 23.497974 3.825503
 33.800000 -1.355603 0.834208 23.474052 8.722509
 34.000000 -1.313098 0.894786 23.249007 59.223000
 34.200000 -1.320039 0.909944 23.369121 46.838285
 34.400000 -1.238730 0.881363 22.459936 219.366071
 34.600000 -1.240524 0.993743 22.486390 215.778029
 34.800000 -1.272977 0.779716 22.921903 143.962853
 35.000000 -1.208796 0.979449 21.990378 270.280955
 35.200000 -1.333471 0.900459 23.541186 25.783722
 35.400000 -1.122791 0.946834 20.504682 388.550108
 35.600000 -1.390257 0.971261 23.648421 0.917637
 35.800000 -1.123649 0.855314 20.521583 386.994865
 36.000000 -1.206798 0.921699 22.037452 283.009486
 36.200000 -1.286775 1.071516 23.288851 114.249731
 36.400000 -1.039711 0.847350 18.656636 711.294573
 36.600000 -1.386637 0.826555 23.741184 1.385857
 36.800000 -1.045232 0.880354 18.802205 679.623744
 37.000000 -1.275853 1.097178 23.165273 142.271240
 37.200000 -1.117427 0.756197 20.510672 433.742244
 37.400000 -1.110869 0.444782 20.373084 446.871001
 37.600000 -1.370248 0.746230 23.857993 0.004045
 37.800000 -1.375302 1.152913 23.856262 0.381251
 38.000000 -1.108216 1.093427 20.316819 452.651736
 38.200000 -1.238566 0.795059 22.902994 261.366177
 38.400000 -1.487496 0.805994 23.381879 55.320397
 38.600000 -1.054317 1.093175 19.111032 659.479064
 38.800000 -1.487703 1.165118 23.380336 55.378135
 39.000000 -1.061116 0.650928 19.283458 627.352356
 39.200000 -1.403717 0.728159 24.005704 21.929367
 39.400000 -1.321232 0.973448 23.999069 33.921954
 39.600000 -1.227926 1.226957 22.854202 304.878097
 39.800000 -1.414376 1.123035 23.951255 30.358448
 40.000000 -1.126736 0.658540 20.847064 460.457139
 40.200000 -1.191077 0.692924 22.282551 402.321323
 40.400000 -1.155991 0.959799 21.558314 446.781312
 40.600000 -1.314169 1.366761 24.106115 47.078178
 40.800000 -0.945240 0.876497 15.735494 1342.846192
 41.000000 -1.539528 0.682812 22.999707 95.233410
 41.200000 -1.292398 0.818573 24.069319 106.297444
 41.400000 -0.987307 0.966642 17.244049 1123.918347
 41.600000 -1.756478 1.351704 20.060032 123.391572
 41.800000 -1.093569 0.734724 20.252078 570.344083
 42.000000 -1.367834 0.590706 24.383519 3.095459
 42.200000 -1.666395 0.738625 21.374231 252.491797
 42.400000 -1.323735 1.060033 24.454986 25.126005
 42.600000 -0.498268 1.207987 -0.000000 0.000000
 42.800000 -1.819315 1.539517 19.612885 5.548598
 43.000000 -1.936524 1.339883 19.952154 18.155426
 43.200000 -0.915748 0.851429 14.692065 1471.961174
 43.400000 -1.384487 0.661412 24.571788 24.501110
 43.600000 -1.642294 0.897167 21.759371 230.914991
 43.800000 -0.806412 0.923289 10.525609 1416.616112
 44.000000 -0.853330 1.019122 12.295266 1445.599410
 44.200000 -1.719621 1.313669 20.540834 230.986212
 44.400000 -1.657886 1.003625 21.531321 253.195173
 44.600000 -0.654809 0.528527 4.186702 2224.776924
 44.800000 -1.276057 0.646535 24.285459 174.679335
 45.000000 -1.490822 1.101939 23.663679 127.753281
 45.200000 -1.491456 1.546527 23.708243 137.641178
 45.400000 -1.576321 1.612374 22.707357 154.092415
 45.600000 -1.452544 0.845252 24.160798 128.295219
 45.800000 -1.017630 0.380175 18.383576 993.672526
 46.000000 -0.691920 0.353014 5.917063 2030.124225
 46.200000 -1.648586 0.708050 21.717876 251.856644
 46.400000 -1.756118 1.293486 20.039417 151.410121
 46.600000 -0.905221 1.793559 14.352270 1508.333311
 46.800000 -0.690741 1.863557 5.876178 2044.161941
 47.000000 -0.866037 2.312179 12.835194 1476.806539
 47.200000 -0.924880 2.369765 15.141691 1491.786093
 47.400000 -0.920800 2.002978 14.983915 1499.203881
 47.600000 -0.620941 1.485193 2.616906 2209.323548
 47.800000 -0.572012 1.286213 0.429127 1838.632410
 48.000000 -1.611365 1.687073 22.308586 202.889050
 48.200000 -1.842781 0.967954 19.465187 0.131132
 48.400000 -0.796077 0.463862 10.233736 1430.822612
 48.600000 -0.640644 0.429036 3.576365 2271.691279
 48.800000 -0.920296 0.045567 14.993257 1505.632381
 49.000000 -0.630333 -0.083826 3.085523 2257.004298
 49.200000 -0.543253 -0.039798 -0.001087 0.105142
 49.400000 -1.048555 0.202490 19.503977 867.325856
 49.600000 -0.803936 0.523326 10.560491 1418.870149
 49.800000 -1.686191 1.215210 21.154243 296.920478
 50.000000 -1.757161 1.454125 20.032453 166.836000
 50.200000 -1.110254 1.092887 21.250095 677.480763
 50.400000 -1.362890 0.507417 25.361309 14.717092
 50.600000 -1.732097 0.548055 20.401169 244.943811
 50.800000 -1.499635 1.081333 23.865925 173.277630
 51.000000 -0.679687 1.050722 5.488406 2136.289570
 51.200000 -1.382450 1.278774 25.332314 53.634644
 51.400000 -1.444800 0.517351 24.654654 173.706548
 51.600000 -0.464975 0.001589 -0.000000 0.000000
 51.800000 -0.583216 -0.340054 0.997445 1914.761835
 52.000000 -0.714775 -0.468048 7.093188 1856.121661
 52.200000 -0.600331 -0.112257 1.796629 2128.893394
 52.400000 -1.116416 0.597701 21.522976 687.168961
 52.600000 -1.838500 1.182209 19.422472 3.355524
 52.800000 -1.619278 1.749915 22.336268 229.581384
 53.000000 -1.513330 2.340676 23.775737 179.389554
 53.200000 -2.540698 2.897948 22.639436 0.604471
 53.400000 3.125668 3.090713 7.870650 2835.694309
 53.600000 3.102203 2.821816 6.606192 2953.335978
 53.800000 3.106874 2.455347 6.859727 2939.215778
 54.000000 -2.574649 3.096427 22.592468 4.323398
 54.200000 -2.826434 2.511394 19.659335 468.732185
 54.400000 -2.437353 2.924695 22.533045 5.671330
 54.600000 -2.713634 2.716433 21.607399 157.527496
 54.800000 3.044682 2.742055 3.492845 2663.676194
 55.000000 -2.586387 3.103256 22.524925 7.009519
 55.200000 -2.704936 2.629068 21.689057 138.459130
 55.400000 -2.527728 2.936951 22.571606 0.115895
 55.600000 -2.568821 2.834222 22.531445 2.994025
 55.800000 2.998821 2.721810 1.270804 1890.769915
 56.000000 -2.792817 -3.121548 20.318049 370.281630
 56.200000 -3.085766 2.650916 11.346075 2041.271243
 56.400000 3.128505 2.689932 7.941392 2804.975090
 56.600000 -2.905937 -3.083427 17.645853 743.199942
 56.800000 -2.958685 2.638850 16.110456 965.252588
 57.000000 -2.549513 2.681398 22.532896 0.794970
 57.200000 -2.272272 2.953049 20.993660 207.193308
 57.400000 -2.366426 2.488299 22.082089 58.677483
 57.600000 -1.997965 2.691699 19.576097 0.313858
 57.800000 -2.279906 2.648093 21.102759 200.919299
 58.000000 -2.373663 2.903528 22.135186 49.214265
 58.200000 -2.386966 2.762232 22.192547 34.603773
 58.400000 -2.364656 2.692490 22.039994 61.222566
 58.600000 -1.939584 2.780823 19.483279 6.019779
 58.800000 -2.388200 2.523915 22.199746 33.423843
 59.000000 -2.509300 2.794962 22.489099 0.096298
 59.200000 -2.993578 2.909258 14.899458 1153.676319
 59.400000 2.878031 2.698921 -0.000000 0.000000
 59.600000 -2.713686 2.996391 21.526966 156.786530
 59.800000 -2.652719 2.601332 22.115559 47.394819
 60.000000 -2.305921 2.664559 21.409167 167.342787
 60.200000 -2.400938 2.655095 22.245502 22.377535
 60.400000 -2.220092 2.802560 20.165590 182.596469
 60.600000 -2.241189 2.596483 20.463249 212.478987
 60.800000 -2.012787 2.665836 19.474841 2.127170
 61.000000 -2.357699 2.630065 21.960981 73.300311
 61.200000 -2.657065 2.675518 22.055655 50.691366
 61.400000 -3.086416 2.797537 11.231394 2033.723692
 61.600000 -2.862206 2.994758 18.657659 614.865942
 61.800000 -2.924590 2.732188 16.993622 814.886066
 62.000000 -2.932940 2.587053 16.753053 845.222516
 62.200000 -2.761462 3.035270 20.784469 292.141997
 62.400000 3.093266 2.596471 5.931950 2982.775535
 62.600000 2.998524 2.916513 1.126880 1850.035131
 62.800000 -3.088242 2.931883 11.135191 2058.889653
 63.000000 -3.101614 2.717525 10.516082 2229.099576
 63.200000 -2.688709 2.673652 21.760318 98.201306
 63.400000 -2.956012 2.891931 16.040062 936.709073
 63.600000 -2.786612 3.078076 20.318566 373.927831
 63.800000 -3.052458 2.624389 12.664628 1634.057566
 64.000000 -3.068827 2.804461 11.984870 1818.834635
 64.200000 3.040813 2.919917 3.108895 2610.792092
 64.400000 -2.851913 2.624805 18.888320 587.198901
 64.600000 -2.098288 2.908657 19.229743 0.008652
 64.800000 -2.200650 2.474372 19.854189 152.108929
 65.000000 -1.921821 2.524818 19.285578 5.968983
 65.200000 -2.539248 2.529313 22.364660 0.557272
 65.400000 -2.943598 2.896905 16.414754 884.619255
 65.600000 -2.609459 3.077725 22.241147 10.587767
 65.800000 -1.951295 2.557976 19.326343 3.496432
 66.000000 -1.856391 1.765484 19.197175 3.320504
 66.200000 -1.828757 1.056336 19.286345 32.974549
 66.400000 -0.671680 0.186394 5.494514 2171.359251
 66.600000 -0.513830 -0.563385 -0.000001 0.000000
 66.800000 -0.576136 -0.489634 0.976244 1941.129762
 67.000000 -0.595672 0.222186 1.863099 2168.910659
 67.200000 -1.544072 1.229351 23.682374 212.709644
 67.400000 -2.166187 1.668191 19.454787 71.727604
 67.600000 -2.001573 2.710767 19.313017 0.562411
 67.800000 -2.277070 3.026307 20.948919 231.648498
 68.000000 3.090423 2.419060 5.739543 3016.179591
 68.200000 -2.958627 2.961987 15.957019 948.726781
 68.400000 -2.934656 -3.057053 16.675874 853.560106
 68.600000 -2.727969 2.538966 21.284280 180.192707
 68.800000 -1.627340 2.696210 22.431338 273.253792
 69.000000 -0.595516 2.167610 1.880669 2170.070096
 69.200000 -0.855048 1.226877 12.797703 1450.200915
 69.400000 -1.189474 0.424124 23.966120 704.610362
 69.600000 -0.900591 0.178473 14.565780 1550.208239
 69.800000 -0.542056 -0.071785 -0.008035 4.690293
 70.000000 -0.806341 -0.157605 10.979056 1359.312775
 70.200000 -0.795513 0.330645 10.589683 1357.608633
 70.400000 -0.838543 0.470200 12.181430 1402.325934
 70.600000 -1.380469 0.894478 26.140802 85.149886
 70.800000 -1.442455 1.352142 25.310582 259.334300
 71.000000 -1.383091 1.054597 26.115991 93.957166
 71.200000 -1.543099 0.517960 23.711283 221.843182
 71.400000 -1.427714 0.974353 25.559396 235.269704
 71.600000 -1.523394 1.391436 24.009152 236.432894
 71.800000 -1.710563 1.260284 20.897398 364.392431
 72.000000 -1.413868 0.735024 25.763662 198.629265
 72.200000 -1.548994 0.924696 23.643985 224.476346
 72.400000 -1.508047 1.390821 24.275211 255.049653
 72.600000 -1.619220 0.834449 22.567396 269.604322
 72.800000 -1.443309 0.611755 25.342627 263.108652
 73.000000 -1.119068 1.054669 22.042433 810.962110
 73.200000 -0.851400 1.333573 12.686228 1417.296092
 73.400000 -0.954295 1.254961 16.669302 1458.863558
 73.600000 -1.065277 0.873804 20.475542 918.934300
 73.800000 -0.915584 0.275085 15.165778 1535.644613
 74.000000 -0.641370 -0.284297 4.159878 2319.242096
 74.200000 -0.550097 -0.298518 0.000183 394.378696
 74.400000 -0.529968 0.119081 -0.000410 0.015475
 74.600000 -0.905673 0.334022 14.786181 1528.855603
 74.800000 -1.198565 0.734586 24.270473 691.419025
 75.000000 -1.531331 1.344067 23.979981 248.563711
 75.200000 -1.566338 1.198285 23.460099 249.090835
 75.400000 -1.052135 0.510985 20.086083 970.613970
 75.600000 -0.650959 -0.151335 4.655330 2275.070063
 75.800000 -0.775674 -0.407112 9.920311 1378.759885
 76.000000 -0.540099 -0.343222 -0.009277 5.926148
 76.200000 -0.322053 0.036726 -0.000000 0.000000
 76.400000 1.195664 -0.326049 -0.000000 0.000000
