#! FIELDS time phi psi ves.bias ves.force2
#! SET min_phi -pi
#! SET max_phi pi
#! SET min_psi -pi
#! SET max_psi pi
 0.000000 -1.498385 0.273949 21.102548 145.576228
 0.200000 -1.384198 0.770962 21.976894 5.213039
 0.400000 -1.026590 1.505883 16.152754 1054.795979
 0.600000 -0.546859 1.577770 -0.000012 0.000002
 0.800000 -0.737619 2.208964 5.223821 1869.991832
 1.000000 -0.723306 2.339886 4.603511 1882.106818
 1.200000 -0.669124 1.928090 2.530395 1813.174465
 1.400000 -0.994595 1.580216 15.221256 1016.376810
 1.600000 -1.446450 0.779808 21.848785 55.779170
 1.800000 -0.921000 0.095283 12.794475 1154.450280
 2.000000 -0.804829 -0.290160 8.522952 1663.763017
 2.200000 -1.115061 -0.000028 18.727770 605.918771
 2.400000 -1.149108 0.577602 19.522354 485.836988
 2.600000 -1.719392 2.065209 17.633366 188.163930
 2.800000 -2.132459 2.970012 17.544602 64.357445
 3.000000 3.013105 3.043746 0.415174 1548.936773
 3.200000 -3.116999 2.551435 7.931802 2357.209560
 3.400000 -2.478684 3.070161 19.999615 15.004477
 3.600000 -2.443885 2.688917 19.832271 31.773446
 3.800000 -2.052468 2.503688 16.972361 30.047642
 4.000000 -2.082392 2.506758 17.152913 43.100189
 4.200000 -2.063434 2.937689 17.121798 38.133708
 4.400000 -2.800353 2.576424 18.012215 310.465530
 4.600000 -2.994581 2.955067 12.871618 1107.838888
 4.800000 3.054395 3.018920 2.201737 2324.269296
 5.000000 3.080760 2.644804 3.527552 2696.972662
 5.200000 -2.395109 2.862697 19.497203 52.234604
 5.400000 -2.082519 2.612703 17.303710 49.559899
 5.600000 -1.880497 2.287065 16.547220 0.428677
 5.800000 -1.921013 2.437815 16.564757 2.083325
 6.000000 -1.959603 2.854199 16.653309 9.653038
 6.200000 -2.659441 2.537580 19.509365 44.763922
 6.400000 3.082317 2.807996 3.799708 2666.536707
 6.600000 3.126092 -3.128656 6.071066 2616.778750
 6.800000 -2.990554 2.628333 12.984013 1113.217932
 7.000000 -2.602052 2.742299 19.845944 23.931480
 7.200000 -2.326113 2.884456 18.983177 47.044158
 7.400000 -2.775445 2.524370 18.424879 175.947517
 7.600000 -2.673762 2.974530 19.388210 51.744254
 7.800000 -2.703990 2.589278 19.158225 65.630646
 8.000000 -2.751426 2.917538 18.714678 120.119053
 8.200000 -2.841194 2.654631 17.322899 477.856993
 8.400000 -3.012259 2.939093 12.237048 1183.825592
 8.600000 -3.029365 2.850916 11.640505 1252.179471
 8.800000 -3.097750 2.749322 9.008842 1796.251467
 9.000000 -2.702256 2.706896 19.233793 67.467948
 9.200000 -2.481263 2.926840 20.098561 16.408286
 9.400000 -2.504400 2.453253 20.169728 4.290479
 9.600000 -1.847528 2.790512 16.671434 0.000921
 9.800000 -2.266492 2.597879 18.565347 38.320360
 10.000000 -2.456600 2.545575 19.975475 34.392414
 10.200000 -2.621661 2.798233 19.921836 34.352900
 10.400000 -2.621455 2.923118 19.923044 34.280343
 10.600000 -2.549614 2.842131 20.225136 3.828366
 10.800000 -2.300412 2.410209 18.826350 53.816384
 11.000000 -1.950923 2.804617 16.979058 17.001279
 11.200000 -2.214961 2.496041 18.284658 42.837690
 11.400000 -2.498516 2.737200 20.288118 6.565254
 11.600000 -3.053191 2.753647 10.895126 1400.242587
 11.800000 -3.069970 -3.134717 10.254097 1524.117758
 12.000000 -2.792056 2.756564 18.452815 241.514729
 12.200000 -1.971092 2.753340 17.126429 16.419108
 12.400000 -1.707658 2.173816 17.438447 172.790607
 12.600000 -1.992348 1.940730 17.210218 14.729403
 12.800000 -1.815111 2.274139 16.658620 1.503718
 13.000000 -1.843592 2.848995 16.661317 1.689833
 13.200000 -2.644646 2.465832 20.011581 47.400287
 13.400000 2.999997 2.710222 0.348238 1595.294774
 13.600000 -3.071389 -2.994653 10.263334 1570.105241
 13.800000 3.082224 2.631907 4.177211 2657.538719
 14.000000 -2.619372 2.683873 20.174561 35.587537
 14.200000 -2.145243 3.100849 17.887361 34.602744
 14.400000 -2.427260 2.321216 20.068811 56.418880
 14.600000 -1.875148 2.679543 16.860612 11.823957
 14.800000 -1.974655 2.848923 17.232728 10.724540
 15.000000 -2.087686 2.555080 17.599575 16.909046
 15.200000 -2.430062 2.464689 20.132849 54.362239
 15.400000 -2.273888 2.935884 18.850693 63.655821
 15.600000 -2.538343 2.662719 20.561906 0.144095
 15.800000 -2.897951 2.510559 16.206070 806.579520
 16.000000 -2.817645 -3.126963 18.128478 361.327012
 16.200000 3.127139 2.814774 6.590602 2521.583291
 16.400000 -2.462550 2.619410 20.397580 30.818922
 16.600000 -2.176825 2.733898 18.147433 54.077185
 16.800000 -2.148992 2.700091 17.953379 42.765678
 17.000000 -2.330545 2.589125 19.386211 68.911217
 17.200000 -2.168319 2.913619 18.134607 56.067308
 17.400000 -2.394836 2.671759 19.985309 61.033185
 17.600000 -2.432358 2.706511 20.262183 46.291378
 17.800000 -2.173536 2.827120 18.174039 58.164857
 18.000000 -2.409495 2.615508 20.097819 56.527563
 18.200000 -2.241147 2.625823 18.845645 75.917750
 18.400000 -2.311647 2.819765 19.435043 63.951911
 18.600000 -2.117069 2.595046 17.845369 37.370274
 18.800000 -2.282611 2.493155 19.198722 68.750673
 19.000000 -2.042526 2.860279 17.527519 6.917143
 19.200000 -2.478255 2.488196 20.611571 11.071480
 19.400000 -2.471458 2.739812 20.587635 13.780565
 19.600000 -2.925023 2.918574 15.484470 919.415048
 19.800000 -3.101448 2.945780 9.224423 1892.308919
 20.000000 -2.919881 2.750658 15.639520 898.951035
 20.200000 -2.676229 2.870351 20.027322 66.278333
 20.400000 -2.683372 2.632334 19.968138 71.099099
 20.600000 -2.835830 2.736365 17.853791 470.563275
 20.800000 -3.054238 2.828229 11.157975 1419.706528
 21.000000 -2.885960 2.889005 16.621928 741.628321
 21.200000 -2.239557 2.764523 19.235837 99.451573
 21.400000 -2.157712 2.425390 18.379893 100.952391
 21.600000 -1.700071 2.515065 17.254843 96.674170
 21.800000 -2.098637 2.625638 17.870592 47.101705
 22.000000 -2.334652 2.699140 20.020662 43.153732
 22.200000 -2.801454 2.818680 18.618926 322.544605
 22.400000 3.099196 3.001738 5.272180 2746.497208
 22.600000 -2.956681 3.014812 14.545260 1029.299325
 22.800000 -2.040995 2.640553 17.610789 11.831131
 23.000000 -1.956888 2.314455 17.415830 5.131420
 23.200000 -1.601696 2.385036 18.558943 287.417951
 23.400000 -2.361570 2.425790 20.392295 23.649638
 23.600000 -2.999586 2.933981 13.151218 1148.605252
 23.800000 3.070355 3.141261 3.780551 2701.843957
 24.000000 -3.029736 2.789100 12.105196 1268.919508
 24.200000 -2.773568 2.800734 19.157881 225.328437
 24.400000 -2.438157 2.932228 20.733544 4.995537
 24.600000 -2.596638 2.552153 20.652525 15.160891
 24.800000 -2.644509 3.041516 20.415899 35.796648
 25.000000 -2.994649 2.746585 13.340215 1131.525292
 25.200000 2.998411 2.795473 0.463716 1580.835862
 25.400000 -2.605263 2.948538 20.666716 17.121252
 25.600000 -2.036175 2.455111 17.673366 11.305545
 25.800000 -1.456512 2.093029 20.686745 118.864276
 26.000000 -1.717959 2.216697 17.002063 44.335935
 26.200000 -2.331983 2.590784 20.498775 31.921238
 26.400000 -3.005848 2.840883 13.011346 1154.451635
 26.600000 2.933877 2.985720 -0.000003 0.000000
 26.800000 -2.557075 2.741252 20.856705 3.847245
 27.000000 -2.067908 2.334554 17.834783 31.594263
 27.200000 -1.840203 2.168549 17.025986 24.693936
 27.400000 -1.712749 2.345793 17.008152 48.460408
 27.600000 -2.178792 2.641286 18.976265 172.629463
 27.800000 -2.664159 3.041408 20.446438 45.781086
 28.000000 2.979542 2.739543 -0.026456 4.414662
 28.200000 2.989129 2.727558 0.158752 1520.903253
 28.400000 -2.820696 3.068421 18.436375 457.686018
 28.600000 -2.894872 2.515141 16.551941 831.254111
 28.800000 -2.228753 2.934737 19.689744 159.197655
 29.000000 -1.837498 2.604216 17.018483 24.778125
 29.200000 -1.931125 1.923470 17.476625 12.393372
 29.400000 -1.360351 1.744339 21.018135 0.056035
 29.600000 -0.597864 0.968141 -0.003563 0.398756
 29.800000 -1.627339 0.976155 17.959413 222.811400
 30.000000 -1.627975 0.640253 17.949922 221.732162
 30.200000 -0.923123 0.753419 11.602393 1090.810242
 30.400000 -1.338293 1.249776 20.933817 9.443881
 30.600000 -1.463210 1.515506 20.372790 121.563675
 30.800000 -0.828331 0.901575 8.258636 1463.016850
 31.000000 -1.152504 0.034665 18.297956 544.647296
 31.200000 -0.925416 0.095768 11.631528 1084.653077
 31.400000 -1.107829 1.036863 17.142509 697.077422
 31.600000 -1.093250 1.299987 16.751375 742.243646
 31.800000 -0.761826 0.864055 5.511456 1816.296432
 32.000000 -1.648791 0.941079 17.657859 168.918401
 32.200000 -1.543505 0.925194 19.234273 233.383765
 32.400000 -1.147566 1.323441 18.114328 566.390519
 32.600000 -1.577083 1.539642 18.712058 245.340785
 32.800000 -1.232818 0.824656 19.836828 259.888131
 33.000000 -0.804651 0.124166 7.248824 1609.502855
 33.200000 -1.183205 0.047230 18.898137 442.402759
 33.400000 -0.942150 0.186663 12.120524 1053.331110
 33.600000 -1.139889 0.794199 17.910349 597.950396
 33.800000 -1.549452 1.468849 19.131818 231.232790
 34.000000 -1.470194 1.055193 20.213552 129.325497
 34.200000 -0.970406 0.418284 13.010416 1007.797231
 34.400000 -0.610564 0.054392 -0.012582 4.016077
 34.600000 -1.419184 0.395393 20.666316 46.075798
 34.800000 -1.570156 1.365461 18.815949 232.805653
 35.000000 -0.648717 1.576434 0.798439 1140.294752
 35.200000 -0.774123 1.947041 5.898933 1801.970645
 35.400000 -0.907164 2.328271 10.940317 1136.669959
 35.600000 -0.810816 2.324996 7.415192 1603.375695
 35.800000 -0.916110 1.992679 11.240241 1111.864490
 36.000000 -0.797308 1.512390 6.867565 1683.458651
 36.200000 -1.327048 0.996909 20.774221 18.258454
 36.400000 -1.251794 0.282315 20.083332 193.929224
 36.600000 -0.686365 -0.111524 2.155048 1607.695494
 36.800000 -0.963331 -0.005854 12.777879 1010.188763
 37.000000 -1.842001 0.810416 17.075623 21.088902
 37.200000 -1.295204 1.494858 20.570225 69.634665
 37.400000 -0.935789 1.922976 11.894936 1053.523015
 37.600000 -1.163792 2.428465 18.446774 520.394111
 37.800000 -1.175721 2.536905 18.712974 475.657608
 38.000000 -0.758916 2.207426 5.250597 1875.433581
 38.200000 -0.690478 1.260916 2.320457 1668.016612
 38.400000 -1.789400 0.999053 16.894540 1.690042
 38.600000 -1.359729 0.599178 20.824830 0.042044
 38.800000 -0.783717 0.615811 6.325684 1778.838694
 39.000000 -1.676143 1.025127 17.413985 109.360084
 39.200000 -1.416698 1.016944 20.612156 42.288443
 39.400000 -0.849649 0.813856 8.963176 1370.676952
 39.600000 -1.677127 0.816831 17.420104 109.239292
 39.800000 -1.219176 1.096035 19.591490 306.327433
 40.000000 -0.873924 1.038208 9.839592 1241.480390
 40.200000 -1.684311 1.165872 17.371226 98.614127
 40.400000 -1.159949 0.734007 18.386309 541.184688
 40.600000 -1.244524 0.418078 20.005857 208.883986
 40.800000 -1.102888 0.588016 16.940308 736.815842
 41.000000 -1.337209 1.292827 20.786929 5.406886
 41.200000 -1.063514 1.468371 15.844480 838.295485
 41.400000 -1.410605 1.038262 20.633938 35.652073
 41.600000 -1.385149 0.377976 20.754881 12.032994
 41.800000 -0.715614 0.236352 3.409441 1901.028193
 42.000000 -0.918351 0.225032 11.384430 1062.062472
 42.200000 -1.041970 0.144419 15.227590 875.732619
 42.400000 -1.036780 0.540158 15.073671 883.448469
 42.600000 -1.178893 0.821442 18.849716 471.126145
 42.800000 -1.705576 1.503362 17.221966 69.503113
 43.000000 -1.354977 1.501135 20.816570 0.047385
 43.200000 -0.927367 0.522136 11.725078 1028.868695
 43.400000 -0.622487 -0.292107 -0.024170 18.983074
 43.600000 -0.672642 -0.669553 1.633461 1536.074120
 43.800000 -0.807443 -0.243261 7.428395 1662.812719
 44.000000 -1.319131 1.180665 20.766060 17.675812
 44.200000 -1.730910 1.653203 17.062237 39.334876
 44.400000 -1.506086 1.245399 19.748779 139.593413
 44.600000 -0.685151 0.099893 2.152828 1706.372204
 44.800000 -0.613462 -0.934089 -0.012691 4.512505
 45.000000 -0.749485 -0.025224 4.970450 1986.673696
 45.200000 -1.363300 1.250916 20.853631 2.668894
 45.400000 -1.757861 2.137722 16.933452 14.057764
 45.600000 -2.323946 3.045903 20.943750 29.043677
 45.800000 -2.596934 3.064097 20.885462 6.980199
 46.000000 -3.024659 2.746531 12.359817 1106.615221
 46.200000 -2.859519 2.898714 17.374538 719.674866
 46.400000 -2.724756 3.085096 20.027667 144.756561
 46.600000 3.121018 2.558928 6.696126 2518.691631
 46.800000 -2.400468 3.054547 21.104188 0.016498
 47.000000 -2.661121 2.508513 20.598022 38.893127
 47.200000 -2.597193 2.610490 20.856256 6.488394
 47.400000 -2.420191 3.101427 21.086041 0.606410
 47.600000 -3.121115 2.357012 8.632173 1998.083889
 47.800000 -2.128212 -3.077662 18.486917 163.385264
 48.000000 -1.862674 2.524066 16.979344 13.913628
 48.200000 -1.528789 2.006087 19.515872 146.573540
 48.400000 -1.569998 0.787703 18.997055 169.197967
 48.600000 -0.579991 -0.189208 -0.000031 0.000024
 48.800000 -0.793147 -0.355018 7.007531 1758.832017
 49.000000 -1.142141 0.355185 18.111234 626.454835
 49.200000 -1.472792 1.215091 20.151784 102.982686
 49.400000 -1.600182 1.727660 18.620357 176.270347
 49.600000 -0.935124 2.213460 12.094006 979.467737
 49.800000 -0.714665 2.070586 3.555624 2020.343846
 50.000000 -0.988153 2.072515 13.726127 924.282396
 50.200000 -0.849189 1.524458 9.253272 1315.989124
 50.400000 -0.776728 1.224365 6.364623 1878.985253
 50.600000 -1.838117 1.204831 16.840970 4.974724
 50.800000 -1.390706 0.783324 20.802976 23.669724
 51.000000 -0.995780 0.491092 13.973032 918.493556
 51.200000 -1.837027 0.425911 16.822296 3.886239
 51.400000 -1.759402 0.658242 16.929467 27.490502
 51.600000 -0.797566 0.792923 7.284730 1716.208192
 51.800000 -1.880631 1.541032 16.957042 15.083764
 52.000000 -2.223750 2.726056 19.842659 215.736037
 52.200000 -2.782118 -2.918551 19.072232 361.385697
 52.400000 3.052007 2.676630 3.065062 2484.261718
 52.600000 -2.241315 2.496662 20.079741 185.990899
 52.800000 -1.038090 2.722466 15.275561 880.957588
 53.000000 -0.768137 1.893302 6.059185 1944.519149
 53.200000 -1.080554 1.201023 16.527172 812.948828
 53.400000 -1.856860 0.485746 16.848848 7.995265
 53.600000 -1.140892 0.203848 18.157269 632.687124
 53.800000 -0.688104 0.488235 2.477653 1902.421739
 54.000000 -0.944534 1.049947 12.462546 944.544032
 54.200000 -1.636942 1.213347 18.250929 173.346680
 54.400000 -0.991416 0.710325 13.903676 909.806787
 54.600000 -1.337824 0.418972 20.941171 0.719514
 54.800000 -1.526664 0.689922 19.622136 125.693568
 55.000000 -1.330416 1.133338 20.931310 3.309654
 55.200000 -1.163749 1.348767 18.738097 542.436592
 55.400000 -1.038606 0.743999 15.331359 877.770482
 55.600000 -1.596772 0.701038 18.799767 163.008551
 55.800000 -1.866688 0.460845 16.852755 9.060948
 56.000000 -0.989626 0.872272 13.865966 907.016817
 56.200000 -1.667334 1.517161 17.908860 163.893935
 56.400000 -1.672492 1.477005 17.843186 160.145240
 56.600000 -1.239361 0.927303 20.213078 216.046906
 56.800000 -1.096251 0.223808 17.015285 774.301583
 57.000000 -0.784205 -0.426526 6.893346 1815.754804
 57.200000 -0.085851 -1.092186 -0.000000 0.000000
 57.400000 1.219846 -1.208472 -0.000000 0.000000
