#! FIELDS time phi psi ves.bias ves.force2
#! SET min_phi -pi
#! SET max_phi pi
#! SET min_psi -pi
#! SET max_psi pi
 0.000000 -1.498385 0.273949 21.102548 145.576228
 0.200000 -1.084485 0.770916 17.901804 770.099391
 0.400000 -1.153868 1.384166 19.609044 461.286971
 0.600000 -1.024200 1.047672 16.074925 1065.531347
 0.800000 -1.598614 0.663730 19.659588 256.216355
 1.000000 -1.633344 0.514569 19.098189 262.309546
 1.200000 -1.375513 1.076257 22.181764 8.709006
 1.400000 -0.971601 1.413450 14.410404 1365.760355
 1.600000 -1.371069 1.245874 22.193861 6.208454
 1.800000 -1.538704 0.852689 20.662361 189.750967
 2.000000 -0.957288 0.690703 13.878704 1393.213131
 2.200000 -0.842200 0.607707 9.513177 1657.249261
 2.400000 -1.710048 0.843231 18.108074 232.126537
 2.600000 -1.195004 1.067818 20.911113 308.538734
 2.800000 -1.385463 1.140357 22.272732 9.018087
 3.000000 -1.738938 0.922892 17.693207 179.496275
 3.200000 -1.191486 0.587847 20.945405 329.662132
 3.400000 -0.794023 0.483424 7.548782 1833.475944
 3.600000 -1.056044 0.395377 17.520036 1013.849172
 3.800000 -1.748470 0.820359 17.585260 191.165445
 4.000000 -1.282013 1.418323 22.124275 61.045597
 4.200000 -0.605269 1.272245 -0.008929 122.206233
 4.400000 -1.452589 1.792902 22.028847 66.626542
 4.600000 -2.154950 1.691150 17.615594 64.499388
 4.800000 -1.673042 2.466237 18.907402 308.185121
 5.000000 -2.136970 2.925789 17.472804 61.391812
 5.200000 -2.931449 2.619718 14.730703 839.577819
 5.400000 -2.752063 3.013987 18.612466 174.480038
 5.600000 -1.926909 2.989488 16.480864 0.000284
 5.800000 -2.108477 2.072182 17.269656 52.456267
 6.000000 -1.869754 2.163491 16.596728 18.088661
 6.200000 -1.985829 2.442706 16.646029 12.643996
 6.400000 -2.559674 2.874726 19.900308 2.134258
 6.600000 -2.752285 3.018101 18.577295 175.040758
 6.800000 -2.583327 2.701899 19.849110 8.123300
 7.000000 -2.525575 2.606644 19.913787 0.475908
 7.200000 -2.236822 2.744290 18.223679 43.521826
 7.400000 -2.299416 2.696677 18.637696 45.221819
 7.600000 -2.784498 2.472707 18.078596 281.584428
 7.800000 -3.092984 2.849551 8.834737 2119.130265
 8.000000 -2.857127 3.117323 16.614929 547.483697
 8.200000 -2.907599 2.604834 15.336288 749.824409
 8.400000 -2.372675 2.829271 19.161287 48.694312
 8.600000 -1.946222 2.805340 16.612575 1.095328
 8.800000 -1.992110 2.343375 16.720321 12.557133
 9.000000 -1.956511 2.476243 16.626534 2.761116
 9.200000 -2.119318 2.924208 17.469197 49.095369
 9.400000 -2.544517 2.643023 19.996078 0.180498
 9.600000 -2.962876 2.576169 13.736953 998.206404
 9.800000 -2.887594 -3.093856 15.906346 678.135243
 10.000000 -3.128963 2.758982 7.015724 2529.713647
 10.200000 -2.673788 2.726501 19.503886 66.244472
 10.400000 -2.175175 2.793347 17.887279 55.798197
 10.600000 -2.613129 2.540481 19.883277 18.779702
 10.800000 -2.398159 3.012278 19.402915 41.602555
 11.000000 -3.003881 2.719965 12.380950 1293.090766
 11.200000 3.079977 2.976407 3.175948 2415.202757
 11.400000 -3.079517 2.948327 9.318510 2043.688862
 11.600000 -2.815505 2.709655 17.667370 368.392926
 11.800000 -1.940625 2.831394 16.756026 0.108035
 12.000000 -1.934585 2.278334 16.754885 0.002295
 12.200000 -1.980220 2.058280 16.829935 2.856874
 12.400000 -1.781323 2.446830 17.478486 99.543724
 12.600000 -2.098127 2.886876 17.317492 42.771059
 12.800000 3.127837 2.649747 5.618769 2642.976263
 13.000000 3.012803 3.090050 0.290031 1427.729687
 13.200000 -2.981414 2.993524 13.288323 1199.693230
 13.400000 -2.586447 2.681980 20.136396 6.535095
 13.600000 -2.086769 2.703888 17.268811 33.995643
 13.800000 -2.020467 2.447687 16.975123 9.185550
 14.000000 -2.411754 2.492455 19.604886 40.871129
 14.200000 -2.598929 3.140328 20.136208 11.722171
 14.400000 3.050832 2.688942 1.860739 1985.074422
 14.600000 -3.132577 2.830955 6.836661 2567.209542
 14.800000 -2.726085 2.908468 19.124880 147.253974
 15.000000 -2.947125 2.504561 14.455939 976.712376
 15.200000 -2.164670 3.055227 17.839348 64.638888
 15.400000 -2.321445 2.514257 19.071740 46.905581
 15.600000 -2.239219 2.287510 18.457710 66.065238
 15.800000 -2.077364 2.838558 17.261410 22.985578
 16.000000 -2.434895 2.662394 19.804997 36.058464
 16.200000 -2.783915 2.656791 18.366311 265.948494
 16.400000 3.061764 2.972386 2.427220 2197.805914
 16.600000 3.078243 2.785550 3.220434 2425.940981
 16.800000 -2.803521 2.781998 18.031643 318.595988
 17.000000 -2.417881 2.944545 19.742083 34.453184
 17.200000 -2.485642 2.622583 20.137508 18.245664
 17.400000 -2.152059 2.849421 17.804202 66.764368
 17.600000 -2.024127 2.695540 17.129064 5.117140
 17.800000 -2.507197 2.360560 20.219291 10.694922
 18.000000 -2.257009 2.997961 18.715365 67.127294
 18.200000 -2.609308 2.818251 20.241291 19.181994
 18.400000 3.025145 2.378483 0.916356 1566.910953
 18.600000 -3.112717 -3.058775 8.003659 2393.974170
 18.800000 3.139106 2.834242 6.430338 2617.698245
 19.000000 -2.613356 2.374394 20.222915 22.065881
 19.200000 -1.673287 2.791677 18.731912 237.992234
 19.400000 -2.247326 2.447785 18.739175 75.217596
 19.600000 -2.677038 2.612966 19.805250 87.420906
 19.800000 -3.136794 3.074460 6.880869 2559.823290
 20.000000 3.056357 2.811969 2.330956 2195.456639
 20.200000 -2.162269 2.675230 17.994632 80.647527
 20.400000 -1.809007 2.457815 17.261962 22.846807
 20.600000 -1.986256 2.416272 17.131593 1.388573
 20.800000 -2.385447 2.572927 19.773503 37.710797
 21.000000 -2.716115 3.074726 19.420741 137.333524
 21.200000 -2.955271 2.839002 14.420918 1004.951697
 21.400000 -2.189036 2.580593 18.279995 90.860485
 21.600000 -1.689392 2.413736 18.429515 209.569538
 21.800000 -1.856113 2.107533 17.129333 1.892857
 22.000000 -1.740853 2.553537 17.774962 113.713350
 22.200000 -2.473875 2.792364 20.376248 20.295489
 22.400000 -3.141064 2.779809 6.872022 2551.810545
 22.600000 -3.085602 2.872724 9.524822 2001.564455
 22.800000 -2.817827 2.885356 17.934422 361.217984
 23.000000 -2.727458 2.816685 19.332861 155.181007
 23.200000 -2.561257 2.970877 20.590232 1.663215
 23.400000 -2.627618 2.765317 20.325317 43.041996
 23.600000 -2.914463 2.885228 15.688217 793.010161
 23.800000 -2.680942 3.032901 19.882973 97.717658
 24.000000 3.131443 2.716988 6.389695 2618.992290
 24.200000 -2.895112 3.000278 16.256966 706.609341
 24.400000 -2.816316 2.788786 18.051368 359.782485
 24.600000 -2.845975 2.681484 17.447064 475.793199
 24.800000 -2.923193 2.974074 15.474827 846.015098
 25.000000 -3.008826 2.901602 12.686323 1301.610746
 25.200000 -2.988903 2.713814 13.436815 1189.880611
 25.400000 -2.356365 2.900484 19.809072 44.609352
 25.600000 -2.572836 2.638812 20.666665 5.110776
 25.800000 -2.177664 2.761764 18.282573 96.834907
 26.000000 -2.117402 2.760160 17.745602 56.987166
 26.200000 -2.161274 2.547017 18.145950 91.429842
 26.400000 -2.061758 2.684847 17.434454 16.975813
 26.600000 -2.399928 2.758318 20.137429 42.412110
 26.800000 -2.556853 2.621741 20.742775 1.059902
 27.000000 -2.937398 2.902457 15.167468 944.186622
 27.200000 -3.106241 2.966368 8.821014 2169.912594
 27.400000 -3.130575 2.917266 7.652696 2437.931058
 27.600000 -2.157692 2.973415 18.155421 90.356893
 27.800000 -2.072144 2.428919 17.511193 25.153374
 28.000000 -1.912177 2.220545 17.242136 0.154921
 28.200000 -1.942956 2.573719 17.268574 0.356349
 28.400000 -2.442772 2.747360 20.505148 35.776556
 28.600000 -3.117038 2.689706 8.360208 2287.775517
 28.800000 -3.075774 2.936727 10.229500 1829.455061
 29.000000 -2.608261 2.828642 20.668328 26.892434
 29.200000 -2.145439 2.555956 18.126892 81.886115
 29.400000 -1.622756 2.548800 19.133652 226.310197
 29.600000 -1.938434 2.324452 17.287147 0.511376
 29.800000 -2.178198 2.712922 18.436595 94.631632
 30.000000 -2.779695 2.843237 19.017913 232.845731
 30.200000 3.133763 2.886118 6.856337 2632.876995
 30.400000 3.126862 2.811488 6.500215 2691.753428
 30.600000 -3.028276 2.618986 12.220082 1412.426799
 30.800000 -2.530030 2.932498 20.928815 0.590518
 31.000000 -2.584855 2.615707 20.847651 13.392060
 31.200000 -2.372622 2.776144 20.140828 56.547135
 31.400000 -2.414526 2.646821 20.450322 50.960052
 31.600000 -1.978862 2.717430 17.379036 1.805505
 31.800000 -2.191614 2.468348 18.643755 89.794141
 32.000000 -1.939473 2.783757 17.337657 0.756222
 32.200000 -2.361156 2.678827 20.096446 59.443447
 32.400000 -2.487267 2.677358 20.933419 15.432963
 32.600000 -2.363254 2.868647 20.112624 59.438994
 32.800000 -2.274613 2.650083 19.420640 66.457784
 33.000000 -2.103358 2.516189 17.916562 53.349910
 33.200000 -1.970237 2.652732 17.420837 2.181815
 33.400000 -2.066124 2.623304 17.724673 30.175194
 33.600000 -2.400878 2.519612 20.468210 57.874955
 33.800000 -2.273609 2.980226 19.466568 67.197064
 34.000000 -2.593881 2.764794 20.921077 24.399232
 34.200000 -2.725068 2.758547 19.900600 109.620345
 34.400000 -2.911163 2.936013 16.286199 878.886736
 34.600000 -3.017029 2.995147 12.780912 1313.742123
 34.800000 -2.988707 2.808585 13.781961 1191.460379
 35.000000 -2.494837 2.907998 21.091066 8.172358
 35.200000 -2.147406 2.629805 18.450400 80.359058
 35.400000 -2.011209 2.319997 17.578702 10.231850
 35.600000 -1.708719 2.635830 17.798059 84.565788
 35.800000 -2.432472 2.436498 20.848425 46.929097
 36.000000 -2.859615 2.960271 17.730154 598.189693
 36.200000 -2.522892 3.098539 21.247810 0.115843
 36.400000 -2.479577 2.335220 21.175627 13.082478
 36.600000 -1.937167 2.500496 17.448422 2.833804
 36.800000 -1.667529 2.648062 18.210234 149.274352
 37.000000 -2.517353 2.472239 21.248268 0.030926
 37.200000 -3.024649 2.794471 12.566620 1329.754509
 37.400000 2.995985 -3.082739 0.216851 1719.354104
 37.600000 -3.125905 2.408371 8.335859 2355.130529
 37.800000 -2.197598 2.769773 19.008929 75.701321
 38.000000 -2.085827 2.768267 18.075217 50.138656
 38.200000 -2.333985 2.382190 20.211737 80.255387
 38.400000 -2.074081 2.754634 18.050674 45.409041
 38.600000 -2.366326 2.597793 20.504650 82.458526
 38.800000 -2.841455 2.403310 18.295896 512.136249
 39.000000 -2.996229 -3.121180 13.598201 1215.683945
 39.200000 -2.843463 2.985210 18.298942 530.401232
 39.400000 -2.144040 2.611661 18.657795 70.873354
 39.600000 -1.702145 2.443422 17.765346 75.096375
 39.800000 -1.708049 2.569295 17.715742 66.176177
 40.000000 -2.311080 2.395310 20.058988 78.679770
 40.200000 -2.525741 2.948867 21.453559 3.997291
 40.400000 3.112474 2.899747 6.146495 2875.691395
 40.600000 -2.737578 2.728312 20.005712 93.887981
 40.800000 -1.847667 2.726645 17.362863 1.685425
 41.000000 -1.685690 2.479718 17.898369 96.419114
 41.200000 -1.833584 2.253181 17.359565 0.980835
 41.400000 -2.130460 2.483145 18.659420 67.433980
 41.600000 -2.436913 2.927875 21.293515 45.384288
 41.800000 -2.851563 2.707063 18.200513 597.978814
 42.000000 -2.943777 2.881289 15.452293 1117.169267
 42.200000 3.099514 2.953738 5.506626 2970.148092
 42.400000 3.108022 2.650457 5.968302 2915.837649
 42.600000 -2.571318 2.981200 21.333171 40.118741
 42.800000 -2.674172 2.739035 20.574459 53.822454
 43.000000 -2.733357 2.877273 20.114902 78.875678
 43.200000 -3.082427 2.894902 10.467295 1721.804907
 43.400000 3.003282 2.861508 0.629634 1741.823780
 43.600000 -2.579290 2.847141 21.318473 47.997273
 43.800000 -2.530199 2.551399 21.581965 11.216045
 44.000000 -2.294190 2.749525 20.089499 79.853351
 44.200000 -2.464197 2.812405 21.627566 16.118828
 44.400000 -2.521746 2.569690 21.664294 7.239254
 44.600000 -2.521084 2.831074 21.666053 6.859645
 44.800000 -3.089079 2.786339 10.217492 1794.638992
 45.000000 -2.766235 3.082085 19.861485 133.925616
 45.200000 -2.676883 2.684533 20.654054 52.975060
 45.400000 -2.478620 2.624092 21.738038 5.403447
 45.600000 -2.190436 2.812352 19.332758 61.347345
 45.800000 -2.150982 2.766554 19.015721 68.017399
 46.000000 -2.185886 2.388604 19.297029 61.990904
 46.200000 -2.084065 2.688082 18.497859 68.908392
 46.400000 -1.997107 2.817412 17.887820 28.299634
 46.600000 -2.332613 2.428690 20.588051 105.654733
 46.800000 -2.029382 2.693412 18.081886 44.749842
 47.000000 -2.115850 2.812486 18.766862 72.854921
 47.200000 -2.339828 2.517657 20.710723 110.974412
 47.400000 -2.084173 2.728325 18.551267 71.568334
 47.600000 -2.087777 2.818890 18.581838 72.328511
 47.800000 -2.237091 2.368748 19.786861 58.524645
 48.000000 -2.026609 2.806089 18.103866 46.543704
 48.200000 -1.888454 2.649377 17.546191 5.572645
 48.400000 -2.084212 2.384367 18.612724 74.682346
 48.600000 -1.975959 2.664987 17.846616 24.167700
 48.800000 -1.956033 2.880777 17.756762 16.966022
 49.000000 -2.283350 2.514066 20.218477 75.533173
 49.200000 -2.187588 2.667268 19.544735 57.170176
 49.400000 -2.051856 2.869768 18.402908 66.248726
 49.600000 -2.172200 2.452617 19.426461 61.172866
 49.800000 -2.020254 2.722361 18.162252 49.353307
 50.000000 -2.173500 2.610892 19.436614 60.796269
 50.200000 -2.339911 2.692026 20.883518 107.761852
 50.400000 -2.476185 2.662181 22.015915 5.766398
 50.600000 -2.769023 2.865163 20.045359 136.186300
 50.800000 3.123455 2.712395 6.980825 2768.569998
 51.000000 2.974489 2.995614 -0.011253 5.833571
 51.200000 -2.894587 2.787103 17.372658 965.099588
 51.400000 -2.469957 2.874924 22.047986 9.473617
 51.600000 -2.340107 2.769614 20.951020 105.169055
 51.800000 -2.062377 2.665298 18.621029 77.476383
 52.000000 -1.646131 2.540795 17.997246 98.848365
 52.200000 -1.970756 2.586537 18.000946 31.021369
 52.400000 -2.153516 2.615054 19.508460 70.078979
 52.600000 -2.503074 2.759846 22.123281 1.982955
 52.800000 -2.987588 2.857024 14.215445 1271.228993
 53.000000 -2.906873 2.975308 17.005317 1048.427534
 53.200000 -3.075720 2.708135 10.944054 1650.203789
 53.400000 3.042273 2.712443 2.621959 2691.788153
 53.600000 -2.552801 3.141129 21.944238 48.407004
 53.800000 -2.912487 2.410286 16.845296 1083.987559
 54.000000 -2.867206 2.807773 18.226398 759.370772
 54.200000 3.110965 -3.051455 6.375330 2916.229184
 54.400000 3.074236 2.760375 4.357036 3040.164878
 54.600000 -2.390411 2.807033 21.654175 95.059634
 54.800000 -1.779012 2.607178 17.397318 1.164500
 55.000000 -1.594979 2.232447 18.456071 141.284165
 55.200000 -1.819919 1.897529 17.481932 7.547878
 55.400000 -1.335106 1.718802 19.977733 7.378679
 55.600000 -0.803358 1.388983 5.676262 1871.796572
 55.800000 -1.447579 1.250786 19.859838 26.506162
 56.000000 -1.176269 0.449277 18.397247 387.542338
 56.200000 -0.719280 -0.163100 1.947572 1733.758877
 56.400000 -1.010459 -0.197968 13.447387 1249.616601
 56.600000 -0.787186 -0.111785 4.918484 1940.655118
 56.800000 -0.855734 0.633111 7.798241 1565.199861
 57.000000 -1.427589 1.340200 19.903558 12.554793
 57.200000 -1.186740 1.219660 18.506996 327.733301
 57.400000 -1.538116 0.925664 19.015437 123.531155
 57.600000 -1.343788 0.697071 19.908049 4.890071
 57.800000 -1.337106 0.998150 19.891848 6.962976
 58.000000 -1.631442 1.575590 17.964033 95.732895
 58.200000 -1.139285 1.725836 17.442557 625.572595
 58.400000 -0.662828 1.480943 -0.023673 7.796936
 58.600000 -1.092337 1.747230 16.124989 949.385355
 58.800000 -0.821296 1.431952 6.309900 1772.919925
 59.000000 -1.009787 1.019499 13.341060 1253.511543
 59.200000 -1.418028 0.749463 19.829501 7.324987
 59.400000 -0.901647 0.502079 9.426208 1355.253499
 59.600000 -1.234422 0.464960 19.131607 134.678969
 59.800000 -1.528085 1.089920 19.064333 113.531071
 60.000000 -0.752719 1.230884 3.278142 1949.718849
 60.200000 -1.720908 1.383695 17.393447 3.285319
 60.400000 -1.169495 0.700874 18.068228 420.491561
 60.600000 -0.822018 -0.124302 6.275319 1761.788378
 60.800000 -0.765765 -0.332735 3.826185 1970.534622
 61.000000 -1.000078 0.055993 12.927926 1269.491386
 61.200000 -0.806930 0.313936 5.611642 1845.814740
 61.400000 -1.603869 0.859697 18.169304 117.966911
 61.600000 -1.143616 1.292861 17.460340 589.855850
 61.800000 -1.297475 1.082609 19.592110 31.196798
 62.000000 -1.459621 0.797115 19.608059 35.202470
 62.200000 -1.163183 0.595775 17.882116 455.906821
 62.400000 -1.694502 0.964684 17.450079 15.430156
 62.600000 -0.824503 1.028400 6.336296 1738.441092
 62.800000 -0.688785 1.464123 0.560833 1382.125664
 63.000000 -0.984480 2.197507 12.313684 1277.569094
 63.200000 -0.597984 2.429674 -0.000000 0.000000
 63.400000 -1.264341 2.125753 19.307114 70.516103
 63.600000 -1.331719 0.605641 19.695901 12.211137
 63.800000 -0.729539 -0.602990 2.181610 1838.276001
 64.000000 -0.693236 -0.440621 0.709177 1426.717557
 64.200000 -1.041731 1.000840 14.296543 1206.223977
 64.400000 -0.723676 2.141701 1.922571 1796.717558
 64.600000 -0.788445 2.642706 4.773444 1931.430142
 64.800000 -0.738410 2.040295 2.557404 1908.325560
 65.000000 -0.706110 0.762346 1.197508 1601.319434
 65.200000 -0.685947 -0.765388 0.412688 1451.455620
 65.400000 -0.719577 -0.427901 1.747993 1772.223352
 65.600000 -1.099781 1.111991 16.180183 901.981609
 65.800000 -0.786883 2.046259 4.710672 1939.835591
 66.000000 -0.859124 2.492277 7.710964 1497.064025
 66.200000 -0.973376 2.367491 11.844812 1260.071952
 66.400000 -0.601380 1.417422 -0.000000 0.000000
 66.600000 -1.147376 1.432787 17.444214 551.410571
 66.800000 -1.824622 0.951429 17.521900 14.299290
 67.000000 -0.800093 0.119886 5.305212 1871.900656
 67.200000 -0.731482 -0.397550 2.281569 1913.834624
 67.400000 -0.798679 -0.226540 5.264456 1877.785313
 67.600000 -0.969974 0.351607 11.715486 1250.685157
 67.800000 -1.526193 1.090942 18.991175 117.024637
 68.000000 -0.963547 1.265255 11.488377 1246.338358
 68.200000 -0.716503 1.170495 1.653476 1807.296998
 68.400000 -1.303586 1.231830 19.454338 32.184646
 68.600000 -1.317092 0.485209 19.525626 23.922158
 68.800000 -1.101343 0.166201 16.187336 885.325913
 69.000000 -0.793522 0.188108 5.067990 1905.157088
 69.200000 -1.483461 0.878014 19.383241 62.343522
 69.400000 -1.343194 1.319152 19.619298 12.566260
 69.600000 -0.743234 1.098472 2.851682 2015.511248
 69.800000 -1.545934 1.026685 18.749677 138.094956
 70.000000 -1.362043 0.779275 19.675784 5.904467
 70.200000 -0.989027 0.630313 12.366154 1246.111849
 70.400000 -1.657515 0.976589 17.555911 50.449193
 70.600000 -1.070770 1.222854 15.211091 1084.405722
 70.800000 -1.413332 1.111545 19.707382 1.591128
 71.000000 -0.993127 0.702484 12.510983 1249.596115
 71.200000 -1.291905 0.754060 19.333743 42.838213
 71.400000 -1.283482 1.005281 19.276511 49.710152
 71.600000 -1.144271 1.250273 17.318782 555.243507
 71.800000 -1.086066 1.548335 15.702012 993.015088
 72.000000 -1.486549 1.028820 19.366005 68.034097
 72.200000 -0.903920 0.257599 9.428439 1183.767374
 72.400000 -1.050729 0.443618 14.535689 1186.586192
 72.600000 -0.704849 0.229263 1.227003 1784.613382
 72.800000 -0.957744 0.139253 11.271083 1191.724102
 73.000000 -1.343730 0.498288 19.598640 15.447438
 73.200000 -1.324345 1.207447 19.511489 24.999888
 73.400000 -1.041062 1.539627 14.206792 1220.282436
 73.600000 -0.904134 1.992568 9.452817 1169.337821
 73.800000 -0.851042 2.407993 7.564407 1411.965068
 74.000000 -0.914859 2.390235 9.818334 1155.348475
 74.200000 -0.868104 1.922523 8.220522 1290.397887
 74.400000 -0.943209 1.336312 10.797679 1154.397190
 74.600000 -1.317336 0.820708 19.475865 29.305766
 74.800000 -1.671752 0.494739 17.414605 33.721744
 75.000000 -0.641145 0.548792 -0.000034 0.000070
 75.200000 -1.665736 1.299767 17.438687 41.748275
 75.400000 -0.662351 1.038192 -0.008028 3.822728
 75.600000 -1.535112 1.187011 18.875707 148.285949
 75.800000 -1.141639 0.620177 17.281468 560.053617
 76.000000 -0.733331 0.163815 2.552412 2118.475515
 76.200000 -0.837637 -0.338430 7.157917 1494.844531
 76.400000 -0.802120 -0.508015 5.709858 1837.816499
 76.600000 -0.713527 -0.257197 1.675680 2001.079744
 76.800000 -1.172008 0.493407 17.931556 351.394051
 77.000000 -1.450752 1.362984 19.642149 23.458410
 77.200000 -1.786050 1.854406 17.282079 7.457821
 77.400000 -0.926609 2.235856 10.307703 1107.085636
 77.600000 -0.629383 2.226089 -0.000002 0.000000
 77.800000 -0.727593 1.943372 2.346295 2146.848041
 78.000000 -1.029397 1.368254 13.850854 1237.653591
 78.200000 -1.274069 0.558309 19.187272 58.946195
 78.400000 -2.063571 0.153838 19.270232 139.786825
 78.600000 -1.624815 0.188228 17.770344 109.310191
 78.800000 -0.535710 0.625825 -0.000000 0.000000
 79.000000 -0.987534 1.484477 12.394656 1211.242838
 79.200000 -0.884653 1.875845 8.973366 1141.480837
 79.400000 -0.651146 2.007591 -0.000471 0.016927
 79.600000 -1.421308 2.025386 19.762147 2.366518
 79.800000 -2.009202 1.710834 18.637080 119.250111
 80.000000 -0.862261 2.013516 8.199186 1260.421659
 80.200000 -0.953697 1.879756 11.281760 1113.184042
 80.400000 -0.630738 1.863864 -0.000002 0.000000
 80.600000 -1.741880 1.971382 17.189777 0.087066
 80.800000 -1.825788 2.781800 17.381126 13.130534
 81.000000 -2.767684 2.784261 20.234578 119.053304
 81.200000 -2.979566 2.953072 14.614144 1373.328354
 81.400000 -2.960990 2.917751 15.296944 1326.429434
 81.600000 -2.719217 2.716871 20.644927 54.928909
 81.800000 -2.843554 2.493484 18.959764 530.276719
 82.000000 -3.116037 3.092268 9.094540 2167.255359
 82.200000 -2.911092 3.022589 17.032153 1082.146690
 82.400000 -2.992859 2.669188 14.110791 1404.874559
 82.600000 -3.035642 2.687831 12.477096 1525.494289
 82.800000 3.121793 3.094366 6.839489 2675.247003
 83.000000 -2.995873 2.785211 13.997689 1411.390316
 83.200000 -3.066963 2.690832 11.217069 1709.064737
 83.400000 -3.096260 2.926048 9.964199 1964.829089
 83.600000 -3.082959 2.938155 10.543904 1837.837849
 83.800000 -3.012308 2.568837 13.376099 1455.078731
 84.000000 -2.594340 2.827275 21.668385 96.719088
 84.200000 -3.033116 2.771821 12.583054 1532.803379
 84.400000 -3.100312 2.943903 9.781784 2022.637555
 84.600000 -2.646433 2.803951 21.168603 74.677454
 84.800000 -2.708960 2.474990 20.685454 53.638197
 85.000000 -2.226921 2.824350 20.758295 45.779801
 85.200000 -2.342941 2.599752 21.647942 78.711174
 85.400000 -2.222652 2.405103 20.721271 46.265567
 85.600000 -1.954921 2.778243 18.043102 73.338514
 85.800000 -1.897256 2.828171 17.640897 30.477772
 86.000000 -1.873523 2.236645 17.521278 21.146602
 86.200000 -1.518937 1.845388 19.076262 148.812698
 86.400000 -1.434892 1.443129 19.751734 9.602012
 86.600000 -0.951830 0.642775 11.325345 1046.709709
 86.800000 -1.010519 0.144999 13.307160 1217.764579
 87.000000 -1.448255 0.392186 19.699297 22.599351
 87.200000 -1.373490 1.006354 19.731818 10.472728
 87.400000 -0.652296 1.491203 -0.000811 0.058564
 87.600000 -0.743550 2.188083 3.450445 2447.439312
 87.800000 -1.240479 2.565670 18.882953 88.918795
 88.000000 -1.319529 2.337311 19.471778 36.228023
 88.200000 -1.022137 1.989373 13.733136 1222.069236
 88.400000 -0.885027 1.690341 9.260731 1014.190114
 88.600000 -0.984722 1.672453 12.439888 1147.289356
 88.800000 -1.634238 0.957074 17.616680 94.425885
 89.000000 -0.685654 -0.136808 0.676427 2021.865019
 89.200000 -0.664504 -0.605190 -0.023251 13.724388
 89.400000 -0.988298 -0.081446 12.573510 1153.369755
 89.600000 -1.273057 0.782572 19.159062 57.052406
 89.800000 -1.761629 1.391843 17.139247 1.404662
 90.000000 -0.646065 1.605446 -0.000131 0.001508
 90.200000 -0.676351 1.862524 0.279643 2212.199775
 90.400000 -2.101735 2.293660 19.624957 123.043145
 90.600000 3.006733 3.033720 0.992795 1680.774347
 90.800000 2.988229 -3.136848 0.269458 1496.031401
 91.000000 -2.808773 2.333903 19.541597 271.368583
 91.200000 -1.865133 2.495401 17.420029 19.856244
 91.400000 -0.927098 2.728460 10.635032 938.124744
 91.600000 -0.932436 2.070399 10.798921 948.017639
 91.800000 -0.932604 1.433956 10.804116 948.373625
 92.000000 -1.761053 0.590511 17.119778 1.086932
 92.200000 -1.304368 0.196862 19.385985 43.016725
 92.400000 -0.890514 0.947151 9.543909 947.249319
 92.600000 -1.058327 2.251976 15.018260 1133.217400
 92.800000 -0.747131 2.688524 3.786556 2534.688338
 93.000000 -1.303657 2.085321 19.381318 43.286807
 93.200000 -0.968928 0.917388 11.984234 1051.687581
 93.400000 -0.764841 -0.309972 4.701266 2386.850425
 93.600000 -0.798134 -0.354538 6.245833 1901.328147
 93.800000 -1.117546 0.162926 16.834090 698.134406
 94.000000 -1.175336 1.164044 18.080031 281.285765
 94.200000 -1.531449 1.866447 18.914089 174.842791
 94.400000 -1.598728 1.329263 18.002346 160.343161
 94.600000 -1.303131 0.827024 19.389693 43.755019
 94.800000 -0.663068 0.134984 -0.022075 15.770368
 95.000000 -1.189992 -0.070879 18.318506 212.176929
 95.200000 -0.870221 0.202307 9.004879 1012.954692
 95.400000 -1.321543 0.734144 19.517451 36.354487
 95.600000 -1.343659 1.226276 19.641366 26.219976
 95.800000 -0.730524 1.024733 3.034124 2658.194148
 96.000000 -1.592605 0.897327 18.081397 169.576026
 96.200000 -1.072659 0.648290 15.543570 1049.278929
 96.400000 -1.621086 0.829245 17.734808 123.769088
 96.600000 -1.118587 1.036445 16.901245 687.194878
 96.800000 -1.423771 1.245148 19.819700 4.097668
 97.000000 -1.475259 1.188187 19.548583 71.623751
 97.200000 -1.121245 0.463131 16.986587 664.874009
 97.400000 -0.635582 -0.027486 -0.000007 0.000004
 97.600000 -0.718801 -0.403728 2.482421 2684.545971
 97.800000 -0.592619 -0.413945 -0.000000 0.000000
 98.000000 -0.935027 0.413598 11.011331 899.344270
 98.200000 -1.490231 1.188177 19.427943 105.256792
 98.400000 -0.827963 1.371878 7.656808 1428.409366
 98.600000 -1.088411 1.590379 16.073107 939.675794
 98.800000 -0.877000 1.413300 9.315904 943.989372
 99.000000 -1.344538 1.325222 19.693996 25.149370
 99.200000 -1.451756 0.735344 19.749608 33.227322
 99.400000 -0.892094 0.530123 9.804825 874.366214
 99.600000 -1.307852 0.705180 19.498366 41.554395
 99.800000 -1.336143 0.875228 19.666998 29.232470
 100.000000 -0.983333 1.109542 12.570105 1077.999177
 100.200000 -1.528678 1.301328 18.862791 180.086939
 100.400000 -1.247353 0.630364 18.940485 77.688986
 100.600000 -1.059629 0.210801 15.065957 1118.853416
 100.800000 -0.681960 -0.091339 0.574407 2342.924106
 101.000000 -0.613784 0.032420 -0.000000 0.000000
 101.200000 -0.877160 0.310737 9.305033 920.164173
 101.400000 -1.463033 0.934253 19.584196 53.365456
 101.600000 -1.018200 1.318159 13.673285 1182.576606
 101.800000 -0.857667 1.262029 8.693672 1060.044196
 102.000000 -1.588841 1.124811 18.032655 183.683888
 102.200000 -1.227740 0.453166 18.794630 104.366450
 102.400000 -0.620283 0.313212 -0.000000 0.000000
 102.600000 -0.910025 0.330551 10.304164 829.000102
 102.800000 -1.570088 0.927406 18.303581 202.238732
 103.000000 -1.239554 1.303210 18.909748 86.556731
 103.200000 -1.298266 1.114496 19.390810 46.159024
 103.400000 -1.515790 0.826005 19.075365 164.812761
 103.600000 -1.075346 0.713124 15.659953 1025.832635
 103.800000 -0.983543 0.776435 12.563195 1067.440240
 104.000000 -1.686382 0.867859 17.063877 33.378808
 104.200000 -1.370123 1.170118 19.800002 11.191650
 104.400000 -1.144659 0.995760 17.575325 463.436632
 104.600000 -1.639143 1.136545 17.447075 106.926727
 104.800000 -1.081550 0.861513 15.888579 980.751087
 105.000000 -0.973047 0.700371 12.257263 1018.156292
 105.200000 -1.571682 0.854727 18.326098 210.191162
 105.400000 -0.773944 1.037630 5.485148 2381.821749
 105.600000 -1.572838 1.449555 18.309349 209.568237
 105.800000 -1.706011 1.019018 16.958116 19.462910
 106.000000 -1.034626 0.526096 14.362618 1183.252721
 106.200000 -0.542043 0.069340 -0.000000 0.000000
 106.400000 -0.963355 -0.023703 12.021208 972.006810
 106.600000 -0.934656 0.074668 11.155593 856.431502
 106.800000 -1.322009 0.731740 19.608144 37.366100
 107.000000 -1.495405 1.270836 19.389939 126.031429
 107.200000 -0.956829 1.092905 11.855574 942.247390
 107.400000 -1.279621 1.040168 19.341584 54.115909
 107.600000 -1.412478 0.681751 19.930740 0.770882
 107.800000 -1.005160 0.859118 13.423628 1151.666202
 108.000000 -1.481565 0.976132 19.561467 95.003025
 108.200000 -1.143468 1.004409 17.667445 453.912121
 108.400000 -1.081384 0.978578 16.023466 966.359721
 108.600000 -1.683498 0.896469 17.086920 49.137812
 108.800000 -0.996582 0.800887 13.174885 1123.720779
 109.000000 -1.332321 1.001405 19.714601 34.198368
 109.200000 -1.543674 1.110993 18.831584 218.046092
 109.400000 -1.040835 0.711337 14.730233 1167.541523
 109.600000 -1.457871 0.930836 19.822723 46.618040
 109.800000 -1.401366 0.952821 19.994803 0.311032
 110.000000 -1.196966 1.056710 18.597761 167.238343
 110.200000 -1.831710 1.021388 16.825812 7.768953
 110.400000 -1.097326 0.646747 16.579820 823.239039
 110.600000 -1.336046 0.849796 19.788246 35.124142
 110.800000 -1.163628 1.185978 18.118224 308.761279
 111.000000 -1.394735 1.135992 20.022764 1.969856
 111.200000 -1.322540 0.688431 19.735471 43.164697
 111.400000 -1.137069 0.729443 17.624565 481.054905
 111.600000 -1.492684 1.156839 19.580714 126.999036
 111.800000 -1.157738 0.905937 18.041072 338.574954
 112.000000 -1.286021 0.791038 19.477986 55.648763
 112.200000 -1.353057 0.992465 19.955367 27.474752
 112.400000 -1.173490 1.106304 18.341855 250.405569
 112.600000 -1.439107 0.969930 20.047288 18.283413
 112.800000 -1.086041 0.757364 16.326902 902.808169
 113.000000 -1.249199 0.800004 19.214529 74.222742
 113.200000 -1.403703 1.089154 20.157571 0.257184
 113.400000 -1.267757 1.101761 19.402111 64.501884
 113.600000 -1.454526 0.943300 20.009394 42.211311
 113.800000 -1.279682 0.841754 19.496177 60.161530
 114.000000 -1.367926 1.013255 20.068340 17.950421
 114.200000 -1.002911 0.925116 13.647218 1157.247869
 114.400000 -1.567468 0.904127 18.616613 256.737323
 114.600000 -1.280797 0.982980 19.547574 61.012731
 114.800000 -1.498191 1.378985 19.640168 149.483305
 115.000000 -1.660275 1.258350 17.316584 112.181526
 115.200000 -0.974310 0.599233 12.734876 1053.841518
 115.400000 -1.210198 0.558497 18.944697 127.950309
 115.600000 -1.352925 1.001309 20.092315 29.607960
 115.800000 -1.314523 1.073875 19.845480 51.353815
 116.000000 -1.394599 1.073802 20.246637 2.582188
 116.200000 -1.394519 0.789823 20.299644 2.527350
 116.400000 -1.059435 1.021506 15.654623 1080.482985
 116.600000 -1.731407 1.151255 16.776332 21.673312
 116.800000 -0.888472 0.705502 10.181067 879.418019
 117.000000 -1.614322 0.937076 17.938210 220.510958
 117.200000 -1.263563 1.060886 19.550105 71.526079
 117.400000 -1.538016 1.124874 19.199605 252.765991
 117.600000 -1.422556 1.179069 20.349019 4.601024
 117.800000 -1.241040 0.920879 19.350996 86.522180
 118.000000 -1.453044 0.904952 20.215878 43.733012
 118.200000 -1.398440 1.078890 20.419432 1.084298
 118.400000 -1.370661 1.251698 20.346343 16.565250
 118.600000 -1.685122 0.976898 17.092099 88.736889
 118.800000 -0.902167 0.591784 10.643786 865.483650
 119.000000 -1.593411 0.682040 18.317847 269.768170
 119.200000 -1.468317 1.000554 20.203910 81.911169
 119.400000 -0.769708 1.059056 5.667527 2564.665444
 119.600000 -1.451827 1.395302 20.333420 44.053924
 119.800000 -1.341824 0.832851 20.255137 38.775495
 120.000000 -0.920488 0.211693 11.214611 880.439121
 120.200000 -0.741802 -0.002300 4.208299 3002.659440
 120.400000 -1.067801 0.263960 16.096893 1035.659470
 120.600000 -1.291977 0.764369 19.950235 65.051745
 120.800000 -1.374510 1.458481 20.481071 13.543241
 121.000000 -0.953139 1.098034 12.243447 989.263720
 121.200000 -1.542144 0.776024 19.301404 284.051696
 121.400000 -1.157494 0.641681 18.449631 340.974955
 121.600000 -1.256002 1.072348 19.698454 82.230052
 121.800000 -1.627535 1.365035 17.853582 235.163737
 122.000000 -1.207716 0.918998 19.201140 144.319819
 122.200000 -1.012848 0.421303 14.317583 1202.508727
 122.400000 -1.557901 0.554152 19.074433 309.531574
 122.600000 -1.507328 1.374448 19.898880 205.057074
 122.800000 -0.715049 1.466536 2.750296 3121.935362
 123.000000 -0.929998 2.256674 11.605816 920.625461
 123.200000 -0.652826 2.490966 -0.005526 3.318863
 123.400000 -1.335875 2.241452 20.451103 44.859634
 123.600000 -1.936028 1.931294 17.101377 72.126582
 123.800000 -1.869891 2.471796 16.650405 23.663170
 124.000000 -1.953890 2.826863 17.259218 83.837755
 124.200000 -2.471294 2.724814 21.324688 0.626855
 124.400000 3.000766 2.760412 0.308376 1401.077182
 124.600000 2.881540 -3.092470 -0.000000 0.000000
 124.800000 -2.542489 2.634982 21.104395 27.283006
 125.000000 -1.991429 2.326220 17.599959 100.705093
 125.200000 -1.244033 2.391242 19.784552 97.773686
 125.400000 -0.683770 2.199574 1.082257 2747.776297
 125.600000 -0.616235 1.621371 -0.000000 0.000000
 125.800000 -1.436549 1.527229 20.755360 21.846103
 126.000000 -1.341572 0.657496 20.597307 41.691249
 126.200000 -0.751433 0.064781 4.833190 2933.356054
 126.400000 -0.658995 -0.130498 -0.027844 0.019037
 126.600000 -1.044923 0.015534 15.593690 1156.280741
 126.800000 -1.092329 0.716457 17.105202 845.615714
 127.000000 -1.094393 1.572362 17.164903 828.379404
 127.200000 -0.573830 1.961461 -0.000000 0.000000
 127.400000 -0.752318 2.318514 4.899510 2927.439530
 127.600000 -0.837433 2.457049 8.809678 1378.170783
 127.800000 -0.637117 1.674561 -0.000033 0.000126
 128.000000 -1.425187 1.046756 20.905472 8.968921
 128.200000 -1.236735 0.245603 19.848048 109.979353
 128.400000 -0.690753 0.039741 1.499803 2907.107269
 128.600000 -0.705637 0.032647 2.317475 3108.009386
 128.800000 -1.081071 0.358348 16.852022 934.778475
 129.000000 -1.102421 0.633201 17.473541 759.268368
 129.200000 -1.500160 1.183016 20.342345 203.541207
 129.400000 -1.189355 0.831394 19.313222 207.789795
 129.600000 -0.966950 0.471353 13.044244 1092.035277
 129.800000 -1.103263 0.243434 17.539879 750.987643
 130.000000 -0.770914 0.176280 5.929602 2617.596786
 130.200000 -0.802464 0.030860 7.469113 1984.661158
 130.400000 -0.702141 0.080194 2.167974 3092.221422
 130.600000 -1.011516 0.193719 14.610071 1217.072796
 130.800000 -1.165048 0.781081 18.970901 308.580092
 131.000000 -1.364641 1.339975 20.991659 22.698763
 131.200000 -1.500493 1.002323 20.425721 212.474977
 131.400000 -1.462072 0.824741 20.884326 82.458365
 131.600000 -0.901669 0.816053 11.061243 954.119546
 131.800000 -1.355978 1.183396 20.998830 31.017506
 132.000000 -1.514074 0.761840 20.216883 260.383000
 132.200000 -0.926107 0.436489 11.854700 975.253649
 132.400000 -1.445764 0.721711 21.062396 42.766195
 132.600000 -1.174274 1.265703 19.217296 265.179003
 132.800000 -0.848587 1.214958 9.364833 1262.549073
 133.000000 -0.653496 1.224329 -0.016228 17.851487
 133.200000 -1.652371 0.956905 17.684528 285.456423
 133.400000 -1.260013 0.333231 20.317812 96.354520
 133.600000 -0.679086 0.129876 0.988452 2728.925214
 133.800000 -0.674079 0.073612 0.729484 2626.816161
 134.000000 -0.711868 -0.277280 2.787744 3200.385192
 134.200000 -0.473305 -0.090429 -0.000000 0.000000
 134.400000 -1.232634 0.049947 20.081403 120.533209
 134.600000 -1.149244 0.110783 18.857005 395.351656
 134.800000 -0.856898 0.542964 9.722369 1189.080470
 135.000000 -1.988256 1.002261 17.342358 93.995069
 135.200000 -1.675596 1.168762 17.328585 235.349460
 135.400000 -0.586074 0.738490 -0.000000 0.000000
 135.600000 -1.513527 1.103350 20.398140 277.688626
 135.800000 -1.674671 0.977663 17.342813 238.092170
 136.000000 -1.012338 0.751295 14.870694 1234.589894
 136.200000 -1.700061 0.952555 16.984061 171.844380
 136.400000 -1.564201 1.199117 19.479655 418.909196
 136.600000 -1.313164 1.002542 20.950350 70.585512
 136.800000 -1.281211 0.740307 20.664739 88.237491
 137.000000 -1.305934 0.801208 20.888592 75.260468
 137.200000 -1.241198 1.094542 20.316510 113.947658
 137.400000 -1.372048 0.995466 21.390271 16.207599
 137.600000 -0.901727 0.491526 11.281237 991.353768
 137.800000 -1.346788 0.533717 21.256314 41.463351
 138.000000 -1.093391 1.026193 17.638626 825.559634
 138.200000 -1.466388 1.232444 21.177654 108.237059
 138.400000 -1.324234 1.050543 21.150748 62.020317
 138.600000 -0.979364 0.411617 13.852667 1191.300687
 138.800000 -0.616053 -0.282598 -0.000000 0.000000
 139.000000 -0.593386 -0.448280 -0.000000 0.000000
 139.200000 -0.676326 0.064215 0.980219 2729.548921
 139.400000 -1.360612 0.947472 21.449003 25.839068
 139.600000 -1.358699 1.414916 21.439100 27.781927
 139.800000 -0.514232 0.661814 -0.000000 0.000000
 140.000000 -1.709765 0.695258 16.859915 165.016642
 140.200000 -1.703371 0.905418 16.945111 191.056413
 140.400000 -0.629416 1.131062 -0.000016 0.000028
 140.600000 -1.242263 1.767934 20.493485 117.406395
 140.800000 -0.996889 1.981702 14.555572 1243.735919
 141.000000 -0.643336 2.082703 -0.001937 0.447280
 141.200000 -0.677930 2.074227 1.111440 2784.058292
 141.400000 -0.768030 1.835330 6.114740 2710.784754
 141.600000 -0.576440 1.961010 -0.000000 0.000000
 141.800000 -1.172407 1.942089 19.616916 280.216932
 142.000000 -0.671786 1.846229 0.791357 2646.166593
 142.200000 -0.597750 1.639803 -0.000000 0.000000
 142.400000 -0.740603 2.008833 4.658707 3143.556704
 142.600000 -0.659033 2.106279 0.160015 2676.811368
 142.800000 -1.047380 2.222313 16.421363 1159.012391
 143.000000 -0.964370 1.992750 13.514906 1165.237046
 143.200000 -0.558310 1.958494 -0.000000 0.000000
 143.400000 -1.109058 1.910959 18.357556 693.144576
 143.600000 -0.938498 1.968900 12.690002 1084.350484
 143.800000 -0.739917 1.823188 4.656192 3152.063243
 144.000000 -0.682387 2.072026 1.409720 2905.796600
 144.200000 -0.716681 2.477262 3.373234 3283.577075
 144.400000 -1.429602 2.168929 21.731848 25.946094
 144.600000 -2.107033 1.660672 18.198771 82.630406
 144.800000 -1.622002 1.660784 18.462771 456.455876
 145.000000 -1.273186 1.362720 21.026511 99.788294
 145.200000 -1.430235 0.820277 21.771504 28.289918
 145.400000 -1.863790 0.976141 16.122200 18.232672
 145.600000 -1.322698 1.394612 21.525366 62.192586
 145.800000 -0.824559 1.002838 8.868819 1622.395054
 146.000000 -1.381302 0.720879 21.841128 4.792428
 146.200000 -1.899950 0.900335 16.309268 50.491101
 146.400000 -1.072949 1.053629 17.452827 988.853698
 146.600000 -1.105399 1.278718 18.400905 719.057038
 146.800000 -1.600677 1.599952 18.970997 496.146057
 147.000000 -1.703886 0.874677 16.949311 232.349379
 147.200000 -0.645619 0.285883 -0.015863 17.149059
 147.400000 -0.626208 -0.148158 -0.000024 0.000065
 147.600000 -0.625157 -0.276015 -0.000017 0.000032
 147.800000 -0.632262 -0.457513 -0.000189 0.004238
 148.000000 -0.708702 0.140109 3.033572 3285.944199
 148.200000 -1.399821 0.835160 21.992255 0.496384
 148.400000 -1.594407 1.467070 19.160632 509.030860
 148.600000 -1.771231 1.843592 16.177693 53.068642
 148.800000 -1.638324 2.444866 18.190718 450.632912
 149.000000 -2.537106 2.883031 20.374818 16.318624
 149.200000 3.078132 2.870768 3.044072 2312.414527
 149.400000 -2.896285 2.824743 16.167514 620.170986
 149.600000 -2.387942 2.681084 20.396901 11.283353
 149.800000 -2.218595 2.471744 19.126583 103.496657
 150.000000 -1.869675 2.626693 16.067913 21.771223
 150.200000 -2.048244 2.430845 17.524877 72.934741
 150.400000 -2.036908 2.586615 17.427516 74.684563
 150.600000 -2.022893 2.798944 17.305318 77.434926
 150.800000 -2.124997 2.827103 18.183797 80.462280
 151.000000 -2.208909 2.509476 18.998191 104.354156
 151.200000 -1.961433 2.555683 16.732308 83.709943
 151.400000 -1.721079 2.618801 16.724720 205.956093
 151.600000 -2.123436 2.470941 18.145057 79.024705
 151.800000 -2.108488 2.603228 18.014058 74.774045
 152.000000 -2.305124 2.694184 19.878486 60.374586
 152.200000 -2.240505 2.653188 19.269927 99.610493
 152.400000 -2.588166 2.534271 19.982121 39.958249
 152.600000 2.996697 2.948944 -0.015624 7.541012
 152.800000 3.125441 2.896655 5.329326 2625.030641
 153.000000 -2.126858 2.472366 18.155083 79.422648
 153.200000 -1.666736 2.161302 17.687478 401.155827
 153.400000 -1.855748 1.974169 15.962512 9.459088
 153.600000 -1.675949 2.629911 17.506321 371.917224
 153.800000 -2.312535 2.933669 19.886520 52.724899
 154.000000 -3.018404 2.580736 11.977132 1724.266515
 154.200000 -3.070579 2.987306 9.628844 2224.872513
 154.400000 3.141218 2.929533 6.081380 2624.997396
 154.600000 -2.980996 2.801588 13.415509 1350.111454
 154.800000 -2.633517 2.895647 19.596232 65.970935
 155.000000 -2.681097 2.552372 19.174765 90.335998
 155.200000 -2.754129 2.832040 18.384143 132.995531
 155.400000 -2.848898 3.044036 17.014926 345.387767
 155.600000 -3.048602 2.826361 10.617640 2025.271565
 155.800000 -2.415717 2.973803 20.280831 2.521778
 156.000000 -2.763400 2.415732 18.275484 141.995646
 156.200000 -2.566815 3.074794 19.992696 26.468993
 156.400000 3.100405 2.621653 3.955463 2488.302028
 156.600000 -3.037898 2.902105 11.070573 1924.544904
 156.800000 3.114855 2.721451 4.683148 2576.514805
 157.000000 -3.137837 2.834007 6.241912 2619.031480
 157.200000 -3.058968 2.888426 10.102775 2126.516398
 157.400000 -3.131233 2.802455 6.559828 2605.553974
 157.600000 -3.001982 2.939862 12.550189 1560.871406
 157.800000 2.991295 2.742837 -0.002891 0.405248
 158.000000 -2.385875 2.679947 20.152792 8.435491
 158.200000 -2.095978 2.720267 17.778265 67.768077
 158.400000 -1.736976 2.350471 16.531801 179.394996
 158.600000 -1.840610 2.371152 15.890797 1.030845
 158.800000 -2.170391 2.508694 18.445954 95.799557
 159.000000 -2.416858 2.994445 20.188201 1.996885
 159.200000 3.023842 2.849831 0.497443 1417.634397
 159.400000 -2.627040 2.847864 19.531004 60.662677
 159.600000 -2.592390 2.696695 19.774037 38.422353
 159.800000 -2.947953 2.736573 14.448425 1016.864680
 160.000000 -2.776433 -3.085447 18.011907 159.620709
 160.200000 -2.990678 2.654552 12.939967 1432.807780
 160.400000 -2.254713 2.939351 19.251519 89.063639
 160.600000 -2.019440 2.659089 17.125493 68.449341
 160.800000 -1.820201 2.306112 15.889689 3.343110
 161.000000 -1.709419 2.233914 16.958845 284.386465
 161.200000 -2.139284 2.542198 18.093895 83.171801
 161.400000 -2.644471 3.009995 19.354531 71.245125
 161.600000 -3.026130 2.869044 11.501937 1795.194933
 161.800000 -2.883274 2.880819 16.163760 509.331309
 162.000000 -2.669676 2.632771 19.130040 87.261919
 162.200000 -2.614284 2.841789 19.571789 50.070298
 162.400000 -2.935265 2.640498 14.787232 890.927471
 162.600000 -3.031156 2.928566 11.275074 1846.018218
 162.800000 -3.065776 2.882245 9.719823 2186.701834
 163.000000 -3.042473 2.768275 10.781299 1961.043343
 163.200000 -2.717031 2.836598 18.618803 115.353199
 163.400000 -2.778078 2.793906 17.905648 165.242759
 163.600000 -2.699302 2.702839 18.805025 105.390097
 163.800000 -2.816105 2.784426 17.374440 233.369520
 164.000000 -2.726634 2.752027 18.514421 120.991568
 164.200000 -2.718447 2.878891 18.591919 116.501744
 164.400000 -2.768915 2.641792 18.008383 155.420986
 164.600000 -2.480876 2.850923 20.026261 0.674527
 164.800000 -2.797711 2.750902 17.628802 195.838101
 165.000000 -3.059273 2.685226 10.003729 2122.419487
 165.200000 -3.052529 2.998965 10.302845 2054.291950
 165.400000 -2.886641 2.738683 16.023385 525.536915
 165.600000 -2.532160 2.639107 19.913885 7.205334
 165.800000 -1.946705 2.703984 16.448414 68.371245
 166.000000 -1.862452 2.583705 15.908337 10.302738
 166.200000 -1.934339 2.388441 16.339008 63.123320
 166.400000 -2.182274 2.613173 18.414337 102.493457
 166.600000 -2.249413 2.857277 19.091050 90.075120
 166.800000 -2.581808 2.777076 19.703732 25.411054
 167.000000 -2.954761 2.826539 14.127195 1058.925856
 167.200000 3.078347 2.982555 2.726980 2283.273973
 167.400000 3.067295 2.891889 2.207766 2127.422247
 167.600000 -2.724218 3.000479 18.509990 118.704251
 167.800000 -2.776597 2.698821 17.891312 166.362216
 168.000000 -2.757670 2.774471 18.127097 145.168498
 168.200000 -2.873234 2.955281 16.289080 454.517435
 168.400000 -3.018477 2.807805 11.754042 1694.564314
 168.600000 3.037053 2.890964 0.888373 1605.574007
 168.800000 3.072824 3.122937 2.455553 2213.967835
 169.000000 -2.598815 2.686036 19.581353 32.616378
 169.200000 -2.204220 2.431885 18.588423 105.560209
 169.400000 -1.862171 2.657702 15.892436 9.002196
 169.600000 -2.240949 2.595170 18.958231 93.893058
 169.800000 -2.807249 2.691500 17.459432 221.435013
 170.000000 -3.121768 -3.125610 6.923524 2598.127445
 170.200000 -3.062105 2.796256 9.837455 2131.473711
 170.400000 -2.888532 2.623257 15.931110 544.319426
 170.600000 -2.316494 2.802444 19.541648 34.009470
 170.800000 -2.692438 2.668511 18.830993 95.265399
 171.000000 -3.091747 2.876159 8.425197 2401.555591
 171.200000 -3.096702 3.044195 8.181596 2439.222128
 171.400000 -2.883539 2.713339 16.037743 516.816472
 171.600000 -2.343979 2.462171 19.657814 17.185394
 171.800000 -2.123735 2.871933 17.774783 76.438804
 172.000000 -2.327985 2.498696 19.584117 25.797877
 172.200000 -2.253103 2.802659 19.024785 83.819540
 172.400000 -2.225073 2.617243 18.754923 100.074269
 172.600000 -2.037474 2.742268 17.084759 54.892144
 172.800000 -2.172864 2.473579 18.223931 100.224464
 173.000000 -1.872722 2.752259 15.914350 15.383927
 173.200000 -2.135020 2.580206 17.852690 82.819310
 173.400000 -1.938961 2.594572 16.316454 57.839695
 173.600000 -2.131876 2.688501 17.824216 81.188045
 173.800000 -2.191958 2.645911 18.408987 104.214882
 174.000000 -2.271602 2.770027 19.173379 67.592248
 174.200000 -2.685623 2.673036 18.888277 86.707734
 174.400000 -3.039960 2.787863 10.821448 1878.658824
 174.600000 -2.979281 3.039549 13.220259 1266.159870
 174.800000 -2.542282 2.653664 19.718634 4.768427
 175.000000 -2.553817 2.613496 19.690552 7.249712
 175.200000 -2.543694 2.895688 19.700802 4.563115
 175.400000 3.013151 2.858513 -0.022164 46.006459
 175.600000 -2.766392 2.819928 18.004009 161.510981
 175.800000 -2.580635 2.540485 19.590260 15.318752
 176.000000 -2.920486 2.486301 15.070337 763.815521
 176.200000 -2.853775 3.036121 16.627641 382.548063
 176.400000 3.006795 2.862328 -0.015690 8.955837
 176.600000 -2.410951 2.771147 19.715825 1.371168
 176.800000 -2.191196 2.530112 18.381057 101.573358
 177.000000 -2.469389 2.662989 19.750380 0.006465
 177.200000 -3.022056 -3.109814 11.566025 1675.868751
 177.400000 -2.798366 -3.129560 17.565856 216.869495
 177.600000 -1.937375 2.379353 16.281324 56.423249
 177.800000 -1.642682 1.901313 18.350127 523.984076
 178.000000 -1.682181 1.749318 17.493675 409.034977
 178.200000 -1.709681 1.567423 16.970958 307.593234
 178.400000 -1.359317 1.823479 22.629282 13.560379
 178.600000 -0.585741 1.685454 -0.000000 0.000000
 178.800000 -0.639417 2.100309 0.077276 1829.588994
 179.000000 -0.638329 2.186416 0.035028 1182.039385
 179.200000 -0.778733 2.188102 7.572363 2277.599393
 179.400000 -0.644517 1.822537 0.346014 2539.481305
 179.600000 -0.657327 1.803257 0.984816 2592.855414
 179.800000 -0.773115 1.797390 7.301055 2387.633132
 180.000000 -1.082228 2.326773 18.568789 865.409694
 180.200000 -0.639033 2.347004 0.093280 1999.294470
 180.400000 -0.946901 2.132214 13.833903 1271.040146
 180.600000 -0.877903 1.488417 11.467181 1146.250832
 180.800000 -0.883336 0.784632 11.650764 1138.151200
 181.000000 -1.818237 0.362483 15.837565 7.360960
 181.200000 -1.842985 0.023178 15.807526 0.264435
 181.400000 -1.237659 0.372807 21.554742 152.675702
 181.600000 -0.642719 1.102284 0.296590 2567.308896
 181.800000 -0.849847 2.025404 10.506148 1266.246560
 182.000000 -0.652360 2.465791 0.774392 2477.615460
 182.200000 -0.619920 2.109415 -0.001022 0.109032
 182.400000 -0.842384 1.537780 10.248264 1320.952528
 182.600000 -0.827444 0.817115 9.691064 1469.396888
 182.800000 -1.780029 0.583842 16.040547 68.395280
 183.000000 -1.621424 0.685585 18.844689 564.010594
 183.200000 -1.157431 1.146657 20.379251 335.940732
 183.400000 -1.239413 1.555759 21.589185 151.548915
 183.600000 -0.893079 0.978809 12.007975 1134.845179
 183.800000 -1.548398 0.541543 20.577525 515.754967
 184.000000 -1.824202 1.058609 15.814961 3.798779
 184.200000 -1.165395 1.269003 20.531076 303.496532
 184.400000 -0.667929 1.123814 1.641109 2857.116040
 184.600000 -1.510502 1.255266 21.386148 384.733045
 184.800000 -1.719599 0.809548 16.795001 271.570810
 185.000000 -1.399931 0.816207 22.689825 7.577385
 185.200000 -0.991454 1.165545 15.514546 1366.071919
 185.400000 -1.268850 1.398845 21.953195 123.321811
 185.600000 -1.379210 0.851910 22.717167 0.295713
 185.800000 -1.588774 0.676606 19.630519 577.377898
 186.000000 -1.628749 1.268245 18.674188 553.794340
 186.200000 -1.751203 1.428604 16.338744 155.740545
 186.400000 -1.730116 1.230797 16.631700 232.921915
 186.600000 -1.006093 0.493968 16.066175 1348.263855
 186.800000 -0.680967 -0.066009 2.393851 3083.771460
 187.000000 -0.806932 -0.132393 8.926616 1725.192255
 187.200000 -0.648262 -0.281524 0.692968 2408.079758
 187.400000 -0.561885 0.113899 -0.000000 0.000000
 187.600000 -1.207218 0.310904 21.210476 193.446727
 187.800000 -1.728606 1.162909 16.658316 240.356060
 188.000000 -1.775972 2.053613 16.073786 81.097662
 188.200000 -1.986032 2.795296 16.576450 55.745888
 188.400000 -2.534354 2.983797 19.570230 0.626181
 188.600000 -3.027526 2.670654 11.268610 1681.976313
 188.800000 3.035664 3.018581 0.670890 1702.204853
 189.000000 3.104651 2.820042 3.950331 2674.510299
 189.200000 -2.439731 2.839974 19.515843 1.178731
 189.400000 -1.681249 2.342550 17.531783 422.126592
 189.600000 -1.934927 1.827371 16.192806 49.504775
 189.800000 -1.729563 1.205488 16.652929 240.222496
 190.000000 -0.442178 0.499866 -0.000000 0.000000
 190.200000 -1.628746 0.732397 18.709646 553.448242
 190.400000 -1.660037 0.897449 17.993330 488.240611
 190.600000 -1.593272 1.161852 19.555424 573.121489
 190.800000 -0.877795 1.326461 11.569242 1135.175462
 191.000000 -1.870667 1.193906 15.836437 10.268172
 191.200000 -1.488465 0.688761 21.811439 284.390271
 191.400000 -0.733307 0.619213 5.441582 2996.686653
 191.600000 -0.693801 0.512793 3.220301 3201.089173
 191.800000 -1.597087 0.775496 19.473845 571.794357
 192.000000 -1.643530 1.225484 18.376652 527.642151
 192.200000 -1.497670 0.961169 21.655279 321.369011
 192.400000 -0.979519 0.548685 15.149367 1361.203755
 192.600000 -1.733735 0.702732 16.610925 230.365844
 192.800000 -1.405174 1.229092 22.702654 15.468364
 193.000000 -1.141107 1.232008 20.148037 416.185952
 193.200000 -1.386046 1.070215 22.752816 0.762283
 193.400000 -1.756104 0.806384 16.310575 150.941345
 193.600000 -1.475309 0.744105 22.030464 225.614644
 193.800000 -1.339580 1.408289 22.637518 30.305610
 194.000000 -1.894918 1.281704 15.930753 25.443784
 194.200000 -1.313519 0.863526 22.466530 64.902758
 194.400000 -1.211330 0.656224 21.331681 187.159752
 194.600000 -1.244973 0.716348 21.762362 144.192166
 194.800000 -1.701140 0.918665 17.191782 361.898965
 195.000000 -1.698824 1.451485 17.236100 370.460415
 195.200000 -1.031108 1.139943 17.064186 1241.572226
 195.400000 -1.277606 0.754068 22.140019 109.426258
 195.600000 -1.538336 0.618674 20.877320 461.707806
 195.800000 -1.693125 0.901020 17.361382 394.331189
 196.000000 -1.325053 1.244870 22.561886 48.551539
 196.200000 -1.171388 1.279395 20.748635 283.732708
 196.400000 -1.593506 1.071878 19.634996 560.515709
 196.600000 -1.740668 0.590623 16.545874 216.302188
 196.800000 -1.717391 0.549876 16.921940 307.343686
 197.000000 -0.919449 1.105624 13.039563 1186.137450
 197.200000 -1.101460 1.910521 19.276673 685.900845
 197.400000 -0.655635 2.400698 1.255547 2621.869735
 197.600000 -1.219859 2.310925 21.478767 174.638891
 197.800000 -0.840546 2.033210 10.355900 1290.320323
 198.000000 -0.588166 1.497924 -0.000001 0.000000
 198.200000 -0.911608 1.609262 12.792886 1166.203487
 198.400000 -1.445803 1.432966 22.445909 108.583830
 198.600000 -1.301790 0.592332 22.405850 78.345535
 198.800000 -0.852755 0.190149 10.798641 1209.587060
 199.000000 -0.677626 0.136100 2.449105 3044.319206
 199.200000 -0.952422 0.040085 14.238706 1304.759585
 199.400000 -0.592177 -0.020805 -0.000003 0.000001
 199.600000 -0.988030 -0.287634 15.545258 1368.236693
 199.800000 -0.654235 -0.294739 1.222096 2594.611591
 200.000000 -0.884356 -0.103618 11.884372 1128.039294
 200.200000 -1.283197 0.597037 21.447061 100.792295
 200.400000 -1.730024 1.470335 15.959056 273.835325
 200.600000 -1.836980 1.665489 14.986211 1.942561
 200.800000 -1.876989 1.475467 15.026982 10.003236
 201.000000 -1.352226 1.059994 21.949197 13.829052
 201.200000 -1.395072 0.549423 21.993745 5.861265
 201.400000 -0.807795 0.341873 8.363221 1637.253994
 201.600000 -0.951546 0.504698 13.434095 1304.407926
 201.800000 -1.841108 1.146517 14.985566 0.903542
 202.000000 -1.658860 1.653845 17.405728 510.469987
 202.200000 -1.845908 1.947436 14.986510 0.182154
 202.400000 -2.064442 2.622695 16.209154 50.175598
 202.600000 -2.917067 2.903399 14.080367 757.047143
 202.800000 2.992471 2.785276 -0.000000 0.000000
 203.000000 -2.413317 3.047597 18.425963 2.189571
 203.200000 -1.970167 2.624056 15.556749 47.150683
 203.400000 -1.828138 1.909632 15.020652 8.382479
 203.600000 -0.655867 1.676037 0.594086 2719.145018
 203.800000 -1.431421 1.705918 21.825527 65.659275
 204.000000 -2.027969 1.446766 15.950860 45.698421
 204.200000 -2.357949 0.939830 18.291642 5.658949
 204.400000 -1.001992 0.672735 15.342556 1350.134012
 204.600000 -1.401693 1.043333 22.009355 12.320076
 204.800000 -1.127205 1.215834 19.192174 495.718685
 205.000000 -1.364840 0.768175 22.037129 3.587224
 205.200000 -1.639491 0.690942 17.944278 544.150429
 205.400000 -1.721310 1.210155 16.198177 327.948391
 205.600000 -1.151215 1.335691 19.704036 365.470526
 205.800000 -1.670277 1.174557 17.240232 494.641416
 206.000000 -1.640497 0.678629 17.920820 543.232650
 206.200000 -1.541063 0.955250 20.204208 426.158082
 206.400000 -0.806953 1.312670 8.415332 1631.430384
 206.600000 -1.015118 1.643500 15.855754 1309.077767
 206.800000 -1.477622 1.970031 21.336302 209.418659
 207.000000 -2.082036 1.982479 16.304762 52.232081
 207.200000 -2.302903 3.022828 18.056864 22.617857
 207.400000 3.089882 2.880171 2.248180 2614.934162
 207.600000 -2.727457 2.860129 17.462960 118.767341
 207.800000 -2.126263 2.512233 16.639553 69.622436
 208.000000 -2.066719 2.516796 16.189536 47.301971
 208.200000 -1.819816 2.649611 15.087054 20.729181
 208.400000 -2.051217 2.589241 16.079809 43.906600
 208.600000 -2.167180 2.639886 16.990914 83.554163
 208.800000 -2.755981 2.737340 17.119033 157.543442
 209.000000 -3.025022 3.061579 10.379722 1589.255314
 209.200000 3.028886 2.599427 -0.001668 0.295135
 209.400000 -2.510740 2.614923 18.451139 0.821399
 209.600000 -2.511924 2.589711 18.452194 0.768570
 209.800000 -2.567490 2.813118 18.445112 1.988331
 210.000000 -2.586233 2.854863 18.408643 6.249157
 210.200000 -2.060129 2.877464 16.132998 44.249707
 210.400000 -1.946789 2.342426 15.396075 40.518613
 210.600000 -1.892199 2.303281 15.101013 15.070858
 210.800000 -1.803725 2.636732 15.195394 51.686043
 211.000000 -2.451649 2.605529 18.360260 2.291456
 211.200000 -2.943377 2.912891 13.211421 928.196714
 211.400000 3.112106 3.023848 3.378684 2750.350737
 211.600000 -2.770416 2.867553 16.902854 182.447143
 211.800000 -2.417248 2.602950 18.296704 2.204280
 212.000000 -2.098093 2.777558 16.395118 54.678740
 212.200000 -2.204361 2.710984 17.298355 79.737528
 212.400000 -2.399310 2.687254 18.258510 2.380000
 212.600000 -3.139938 2.860749 5.005690 2700.587320
 212.800000 3.032668 3.050733 -0.004894 2.311475
 213.000000 -2.889121 2.674668 14.690790 599.362134
 213.200000 -2.656926 2.693582 18.037908 47.639846
 213.400000 -2.508057 2.807266 18.405122 1.038715
 213.600000 -2.734404 2.663872 17.331819 127.213004
 213.800000 -2.984383 3.065903 11.848262 1223.207778
 214.000000 -3.081528 2.860002 7.897790 2164.973826
 214.200000 -2.719574 2.990258 17.486189 108.981425
 214.400000 -2.199655 2.585655 17.242897 79.778594
 214.600000 -2.265809 2.483345 17.772589 43.931096
 214.800000 -1.981384 2.881500 15.625428 41.538543
 215.000000 -2.418883 2.619901 18.268690 2.241038
 215.200000 -2.841151 2.705493 15.715657 381.327756
 215.400000 3.052525 3.106427 0.385362 2297.565619
 215.600000 -3.073438 2.794525 8.260182 2065.702767
 215.800000 -2.415580 2.696485 18.256079 2.227462
 216.000000 -1.874344 2.558341 15.063916 4.418785
 216.200000 -1.739251 2.448589 16.050922 294.682368
 216.400000 -2.227194 2.521590 17.471613 68.566587
 216.600000 -2.723772 2.856779 17.430030 113.923945
 216.800000 3.136479 3.048080 4.644463 2726.693000
 217.000000 -3.014533 2.754466 10.718338 1463.812953
 217.200000 -2.856712 2.700509 15.383345 448.290122
 217.400000 -2.496886 2.988145 18.362240 1.563529
 217.600000 -2.811152 2.544348 16.245480 281.962173
 217.800000 -2.526597 2.777623 18.389582 0.253465
 218.000000 -2.541317 2.740396 18.393006 0.003469
 218.200000 -2.698739 2.563524 17.670935 85.619303
 218.400000 -2.840973 2.809550 15.698703 384.857292
 218.600000 -2.668054 2.892375 17.928226 56.292528
 218.800000 -2.921311 2.707338 13.786869 787.858975
 219.000000 -2.823826 2.936872 16.020800 322.881891
 219.200000 -2.418034 2.838611 18.231944 2.301801
 219.400000 -2.655573 2.599788 18.015966 45.177736
 219.600000 -2.304770 2.952859 17.956662 19.721957
 219.800000 -2.644368 2.738993 18.087451 36.434615
 220.000000 -2.913342 2.792517 14.000762 742.772880
 220.200000 -2.845238 3.042369 15.609098 407.200950
 220.400000 -3.015152 2.764431 10.672671 1452.136938
 220.600000 -2.264843 2.793757 17.730246 43.162154
 220.800000 -2.077358 2.462843 16.223849 44.461705
 221.000000 -1.800966 2.567058 15.288322 68.900199
 221.200000 -2.037991 2.711329 15.971356 37.842365
 221.400000 -2.665947 2.591392 17.947706 52.895541
 221.600000 -3.042343 2.987129 9.589756 1704.167466
 221.800000 3.115448 -3.116247 3.538475 2769.059655
 222.000000 -2.971073 2.486369 12.239201 1108.507729
 222.200000 -1.936350 2.790263 15.344312 33.747698
 222.400000 -1.829540 2.526997 15.122965 15.637479
 222.600000 -2.047651 2.219398 16.029444 38.513341
 222.800000 -2.159560 2.634345 16.853154 75.506117
 223.000000 -2.002133 3.077590 15.749967 38.140304
 223.200000 -2.917112 2.384818 13.874829 772.514077
 223.400000 -2.849429 2.854793 15.519384 432.864771
 223.600000 -2.962785 -3.106380 12.499835 1050.246939
 223.800000 -2.967965 2.598717 12.330613 1084.551248
 224.000000 -2.068770 2.772827 16.163682 41.929067
 224.200000 -1.755093 2.418592 15.864091 240.034608
 224.400000 -2.184088 2.347928 17.065748 77.609069
 224.600000 -2.168048 2.680721 16.924783 76.367515
 224.800000 -2.614318 3.076918 18.239771 15.427385
 225.000000 -3.051641 2.433461 9.195613 1785.302809
 225.200000 -2.356957 2.946981 18.086640 5.049159
 225.400000 -2.538119 2.508323 18.365576 0.082820
 225.600000 -2.591006 2.673765 18.313281 5.994366
 225.800000 -2.837895 2.786961 15.756531 390.307842
 226.000000 3.116607 2.766591 3.604053 2778.014992
 226.200000 -2.467314 2.828875 18.276023 3.018300
 226.400000 -1.765002 2.747914 15.731258 199.991464
 226.600000 -1.944566 1.768910 15.400128 35.140947
 226.800000 -1.922063 1.628609 15.273680 27.276836
 227.000000 -0.840529 1.080298 9.856819 1279.138495
 227.200000 -1.529357 1.184492 20.693256 334.877403
 227.400000 -1.918027 0.933453 15.256629 25.110778
 227.600000 -1.642054 0.292724 18.253848 554.101466
 227.800000 -0.966635 0.271568 14.289773 1359.462301
 228.000000 -1.153272 0.821738 19.945224 362.406217
 228.200000 -1.833255 1.318093 15.140518 12.875655
 228.400000 -1.766037 1.626095 15.732697 197.178451
 228.600000 -1.334887 1.376141 22.125806 23.830325
 228.800000 -1.339491 0.689776 22.147103 19.076616
 229.000000 -1.915334 0.503718 15.247427 23.483538
 229.200000 -1.951369 0.359084 15.450001 35.374319
 229.400000 -0.560052 0.247034 -0.000000 0.000000
 229.600000 -1.808452 0.950176 15.285758 55.287039
 229.800000 -1.853137 1.648002 15.105019 0.765833
 230.000000 -1.687644 1.913127 17.219261 499.789862
 230.200000 -2.084302 2.459057 16.269195 45.155712
 230.400000 -2.812292 3.017075 16.245257 306.273460
 230.600000 -2.962774 -3.056065 12.471546 1055.796884
 230.800000 -2.805637 2.607166 16.359640 284.743149
 231.000000 -2.172397 2.709250 16.956754 74.425987
 231.200000 -1.938845 2.368265 15.388971 31.413034
 231.400000 -2.014417 2.428927 15.838412 35.456666
 231.600000 -2.728332 2.707956 17.418049 116.394515
 231.800000 3.022438 2.994834 -0.000106 0.001279
 232.000000 -2.715843 2.881508 17.547719 99.645405
 232.200000 -2.471417 2.475452 18.261172 3.624829
 232.400000 -1.895876 2.782977 15.194631 11.849394
 232.600000 -2.137020 2.493281 16.657447 64.410858
 232.800000 -2.299569 2.618879 17.861297 19.693957
 233.000000 -2.767447 2.864731 16.946427 185.245159
 233.200000 -3.068556 3.096971 8.444654 1941.113564
 233.400000 -2.646044 2.709820 18.098561 31.769685
 233.600000 -2.587969 2.449756 18.320157 4.081261
 233.800000 -2.558284 2.763680 18.355129 0.147403
 234.000000 -2.850739 2.682365 15.502646 461.549883
 234.200000 2.960111 2.899123 -0.000000 0.000000
 234.400000 3.074557 2.910001 1.420091 2495.242298
 234.600000 -2.586201 2.832781 18.325288 3.588638
 234.800000 -2.989667 2.523237 11.548657 1232.854052
 235.000000 3.029820 -3.123704 -0.001231 0.171796
 235.200000 -2.866780 2.836043 15.146087 539.495840
 235.400000 -2.684961 2.407760 17.839119 64.139973
 235.600000 -1.713643 3.017560 16.725186 417.681485
 235.800000 -2.216545 2.338047 17.320226 64.520573
 236.000000 -2.292484 2.388464 17.816640 22.387818
 236.200000 -2.271027 2.953634 17.700608 33.496736
 236.400000 -2.904375 2.986517 14.201323 733.458987
 236.600000 -2.268987 2.808686 17.688699 34.683209
 236.800000 -1.992896 2.443270 15.732458 33.624061
 237.000000 -1.717321 2.296623 16.659933 403.352211
 237.200000 -2.348464 2.295609 18.004665 6.098319
 237.400000 -2.386586 -3.042689 18.085213 3.568272
 237.600000 3.117352 2.791873 3.644306 2788.068316
 237.800000 -2.658366 2.977135 18.035916 40.187641
 238.000000 -2.510620 2.622042 18.324683 2.332486
 238.200000 -2.130705 2.983144 16.609945 60.015470
 238.400000 -2.145362 2.647612 16.726027 65.294999
 238.600000 -2.118714 2.501221 16.518918 55.220298
 238.800000 -2.063923 2.556223 16.151502 36.892087
 239.000000 -2.265321 2.901551 17.663114 36.386322
 239.200000 -2.796265 2.593954 16.543138 262.428936
 239.400000 3.111326 2.889894 3.328766 2788.625835
 239.600000 -2.935642 2.843339 13.307894 906.759402
 239.800000 3.059347 2.598954 0.678485 2291.249083
 240.000000 3.047258 2.827493 0.091764 1944.629097
 240.200000 -2.624959 3.071996 18.222927 17.641801
 240.400000 -2.529083 2.341779 18.352508 1.109398
 240.600000 -2.025882 2.715566 15.941397 31.968647
 240.800000 -1.824192 2.755795 15.295458 25.922548
 241.000000 -2.527628 2.422196 18.350938 1.220761
 241.200000 -2.593390 2.943220 18.327550 4.837786
 241.400000 -3.134512 2.983785 5.296304 2646.455968
 241.600000 -3.093213 2.618131 7.335689 2209.987400
 241.800000 -1.536516 2.848022 20.626470 331.048001
 242.000000 -0.674300 2.090668 2.032904 2853.564612
 242.200000 -0.634334 0.995421 0.024745 1001.003121
 242.400000 -1.580142 0.595249 19.768199 445.616977
 242.600000 -1.513204 0.169435 21.029166 262.790792
 242.800000 -1.437870 0.965409 21.964171 66.703621
 243.000000 -0.968886 1.189365 14.407599 1357.285081
 243.200000 -0.677460 1.303287 2.209119 2873.666232
 243.400000 -1.281417 1.789735 21.733817 92.332181
 243.600000 -1.552352 1.015612 20.334746 372.434918
 243.800000 -0.796694 0.159947 8.185371 1719.579531
 244.000000 -0.755419 -0.163905 6.327144 2363.274191
 244.200000 -0.688265 -0.125766 2.797642 2942.562018
 244.400000 -0.700364 0.291973 3.455506 2957.692598
 244.600000 -1.273632 0.924201 21.656359 103.539893
 244.800000 -1.867001 1.257823 15.238971 0.301133
 245.000000 -1.686204 1.293750 17.380174 493.967699
 245.200000 -1.207571 0.932817 20.842739 207.451779
 245.400000 -1.673693 1.006722 17.668619 516.896463
 245.600000 -1.833157 0.993086 15.297991 14.112879
 245.800000 -1.323513 1.029920 22.064701 35.312897
 246.000000 -1.372807 1.055835 22.221934 0.052300
 246.200000 -1.704346 1.116200 17.003144 443.116912
 246.400000 -1.487513 0.885703 21.420447 186.076559
 246.600000 -1.090464 0.848978 18.495959 739.868236
 246.800000 -1.434759 1.090442 21.989172 59.530504
 247.000000 -1.831644 1.127673 15.311466 15.934685
 247.200000 -1.279199 0.974767 21.712345 96.496248
 247.400000 -1.067391 0.845358 17.831378 917.651342
 247.600000 -1.588485 0.961331 19.617894 457.366270
 247.800000 -1.704627 0.936883 17.007438 442.386023
 248.000000 -0.781523 0.844856 7.538275 1924.575002
 248.200000 -1.329922 1.074560 22.104331 27.956432
 248.400000 -1.757649 1.095014 16.042635 231.511432
 248.600000 -1.500797 0.927506 21.238014 220.487960
 248.800000 -0.766188 0.226976 6.845676 2161.951182
 249.000000 -0.586351 -0.133038 -0.000000 0.000000
 249.200000 -1.098519 0.169226 18.708731 677.181879
 249.400000 -1.096816 0.796732 18.664219 689.449575
 249.600000 -1.638076 1.481463 18.527989 529.142881
 249.800000 -1.828625 1.479337 15.349954 20.436422
 250.000000 -1.569285 1.000624 20.033089 406.970685
 250.200000 -0.804187 0.269214 8.489725 1609.609003
 250.400000 -0.627214 -0.214560 -0.022973 16.457969
 250.600000 -0.541692 -0.338432 -0.000000 0.000000
 250.800000 -1.147814 0.632683 19.830235 388.941746
 251.000000 -1.228574 1.556018 21.129435 173.031795
 251.200000 -0.784139 1.831353 7.656364 1874.478146
 251.400000 -0.838931 1.923991 9.808451 1302.627613
 251.600000 -0.657505 2.191115 1.222627 2550.454048
 251.800000 -0.737076 1.915134 5.432041 2597.718319
 252.000000 -0.642448 1.823992 0.482113 2359.681468
 252.200000 -0.630309 1.334851 -0.020432 103.735076
 252.400000 -1.259334 1.328415 21.508606 126.867477
 252.600000 -1.464080 0.636184 21.727780 120.678001
 252.800000 -1.713938 0.528853 16.873335 411.635013
 253.000000 -1.697568 1.202806 17.216106 463.328469
 253.200000 -1.432965 1.505164 22.016755 54.522207
 253.400000 -1.012174 1.396200 16.005194 1272.912126
 253.600000 -1.487630 0.802262 21.443557 178.747966
 253.800000 -1.925326 0.570169 15.460780 19.591873
 254.000000 -1.669274 0.648698 17.858296 517.752543
 254.200000 -1.082095 1.225614 18.270657 793.424211
 254.400000 -1.325713 1.706158 22.091979 32.894219
 254.600000 -1.919288 1.618902 15.438749 17.002202
 254.800000 -1.727211 1.785692 16.639213 363.208287
 255.000000 -1.846636 2.140739 15.332494 5.138954
 255.200000 -2.150391 2.647188 16.773796 61.273431
 255.400000 -3.071193 3.084356 8.345406 1915.029589
 255.600000 -3.100027 2.938425 7.029367 2256.669945
 255.800000 -2.293610 2.695669 17.751912 17.788785
 256.000000 -2.077534 2.550572 16.264403 36.624909
 256.200000 -1.796506 2.469470 15.652470 94.526377
 256.400000 -2.337698 2.381400 17.894658 7.190099
 256.600000 -2.532507 2.881155 18.360499 1.756587
 256.800000 3.061015 3.024731 0.776296 2348.285608
 257.000000 -2.716184 2.568761 17.597571 100.640869
 257.200000 -2.196535 2.669245 17.133963 61.157556
 257.400000 -1.861686 2.534641 15.341127 0.418122
 257.600000 -1.998191 2.366308 15.833826 26.177979
 257.800000 -2.392014 2.854429 18.015762 5.129529
 258.000000 -3.049369 2.854818 9.263959 1676.845201
 258.200000 -2.990466 -3.039468 11.481376 1211.306179
 258.400000 -2.280822 2.562197 17.677859 22.547407
 258.600000 -1.812738 2.284969 15.541265 53.791314
 258.800000 -1.790763 1.870307 15.739079 113.932679
 259.000000 -1.961795 1.945844 15.654356 24.275326
 259.200000 -1.795282 2.416061 15.706562 100.390271
 259.400000 -2.106807 3.138992 16.447479 45.089173
 259.600000 3.065212 2.510437 0.980806 2410.424718
 259.800000 -2.638759 3.087613 18.179605 25.736675
 260.000000 -2.902422 2.464908 14.214357 745.265115
 260.200000 -2.556127 2.845014 18.373521 0.054028
 260.400000 -2.606369 2.775510 18.308463 8.509137
 260.600000 -2.890763 2.490854 14.523080 687.032722
 260.800000 -2.954277 2.961095 12.676476 1009.053975
 261.000000 -3.056364 3.032394 8.966307 1740.782442
 261.200000 -2.579659 2.546375 18.362408 1.353872
 261.400000 -1.802503 2.737514 15.666065 80.589310
 261.600000 -1.918632 2.361213 15.485182 13.399199
 261.800000 -2.215917 2.439913 17.266065 53.422192
 262.000000 -2.659015 2.893819 18.062727 40.722086
 262.200000 3.008511 2.942263 -0.000001 0.000000
 262.400000 -2.661956 2.700234 18.043497 43.188846
 262.600000 -1.946173 2.670009 15.606820 19.986673
 262.800000 -1.834793 2.316942 15.466863 18.368612
 263.000000 -1.833408 2.332297 15.472932 20.044784
 263.200000 -2.295063 2.609891 17.715862 16.422464
 263.400000 -2.965000 3.004557 12.323550 1066.863442
 263.600000 -2.755251 3.030396 17.146282 166.839162
 263.800000 -2.612068 2.739077 18.290229 10.884852
 264.000000 -2.136211 2.496805 16.651490 54.101335
 264.200000 -2.050811 2.648401 16.120489 26.877048
 264.400000 -1.969406 2.743171 15.727558 21.471653
 264.600000 -2.698245 2.430227 17.762727 78.751667
 264.800000 -3.014192 3.077007 10.612673 1364.294208
 265.000000 -2.738434 -3.129143 17.352318 134.942507
 265.200000 -2.641197 2.427062 18.165590 27.545900
 265.400000 -2.194150 2.467183 17.096015 58.610242
 265.600000 -2.096815 3.075478 16.383852 39.203597
 265.800000 -2.361966 2.601268 17.909694 5.620483
 266.000000 -2.768299 2.618528 16.970615 195.888331
 266.200000 -2.688016 3.114834 17.850532 67.824830
 266.400000 2.990930 2.660205 -0.000000 0.000000
 266.600000 -2.410076 2.841539 18.023830 6.858052
 266.800000 -1.983765 2.686134 15.808046 21.174906
 267.000000 -2.015716 2.319721 15.956704 22.243631
 267.200000 -1.689901 2.527064 17.578227 460.114088
 267.400000 -2.533485 2.579192 18.356199 2.161237
 267.600000 3.034716 3.018754 -0.006635 4.326730
 267.800000 3.100711 2.968678 2.813842 2776.433485
 268.000000 -3.100898 2.504675 6.981844 2234.520618
 268.200000 -2.745513 2.918795 17.270764 148.208567
 268.400000 -2.857010 2.921321 15.345967 526.259601
 268.600000 3.106310 2.640116 3.113713 2791.192354
 268.800000 -3.091338 3.002397 7.429671 2115.008593
 269.000000 -2.510618 2.765391 18.312982 5.661961
 269.200000 -2.306233 2.190087 17.739218 12.565723
 269.400000 -1.872448 2.574912 15.476910 0.001414
 269.600000 -1.815121 2.926666 15.668142 51.351631
 269.800000 -2.798365 2.456603 16.511505 283.525991
 270.000000 3.127994 2.951480 4.264227 2751.688182
 270.200000 -3.017097 3.028520 10.498396 1372.361666
 270.400000 -2.962851 2.481631 12.379167 1054.894783
 270.600000 -2.295994 2.973664 17.698109 15.272255
 270.800000 -2.664371 2.882410 18.037169 45.741365
 271.000000 -3.067135 2.463242 8.509530 1824.524106
 271.200000 -3.020514 3.098739 10.371563 1393.844796
 271.400000 3.062200 2.807239 0.866895 2384.041407
 271.600000 -2.830905 2.544992 15.912449 410.158499
 271.800000 -1.880695 3.051630 15.502028 0.566728
 272.000000 -2.212241 2.389894 17.226770 50.332436
 272.200000 -2.251736 2.382427 17.480103 32.473427
 272.400000 -2.527789 2.852195 18.358007 3.329188
 272.600000 -2.868215 3.018403 15.084561 587.110964
 272.800000 3.077147 2.773773 1.620664 2600.696990
 273.000000 -3.130417 2.943150 5.563430 2549.008319
 273.200000 -2.796128 2.771730 16.559490 277.903338
 273.400000 -2.189798 2.761378 17.063878 55.068655
 273.600000 -2.108583 2.469271 16.482805 40.238087
 273.800000 -1.932565 2.591944 15.648209 13.358755
 274.000000 -2.187954 2.482978 17.050178 55.334688
 274.200000 -2.326416 2.910478 17.788848 8.582225
 274.400000 -2.960096 2.794684 12.468341 1039.841265
 274.600000 -3.088658 3.000077 7.583106 2050.391908
 274.800000 -3.073499 2.986431 8.254299 1873.150713
 275.000000 -2.489982 2.667364 18.268201 9.494521
 275.200000 -2.067462 2.586320 16.256324 26.993552
 275.400000 -1.933935 2.442360 15.669511 13.225407
 275.600000 -1.897375 2.723515 15.563495 3.720621
 275.800000 -2.367743 2.647989 17.896384 6.463259
 276.000000 3.098708 2.795999 2.769825 2780.436408
 276.200000 -2.945557 2.999368 12.929583 971.250073
 276.400000 -2.773579 2.757899 16.921860 211.367327
 276.600000 -2.528284 2.480358 18.373046 3.454851
 276.800000 -2.072764 2.941834 16.290330 28.142793
 277.000000 -2.464364 2.577657 18.188979 11.759401
 277.200000 -2.941925 2.581194 13.043033 954.618259
 277.400000 -2.969766 2.947907 12.154693 1082.888000
 277.600000 -3.010852 2.905555 10.738985 1304.672942
 277.800000 -2.304002 2.566998 17.712961 12.190973
 278.000000 -1.850128 2.429346 15.588093 6.303589
 278.200000 -2.024879 2.408070 16.072675 19.707531
 278.400000 -2.225343 2.627105 17.322924 41.419604
 278.600000 -2.649141 2.874541 18.161216 33.969854
 278.800000 3.027432 2.719025 -0.000921 0.101743
 279.000000 -2.835558 2.935443 15.837861 436.987707
 279.200000 -2.407159 2.439942 18.003425 9.313868
 279.400000 -2.139397 2.667917 16.718381 48.464686
 279.600000 -2.022427 2.649013 16.069226 19.416073
 279.800000 -2.614054 2.637953 18.330450 12.300015
 280.000000 -3.069082 2.735325 8.476034 1795.028895
 280.200000 -3.036447 2.958121 9.797828 1478.190505
 280.400000 -2.600552 2.619223 18.376650 6.685008
 280.600000 -1.887422 2.619818 15.595507 1.333836
 280.800000 -1.856464 2.277025 15.602409 3.163817
 281.000000 -2.408080 2.300602 18.007472 9.677394
 281.200000 -2.739152 3.058031 17.398721 135.735040
 281.400000 3.021256 2.790504 -0.000123 0.001834
 281.600000 -2.667437 2.705671 18.059418 48.322294
 281.800000 -1.886089 2.674893 15.603301 1.078246
 282.000000 -1.913904 2.241077 15.658456 7.739420
 282.200000 -1.942930 2.191897 15.764254 14.037574
 282.400000 -1.849352 2.833721 15.637238 6.738233
 282.600000 -2.607730 2.813748 18.366601 9.551490
 282.800000 -3.003179 2.784960 11.028977 1243.229727
 283.000000 -2.410621 3.081046 18.019532 10.544043
 283.200000 -2.435610 2.189433 18.108138 13.074068
 283.400000 -2.198964 2.391555 17.160689 46.482272
 283.600000 -2.033609 2.960284 16.153772 20.274926
 283.800000 -2.507218 2.764750 18.358481 7.979651
 284.000000 3.046377 2.737134 0.180308 2561.036105
 284.200000 -3.040049 2.884409 9.678545 1487.637281
 284.400000 -2.934278 2.639283 13.291687 925.439377
 284.600000 -2.937977 2.727244 13.178655 941.436403
 284.800000 -2.357082 3.097614 17.865002 7.625097
 285.000000 -3.028691 2.344537 10.109915 1399.095704
 285.200000 -2.743789 3.000212 17.372141 143.192607
 285.400000 3.081822 2.779901 1.979444 2712.091626
 285.600000 3.129568 2.640649 4.499956 2729.775835
 285.800000 -2.825371 2.895033 16.087021 399.916392
 286.000000 -2.917276 2.801300 13.802137 851.581524
 286.200000 -2.650180 3.030237 18.198857 34.029917
 286.400000 3.017312 2.576129 -0.000040 0.000191
 286.600000 -2.679543 2.844622 18.001517 57.786503
 286.800000 -2.838028 2.640451 15.834111 459.582611
 287.000000 -2.848327 2.534443 15.607393 510.070662
 287.200000 -2.986893 3.016241 11.611091 1151.218411
 287.400000 -2.913260 2.938006 13.932201 837.911059
 287.600000 -2.750497 2.719220 17.309403 155.086969
 287.800000 -2.666003 2.893382 18.106460 45.705550
 288.000000 -3.042483 2.804475 9.603697 1496.130274
 288.200000 -3.033560 2.905366 9.952586 1422.498554
 288.400000 -2.567917 2.866776 18.472150 0.174060
 288.600000 -2.625285 2.448503 18.338390 17.869664
 288.800000 -2.110125 2.744294 16.587511 35.671189
 289.000000 -2.162925 2.845163 16.929939 46.506939
 289.200000 -2.498022 2.470590 18.367841 10.300155
 289.400000 -2.617373 2.783720 18.377989 13.704335
 289.600000 3.069949 2.869995 1.407166 2599.534804
 289.800000 -3.042665 2.773678 9.613544 1492.047055
 290.000000 -2.781415 2.617251 16.907055 233.166579
 290.200000 -2.757669 3.006526 17.254346 168.896372
 290.400000 -3.013722 2.638345 10.698750 1286.525855
 290.600000 -3.055983 2.812708 9.099143 1608.571089
 290.800000 -3.021417 2.848826 10.420254 1333.666414
 291.000000 -2.773677 2.817183 17.034536 209.969751
 291.200000 -2.473788 2.786446 18.295213 14.883670
 291.400000 -2.525367 2.804050 18.457929 4.603129
 291.600000 -3.075743 2.722182 8.294303 1815.101406
 291.800000 3.117502 3.110122 3.935163 2808.115739
 292.000000 -2.872539 2.713338 15.084037 642.960080
 292.200000 -2.823297 2.663628 16.213713 394.076838
 292.400000 -2.648241 2.904480 18.263786 31.239977
 292.600000 -2.766175 2.734735 17.166750 188.405608
 292.800000 -2.959098 2.894764 12.575290 1038.696913
 293.000000 -3.108060 3.051864 6.858485 2216.456023
 293.200000 3.016598 2.702403 -0.000046 0.000260
 293.400000 -2.354812 2.755726 17.864134 9.343207
 293.600000 -2.193790 2.388104 17.151604 41.926711
 293.800000 -1.936496 2.565576 15.837793 12.549271
 294.000000 -2.294453 2.679179 17.670987 13.355112
 294.200000 3.088928 2.774092 2.453230 2811.986368
 294.400000 3.083574 3.000515 2.170185 2776.183032
 294.600000 -3.031060 2.763736 10.111121 1393.512347
 294.800000 -2.881159 2.601176 14.903438 692.555102
 295.000000 -2.265517 3.115585 17.553325 20.078173
 295.200000 -2.561018 2.415487 18.535804 0.023347
 295.400000 -2.459622 2.624739 18.261341 17.742522
 295.600000 -2.438086 3.091318 18.170202 17.696720
 295.800000 -3.134239 2.474988 5.625546 2544.668425
 296.000000 -2.913739 2.995095 14.009904 855.683231
 296.200000 -2.472441 2.991519 18.321763 16.910800
 296.400000 -2.448148 2.301777 18.218954 18.373477
 296.600000 -1.924960 2.706109 15.817333 10.515168
 296.800000 -2.323324 2.796667 17.768705 10.133987
 297.000000 -3.077554 2.490190 8.286648 1822.538494
 297.200000 -2.901659 3.100935 14.383750 802.256021
 297.400000 3.106162 2.705716 3.418162 2864.399071
 297.600000 -2.818157 2.825242 16.391153 372.145765
 297.800000 -2.543351 2.898083 18.542745 1.656666
 298.000000 -2.661461 2.411178 18.242341 38.683319
 298.200000 -2.400865 2.882811 18.037120 15.212270
 298.400000 -2.811501 2.900497 16.532430 342.780123
 298.600000 -3.026914 2.760616 10.316900 1353.944197
 298.800000 -2.232682 2.838443 17.393734 29.646137
 299.000000 -1.871116 2.493570 15.726070 0.000002
 299.200000 -1.807707 2.293986 15.948897 55.130922
 299.400000 -1.998451 2.370677 16.117968 16.918330
 299.600000 -2.163002 2.806476 16.967966 41.577609
 299.800000 -2.650177 2.867871 18.330967 30.505926
 300.000000 -3.141189 2.750653 5.339248 2624.923834
 300.200000 -3.107122 3.006488 7.024223 2186.849552
 300.400000 -2.692594 2.749683 18.052927 62.628167
 300.600000 -2.369900 2.587164 17.928767 12.511214
 300.800000 -2.014385 2.712789 16.186165 17.394406
 301.000000 -2.131887 2.674630 16.771668 37.240399
 301.200000 -2.401586 2.447899 18.054605 16.732433
 301.400000 -2.492979 3.045407 18.448149 13.963394
 301.600000 -2.894464 2.861086 14.635771 774.030356
 301.800000 3.064460 2.857679 1.267365 2615.565788
 302.000000 -2.964011 3.044483 12.520068 1061.008220
 302.200000 -2.475704 2.635416 18.389851 17.890551
 302.400000 -2.118731 2.324153 16.706765 33.704918
 302.600000 -1.885075 2.724154 15.747622 1.562488
 302.800000 -2.631273 2.771230 18.452530 19.069575
 303.000000 3.028018 2.735663 -0.004736 2.477325
 303.200000 -2.592942 3.113380 18.585937 3.927766
 303.400000 -2.665556 2.466267 18.280886 39.392605
 303.600000 -2.241638 2.817629 17.445481 25.741435
 303.800000 -2.351787 2.735505 17.878410 12.347351
 304.000000 -3.009296 2.410598 11.013775 1238.885681
 304.200000 -2.984950 -3.081266 11.863852 1132.803202
 304.400000 -3.096226 2.881816 7.593324 2030.363483
 304.600000 -2.542880 2.544529 18.615180 1.660263
 304.800000 -1.754960 2.727533 16.520861 199.217824
 305.000000 -2.079623 2.537513 16.510408 25.019064
 305.200000 -2.370060 2.469603 17.956379 14.674183
 305.400000 -2.860720 3.049536 15.575993 599.121690
 305.600000 3.030509 2.871920 -0.012702 13.122444
 305.800000 -2.800964 2.883614 16.825147 298.527080
 306.000000 -2.468009 2.825429 18.390353 20.068417
 306.200000 -2.310465 2.584420 17.746390 13.065432
 306.400000 -2.116955 2.558806 16.724788 32.614008
 306.600000 -2.101077 2.836306 16.636401 29.348491
 306.800000 -2.571498 2.686814 18.651328 0.336370
 307.000000 3.078718 2.650544 2.081328 2831.673352
 307.200000 -2.762823 -2.977994 17.433211 170.562062
 307.400000 -3.021292 2.491961 10.642618 1293.274609
 307.600000 -2.452976 2.756752 18.344515 22.579833
 307.800000 -2.059091 2.841268 16.433361 21.933374
 308.000000 -2.360697 2.379179 17.933657 14.551679
 308.200000 -2.472619 2.738052 18.447489 20.065260
 308.400000 -2.679600 3.041720 18.253102 48.043258
 308.600000 3.077321 2.610903 2.034448 2834.980785
 308.800000 -2.928864 2.849256 13.721411 938.770969
 309.000000 -2.431793 3.068877 18.253626 23.354278
 309.200000 -2.653587 2.323230 18.428475 30.585566
 309.400000 -2.206091 2.743318 17.282032 32.738423
 309.600000 -2.260377 2.756518 17.560563 20.136128
 309.800000 -2.702382 2.421978 18.094978 67.393807
 310.000000 -2.519904 2.898473 18.635378 6.866683
 310.200000 -2.529387 3.008926 18.673184 4.308532
 310.400000 -2.703932 2.409960 18.097221 68.515387
 310.600000 -2.405053 2.791665 18.148922 22.051458
 310.800000 -2.356674 2.822920 17.940584 15.405448
 311.000000 -2.820612 2.189699 16.545553 388.191698
 311.200000 -2.312030 3.012883 17.781263 14.078687
 311.400000 -2.695148 2.804405 18.183016 59.592614
 311.600000 -2.970421 2.555903 12.439472 1080.465970
 311.800000 3.132356 3.056770 5.037607 2755.550550
 312.000000 -3.045108 2.833779 9.819453 1448.664707
 312.200000 -2.413195 2.586643 18.217184 24.205453
 312.400000 -2.034244 2.519745 16.354662 20.981364
 312.600000 -1.809975 2.470074 15.944586 44.137161
 312.800000 -2.115759 2.485338 16.767728 32.190705
 313.000000 -2.417149 3.087982 18.236710 24.582020
 313.200000 3.001771 2.855663 -0.000001 0.000000
 313.400000 -2.769947 2.921246 17.439631 186.933250
 313.600000 -2.570221 2.824884 18.751028 0.406284
 313.800000 -2.384337 2.748409 18.093710 20.928135
 314.000000 -2.192262 2.910506 17.230060 34.045819
 314.200000 -2.640113 2.521106 18.569253 22.966760
 314.400000 -2.476789 2.899443 18.563277 19.890059
 314.600000 -2.654883 2.821044 18.492955 30.640304
 314.800000 -2.895166 2.653738 14.802677 802.066925
 315.000000 -2.741375 3.019502 17.806340 118.408884
 315.200000 3.035172 2.729087 -0.004717 436.291154
 315.400000 -2.902410 2.810595 14.610682 840.023335
 315.600000 -2.748303 2.822793 17.747387 131.666465
 315.800000 -2.931121 2.773138 13.748339 959.285908
 316.000000 -2.991138 2.840864 11.800827 1145.946455
 316.200000 -2.995213 2.957995 11.676841 1161.857091
 316.400000 -2.519756 2.774215 18.752556 6.242557
 316.600000 -2.282670 2.314669 17.705987 17.701538
 316.800000 -1.778986 2.523944 16.206016 111.622204
 317.000000 -2.052809 2.683659 16.469629 23.703587
 317.200000 -2.641595 2.716463 18.608442 23.326558
 317.400000 3.083039 2.808416 2.462550 2945.118989
 317.600000 -3.076322 -3.045393 8.665122 1747.931678
 317.800000 -2.931579 2.402866 13.767823 967.726778
 318.000000 -2.050432 2.692435 16.464790 23.766505
 318.200000 -1.877738 2.513096 15.777844 1.134907
 318.400000 -2.267399 2.497868 17.656118 19.950646
 318.600000 -2.833280 2.881705 16.436062 461.468653
 318.800000 3.024997 3.070789 -0.005363 3.176439
 319.000000 -2.652242 2.255138 18.569785 28.329911
 319.200000 -1.931102 2.523324 15.927269 15.721830
 319.400000 -1.863710 2.656558 15.772812 0.019134
 319.600000 -2.647548 2.441231 18.609535 25.788093
 319.800000 -3.032222 2.945012 10.416330 1341.817631
 320.000000 -3.139360 3.110802 5.760302 2629.939594
 320.200000 -2.815052 2.532119 16.847862 364.125234
 320.400000 -1.885024 2.391184 15.792929 2.846078
 320.600000 -1.801584 2.533133 15.996450 54.828550
 320.800000 -2.426903 2.341144 18.411336 28.946264
 321.000000 3.111730 2.867807 4.073171 2959.970538
 321.200000 3.074459 3.044148 2.052382 2902.841229
 321.400000 -2.819911 2.473378 16.774477 389.167146
 321.600000 -1.918644 2.627662 15.889197 12.771329
 321.800000 -1.795306 2.665987 16.046224 66.684149
 322.000000 -2.489015 2.339415 18.734214 16.396370
 322.200000 -2.953082 2.746569 13.168699 1048.885565
 322.400000 2.996107 -3.088601 -0.000000 0.000000
 322.600000 -2.836988 2.419129 16.438921 484.717953
 322.800000 -1.741725 2.837533 16.661540 212.462415
 323.000000 -2.048238 2.378549 16.487104 24.685896
 323.200000 -2.078053 2.418612 16.646533 28.062885
 323.400000 -2.890402 2.564152 15.106068 801.525905
 323.600000 3.061637 3.105921 1.395397 2754.180375
 323.800000 -2.848470 2.768306 16.198236 554.269234
 324.000000 -1.547944 2.563854 20.117643 250.424517
 324.200000 -1.697144 1.534334 17.387627 322.518539
 324.400000 -1.029261 0.223420 16.048825 1114.667671
 324.600000 -0.588014 -0.313988 -0.000001 0.000000
 324.800000 -0.712936 -0.342247 3.882894 2418.843069
 325.000000 -1.612561 0.442808 18.984450 346.648067
 325.200000 -1.547771 1.533892 20.096481 248.813860
 325.400000 -0.834938 1.866675 9.077648 1318.687985
 325.600000 -0.617564 2.149560 -0.003449 0.983781
 325.800000 -0.922399 2.082797 12.191970 1310.440177
 326.000000 -1.414305 1.864971 21.569952 24.218661
 326.200000 -1.774691 1.452093 16.242854 110.396917
 326.400000 -1.367862 0.736204 21.656703 0.502440
 326.600000 -0.546197 -0.197161 -0.000000 0.000000
 326.800000 -0.361089 -0.734140 -0.000000 0.000000
 327.000000 -1.325005 0.361756 21.514459 34.130236
 327.200000 -0.992743 1.676283 14.732957 1293.935801
 327.400000 -0.295775 2.355532 -0.000000 0.000000
 327.600000 -1.254869 2.380691 20.848411 150.423261
 327.800000 -1.753207 1.377536 16.495818 168.788441
 328.000000 -0.788578 -0.235637 7.275167 1654.926780
 328.200000 -0.775400 -0.648690 6.714699 1791.797328
 328.400000 -0.146255 -0.174422 -0.000000 0.000000
 328.600000 1.265502 -0.239053 -0.000000 0.000000
