#! FIELDS time phi psi ves.bias ves.force2
#! SET min_phi -pi
#! SET max_phi pi
#! SET min_psi -pi
#! SET max_psi pi
 0.000000 -1.498385 0.273949 23.369432 70.063852
 0.200000 -0.620337 -0.008724 1.994402 1966.933948
 0.400000 -0.582244 -0.267854 0.394522 1667.694571
 0.600000 -0.549824 -0.167135 -0.000399 0.012477
 0.800000 -0.947707 0.183431 15.635503 1287.813798
 1.000000 -0.985500 0.666894 16.960653 1163.766610
 1.200000 -1.519339 1.300582 23.069129 82.773418
 1.400000 -1.181997 1.267294 22.203391 308.068100
 1.600000 -1.336270 0.719845 23.888160 7.697979
 1.800000 -1.100311 0.579107 20.552598 535.165707
 2.000000 -1.464462 1.075078 23.511877 49.110228
 2.200000 -1.304435 1.303304 23.996751 31.932319
 2.400000 -0.572720 0.815429 0.489079 1773.860411
 2.600000 -0.704217 0.419335 6.370784 1850.706931
 2.800000 -1.460290 0.159253 23.706672 54.570357
 3.000000 -1.511407 0.863859 23.268845 94.513361
 3.200000 -0.989254 1.447523 17.458569 1294.802104
 3.400000 -0.416572 1.771915 -0.000000 0.000000
 3.600000 -0.978306 2.474495 17.059962 1355.294090
 3.800000 -0.623279 2.283469 2.749032 2122.988403
 4.000000 -0.554153 1.876279 -0.021617 14.023686
 4.200000 -0.913660 1.312028 14.649133 1518.968535
 4.400000 -1.504407 0.936899 23.536709 84.822773
 4.600000 -0.938587 0.461328 15.617712 1492.119391
 4.800000 -1.139947 0.665155 21.815485 459.964571
 5.000000 -1.545260 1.178977 23.113839 133.114703
 5.200000 -0.932615 0.862771 15.463747 1483.077290
 5.400000 -1.380212 0.801343 24.345968 4.274243
 5.600000 -1.661547 0.776940 21.425855 285.193212
 5.800000 -1.239219 0.933521 23.620991 167.751809
 6.000000 -1.392091 1.180086 24.315850 8.937771
 6.200000 -1.480617 0.935283 23.908147 67.542258
 6.400000 -0.546381 0.139014 -0.009819 6.872126
 6.600000 -0.577059 -0.660334 0.914983 1934.358030
 6.800000 -0.571577 -0.605331 0.675552 1886.599140
 7.000000 -0.568173 0.226074 0.527717 1893.938664
 7.200000 -1.259744 1.044575 24.005946 118.249204
 7.400000 -1.666164 1.250064 21.372576 316.065604
 7.600000 -1.362407 0.840182 24.535737 0.043700
 7.800000 -0.924938 0.271819 15.296886 1478.734642
 8.000000 -0.957798 0.199214 16.546646 1400.307957
 8.200000 -1.125671 0.730649 21.737848 536.918347
 8.400000 -1.775269 1.233159 19.772389 99.531568
 8.600000 -1.758772 1.369908 19.951851 138.611710
 8.800000 -0.863988 0.806696 13.017587 1432.730120
 9.000000 -1.816327 0.881627 19.453688 31.744697
 9.200000 -1.672180 1.068681 21.353827 335.822638
 9.400000 -0.686660 0.708940 6.247854 1909.280616
 9.600000 -0.691585 0.754553 6.461908 1868.494489
 9.800000 -1.606840 1.005272 22.537807 291.361582
 10.000000 -1.942055 1.187134 19.245202 1.387656
 10.200000 -0.566054 0.933587 0.743494 1947.964449
 10.400000 -0.754586 0.655933 9.055462 1424.797567
 10.600000 -1.247112 0.593463 24.019844 149.867114
 10.800000 -2.085913 0.748847 19.810974 58.792352
 11.000000 -1.312557 0.785884 24.579489 23.472388
 11.200000 -0.589334 0.952994 1.878200 2191.957888
 11.400000 -0.995210 1.715989 18.129540 1203.172246
 11.600000 -1.092433 2.153346 21.059882 658.846307
 11.800000 -0.625482 2.259304 3.594886 2265.521987
 12.000000 -0.934263 2.139359 15.882807 1480.169995
 12.200000 -0.524325 1.746623 -0.000196 0.004159
 12.400000 -0.603304 1.659701 2.631579 2275.226214
 12.600000 -0.878010 1.829029 13.752825 1494.728508
 12.800000 -0.576131 1.737653 1.353330 2119.377683
 13.000000 -0.987196 2.226404 17.907745 1249.816534
 13.200000 -0.750236 2.404775 9.088294 1377.237249
 13.400000 -0.911445 2.104074 15.137716 1529.240389
 13.600000 -0.821332 1.492701 11.683407 1360.753107
 13.800000 -1.840674 1.137219 19.395941 23.971816
 14.000000 -1.741369 0.505606 20.356595 217.083441
 14.200000 -1.274292 0.447367 24.385110 74.422024
 14.400000 -1.399385 1.248598 24.668570 7.725711
 14.600000 -1.704814 1.597061 20.984529 311.106157
 14.800000 -1.284901 1.024825 24.470188 54.962828
 15.000000 -1.089957 0.462897 21.135764 634.562472
 15.200000 -0.525857 -0.179285 -0.001505 0.246438
 15.400000 -0.496745 -0.244927 -0.000000 0.000000
 15.600000 -0.891939 -0.146574 14.558797 1525.678828
 15.800000 -0.492093 -0.073412 -0.000000 0.000000
 16.000000 -0.548040 0.093242 0.320497 2239.595325
 16.200000 -1.038985 0.060160 19.853319 837.947353
 16.400000 -1.003215 0.747897 18.753142 1061.554331
 16.600000 -1.820085 1.759105 19.539708 55.715283
 16.800000 -2.306359 2.547648 21.328409 42.827530
 17.000000 -2.612469 -2.778673 22.327982 27.822296
 17.200000 3.022631 2.628310 2.033361 2235.703703
 17.400000 -2.529524 2.459508 22.487843 0.249478
 17.600000 -2.271325 3.031462 21.060568 45.752197
 17.800000 -2.962445 2.530102 15.941418 1066.258082
 18.000000 3.088309 2.934801 5.486207 3106.804409
 18.200000 -2.732194 -3.090585 21.226889 144.680781
 18.400000 -3.133465 2.521534 8.819897 2778.643887
 18.600000 -2.066014 2.878230 19.383845 37.823181
 18.800000 -2.047867 2.612169 19.282118 25.486670
 19.000000 -2.349429 2.344187 21.540172 43.510641
 19.200000 -2.789649 2.749623 20.364173 301.815965
 19.400000 2.914381 3.036095 -0.000000 0.000000
 19.600000 -2.371074 2.794634 21.653439 45.471809
 19.800000 -1.973836 2.341147 19.058836 0.395404
 20.000000 -1.839037 2.530273 19.410158 41.219864
 20.200000 -2.342744 2.583691 21.442721 44.526092
 20.400000 -3.066800 2.802900 11.984561 1883.775407
 20.600000 3.025662 -3.140597 2.078819 2257.792729
 20.800000 -2.731787 2.998959 21.172946 135.619287
 21.000000 -1.800000 2.374094 19.736363 97.481793
 21.200000 -1.747195 1.932398 20.402414 220.521469
 21.400000 -1.747080 2.020793 20.404117 220.828907
 21.600000 -1.979225 2.516870 19.037826 0.424017
 21.800000 -2.224927 -3.077791 20.638509 56.826351
 22.000000 3.104520 2.495972 6.273169 3129.071769
 22.200000 -2.980552 2.822437 15.239937 1161.199388
 22.400000 -2.817357 3.131355 19.804907 404.346454
 22.600000 3.136629 2.308715 8.033730 2928.733908
 22.800000 -2.705476 3.037611 21.394333 91.297753
 23.000000 -2.958995 2.867495 15.958462 1063.760891
 23.200000 -3.101533 2.570080 10.356823 2362.648469
 23.400000 -2.756271 3.126817 20.808394 173.050122
 23.600000 -2.491376 2.956161 22.292283 7.629504
 23.800000 -2.143802 2.158691 19.943985 76.964491
 24.000000 -1.908638 2.200845 19.153833 10.048635
 24.200000 -1.611167 2.831834 22.810082 278.150231
 24.400000 -2.751578 2.635663 20.857177 154.880233
 24.600000 2.991415 2.951166 0.583103 1534.263837
 24.800000 3.045048 3.063271 3.019085 2618.887650
 25.000000 3.075786 2.539517 4.658799 3028.249663
 25.200000 -2.595759 2.811825 22.099956 26.356163
 25.400000 -2.180760 2.786021 20.259640 68.691850
 25.600000 -2.525627 2.383380 22.305188 0.080749
 25.800000 -2.754441 2.843077 20.808731 153.803207
 26.000000 -3.135317 -3.111921 8.659735 2821.215551
 26.200000 -2.951557 2.603709 16.277706 1043.816344
 26.400000 -2.006355 2.564913 19.078799 3.467084
 26.600000 -1.824869 2.461348 19.661217 57.961171
 26.800000 -2.215306 2.457607 20.525713 52.155089
 27.000000 -2.582905 2.822867 22.152893 21.834660
 27.200000 3.032872 2.924996 2.467876 2418.149484
 27.400000 3.059239 2.668936 3.825520 2859.175953
 27.600000 -3.024942 2.875407 13.718984 1467.540267
 27.800000 -2.661285 2.933097 21.642810 56.009600
 28.000000 -2.945149 2.690930 16.501140 1019.125877
 28.200000 2.951294 2.820472 -0.000651 0.024197
 28.400000 2.987753 2.956835 0.507528 1542.483362
 28.600000 -2.847627 2.701491 19.230786 506.204463
 28.800000 -2.535784 3.003538 22.304522 2.324505
 29.000000 -2.856170 2.659129 19.034046 554.868600
 29.200000 -3.113762 3.136531 9.888184 2501.710300
 29.400000 3.049911 2.922104 3.411821 2752.613915
 29.600000 -3.118023 2.850662 9.673860 2559.693174
 29.800000 -2.757842 2.921918 20.749027 133.607443
 30.000000 -2.477112 2.755617 22.236693 16.150110
 30.200000 -2.207578 2.350913 20.468833 47.042484
 30.400000 -1.847218 2.833010 19.557905 42.982758
 30.600000 -2.468459 2.597759 22.202922 23.285191
 30.800000 -2.950238 2.712765 16.452571 1044.734379
 31.000000 3.093453 3.042711 5.853586 3130.467362
 31.200000 -3.030364 2.816766 13.662817 1501.954556
 31.400000 -2.716183 2.630223 21.152532 71.182372
 31.600000 -2.429816 2.788738 21.966477 55.335872
 31.800000 -2.249094 2.510292 20.724677 31.187686
 32.000000 -2.264747 2.516393 20.810709 29.594185
 32.200000 -2.232585 2.923294 20.642124 34.974803
 32.400000 -2.795853 2.508186 20.291895 211.337651
 32.600000 -3.069174 2.853037 12.118088 1870.923385
 32.800000 -3.000850 3.031352 14.804696 1298.498452
 33.000000 -3.003313 2.567092 14.715676 1312.713248
 33.200000 -2.626246 2.728440 21.827139 55.062974
 33.400000 -2.347300 2.896013 21.341561 53.203740
 33.600000 -2.693503 2.315117 21.320728 57.638649
 33.800000 -2.355770 2.965351 21.404495 57.169493
 34.000000 -2.593043 2.591720 22.060992 42.063331
 34.200000 -2.840593 2.418652 19.568948 407.909110
 34.400000 -2.629570 2.958685 21.811083 55.889239
 34.600000 -3.106397 2.910036 10.529704 2325.918905
 34.800000 3.121228 2.650249 7.646927 3018.444735
 35.000000 -2.586667 3.077647 22.112142 39.071193
 35.200000 -2.743648 2.678133 20.960784 82.086428
 35.400000 -2.668638 2.828195 21.545404 54.587264
 35.600000 -2.518698 3.041611 22.384226 0.241620
 35.800000 -2.995684 2.727420 15.118627 1249.257752
 36.000000 2.937581 2.829684 -0.000068 0.000260
 36.200000 -2.885600 3.055022 18.597749 686.855227
 36.400000 -2.931381 2.611565 17.286878 946.501705
 36.600000 -2.677492 2.739323 21.519624 54.224736
 36.800000 -2.607696 2.913923 22.033285 49.007973
 37.000000 -3.031253 2.783935 13.856654 1461.578602
 37.200000 -2.607757 2.926601 22.078432 47.763706
 37.400000 -2.765814 2.520781 20.834118 116.151137
 37.600000 -2.508042 2.683004 22.447710 0.886389
 37.800000 -1.836801 2.928154 19.592063 48.109073
 38.000000 -2.199743 2.250198 20.448986 58.610782
 38.200000 -2.147230 2.576064 19.988923 92.574527
 38.400000 -2.260166 2.969752 20.848109 34.062079
 38.600000 -3.050508 2.698063 13.192167 1612.991028
 38.800000 -3.009690 2.869185 14.747028 1316.482818
 39.000000 2.963225 3.020294 -0.027763 0.479098
 39.200000 -2.701955 2.726627 21.498698 54.213191
 39.400000 -2.521926 2.599702 22.518003 0.057827
 39.600000 -2.217022 2.993463 20.587121 50.589387
 39.800000 -2.525357 2.715052 22.516545 0.370775
 40.000000 -2.701635 2.610324 21.501052 54.136783
 40.200000 -2.648844 3.082026 21.936148 51.056831
 40.400000 -2.952932 2.598163 16.781549 1059.159221
 40.600000 -3.135692 2.760679 9.385923 2699.373576
 40.800000 -3.012416 -3.096409 14.735019 1323.868402
 41.000000 -3.001797 2.572821 15.117212 1268.206875
 41.200000 -2.641894 2.818811 22.041333 50.448906
 41.400000 -2.209681 2.999526 20.544294 60.066783
 41.600000 -2.512539 2.304263 22.597516 1.144357
 41.800000 -2.103149 2.823530 19.526594 97.260410
 42.000000 -2.086232 2.869414 19.365768 82.655926
 42.200000 -2.799375 2.219307 20.674582 217.327732
 42.400000 -2.502976 3.012680 22.629223 4.975946
 42.600000 -2.914664 3.091826 18.070761 873.635681
 42.800000 3.139878 2.510886 9.093589 2816.075663
 43.000000 -2.494950 3.091227 22.607813 9.618586
 43.200000 -2.184541 2.959664 20.342276 85.646434
 43.400000 -2.222732 1.968668 20.661562 56.117188
 43.600000 -1.544803 2.047156 23.152512 118.579532
 43.800000 -0.478167 1.907346 -0.000000 0.000000
 44.000000 -1.078152 2.049031 20.521113 553.080211
 44.200000 -1.029923 1.722628 19.249365 772.423598
 44.400000 -0.454296 1.462870 -0.000000 0.000000
 44.600000 -1.089176 1.355217 20.736956 514.187493
 44.800000 -1.359934 0.708862 23.896197 0.408600
 45.000000 -0.742441 0.216369 8.884555 1233.517084
 45.200000 -1.324164 0.136865 23.799493 8.023255
 45.400000 -1.235509 0.866007 23.216896 115.942871
 45.600000 -1.290654 1.793703 23.661944 30.019910
 45.800000 -1.323527 2.314588 23.797674 8.276935
 46.000000 -1.779750 2.547436 19.901066 75.929343
 46.200000 -2.603722 2.762425 22.562505 41.222540
 46.400000 -3.089830 2.901277 11.898715 2027.739827
 46.600000 -3.111273 3.083956 10.897818 2337.634997
 46.800000 3.119657 2.612515 8.169524 3092.418361
 47.000000 -3.067868 2.862012 12.852649 1756.269357
 47.200000 -2.864306 2.996297 19.621859 567.237644
 47.400000 -3.003644 2.586153 15.358599 1261.255138
 47.600000 -2.683275 2.894448 22.024699 57.464116
 47.800000 -2.343733 2.865775 21.569989 68.584798
 48.000000 -2.399848 2.509368 22.085237 94.308965
 48.200000 -1.982828 2.646848 18.715487 0.116632
 48.400000 -2.100440 2.685917 19.420784 122.803893
 48.600000 -2.144350 2.709628 19.928457 134.201993
 48.800000 -2.465836 2.572395 22.697122 47.275532
 49.000000 -2.164221 3.062934 20.153550 121.082295
 49.200000 -2.302192 2.493504 21.299034 49.995644
 49.400000 -2.186158 2.627879 20.396874 102.366422
 49.600000 -2.122472 2.677650 19.676255 140.107994
 49.800000 -2.627238 2.520039 22.519860 52.553377
 50.000000 -2.708149 2.864798 21.903596 63.642667
 50.200000 -2.945130 3.019803 17.449575 1008.944676
 50.400000 -3.002370 2.713456 15.529417 1248.887633
 50.600000 3.006133 2.918316 1.955705 2456.476252
 50.800000 3.075563 3.024074 5.790282 3398.439816
 51.000000 -2.452388 2.871543 22.665729 64.131160
 51.200000 -1.944747 2.320642 18.738954 12.219416
 51.400000 -1.703346 2.212086 20.559673 168.343535
 51.600000 -2.151100 2.214755 20.048886 142.371480
 51.800000 -2.395979 2.912930 22.169622 97.950571
 52.000000 -2.828050 3.006568 20.533849 348.867183
 52.200000 3.065057 2.640255 5.257122 3406.904653
 52.400000 -2.918687 2.857126 18.328926 887.647254
 52.600000 -2.415186 2.969670 22.394094 94.693760
 52.800000 -2.144134 2.507079 19.979769 150.814263
 53.000000 -1.894625 2.568407 18.969388 34.298457
 53.200000 -2.026203 2.556353 18.766090 28.362590
 53.400000 -2.160884 2.884049 20.195364 142.100962
 53.600000 -2.064387 2.600335 19.052875 90.573839
 53.800000 -2.014061 2.389757 18.710402 14.776695
 54.000000 -2.003398 2.576019 18.676359 6.472853
 54.200000 -2.083826 2.709507 19.276549 126.936585
 54.400000 -2.596332 2.723830 22.878379 37.141646
 54.600000 -2.909878 2.797403 18.655048 844.191874
 54.800000 3.054369 3.069137 4.702603 3368.492917
 55.000000 -2.962182 2.786532 17.028238 1077.203588
 55.200000 -2.472768 2.873594 22.970286 38.176536
 55.400000 -2.140145 2.444041 19.999722 161.110689
 55.600000 -1.773500 2.616686 19.741951 64.507141
 55.800000 -2.011593 2.499327 18.715731 15.572960
 56.000000 -2.734495 2.676523 21.880656 75.899197
 56.200000 -2.959098 3.018038 17.188006 1063.639474
 56.400000 3.054093 2.813664 4.749605 3398.166992
 56.600000 -2.157193 2.569249 20.243925 150.149688
 56.800000 -1.526469 2.214435 22.863273 110.471580
 57.000000 -1.555946 1.816381 22.520186 161.511074
 57.200000 -1.044850 0.607360 19.245505 710.893027
 57.400000 -1.148000 0.150429 21.569906 351.870497
 57.600000 -0.733509 -0.016528 8.104256 1211.385860
 57.800000 -0.910906 -0.043519 14.795482 1509.582630
 58.000000 -0.552489 -0.031525 0.990028 1796.917803
 58.200000 -0.851360 0.195523 12.409312 1552.492400
 58.400000 -1.459619 0.913004 23.339852 30.847834
 58.600000 -1.325325 1.227025 23.507689 10.098139
 58.800000 -1.181733 1.136982 22.128497 260.722521
 59.000000 -1.436349 0.704927 23.450331 15.733983
 59.200000 -0.819296 0.284444 11.131218 1450.497774
 59.400000 -0.597352 0.211042 2.882759 1789.677748
 59.600000 -1.185329 0.222684 22.158972 253.831152
 59.800000 -0.947290 0.552830 16.104485 1326.540862
 60.000000 -1.403822 1.136902 23.540996 4.256235
 60.200000 -0.824832 1.186701 11.315370 1473.400754
 60.400000 -0.753644 1.204404 8.714902 1221.604333
 60.600000 -1.649850 1.105980 21.017748 204.332150
 60.800000 -1.705129 0.618578 20.303935 126.854910
 61.000000 -0.818851 0.474706 11.086703 1450.006056
 61.200000 -1.584777 0.758841 21.943938 209.939119
 61.400000 -1.132445 1.236688 21.160560 394.011803
 61.600000 -1.095722 1.419114 20.385499 501.461748
 61.800000 -1.638218 1.131582 21.154436 211.534887
 62.000000 -1.523421 0.645899 22.743778 124.064259
 62.200000 -1.046673 0.316106 19.177917 696.622540
 62.400000 -0.863993 0.373594 12.808539 1585.620404
 62.600000 -1.773562 1.456279 19.652217 53.355430
 62.800000 -1.427793 1.811683 23.456940 16.705611
 63.000000 -1.996722 2.021222 18.681414 10.050537
 63.200000 -1.985522 2.732999 18.647296 3.565608
 63.400000 -2.613741 2.813452 22.962553 48.986026
 63.600000 3.025964 2.759961 3.264853 3083.684750
 63.800000 -2.497138 3.025647 23.273108 12.265565
 64.000000 -1.946203 2.529595 18.660949 5.586455
 64.200000 -1.928814 1.944907 18.710323 13.528392
 64.400000 -1.608153 2.409538 21.527121 219.739307
 64.600000 -2.052992 2.808109 19.066351 102.997002
 64.800000 3.067329 2.638251 5.673978 3537.115287
 65.000000 3.024267 3.022787 3.180054 3056.199582
 65.200000 -2.808619 2.867361 21.185407 249.038852
 65.400000 -2.635065 2.603557 22.832592 56.111796
 65.600000 -2.100955 2.931143 19.655971 178.253476
 65.800000 -2.123728 2.611981 19.964296 184.683845
 66.000000 -2.106674 2.410547 19.732749 181.968157
 66.200000 -2.144814 2.668042 20.262726 170.818551
 66.400000 -2.232537 2.763315 21.194790 64.377914
 66.600000 -2.636718 2.473788 22.832751 56.406953
 66.800000 -2.390480 2.809117 22.462400 99.550602
 67.000000 -2.387788 2.764395 22.435582 98.974686
 67.200000 -2.079694 2.595574 19.418330 153.120240
 67.400000 -1.889409 2.442868 18.900080 27.746430
 67.600000 -1.914291 2.464834 18.780592 17.921344
 67.800000 -2.609729 2.810862 23.042438 47.616215
 68.000000 2.876233 -3.060332 -0.000000 0.000000
 68.200000 3.081006 2.750261 6.527997 3540.024348
 68.400000 3.138613 2.498425 9.829451 2902.895867
 68.600000 2.994492 -2.977523 1.654734 2405.712145
 68.800000 -3.034795 2.903963 14.793179 1423.850798
 69.000000 -2.627532 2.599683 22.931036 55.184027
 69.200000 -2.373640 2.701956 22.344124 94.352189
 69.400000 -2.537242 2.892819 23.404803 1.504043
 69.600000 -2.983773 2.694406 16.628941 1143.399772
 69.800000 2.965231 2.929123 0.332962 1923.505227
 70.000000 2.917423 2.922330 -0.000004 0.000001
 70.200000 -2.569285 2.787759 23.332190 20.128394
 70.400000 -2.300876 2.510506 21.744576 51.962196
 70.600000 -1.745122 2.697491 19.780890 62.356693
 70.800000 -2.257318 2.427851 21.440263 50.309646
 71.000000 -2.398776 2.677876 22.612003 101.855949
 71.200000 -2.817554 2.931880 21.096829 285.468266
 71.400000 3.138822 2.924625 9.904830 2913.164178
 71.600000 -2.888315 2.779829 19.565197 683.890707
 71.800000 -2.525978 2.739738 23.454805 0.005048
 72.000000 -2.487362 2.578069 23.362521 21.747262
 72.200000 -2.077421 2.787236 19.490350 150.912450
 72.400000 -2.226226 2.588095 21.235774 67.057127
 72.600000 -2.138306 2.571924 20.289918 170.399999
 72.800000 -1.864123 2.610730 19.036440 26.995888
 73.000000 -2.233755 2.804274 21.296081 61.447786
 73.200000 -2.262730 2.671762 21.526862 48.704429
 73.400000 -2.071436 2.611915 19.445926 142.002204
 73.600000 -1.800422 2.566744 19.378017 33.006372
 73.800000 -2.059378 2.471233 19.307422 121.548679
 74.000000 -1.904760 2.648043 18.850718 14.994455
 74.200000 -1.884724 2.674894 18.940917 19.231679
 74.400000 -2.438120 2.413842 23.079669 82.861392
 74.600000 -2.182173 2.719803 20.872126 112.788782
 74.800000 -2.579530 2.800454 23.368061 29.842607
 75.000000 -2.944659 2.568938 17.975959 963.335449
 75.200000 -2.951228 2.984165 17.780938 987.579629
 75.400000 -3.004163 2.865178 16.030072 1210.584075
 75.600000 3.122665 2.524113 9.089985 3179.005233
 75.800000 -2.664312 2.994414 22.759344 67.251133
 76.000000 3.095395 2.746072 7.509666 3508.702313
 76.200000 -2.623659 2.723209 23.104569 61.122112
 76.400000 -2.210089 2.594930 21.199857 74.835702
 76.600000 -1.791879 2.517168 19.394214 30.498589
 76.800000 -1.989768 2.502967 18.877056 16.500615
 77.000000 -2.043435 2.524914 19.255222 96.985840
 77.200000 -2.145465 2.909992 20.548601 150.725377
 77.400000 -2.352624 2.632287 22.297642 85.504557
 77.600000 -2.581956 2.786900 23.413930 33.359666
 77.800000 -2.588977 2.832802 23.371609 39.323719
 78.000000 -2.779138 2.811422 21.710523 156.262781
 78.200000 -2.989106 2.650765 16.604644 1126.549416
 78.400000 -2.707618 2.975014 22.443945 74.636229
 78.600000 -2.719298 2.688336 22.341677 79.097841
 78.800000 -2.614036 2.728187 23.218762 57.527872
 79.000000 -2.635053 2.825831 23.052778 66.258188
 79.200000 3.089601 2.600418 7.223489 3591.062596
 79.400000 -3.056169 3.005844 14.185006 1589.343893
 79.600000 -2.841717 2.763226 20.729174 405.344472
 79.800000 -2.575459 2.493147 23.497596 27.617735
 80.000000 -1.782872 2.795869 19.405393 28.837984
 80.200000 -2.017155 2.426516 19.173843 58.003688
 80.400000 -1.795606 2.604261 19.327164 23.488568
 80.600000 -2.130938 2.432027 20.468240 156.476647
 80.800000 -1.870530 2.740455 19.022553 11.078906
 81.000000 -2.430466 2.412095 23.147518 90.783667
 81.200000 -2.299513 2.822623 21.957585 50.425137
 81.400000 -2.787921 2.527249 21.672630 186.568701
 81.600000 -2.509553 2.953474 23.667896 4.152159
 81.800000 -2.598380 2.750390 23.410395 45.952469
 82.000000 -2.271382 2.666119 21.766950 43.232427
 82.200000 -1.776363 2.597613 19.399488 26.644827
 82.400000 -1.903191 2.320623 18.959971 2.777708
 82.600000 -2.121484 2.327958 20.425855 157.663928
 82.800000 -2.102025 3.046808 20.179268 161.478160
 83.000000 -2.266585 2.459259 21.763964 42.629471
 83.200000 -2.407761 2.092706 22.997835 103.998875
 83.400000 -1.329789 2.755102 23.204280 16.719772
 83.600000 -0.795929 2.533110 9.592262 1408.288086
 83.800000 -0.566723 1.312961 1.301531 1520.059135
 84.000000 -1.625203 0.612175 20.819824 191.220727
 84.200000 -1.032099 0.333881 18.286927 765.451214
 84.400000 -0.998007 0.911086 17.280021 989.661174
 84.600000 -1.803796 1.549639 19.255578 15.606465
 84.800000 -1.932711 1.883134 18.975330 0.303262
 85.000000 -1.584408 2.796913 21.376048 207.973540
 85.200000 -2.461863 2.841409 23.538525 52.226998
 85.400000 2.977953 2.699344 0.982959 2096.866516
 85.600000 3.016410 -3.105680 2.938995 3060.896711
 85.800000 3.079460 2.591025 6.671750 3689.937059
 86.000000 -1.755539 2.800121 19.477155 33.725235
 86.200000 -0.796254 2.221492 9.516495 1414.377812
 86.400000 -1.036125 1.563264 18.340535 741.879408
 86.600000 -1.502350 0.756078 22.420307 128.738366
 86.800000 -0.953872 0.389095 15.726118 1317.936053
 87.000000 -1.000885 0.557620 17.313558 968.073809
 87.200000 -1.730305 0.785161 19.615774 51.111807
 87.400000 -1.496824 1.141146 22.460267 120.962524
 87.600000 -1.210328 1.322759 21.916808 230.394225
 87.800000 -1.506425 0.952079 22.351645 135.034102
 88.000000 -1.177148 0.563198 21.376477 300.182098
 88.200000 -1.402868 1.100911 23.128811 10.188620
 88.400000 -1.300647 1.374021 22.931464 51.599608
 88.600000 -1.734220 0.974738 19.577311 46.484974
 88.800000 -1.247663 0.809671 22.413064 150.075645
 89.000000 -1.429040 1.386410 23.013230 31.543404
 89.200000 -1.892425 1.640150 19.048392 0.397445
 89.400000 -1.640902 1.575696 20.494557 165.567023
 89.600000 -1.077289 1.122777 19.313619 555.153130
 89.800000 -1.972023 0.812727 19.183955 21.794301
 90.000000 -1.328792 0.316130 23.079984 18.380448
 90.200000 -0.978757 0.497088 16.500020 1137.063717
 90.400000 -0.994816 0.881447 17.026976 1017.797014
 90.600000 -2.030201 1.148690 19.632350 94.930056
 90.800000 -1.479044 1.010563 22.599735 95.887207
 91.000000 -1.131332 0.917343 20.467800 400.616657
 91.200000 -1.986351 1.046488 19.305717 38.125517
 91.400000 -1.278469 0.882275 22.707987 89.845986
 91.600000 -0.821953 0.672817 10.374811 1542.049303
 91.800000 -1.509720 0.840451 22.253579 140.663884
 92.000000 -1.703334 1.129983 19.800048 77.071237
 92.200000 -0.938353 1.032934 15.010663 1431.458903
 92.400000 -1.991210 1.054014 19.358407 44.906656
 92.600000 -1.573161 1.070820 21.403263 198.078191
 92.800000 -0.898091 0.527479 13.430122 1627.750572
 93.000000 -1.051032 0.401415 18.609151 671.869995
 93.200000 -1.769039 0.851231 19.375141 21.189530
 93.400000 -0.840610 0.959046 11.075761 1616.401971
 93.600000 -1.451750 1.416397 22.804527 58.963818
 93.800000 -1.633594 0.990403 20.566311 166.457355
 94.000000 -0.993493 0.265612 16.929866 1031.272951
 94.200000 -1.161305 -0.009247 20.985646 338.637982
 94.400000 -0.604073 -0.363408 2.561160 1369.577796
 94.600000 -0.443551 0.097919 -0.000000 0.000000
 94.800000 -1.687134 0.881170 19.959799 94.394709
 95.000000 -1.763044 1.516371 19.412239 24.186509
 95.200000 -1.129970 2.222713 20.370755 406.206592
 95.400000 -0.634943 2.438812 3.670696 1273.313342
 95.600000 -0.570657 1.882174 1.304750 1395.046988
 95.800000 -1.425000 1.427913 22.961117 28.707817
 96.000000 -1.347545 0.700309 23.083283 5.730777
 96.200000 -0.785946 -0.004039 8.905225 1380.282418
 96.400000 -0.697544 -0.353261 5.817463 1141.436902
 96.600000 -0.633888 -0.419568 3.620566 1272.225466
 96.800000 -0.796064 0.289649 9.284475 1429.935529
 97.000000 -1.402789 0.824435 23.048915 10.694640
 97.200000 -1.777917 1.474544 19.370519 18.124974
 97.400000 -1.359647 2.032707 23.087926 1.252992
 97.600000 -0.603884 2.249039 2.525806 1353.603994
 97.800000 -0.919272 2.072348 14.203103 1545.780908
 98.000000 -0.764045 1.704544 8.100684 1280.495338
 98.200000 -1.645163 1.074898 20.438622 140.402291
 98.400000 -0.983246 0.422673 16.532707 1111.661993
 98.600000 -0.483419 0.030545 -0.000000 0.000000
 98.800000 -0.749567 -0.106163 7.586625 1226.361735
 99.000000 -0.732880 -0.198020 7.008204 1179.577540
 99.200000 -0.677914 -0.102662 5.139823 1164.789638
 99.400000 -1.229224 0.461733 22.044046 195.140855
 99.600000 -1.391164 1.458067 23.056377 4.441888
 99.800000 -0.937836 1.469336 14.903127 1432.225970
 100.000000 -0.302950 1.065021 -0.000000 0.000000
 100.200000 -1.495217 1.273997 22.431667 116.047514
 100.400000 -1.648843 0.790100 20.494205 132.264233
 100.600000 -0.807776 0.480919 9.812379 1477.417159
 100.800000 -1.784565 1.045974 19.456370 16.685607
 101.000000 -1.172120 1.366710 21.212330 315.701947
 101.200000 -1.061390 1.197202 18.864565 630.438576
 101.400000 -1.475630 0.967447 22.625708 89.415876
 101.600000 -1.117686 0.562557 20.152947 437.728400
 101.800000 -0.770367 0.284262 8.419290 1307.562083
 102.000000 -1.388858 0.382480 23.136022 3.450932
 102.200000 -1.222364 1.142796 22.013880 209.769002
 102.400000 -1.273623 1.599202 22.648907 102.314222
 102.600000 -1.027774 0.929977 17.960011 806.448433
 102.800000 -1.617083 0.669053 20.893474 159.102911
 103.000000 -1.414580 0.939720 23.052115 18.953955
 103.200000 -1.066748 1.390733 18.989219 611.619188
 103.400000 -0.891169 1.366176 13.142973 1613.886679
 103.600000 -1.110728 1.129526 20.001081 459.520723
 103.800000 -1.577092 0.586424 21.419128 173.053419
 104.000000 -1.317926 0.498869 22.997065 31.292818
 104.200000 -0.797502 1.038381 9.432442 1428.776492
 104.400000 -0.939477 1.540812 15.029869 1401.772615
 104.600000 -1.315182 1.820315 22.980122 34.211786
 104.800000 -0.603190 1.537382 2.575559 1347.293400
 105.000000 -1.123157 1.687996 20.264491 428.014241
 105.200000 -1.034580 1.124206 18.147895 771.495802
 105.400000 -1.418478 0.573335 23.027429 21.609978
 105.600000 -1.038060 0.760414 18.243963 752.414267
 105.800000 -1.392648 1.326510 23.116150 4.802216
 106.000000 -1.318024 1.199694 22.994873 30.425386
 106.200000 -1.120363 0.594943 20.218574 437.670169
 106.400000 -1.210793 0.566815 21.858688 231.229071
 106.600000 -1.323862 0.941194 23.029133 23.688680
 106.800000 -1.214039 1.303163 21.907655 224.080673
 107.000000 -1.141673 1.196110 20.650293 384.586972
 107.200000 -1.497973 0.825833 22.408859 112.867001
 107.400000 -1.134047 0.625814 20.514392 406.219228
 107.600000 -1.417791 1.097040 23.036744 21.009097
 107.800000 -1.599845 1.246706 21.150716 164.577699
 108.000000 -1.000458 0.703450 17.146492 985.027673
 108.200000 -1.595876 0.734208 21.211162 166.777869
 108.400000 -1.367319 1.044202 23.154952 0.071883
 108.600000 -1.187903 1.233731 21.530727 281.068254
 108.800000 -1.474803 1.257330 22.647980 83.575008
 109.000000 -1.290894 0.511647 22.836819 64.707077
 109.200000 -1.130866 0.555620 20.489972 420.786479
 109.400000 -1.624603 1.155243 20.857701 151.641811
 109.600000 -1.534829 1.647955 22.006679 150.915193
 109.800000 -1.339632 1.100847 23.120096 9.198925
 110.000000 -1.269754 0.470709 22.661976 99.914494
 110.200000 -1.382862 0.169918 23.169874 1.637197
 110.400000 -0.864156 0.668896 12.096463 1622.658668
 110.600000 -1.681656 1.360366 20.228460 96.980423
 110.800000 -1.576328 1.584591 21.490850 171.553650
 111.000000 -1.408809 1.571749 23.104888 13.751233
 111.200000 -0.779278 1.312600 8.779725 1389.979610
 111.400000 -1.824580 0.960862 19.331043 10.742016
 111.600000 -0.825044 0.571664 10.538645 1557.935055
 111.800000 -1.166159 0.548041 21.223923 333.934694
 112.000000 -1.673823 1.191390 20.317920 106.675750
 112.200000 -1.642287 1.316860 20.682044 140.477326
 112.400000 -0.983237 1.281642 16.621122 1118.326061
 112.600000 -1.710579 1.025632 19.984255 71.117692
 112.800000 -1.115542 0.604147 20.233646 477.790357
 113.000000 -1.483815 0.992554 22.622241 93.404977
 113.200000 -1.464533 1.263476 22.813025 68.949251
 113.400000 -0.643751 0.903853 3.981581 1250.746700
 113.600000 -1.344268 0.480556 23.197099 5.653507
 113.800000 -1.867368 0.926493 19.220602 2.353953
 114.000000 -1.275443 0.966472 22.800904 83.051275
 114.200000 -1.254691 1.018010 22.614528 121.062909
 114.400000 -1.703157 1.120513 20.075209 80.391981
 114.600000 -0.638171 0.732865 3.775521 1260.583418
 114.800000 -1.766014 0.942376 19.610697 35.108909
 115.000000 -1.128700 0.979850 20.564433 443.748772
 115.200000 -1.270713 1.062412 22.802395 89.111757
 115.400000 -1.387547 0.969031 23.247941 3.055949
 115.600000 -1.172250 0.660942 21.440403 320.574476
 115.800000 -1.328956 0.712653 23.188916 14.532976
 116.000000 -1.480156 1.091022 22.715895 88.091352
 116.200000 -1.164534 1.118547 21.328628 342.823284
 116.400000 -1.533807 1.014563 22.150809 151.483511
 116.600000 -1.112562 0.898261 20.264914 502.274386
 116.800000 -1.462302 1.080826 22.896566 65.599727
 117.000000 -1.352044 0.952849 23.275305 2.480594
 117.200000 -1.350898 0.840254 23.301879 2.841290
 117.400000 -1.438970 0.892953 23.093125 39.117652
 117.600000 -1.513823 1.237216 22.415466 131.370257
 117.800000 -1.487488 1.093301 22.697690 98.185437
 118.000000 -1.124529 0.671977 20.555657 466.057150
 118.200000 -1.543138 0.736185 22.087007 163.066933
 118.400000 -1.261098 1.264805 22.795773 105.810252
 118.600000 -1.144956 1.379192 21.010703 403.730141
 118.800000 -1.158652 1.088523 21.278689 362.485024
 119.000000 -1.587258 0.612330 21.503877 179.824539
 119.200000 -1.433554 0.426032 23.194853 33.933855
 119.400000 -1.325309 1.334388 23.293704 17.336580
 119.600000 -1.139388 1.406732 20.932473 423.254310
 119.800000 -0.811730 0.964700 10.045783 1562.516952
 120.000000 -1.543632 0.862697 22.109827 166.311240
 120.200000 -0.919087 0.695017 14.364714 1525.814296
 120.400000 -1.299648 1.075166 23.190121 43.801204
 120.600000 -1.823330 1.189899 19.334310 18.710005
 120.800000 -1.200029 0.685071 22.071323 245.861335
 121.000000 -0.849182 0.226300 11.552208 1649.169151
 121.200000 -0.750333 -0.098281 7.696774 1362.099961
 121.400000 -0.480163 -0.290347 -0.000000 0.000000
 121.600000 -0.633070 -0.068630 3.524449 1263.126453
 121.800000 -1.159936 0.377587 21.411865 361.347809
 122.000000 -1.298888 1.116859 23.219257 44.848415
 122.200000 -1.248471 1.516401 22.798745 128.579122
 122.400000 -0.931243 0.949948 14.860639 1480.986903
 122.600000 -2.039991 0.659027 19.973749 125.394574
 122.800000 -1.851605 0.527504 19.221665 10.270492
 123.000000 -1.011866 0.169017 17.708999 1010.813131
 123.200000 -1.044912 0.601926 18.735885 834.470503
 123.400000 -1.900388 1.081737 19.130270 0.016577
 123.600000 -1.305970 1.152149 23.333884 36.337521
 123.800000 -1.222649 1.102414 22.512613 186.043314
 124.000000 -1.823454 0.923988 19.330614 21.158512
 124.200000 -1.266149 0.681579 23.055904 93.894022
 124.400000 -0.959038 0.723728 15.935959 1343.580282
 124.600000 -1.564619 0.987611 21.973076 198.367638
 124.800000 -1.621074 1.083858 21.176467 187.641137
 125.000000 -1.237676 1.003236 22.743104 150.723618
 125.200000 -1.489457 0.968527 22.959355 111.485886
 125.400000 -1.102624 0.872667 20.321263 576.879913
 125.600000 -1.886833 1.084334 19.128826 1.784457
 125.800000 -1.255321 1.079830 22.980166 113.497114
 126.000000 -1.068548 0.781754 19.452281 729.054325
 126.200000 -1.799922 0.852925 19.464201 34.167536
 126.400000 -1.694395 0.817462 20.312162 111.596817
 126.600000 -0.786299 0.934957 9.071064 1526.353472
 126.800000 -1.591635 1.299728 21.641055 209.717043
 127.000000 -1.679643 1.515330 20.473813 128.840576
 127.200000 -1.020838 0.830929 18.107687 996.964390
 127.400000 -1.153643 0.406795 21.505624 388.157562
 127.600000 -1.705101 0.489194 20.217912 101.844080
 127.800000 -1.656858 1.032672 20.766770 159.432842
 128.000000 -0.864931 1.425565 12.259104 1691.932381
 128.200000 -0.872721 1.801197 12.590721 1691.123308
 128.400000 -0.697868 2.142487 5.780389 1282.204805
 128.600000 -0.576970 2.324227 1.476536 1267.289303
 128.800000 -1.094477 2.246801 20.216296 625.017333
 129.000000 -0.533720 1.824805 -0.014822 120.876688
 129.200000 -1.281281 1.558112 23.359139 67.895578
 129.400000 -1.365123 0.682883 23.736868 0.533425
 129.600000 -0.500011 -0.122275 -0.000013 0.000014
 129.800000 -0.774357 -0.354131 8.624331 1503.211382
 130.000000 -1.058885 -0.077760 19.297271 800.999902
 130.200000 -0.960675 0.708708 16.102498 1370.370710
 130.400000 -1.301160 1.248469 23.538439 41.918346
 130.600000 -1.375007 0.832063 23.773524 0.026731
 130.800000 -0.926888 0.304430 14.811362 1544.342662
 131.000000 -1.153061 0.615534 21.595721 393.632131
 131.200000 -1.282296 1.081171 23.435950 66.182456
 131.400000 -1.841818 1.437282 19.263400 21.805050
 131.600000 -1.205232 1.087296 22.543036 227.462316
 131.800000 -1.014550 0.230470 18.001996 1058.404314
 132.000000 -0.714990 -0.163990 6.412696 1329.338357
 132.200000 -0.694345 0.007231 5.671937 1297.379317
 132.400000 -1.181040 0.412149 22.186511 299.647593
 132.600000 -1.294491 1.372045 23.563118 49.765222
 132.800000 -0.919399 1.048230 14.552977 1584.859890
 133.000000 -1.021183 0.796431 18.242274 1024.970067
 133.200000 -1.761625 0.770496 19.788913 65.826146
 133.400000 -1.229751 0.746326 22.956414 164.457733
 133.600000 -1.453815 1.002432 23.571756 58.978617
 133.800000 -1.329114 0.945956 23.789618 16.032065
 134.000000 -1.244930 0.806917 23.140604 131.021446
 134.200000 -1.386612 0.932973 23.909229 1.584847
 134.400000 -1.582693 1.161617 21.999113 231.284442
 134.600000 -1.095087 0.955435 20.422658 644.095335
 134.800000 -1.487536 1.016655 23.294584 115.413154
 135.000000 -1.453934 0.982205 23.606292 59.964850
 135.200000 -1.358106 0.781716 23.948896 1.906541
 135.400000 -1.422250 0.815298 23.843979 22.320266
 135.600000 -1.239343 1.160013 23.155853 143.646394
 135.800000 -1.671303 1.202289 20.750572 161.335939
 136.000000 -1.217174 0.757256 22.867556 196.810240
 136.200000 -0.992507 0.459239 17.382151 1215.430510
 136.400000 -0.781795 0.051203 9.002569 1565.950075
 136.600000 -0.581667 -0.346521 1.645119 1279.717672
 136.800000 -0.631661 -0.250421 3.440892 1290.783249
 137.000000 -0.711378 0.082796 6.320888 1351.663201
 137.200000 -1.104397 0.421728 20.756439 614.656473
 137.400000 -1.431487 1.175376 23.881828 32.759568
 137.600000 -1.493068 1.462459 23.347602 130.948483
 137.800000 -1.281745 1.049578 23.669347 67.604418
 138.000000 -0.782443 0.160911 9.045310 1572.151606
 138.200000 -0.554940 -0.563722 0.698582 1247.172332
 138.400000 -0.604658 -0.301195 2.476726 1301.102995
 138.600000 -0.965130 0.536132 16.442234 1382.683692
 138.800000 -1.262993 1.292490 23.541195 98.568946
 139.000000 -1.703221 1.476636 20.417716 129.785665
 139.200000 -1.530415 1.203755 22.938739 202.212670
 139.400000 -1.024538 0.609178 18.537578 1044.131391
 139.600000 -1.705946 0.892084 20.400573 129.484559
 139.800000 -1.056172 0.904629 19.514546 866.661580
 140.000000 -0.710419 1.043964 6.323489 1368.064841
 140.200000 -1.599752 1.191408 21.901144 249.901047
 140.400000 -1.538852 0.720524 22.850375 217.899318
 140.600000 -0.710250 0.597706 6.330958 1373.511817
 140.800000 -1.438285 0.946933 23.968557 42.961491
 141.000000 -1.489749 1.161776 23.501598 131.133178
 141.200000 -0.963739 0.856921 16.465496 1402.547679
 141.400000 -1.386263 0.676014 24.217913 1.662500
 141.600000 -1.664880 1.103031 20.951139 187.707126
 141.800000 -0.681116 0.940728 5.272359 1336.097796
 142.000000 -1.430442 1.077164 24.061995 33.590810
 142.200000 -1.126086 0.696589 21.451857 529.355716
 142.400000 -0.556767 -0.113866 0.775437 1256.211575
 142.600000 -0.381448 -0.736931 -0.000000 0.000000
 142.800000 -0.869324 -0.373206 12.708567 1731.288943
 143.000000 -0.531398 0.304464 -0.027198 3.960612
 143.200000 -1.533747 1.100659 23.036595 221.047939
 143.400000 -1.517030 1.375556 23.277034 191.985442
 143.600000 -1.031617 0.976744 18.884012 1022.557113
 143.800000 -1.362074 1.122109 24.310300 1.309819
 144.000000 -1.564178 0.835848 22.564249 256.716020
 144.200000 -0.988013 0.779110 17.433411 1281.639884
 144.400000 -0.849239 0.763459 11.915502 1734.576345
 144.600000 -1.886714 0.874211 19.008805 10.558247
 144.800000 -1.825930 1.199427 19.336162 50.811150
 145.000000 -0.901556 0.897676 14.085554 1677.936610
 145.200000 -0.665216 0.781962 4.741573 1350.204369
 145.400000 -1.603113 0.954410 21.993939 269.366186
 145.600000 -1.241035 0.743175 23.578969 147.960311
 145.800000 -1.242155 0.741869 23.592537 145.511351
 146.000000 -1.735915 1.040893 20.149625 116.715601
 146.200000 -1.124768 0.929539 21.565292 542.288744
 146.400000 -1.106559 0.947694 21.124994 628.619851
 146.600000 -1.610581 0.744102 21.902883 269.338192
 146.800000 -1.180534 0.930881 22.711460 318.131823
 147.000000 -1.485209 1.025150 23.808464 132.262812
 147.200000 -0.920552 0.721941 14.933363 1623.687447
 147.400000 -1.408556 0.821686 24.435561 12.142132
 147.600000 -1.345570 0.978134 24.449894 8.319095
 147.800000 -1.225124 0.992412 23.452763 186.140369
 148.000000 -1.654318 0.980418 21.238621 226.554619
 148.200000 -1.146273 0.698865 22.122896 453.207628
 148.400000 -1.345984 1.177855 24.498858 8.142243
 148.600000 -1.436154 1.106759 24.345260 42.356172
 148.800000 -1.059367 0.667726 19.900540 886.959179
 149.000000 -1.380297 0.836432 24.539672 0.271137
 149.200000 -1.427047 1.117766 24.450994 30.854296
 149.400000 -1.120884 0.907750 21.590455 571.475839
 149.600000 -1.335446 0.756147 24.515302 14.869491
 149.800000 -1.166721 0.812384 22.581591 374.238021
 150.000000 -1.133786 1.144050 21.890607 511.692891
 150.200000 -1.574126 0.961205 22.649542 293.769843
 150.400000 -1.216959 0.629692 23.481242 212.696814
 150.600000 -0.902772 0.708275 14.279875 1685.993237
 150.800000 -1.648091 1.191147 21.404371 249.649120
 151.000000 -1.346991 1.005740 24.611408 7.730510
 151.200000 -0.963121 0.598984 16.699459 1446.509578
 151.400000 -1.525114 0.664213 23.496208 233.477524
 151.600000 -1.397588 1.127126 24.680280 5.810651
 151.800000 -0.939139 1.391308 15.769339 1559.333460
 152.000000 -0.823384 1.363735 10.996099 1722.430128
 152.200000 -1.291754 1.245961 24.424784 62.452691
 152.400000 -1.461486 0.579145 24.351996 91.883859
 152.600000 -0.723949 0.482433 7.029668 1481.696539
 152.800000 -1.274496 0.823135 24.275139 89.113920
 153.000000 -1.687082 1.209231 20.860083 203.767277
 153.200000 -1.656594 1.034287 21.342458 255.249339
 153.400000 -1.104827 0.898729 21.351607 675.549618
 153.600000 -1.821543 0.656405 19.341048 73.886584
 153.800000 -1.506410 1.081219 23.867452 199.128488
 154.000000 -1.284968 1.197122 24.423389 72.833042
 154.200000 -1.351244 1.079087 24.844010 5.844572
 154.400000 -1.334554 0.759377 24.790131 16.226996
 154.600000 -1.338043 0.801815 24.803607 13.666418
 154.800000 -1.057801 1.288167 20.055872 938.626349
 155.000000 -0.983710 1.487510 17.549403 1352.698002
 155.200000 -1.194825 1.421831 23.384853 291.137174
 155.400000 -1.235025 1.034097 23.991216 172.739793
 155.600000 -1.239803 0.582277 24.052937 161.109494
 155.800000 -0.919937 0.479731 15.099733 1644.351821
 156.000000 -1.280955 0.720833 24.497210 79.672437
 156.200000 -1.740519 1.098823 20.204464 156.178870
 156.400000 -1.351251 1.281093 24.955397 5.730733
 156.600000 -0.882155 0.872992 13.567962 1743.705144
 156.800000 -1.935013 1.036717 18.782021 0.651624
 157.000000 -1.312317 0.844602 24.789413 37.017596
 157.200000 -0.876713 0.684722 13.364452 1756.290583
 157.400000 -1.678835 0.860141 21.088574 244.756536
 157.600000 -1.543087 1.003996 23.478305 292.890355
 157.800000 -1.227784 0.982621 24.004016 193.501567
 158.000000 -1.548187 1.204942 23.390350 301.757700
 158.200000 -1.573047 0.848314 22.988282 336.459981
 158.400000 -1.159943 0.657026 22.881147 436.638965
 158.600000 -0.573658 0.791329 1.422161 1325.943630
 158.800000 -1.938488 1.054044 18.754042 1.180812
 159.000000 -1.803525 0.992260 19.500844 105.106490
 159.200000 -0.571025 0.572979 1.326419 1319.475727
 159.400000 -1.582124 0.654422 22.862007 346.736002
 159.600000 -1.805330 1.048667 19.483168 106.825718
 159.800000 -1.110341 1.070548 21.760241 686.319688
 160.000000 -0.920089 1.250796 15.210791 1660.105334
 160.200000 -1.882809 1.392924 18.852270 27.192940
 160.400000 -1.495937 1.121980 24.355493 188.146637
 160.600000 -0.640147 0.280796 3.898765 1426.533633
 160.800000 -0.569008 -0.497386 1.254150 1314.571428
 161.000000 -0.539133 -0.515701 0.168435 1417.996632
 161.200000 -0.998682 0.551087 18.309019 1319.187410
 161.400000 -1.337921 1.346598 25.186092 12.847610
 161.600000 -1.725524 1.403165 20.478767 199.390271
 161.800000 -1.077363 0.787176 20.919185 883.289469
 162.000000 -0.472600 -0.095353 -0.000000 0.000000
 162.200000 0.733560 -1.336379 -0.000000 0.000000
