#! FIELDS time phi psi ves.bias ves.force2
#! SET min_phi -pi
#! SET max_phi pi
#! SET min_psi -pi
#! SET max_psi pi
 0.000000 -1.498385 0.273949 25.037724 141.910265
 0.200000 -1.658940 1.429992 22.697942 237.880910
 0.400000 -1.197499 2.100720 24.198661 395.847610
 0.600000 -0.530121 2.261653 -0.020315 10.796084
 0.800000 -1.721518 1.867617 21.829509 136.072918
 1.000000 -1.968749 1.384084 21.559148 11.065457
 1.200000 -0.755362 0.376961 9.498280 1636.036513
 1.400000 -0.826703 -0.234344 12.297830 1502.031495
 1.600000 -0.890594 -0.562323 14.792116 1544.831508
 1.800000 -0.599729 -0.124700 2.543126 2021.926289
 2.000000 -0.777407 0.460609 10.378149 1556.419365
 2.200000 -1.764612 1.286827 21.736462 52.158445
 2.400000 -1.667842 1.631441 22.820528 195.429223
 2.600000 -1.258056 1.454204 25.272988 177.639055
 2.800000 -0.636619 0.530538 4.373888 2218.639472
 3.000000 -0.609260 -0.271677 3.095498 2122.459454
 3.200000 -0.593300 -0.681417 2.484418 2050.628276
 3.400000 -0.621541 -0.184814 3.793104 2215.790109
 3.600000 -1.694387 0.853408 22.503406 174.727077
 3.800000 -1.484810 2.068757 25.253829 99.542225
 4.000000 -0.539066 2.656683 0.216359 1613.499493
 4.200000 -0.885394 2.026257 14.871885 1490.013536
 4.400000 -1.052783 0.919920 20.725653 835.895348
 4.600000 -0.567743 -0.461957 1.483043 1816.457967
 4.800000 -0.454865 -1.018404 -0.000000 0.000000
 5.000000 -0.811941 -0.039883 12.048999 1464.503079
 5.200000 -1.327202 0.980303 25.947210 22.543490
 5.400000 -1.656478 1.595976 23.041836 244.460144
 5.600000 -1.529606 1.836173 24.904076 146.550934
 5.800000 -1.748012 2.221831 21.842849 86.363383
 6.000000 -2.074150 2.561119 21.752402 11.808649
 6.200000 -2.796926 3.123561 21.996722 394.673301
 6.400000 3.039010 2.866190 4.576057 3210.318355
 6.600000 -2.917283 2.765218 18.773782 1028.648873
 6.800000 -2.506300 2.748949 24.125688 3.034351
 7.000000 -2.415205 2.767123 23.791518 25.310364
 7.200000 -2.478826 2.493068 24.050442 11.194166
 7.400000 -2.173747 2.800933 22.246129 45.039784
 7.600000 -2.889240 2.616380 19.612062 915.310465
 7.800000 -3.117330 2.939037 11.427581 2136.162206
 8.000000 -3.049808 3.000929 14.217618 1388.914390
 8.200000 -2.781774 2.734276 22.253986 333.659011
 8.400000 -2.638962 2.788846 23.855839 37.398930
 8.600000 3.075697 2.670504 6.671890 3348.554978
 8.800000 -2.965722 3.068287 17.139618 1102.380766
 9.000000 -2.798782 2.912407 21.924996 417.268782
 9.200000 -2.342288 2.701747 23.322317 45.000220
 9.400000 -1.899787 2.507301 21.346396 0.013956
 9.600000 -2.098564 2.493935 21.757164 25.811550
 9.800000 -2.388198 2.902586 23.631180 44.176885
 10.000000 -3.085828 2.844883 12.870886 1709.353779
 10.200000 -2.978129 2.935690 16.806989 1109.518154
 10.400000 -2.856057 2.836594 20.607509 733.506783
 10.600000 -2.580276 2.728408 24.184685 12.388670
 10.800000 -2.952308 2.565927 17.659950 1073.184131
 11.000000 2.931244 2.822927 -0.006558 2.284888
 11.200000 -2.839001 -3.132582 21.090421 611.076202
 11.400000 -2.738664 2.537008 22.969647 172.299919
 11.600000 -2.093535 2.788037 21.720972 22.604787
 11.800000 -1.952721 2.724915 21.322914 1.512935
 12.000000 -2.444540 2.308335 24.108190 31.492829
 12.200000 -2.341343 2.923749 23.382382 66.920841
 12.400000 -2.792308 2.869253 22.135894 354.559723
 12.600000 -3.122812 2.669408 11.316572 2324.833055
 12.800000 -2.866000 2.946136 20.429663 740.111208
 13.000000 -2.962939 2.822727 17.463086 1082.964233
 13.200000 -2.891789 2.840731 19.768634 847.386635
 13.400000 -2.105026 3.063854 21.788723 25.424251
 13.600000 -2.071704 2.359567 21.633023 18.386175
 13.800000 -2.122199 2.146887 21.878310 28.993060
 14.000000 -1.802058 2.628137 21.459542 34.572643
 14.200000 -2.402826 2.779141 23.951175 71.803922
 14.400000 -3.067091 2.600502 13.840658 1660.388711
 14.600000 -2.705690 3.057327 23.454072 122.233645
 14.800000 -2.495985 2.792435 24.520224 7.567701
 15.000000 -2.903632 2.407347 19.477413 885.673154
 15.200000 -3.017089 -3.080702 15.804109 1309.972360
 15.400000 3.038530 2.825638 4.609043 3204.312997
 15.600000 -2.994316 2.684919 16.610643 1204.008188
 15.800000 -3.051411 2.813892 14.511767 1545.217729
 16.000000 3.078430 2.813135 6.911488 3361.981959
 16.200000 -3.031249 3.093775 15.361383 1411.294182
 16.400000 2.982774 2.483424 1.730085 2165.327275
 16.600000 -2.984494 2.952989 17.031947 1166.088360
 16.800000 -2.983147 2.989735 17.077902 1160.664643
 17.000000 -3.048550 2.667928 14.696892 1544.066521
 17.200000 -2.801805 2.869986 22.141972 369.293926
 17.400000 -2.465092 2.912505 24.508927 38.389994
 17.600000 -2.966156 2.581440 17.745302 1079.248778
 17.800000 2.938301 2.964983 -0.009267 183.773356
 18.000000 -3.141494 2.867321 10.539453 2751.888702
 18.200000 -3.064761 2.769272 14.229363 1743.604985
 18.400000 -2.591019 3.115395 24.632508 24.872320
 18.600000 3.125510 2.668387 9.741964 2991.940556
 18.800000 3.070371 2.964753 6.599694 3384.955539
 19.000000 -2.884452 3.007652 20.288389 718.572839
 19.200000 -2.431854 2.650102 24.280996 80.629770
 19.400000 -1.660921 2.671631 22.843434 203.253133
 19.600000 -1.869679 2.278274 21.061659 0.554981
 19.800000 -2.131609 2.200056 22.056839 26.769187
 20.000000 -2.449380 -3.076694 24.430613 64.730000
 20.200000 3.049945 2.724650 5.586893 3328.144317
 20.400000 -2.659415 2.975059 24.235800 94.924620
 20.600000 -2.569018 2.766478 24.830096 7.542502
 20.800000 -2.321775 2.712581 23.217322 74.964014
 21.000000 -2.238942 2.477208 22.627669 33.589392
 21.200000 -1.999834 2.708315 21.360629 23.728209
 21.400000 -2.360160 2.615584 23.575262 95.240166
 21.600000 -2.365245 2.862784 23.625210 97.689192
 21.800000 -2.658280 2.649073 24.306597 99.063928
 22.000000 2.870241 2.748438 -0.000000 0.000000
 22.200000 -2.595914 2.938534 24.847910 24.820147
 22.400000 -2.714390 2.338752 23.709955 175.727527
 22.600000 -2.321573 2.531306 23.243915 68.561766
 22.800000 -1.804124 3.089916 21.211874 32.512160
 23.000000 -2.329118 2.273025 23.307496 73.475459
 23.200000 -2.277927 2.259490 22.945773 42.876926
 23.400000 -1.148281 3.004136 22.580420 527.773795
 23.600000 -1.009483 2.301743 18.801778 1011.662182
 23.800000 -0.567567 1.405090 1.557197 1581.749072
 24.000000 -0.677721 0.621145 6.217198 1765.532853
 24.200000 -1.629737 0.307066 23.083277 184.412267
 24.400000 -1.868844 0.392744 20.995990 0.507956
 24.600000 -1.662155 0.896538 22.644059 179.732390
 24.800000 -0.848618 1.121669 12.940244 1483.454871
 25.000000 -1.403448 1.836735 25.287482 9.631807
 25.200000 -1.785495 1.982254 21.312625 46.900165
 25.400000 -2.128713 2.383636 22.116049 37.368001
 25.600000 -2.182902 -3.098272 22.433387 31.504044
 25.800000 2.986625 2.674066 2.415700 2458.359613
 26.000000 2.969543 2.767526 1.601265 2086.137308
 26.200000 -2.546004 3.042717 25.143632 1.800582
 26.400000 -2.919540 2.357155 19.739674 752.367849
 26.600000 -2.495240 2.987374 24.934887 44.094654
 26.800000 -2.887029 2.850512 20.588536 615.778028
 27.000000 3.025621 2.637088 4.528917 3125.714094
 27.200000 3.109424 2.978511 9.379817 3153.585426
 27.400000 3.002238 2.902055 3.297636 2776.839941
 27.600000 -2.732583 2.714042 23.668584 234.872790
 27.800000 -2.646887 2.795572 24.755391 90.489161
 28.000000 -3.043257 2.918766 15.677236 1574.196719
 28.200000 3.056532 3.042082 6.384873 3350.614854
 28.400000 3.056590 2.654334 6.388270 3350.776376
 28.600000 -3.038311 2.996091 15.910490 1526.979618
 28.800000 -2.789881 2.867415 22.756737 345.567836
 29.000000 2.975144 2.709120 1.983675 2254.811823
 29.200000 -3.134135 3.055785 11.621113 2672.848366
 29.400000 -3.115488 2.882014 12.562653 2426.818606
 29.600000 2.942663 2.569823 0.606971 1608.665451
 29.800000 -2.248500 -3.054811 22.829883 32.417423
 30.000000 -2.170296 2.227862 22.396589 33.056857
 30.200000 -1.836160 2.078778 21.040418 10.569057
 30.400000 -1.509201 2.309697 24.316974 106.077808
 30.600000 -0.904253 2.373174 14.862295 1371.518845
 30.800000 -0.585964 1.982762 2.102572 1618.304209
 31.000000 -0.716005 1.573937 7.564192 1682.163549
 31.200000 -1.614111 1.075604 23.057797 150.431574
 31.400000 -1.202010 0.363890 23.386972 365.250028
 31.600000 -0.555288 -0.013519 0.906337 1342.588939
 31.800000 -0.828870 -0.277447 11.981800 1467.993081
 32.000000 -0.871400 0.027627 13.599868 1423.996670
 32.200000 -0.667420 0.388731 5.494005 1794.996610
 32.400000 -1.453754 1.069245 24.749721 55.200773
 32.600000 -1.670141 1.168567 22.362300 133.388151
 32.800000 -0.590889 0.651769 2.277957 1633.371607
 33.000000 -1.712117 0.747698 21.901646 105.742348
 33.200000 -1.549225 0.958298 23.787934 131.057771
 33.400000 -0.462786 0.819283 -0.000000 0.000000
 33.600000 -0.596480 1.538798 2.498078 1661.757867
 33.800000 -0.911279 2.069028 15.041505 1329.945068
 34.000000 -0.341112 2.026828 -0.000000 0.000000
 34.200000 -1.354284 1.999962 24.993899 4.796067
 34.400000 -1.734965 1.134531 21.664222 84.520476
 34.600000 -1.055550 0.439146 19.754595 815.443945
 34.800000 -0.586014 -0.082541 2.072373 1588.405192
 35.000000 -0.730566 -0.190982 8.101228 1645.597786
 35.200000 -0.736624 -0.437852 8.350329 1626.774603
 35.400000 -0.648663 -0.346808 4.688173 1801.740535
 35.600000 -0.897167 0.151375 14.510690 1338.290375
 35.800000 -1.757313 1.166514 21.471206 64.730500
 36.000000 -1.385753 1.730839 24.978872 1.718981
 36.200000 -0.536129 1.935069 0.235484 1373.381652
 36.400000 -0.967847 2.044331 16.981326 1118.401739
 36.600000 -0.623403 2.072113 3.643049 1763.726322
 36.800000 -0.557796 2.063081 1.019869 1359.666674
 37.000000 -0.735299 1.989983 8.307263 1619.267944
 37.200000 -0.709399 1.839881 7.284847 1677.193464
 37.400000 -0.907856 1.690027 14.886527 1288.892052
 37.600000 -1.038277 1.689566 19.173058 862.399244
 37.800000 -1.224866 1.152920 23.636323 294.859628
 38.000000 -1.674119 0.740730 22.286776 123.347951
 38.200000 -1.396832 0.614464 24.877724 5.817194
 38.400000 -1.149208 1.050243 22.068643 540.647740
 38.600000 -1.591130 1.163050 23.243471 134.479739
 38.800000 -0.879351 0.783296 13.871787 1337.704005
 39.000000 -1.377194 0.585501 24.906043 0.193710
 39.200000 -1.373848 0.874427 24.884950 0.009162
 39.400000 -0.808243 1.227064 11.244339 1451.978847
 39.600000 -1.111447 1.340466 21.130080 650.240158
 39.800000 -1.098586 1.025009 20.797942 683.683679
 40.000000 -1.621763 0.504076 22.888042 137.496551
 40.200000 -1.517880 0.645604 24.042121 95.747661
 40.400000 -0.841525 1.247992 12.527743 1387.336693
 40.600000 -0.978824 2.509779 17.317666 1017.665863
 40.800000 -0.923155 2.601460 15.467046 1191.737385
 41.000000 -0.937754 1.595699 15.966377 1147.609172
 41.200000 -1.388267 0.812276 24.844028 2.122136
 41.400000 -1.762947 0.120056 21.405352 65.844479
 41.600000 -1.818273 0.256203 21.039152 25.388767
 41.800000 -1.484539 0.796771 24.344227 67.282295
 42.000000 -0.850059 1.659528 12.872925 1365.013910
 42.200000 -0.919929 2.405751 15.403121 1183.687179
 42.400000 -1.199227 2.592731 23.122235 378.424893
 42.600000 -0.780922 2.027560 10.287415 1502.098817
 42.800000 -0.601753 1.583578 2.917866 1719.933407
 43.000000 -1.249713 1.407422 23.977850 202.894893
 43.200000 -1.368895 0.723160 24.821359 0.246893
 43.400000 -0.690124 -0.219379 6.673470 1728.294093
 43.600000 -0.459644 -0.842356 -0.000000 0.000000
 43.800000 -0.646234 0.095169 4.826419 1799.031429
 44.000000 -1.417645 1.553269 24.738796 13.643014
 44.200000 -1.614713 2.132031 23.025418 142.165111
 44.400000 -2.131788 2.721340 22.007079 53.241079
 44.600000 3.103478 2.803871 9.583912 3157.950104
 44.800000 -2.656748 -2.828051 25.016834 83.278176
 45.000000 -3.063760 2.627674 15.267747 1689.172199
 45.200000 -2.071185 2.962750 21.516682 60.165768
 45.400000 -1.783424 2.356763 21.225805 55.085584
 45.600000 -1.856210 1.915312 20.841400 9.507971
 45.800000 -1.819621 1.966845 20.995049 28.161497
 46.000000 -1.503070 2.562349 24.205122 69.394700
 46.200000 -2.451869 2.781960 24.304358 142.829178
 46.400000 2.893011 2.722823 -0.000171 0.001746
 46.600000 -2.494704 -3.012462 24.789988 106.458009
 46.800000 -1.941726 2.282036 20.788769 4.269655
 47.000000 -1.019191 0.652581 18.635610 848.883911
 47.200000 -0.713625 -0.724687 7.766879 1635.361294
 47.400000 -0.036692 -1.080177 -0.000000 0.000000
 47.600000 1.379995 -0.707935 -0.000000 0.000000
