#! FIELDS time phi psi ves.bias ves.force2
#! SET min_phi -pi
#! SET max_phi pi
#! SET min_psi -pi
#! SET max_psi pi
 0.000000 -1.498385 0.273949 23.369432 70.063852
 0.200000 -0.582920 -0.070054 0.422040 1652.334780
 0.400000 -0.631531 -0.153779 2.497085 2062.922080
 0.600000 -0.619484 -0.305751 1.956628 1958.749647
 0.800000 -0.513980 -0.575135 -0.000000 0.000000
 1.000000 -0.667667 0.045189 4.176337 2216.177869
 1.200000 -1.102724 0.471624 20.441593 566.800434
 1.400000 -1.242139 0.827140 23.122592 193.255504
 1.600000 -1.074472 1.278304 19.739059 675.006023
 1.800000 -1.284972 1.010722 23.618049 82.364384
 2.000000 -1.262735 0.703217 23.386674 136.876439
 2.200000 -0.858345 0.658406 12.475009 1310.341819
 2.400000 -1.509807 0.775237 23.206053 89.240053
 2.600000 -1.522341 1.228904 23.084785 98.145571
 2.800000 -1.004004 1.150958 17.753035 1124.544343
 3.000000 -1.570300 1.137027 22.563661 140.969484
 3.200000 -1.461480 1.008999 23.798973 59.532962
 3.400000 -1.044790 0.721393 19.184816 965.305117
 3.600000 -1.650700 0.873931 21.471526 233.912311
 3.800000 -1.320790 1.032936 24.165214 15.410556
 4.000000 -1.017271 0.800260 18.296228 1119.363603
 4.200000 -1.345541 1.263561 24.357893 4.266514
 4.400000 -1.801155 1.142650 19.677680 34.847519
 4.600000 -0.645689 0.676093 3.881053 2286.275782
 4.800000 -1.556935 0.821134 22.957774 188.291566
 5.000000 -1.784207 1.017853 19.790747 55.523181
 5.200000 -1.405913 0.893361 24.450479 8.859251
 5.400000 -0.882379 1.093820 13.454384 1449.931712
 5.600000 -1.709179 1.267718 20.667815 203.126458
 5.800000 -1.369688 1.020713 24.496119 0.244299
 6.000000 -1.234363 0.371725 23.543550 171.622239
 6.200000 -1.144852 0.399170 22.132924 409.868855
 6.400000 -0.864949 0.561771 12.822010 1429.584941
 6.600000 -1.252974 0.994234 23.838736 135.303737
 6.800000 -1.365616 0.988318 24.596144 1.826175
 7.000000 -1.268072 0.848457 24.005360 108.822098
 7.200000 -1.280046 0.871806 24.244255 81.530210
 7.400000 -1.086615 0.948170 20.907923 734.068030
 7.600000 -1.822569 1.130463 19.616949 35.869023
 7.800000 -1.337924 1.022067 24.620653 14.956408
 8.000000 -0.706211 0.512294 6.627456 1970.951521
 8.200000 -0.780927 -0.072873 9.710791 1508.563272
 8.400000 -0.573073 -0.301301 0.453321 1832.053188
 8.600000 -0.531541 -0.443387 -0.000021 0.000039
 8.800000 -1.147249 0.380725 22.447616 413.448350
 9.000000 -1.093776 1.359773 21.198571 705.398266
 9.200000 -0.469139 2.276788 -0.000000 0.000000
 9.400000 -1.610182 2.546737 22.494428 301.978401
 9.600000 -3.066384 2.246650 12.491934 1852.760628
 9.800000 3.080046 -2.973461 5.467915 3117.483628
 10.000000 2.975008 -3.074649 0.311125 1660.507704
 10.200000 -2.979034 2.264210 15.761705 1150.548656
 10.400000 -1.789193 2.762913 19.926552 80.619952
 10.600000 -1.901302 2.607383 19.296706 6.699870
 10.800000 3.129242 2.314020 8.186274 2917.030118
 11.000000 3.126382 -2.878283 8.031481 2943.363656
 11.200000 3.100663 2.866946 6.645633 3043.259155
 11.400000 -2.704280 2.235874 21.909391 103.727357
 11.600000 -1.686542 2.788254 21.224413 249.890806
 11.800000 -2.034833 2.539301 19.428146 28.735364
 12.000000 2.971484 2.420382 0.216056 1669.731979
 12.200000 2.951147 -3.015972 -0.005629 1.846611
 12.400000 3.116833 2.777051 7.555422 2907.924470
 12.600000 -2.816949 2.037733 20.216578 411.827419
 12.800000 -1.599516 2.578891 22.749069 306.092477
 13.000000 -0.693197 2.514412 6.053091 2092.952898
 13.200000 -0.597435 1.500153 1.568769 1993.567216
 13.400000 -1.653390 0.719972 21.827118 296.440054
 13.600000 -2.154470 0.286102 20.326500 88.438853
 13.800000 -1.652335 0.016111 21.845307 297.369293
 14.000000 -1.293489 0.556537 24.775554 57.501853
 14.200000 -0.648861 1.466524 3.965047 2252.595889
 14.400000 -1.021059 2.407900 19.158895 1306.078663
 14.600000 -2.156004 2.814841 20.312241 87.261883
 14.800000 2.971671 2.856508 0.371836 1680.498683
 15.000000 -2.957870 2.921662 16.336254 1086.325374
 15.200000 -2.717373 2.635227 21.635714 110.853340
 15.400000 -2.233657 2.504824 20.953303 58.260269
 15.600000 -1.752486 2.801267 20.388300 147.084230
 15.800000 -2.694288 2.372878 21.863120 84.930305
 16.000000 -2.940996 3.064180 16.867572 1028.667765
 16.200000 -3.037176 3.095955 13.502743 1439.707408
 16.400000 -2.922464 2.548089 17.450055 954.784337
 16.600000 -2.182168 2.769329 20.494658 80.428886
 16.800000 -1.839196 2.489023 19.593272 45.506945
 17.000000 -2.347922 2.317960 21.695062 42.875179
 17.200000 -2.575153 2.935773 22.573537 6.576462
 17.400000 3.006311 2.931511 2.017548 2243.079879
 17.600000 -2.576921 2.854442 22.568891 7.249479
 17.800000 -1.772876 2.328301 20.193882 115.424824
 18.000000 -1.793760 2.233206 19.983488 88.618676
 18.200000 -2.400001 2.459951 21.985438 45.206967
 18.400000 -2.647237 3.049201 22.225960 49.255324
 18.600000 -3.118615 2.899479 10.125104 2116.086168
 18.800000 3.089247 2.734718 6.356214 2815.091103
 19.000000 -2.338120 2.946219 21.579260 39.994021
 19.200000 -2.075703 2.337211 19.510720 47.730406
 19.400000 -1.796630 2.263517 19.994156 85.599945
 19.600000 -2.194304 2.156964 20.549409 79.068184
 19.800000 -2.374492 2.912997 21.815590 43.111093
 20.000000 3.023125 2.719964 2.937309 2523.130338
 20.200000 2.910823 2.983266 -0.000001 0.000000
 20.400000 -2.217467 2.707276 20.761328 71.559785
 20.600000 -1.772708 2.116723 20.253557 113.653090
 20.800000 -1.774188 1.271577 20.237850 111.693466
 21.000000 -1.033185 0.749310 19.554388 1212.145042
 21.200000 -0.851081 0.234442 12.404061 1515.478116
 21.400000 -0.833317 -0.204880 11.714983 1496.905085
 21.600000 -0.863661 -0.051535 12.895441 1536.866221
 21.800000 -0.861591 -0.166001 12.814353 1533.012753
 22.000000 -0.513820 0.076908 -0.000000 0.000000
 22.200000 -0.954045 0.322194 16.514178 1608.488678
 22.400000 -1.386754 0.852369 25.002180 3.374353
 22.600000 -1.503188 1.396856 24.185281 135.392138
 22.800000 -1.150609 0.937080 22.784026 432.041933
 23.000000 -1.086318 0.444487 21.205358 811.364725
 23.200000 -1.519457 0.866464 23.979258 159.105562
 23.400000 -1.061064 1.325468 20.453496 1000.672991
 23.600000 -1.070235 1.283170 20.738499 931.184958
 23.800000 -1.367667 1.200529 25.003734 0.000020
 24.000000 -1.229392 0.660500 24.103221 165.271134
 24.200000 -0.728831 0.289712 7.524768 1856.361308
 24.400000 -0.743247 0.084497 8.138368 1767.947052
 24.600000 -0.653227 -0.136962 4.095262 2179.440988
 24.800000 -0.844502 -0.047672 12.158205 1510.710362
 25.000000 -0.607585 -0.104589 1.998429 1976.853510
 25.200000 -0.644805 -0.092534 3.721708 2177.461638
 25.400000 -0.786613 -0.059362 9.922533 1559.377284
 25.600000 -0.652380 -0.319628 4.075555 2184.730244
 25.800000 -0.375752 -0.182950 -0.000000 0.000000
 26.000000 -0.925003 0.268566 15.361808 1631.530738
 26.200000 -1.297261 0.858719 24.801277 39.120139
 26.400000 -1.564214 1.239684 23.334547 221.853931
 26.600000 -0.839831 0.919579 12.015084 1488.455729
 26.800000 -0.998872 0.590655 18.316601 1457.872157
 27.000000 -1.605843 0.433114 22.688999 254.015914
 27.200000 -1.846200 0.927463 19.716376 48.257337
 27.400000 -0.704423 1.011695 6.563476 1989.960247
 27.600000 -0.733393 1.253288 7.824671 1800.445271
 27.800000 -0.882604 1.633930 13.703473 1556.953765
 28.000000 -1.571949 1.951448 23.219317 231.496815
 28.200000 -2.316250 2.524521 21.435237 29.442309
 28.400000 3.084682 3.093433 6.343938 2641.010030
 28.600000 -3.108971 2.925286 10.591311 1822.179727
 28.800000 -2.676520 2.755506 21.842570 84.808604
 29.000000 -2.093639 2.763888 19.506575 67.818303
 29.200000 -1.927482 2.553551 19.252318 19.682307
 29.400000 -2.252639 2.329148 21.025516 57.617779
 29.600000 -2.579379 3.139819 22.414583 6.263516
 29.800000 -3.012813 3.005517 14.280133 1245.249203
 30.000000 -2.909904 2.569356 17.632084 847.630166
 30.200000 -2.218173 2.764386 20.726512 86.740860
 30.400000 -2.051578 2.749700 19.190944 22.245959
 30.600000 -2.056509 2.491281 19.215332 26.774294
 30.800000 -2.508293 2.361698 22.367247 9.424117
 31.000000 -2.180808 -3.009799 20.351241 112.601913
 31.200000 -2.703319 2.722208 21.507832 117.398024
 31.400000 -3.015861 2.476886 14.145264 1246.874979
 31.600000 -2.842327 -3.091176 19.326162 486.550448
 31.800000 -3.091411 2.961871 11.305258 1639.840364
 32.000000 -2.902425 2.588306 17.807406 801.761339
 32.200000 -2.191893 2.905417 20.462992 108.262565
 32.400000 -2.045381 2.555619 19.165929 15.579676
 32.600000 -2.231096 2.171983 20.840975 76.323549
 32.800000 -1.902717 2.834140 19.393305 27.652963
 33.000000 -2.619601 2.712437 22.202669 33.408998
 33.200000 -3.105314 2.644613 10.724510 1740.277381
 33.400000 -2.932753 -3.066756 16.902115 952.876738
 33.600000 3.096074 2.634353 6.952021 2520.098944
 33.800000 -2.414517 2.405927 21.888189 27.270121
 34.000000 -1.750953 2.843903 20.538290 120.027291
 34.200000 -2.145424 2.504858 19.975710 114.525004
 34.400000 -2.904006 2.596322 17.759671 805.079596
 34.600000 3.035340 -2.958609 3.840944 2621.150726
 34.800000 -3.115094 2.938001 10.318590 1824.196669
 35.000000 -2.207877 2.425357 20.639113 97.316741
 35.200000 -1.695630 2.333625 21.204266 201.790503
 35.400000 -2.117607 2.494593 19.694936 92.379318
 35.600000 -3.101941 2.801442 10.882837 1706.969391
 35.800000 -2.995471 -3.128423 14.860969 1187.199229
 36.000000 -2.871419 2.870830 18.636977 620.914188
 36.200000 -2.221945 2.526614 20.782718 85.251370
 36.400000 -1.956022 2.650976 19.227252 10.395623
 36.600000 -2.205673 2.488565 20.626099 99.798253
 36.800000 -2.906298 2.808628 17.713833 807.921507
 37.000000 3.008165 2.987504 2.504041 2386.325387
 37.200000 -2.859133 2.915174 18.945525 543.374317
 37.400000 -2.319625 2.455561 21.440650 21.472121
 37.600000 -1.971023 2.456961 19.206021 6.265263
 37.800000 -2.175819 2.776527 20.317357 117.362557
 38.000000 -2.745847 2.675970 20.936743 167.784321
 38.200000 3.040577 3.014959 4.175170 2676.035773
 38.400000 3.070880 2.970396 5.747833 2672.028967
 38.600000 -2.742673 2.640584 20.973353 161.611080
 38.800000 -2.256620 2.532726 21.079784 53.555733
 39.000000 -1.905164 2.785391 19.480893 20.321584
 39.200000 -2.308552 2.439227 21.396591 23.579524
 39.400000 -2.405675 2.845053 21.821345 21.948884
 39.600000 -2.702757 2.840740 21.436473 113.746627
 39.800000 -3.100002 2.842504 11.028692 1676.796706
 40.000000 -3.065190 2.893914 12.401285 1449.114669
 40.200000 -2.753146 2.794802 20.837928 174.563146
 40.400000 -2.631308 2.677239 22.069709 45.436809
 40.600000 -2.451783 2.866957 22.046018 23.952212
 40.800000 -2.630116 2.685001 22.077687 44.307537
 41.000000 -2.796383 2.715192 20.201886 269.522693
 41.200000 -2.771952 3.099979 20.586735 207.857584
 41.400000 -3.130723 2.862610 9.767070 1936.040627
 41.600000 -3.117102 2.769523 10.356169 1807.217242
 41.800000 -2.559236 3.067754 22.367070 0.522088
 42.000000 -2.679930 2.601969 21.680645 94.204785
 42.200000 -2.649217 2.714115 21.981185 64.529097
 42.400000 -2.533916 -3.123844 22.376393 2.419741
 42.600000 -3.140634 2.637635 9.354185 2034.684878
 42.800000 -2.933121 2.887651 17.013729 936.167836
 43.000000 -3.026675 3.032082 13.878596 1282.198073
 43.200000 2.987978 2.599583 1.653612 2193.515791
 43.400000 -3.073884 2.908514 12.162794 1481.581308
 43.600000 -2.893846 2.981630 18.165349 716.744936
 43.800000 -2.900070 2.923566 17.996688 752.193966
 44.000000 -3.121359 2.588812 10.236506 1844.566750
 44.200000 -2.671160 2.901032 21.856533 89.832528
 44.400000 3.091857 2.719407 6.991745 2574.639653
 44.600000 -3.043337 2.844681 13.354602 1333.634142
 44.800000 -2.842832 2.893996 19.411263 440.396028
 45.000000 -2.977924 2.692193 15.640183 1113.886312
 45.200000 -2.847895 2.900249 19.340996 460.779620
 45.400000 -2.859643 2.883036 19.081170 518.550059
 45.600000 3.130607 2.688243 8.931858 2192.569103
 45.800000 -2.890403 2.994570 18.327950 685.244192
 46.000000 3.022655 2.659770 3.409963 2682.764058
 46.200000 -2.784951 2.709504 20.530630 233.452047
 46.400000 -2.220553 2.891543 20.798933 80.210196
 46.600000 -2.256175 2.090609 21.082698 48.102887
 46.800000 -1.890720 2.316128 19.610181 11.704410
 47.000000 -1.924372 2.613573 19.496484 10.992695
 47.200000 -3.011934 2.763593 14.648762 1223.630276
 47.400000 3.111976 2.996313 8.133463 2433.388412
 47.600000 -2.595227 2.815487 22.444348 12.194302
 47.800000 -2.030679 2.287229 19.321189 2.009675
 48.000000 -1.583663 2.371803 22.711397 238.487600
 48.200000 -2.024928 2.567924 19.322970 0.909824
 48.400000 -3.018027 2.799434 14.487721 1245.687201
 48.600000 -2.971171 -2.969987 16.088258 1084.041348
 48.800000 -2.766832 2.410193 20.861533 187.841761
 49.000000 -2.188336 2.459412 20.497772 101.448090
 49.200000 -1.714340 2.816277 20.691088 146.675826
 49.400000 -2.310004 2.408936 21.363277 18.203927
 49.600000 -3.004768 2.902533 15.004433 1206.943119
 49.800000 2.945888 2.936298 -0.025777 18.542151
 50.000000 -2.634185 2.471062 22.279570 47.225864
 50.200000 -1.799300 2.295262 19.949929 28.423476
 50.400000 -1.756652 2.488335 20.240792 71.784628
 50.600000 -2.588987 2.521759 22.517971 7.288479
 50.800000 2.944401 2.842587 -0.027794 0.316316
 51.000000 -2.962479 3.077751 16.485108 1053.857636
 51.200000 -2.819587 2.384905 20.169760 300.642826
 51.400000 -1.886727 2.771112 19.630319 8.635027
 51.600000 -1.650632 2.518673 21.554382 240.765152
 51.800000 -2.360580 2.205373 21.557219 18.298120
 52.000000 -2.555144 3.078316 22.564606 0.776633
 52.200000 3.014953 2.829554 3.193593 2789.884445
 52.400000 3.063446 2.597342 5.812912 2922.980912
 52.600000 -2.627681 3.031365 22.381176 38.500405
 52.800000 -2.029955 2.753630 19.366121 2.071089
 53.000000 -1.969553 2.128807 19.405290 4.899752
 53.200000 -1.638560 2.177156 21.708023 241.005596
 53.400000 -2.050388 2.355875 19.430306 10.555821
 53.600000 -2.393203 2.731365 21.705668 29.241154
 53.800000 3.053451 3.030341 5.308420 2970.322791
 54.000000 3.023877 2.782540 3.700939 2891.858896
 54.200000 -1.783510 2.642049 20.031532 35.831486
 54.400000 -1.715333 1.967652 20.625581 132.971028
 54.600000 -1.775548 1.633238 20.081504 43.200504
 54.800000 -0.673349 0.860634 5.170853 1974.245674
 55.000000 -0.750964 0.542849 8.394528 1479.834978
 55.200000 -0.935444 0.036825 15.341712 1631.291356
 55.400000 -2.020849 0.358952 19.404333 0.459277
 55.600000 -1.590513 1.083710 22.410045 220.243037
 55.800000 -0.850005 1.052365 12.012791 1379.494444
 56.000000 -0.935111 1.656372 15.328262 1630.969933
 56.200000 -1.564957 2.382882 22.756762 188.662588
 56.400000 -2.645614 2.775674 22.327007 55.967837
 56.600000 -3.000492 -3.085468 15.492928 1221.388311
 56.800000 -2.394616 2.701185 21.696534 31.201354
 57.000000 -2.021137 2.259552 19.419658 0.397294
 57.200000 -1.702324 2.196801 20.772221 145.885566
 57.400000 -1.792292 2.484589 20.010578 24.944251
 57.600000 -2.775555 2.837084 21.007822 164.415939
 57.800000 3.073298 -2.908928 6.522848 2909.290007
 58.000000 -2.497480 2.979925 22.402075 41.098129
 58.200000 -1.988835 2.085963 19.467296 2.423460
 58.400000 -1.670599 1.808873 21.182727 193.184273
 58.600000 -1.458004 1.409658 23.837668 50.096243
 58.800000 -1.105638 0.628314 21.292694 685.997836
 59.000000 -0.826498 0.170958 11.074334 1329.386118
 59.200000 -1.030178 -0.072828 18.913962 1276.679112
 59.400000 -0.810005 -0.057772 10.448472 1320.854621
 59.600000 -0.828373 -0.427503 11.116928 1332.287375
 59.800000 -0.478148 -0.243875 -0.000000 0.000000
 60.000000 -0.622587 -0.072350 2.785902 1968.338866
 60.200000 -0.887047 0.098376 13.293780 1491.201197
 60.400000 -0.717723 -0.074513 6.923963 1674.777814
 60.600000 -0.605057 -0.000848 2.009662 1863.221987
 60.800000 -0.724100 0.064045 7.183306 1634.006773
 61.000000 -0.930730 0.485597 15.016620 1605.252383
 61.200000 -1.575086 1.084995 22.545497 187.409227
 61.400000 -1.362605 1.252837 24.117363 0.344006
 61.600000 -1.487129 1.210020 23.538977 73.793174
 61.800000 -0.614551 0.470467 2.423911 1914.375073
 62.000000 -0.857949 0.281224 12.178577 1392.849597
 62.200000 -1.172940 0.328418 22.653884 303.383536
 62.400000 -1.339516 0.938454 24.082923 1.168949
 62.600000 -0.734859 1.271721 7.598413 1565.591599
 62.800000 -0.574225 1.477415 0.734565 1575.515231
 63.000000 -0.615435 2.293126 2.462105 1910.401523
 63.200000 -1.005757 2.419128 17.924941 1413.400668
 63.400000 -0.727385 2.257101 7.298153 1612.512519
 63.600000 -0.949986 1.566029 15.749499 1582.569366
 63.800000 -0.999478 0.852313 17.687478 1446.341896
 64.000000 -1.857235 0.670796 19.867369 5.302384
 64.200000 -1.311748 0.469970 23.977109 9.912720
 64.400000 -0.954969 0.980564 15.942762 1563.873996
 64.600000 -0.714607 1.567948 6.782638 1694.493054
 64.800000 -0.557917 1.751684 0.093501 1324.453074
 65.000000 -0.685663 2.209215 5.561575 1860.373621
 65.200000 -0.733067 2.183175 7.537985 1590.762177
 65.400000 -1.346162 1.941838 24.016915 0.278857
 65.600000 -1.780698 1.474914 20.121970 24.664695
 65.800000 -1.561557 0.699924 22.690360 163.196499
 66.000000 -0.817913 -0.016590 10.729814 1328.060176
 66.200000 -0.608569 -0.451913 2.182847 1855.634154
 66.400000 -0.490110 -0.447284 -0.000000 0.000000
 66.600000 -0.578679 0.117442 0.936670 1603.067847
 66.800000 -1.280591 0.772042 23.798224 33.637268
 67.000000 -1.575424 1.226600 22.499257 179.536827
 67.200000 -1.236143 1.359060 23.426401 105.081272
 67.400000 -0.929408 0.851461 14.959234 1512.611811
 67.600000 -1.397163 0.742892 23.921721 7.214658
 67.800000 -1.090834 0.916763 20.679836 787.345110
 68.000000 -1.620653 1.345549 21.854460 209.325109
 68.200000 -1.279729 1.215702 23.763996 34.694264
 68.400000 -0.689638 0.401227 5.769231 1848.034118
 68.600000 -0.805043 -0.429915 10.315748 1348.901633
 68.800000 -0.629535 -0.457777 3.125221 1945.748812
 69.000000 -0.693162 -0.186735 5.920384 1830.470037
 69.200000 -0.673579 0.425831 5.093551 1913.477020
 69.400000 -1.890691 1.315725 19.818022 8.074416
 69.600000 -1.568808 1.707704 22.570758 166.041532
 69.800000 -0.778341 1.329803 9.346658 1406.549735
 70.000000 -1.318369 1.669679 23.912314 6.421656
 70.200000 -1.815844 1.456926 20.018255 9.428865
 70.400000 -1.245412 0.638574 23.477427 88.394215
 70.600000 -0.876374 -0.362108 12.984201 1397.072325
 70.800000 -0.574670 -0.730733 0.846684 1581.617582
 71.000000 -0.649929 -0.011311 4.076573 1964.972847
 71.200000 -1.043358 0.794711 19.164875 1078.043546
 71.400000 -1.384983 1.282170 23.901230 3.834146
 71.600000 -1.002257 0.826272 17.743611 1303.507908
 71.800000 -1.310840 0.637513 23.868665 10.037072
 72.000000 -1.575839 1.086714 22.482733 170.142225
 72.200000 -1.086333 1.392881 20.466456 792.792183
 72.400000 -1.411260 1.267280 23.825945 11.586375
 72.600000 -1.424698 0.765003 23.775398 16.960866
 72.800000 -0.601705 0.291208 2.015056 1829.913732
 73.000000 -0.627449 -0.526261 3.136603 1948.377911
 73.200000 -0.402974 -0.631080 -0.000000 0.000000
 73.400000 -0.801068 0.065595 10.280167 1347.820919
 73.600000 -1.612534 1.208146 21.992667 198.783734
 73.800000 -1.628741 1.750000 21.762957 201.658801
 74.000000 -1.149782 1.291917 22.006092 427.769448
 74.200000 -1.018917 0.209286 18.332522 1182.507389
 74.400000 -0.615254 -0.595014 2.657702 1916.059270
 74.600000 -0.427563 -0.641341 -0.000000 0.000000
 74.800000 -0.528073 0.270792 -0.000344 0.009636
 75.000000 -1.798331 1.406290 20.093692 16.153836
 75.200000 -1.985294 2.342852 19.461936 7.673726
 75.400000 -2.483635 3.066583 22.158757 71.084131
 75.600000 3.002364 2.646593 2.783031 2770.664702
 75.800000 -2.232111 2.978992 20.789083 38.800527
 76.000000 -1.476497 2.467905 23.501582 47.714092
 76.200000 -0.800680 0.993487 10.338929 1336.986234
 76.400000 -0.925672 -0.040711 14.942024 1407.402056
 76.600000 -0.737364 -0.592308 7.949539 1553.753230
 76.800000 -0.002882 -0.659202 -0.000000 0.000000
 77.000000 1.377410 -0.743135 -0.000000 0.000000
