#! FIELDS time phi psi ves.bias ves.force2
#! SET min_phi -pi
#! SET max_phi pi
#! SET min_psi -pi
#! SET max_psi pi
 0.000000 -1.498385 0.273949 25.037724 141.910265
 0.200000 -0.696211 0.244189 6.965513 1974.485671
 0.400000 -1.278573 0.863805 25.513969 136.689857
 0.600000 -1.331738 1.149024 25.938793 17.412483
 0.800000 -0.832584 0.514937 12.532099 1550.611628
 1.000000 -0.607491 -0.244871 2.879396 2071.902764
 1.200000 -0.675557 -0.703528 6.191916 2280.840825
 1.400000 -0.553534 -0.422398 0.558002 1539.037841
 1.600000 -0.682999 0.193954 6.545623 2236.624809
 1.800000 -1.255528 0.722552 25.468215 256.415975
 2.000000 -1.752801 1.250488 21.476590 81.395556
 2.200000 -1.062041 1.304392 21.037938 773.175615
 2.400000 -1.455180 1.119059 25.664942 142.490577
 2.600000 -1.435984 0.625014 25.880840 109.958680
 2.800000 -0.883238 0.709046 14.765956 1528.934651
 3.000000 -0.609429 1.490813 3.300465 2283.139275
 3.200000 -0.811847 2.423329 12.015987 1392.208280
 3.400000 -0.873307 2.511445 14.363029 1535.292385
 3.600000 -0.538513 2.011234 0.263265 1737.038592
 3.800000 -1.064007 1.368119 21.141296 750.611135
 4.000000 -1.402386 0.779659 26.273357 47.819529
 4.200000 -1.731298 0.510782 21.762237 144.964833
 4.400000 -1.014121 1.204061 19.695974 1033.799001
 4.600000 -0.792701 1.727109 11.467936 1328.823574
 4.800000 -0.533016 2.222331 0.109488 1481.511645
 5.000000 -1.163628 2.455545 23.599515 516.818085
 5.200000 -0.770857 2.032968 10.755869 1344.177452
 5.400000 -0.619233 1.532831 4.162316 2462.125913
 5.600000 -1.034262 1.253154 20.426826 874.102725
 5.800000 -1.596255 0.805958 23.757907 226.626699
 6.000000 -0.956958 0.549094 17.808277 1417.386310
 6.200000 -1.755830 0.719428 21.550705 120.987343
 6.400000 -1.150911 0.912269 23.355718 478.113703
 6.600000 -1.551373 1.264548 24.456194 217.547742
 6.800000 -1.512681 1.250123 25.027184 216.066161
 7.000000 -1.191633 0.411819 24.239166 460.085280
 7.200000 -0.584405 -0.360378 2.607514 2327.700573
 7.400000 -0.893955 -0.714540 15.547540 1600.708176
 7.600000 -0.398017 -0.205948 -0.000000 0.000000
 7.800000 -1.673290 1.045538 22.729076 229.027763
 8.000000 -1.532027 1.871774 24.843968 214.312727
 8.200000 -1.841437 2.303129 20.936816 13.318002
 8.400000 -2.134947 2.974212 21.827381 44.104765
 8.600000 3.013602 2.875727 3.084980 2816.992186
 8.800000 2.942474 3.030421 -0.027013 5.429594
 9.000000 -2.375452 2.730135 23.488271 26.737179
 9.200000 -2.150774 2.608187 21.890845 48.805142
 9.400000 -1.919284 3.080698 20.875373 3.284682
 9.600000 -2.532786 2.422297 23.975306 0.226719
 9.800000 -2.558235 2.873762 23.970378 0.777876
 10.000000 -3.091131 2.905526 12.420185 1805.719139
 10.200000 2.982054 2.916046 1.467462 2109.678669
 10.400000 -2.215809 3.005360 22.340082 60.093163
 10.600000 -2.228207 2.338599 22.436244 60.083241
 10.800000 -1.836151 2.525409 20.966527 22.960970
 11.000000 -2.205365 2.567033 22.259307 59.433836
 11.200000 2.978742 2.770217 1.311789 2028.018968
 11.400000 -2.570826 -3.136357 23.940029 5.239565
 11.600000 -2.189767 2.484607 22.138751 56.023744
 11.800000 -1.965450 1.988920 20.998926 8.579247
 12.000000 -1.719835 2.541976 22.225285 231.490373
 12.200000 -2.813551 2.582304 21.424988 465.505620
 12.400000 2.944164 -3.021339 -0.024650 24.474367
 12.600000 3.093830 2.951893 7.499810 3096.124061
 12.800000 -2.492478 2.458186 23.958808 4.115898
 13.000000 -1.726277 2.541406 22.162723 222.238365
 13.200000 -1.947807 2.457586 20.983896 5.066674
 13.400000 -2.881325 2.599916 19.674413 862.928852
 13.600000 2.940816 -2.963873 -0.024975 7.795606
 13.800000 -2.747726 2.871756 22.575324 192.980185
 14.000000 -1.601192 1.859841 24.165945 218.990651
 14.200000 -0.616610 1.205906 4.436154 2333.268931
 14.400000 -1.442812 0.775697 26.121883 78.200153
 14.600000 -1.602601 0.869925 24.167012 213.247242
 14.800000 -1.292888 1.125707 25.973391 166.811167
 15.000000 -1.255434 1.288266 25.395594 310.533267
 15.200000 -1.716630 0.962787 22.413665 234.582458
 15.400000 -0.899959 0.798534 15.884894 1679.966069
 15.600000 -1.312836 0.927642 26.182954 98.035422
 15.800000 -1.394277 1.059799 26.432856 11.288413
 16.000000 -1.608261 1.217286 24.116843 217.908218
 16.200000 -1.333819 1.157042 26.359914 41.634257
 16.400000 -1.478781 0.765636 25.808537 112.448161
 16.600000 -1.325276 0.896401 26.298555 62.579613
 16.800000 -1.660759 1.176630 23.345669 260.314463
 17.000000 -1.250290 1.112556 25.279231 332.751412
 17.200000 -1.759811 1.201548 21.856713 169.878994
 17.400000 -1.528429 1.154294 25.292221 149.599922
 17.600000 -1.417259 0.815701 26.381873 34.221757
 17.800000 -1.416815 0.993673 26.384458 33.654736
 18.000000 -1.169265 1.144214 23.652138 440.080464
 18.200000 -1.000902 1.176790 19.687306 1013.992509
 18.400000 -1.345266 0.804129 26.495573 23.557116
 18.600000 -1.211183 0.608987 24.563421 421.666998
 18.800000 -1.771199 0.754797 21.735436 150.618537
 19.000000 -1.024434 1.058622 20.397016 812.658903
 19.200000 -0.962967 1.368550 18.382620 1394.388116
 19.400000 -0.690009 1.654051 7.650530 1680.094486
 19.600000 -0.945223 2.310869 17.702194 1542.743051
 19.800000 -0.802311 2.461623 11.902721 1435.630625
 20.000000 -1.226481 2.083568 24.929245 395.836302
 20.200000 -0.454617 1.367298 -0.000000 0.000000
 20.400000 -0.526987 1.039712 0.319217 1773.568890
 20.600000 -1.613140 1.145928 24.289951 243.362316
 20.800000 -1.734687 0.287858 22.284227 237.781382
 21.000000 -1.106818 -0.090465 22.488966 462.193609
 21.200000 -0.614183 -0.337604 4.254285 2220.728270
 21.400000 -0.696451 -0.408318 7.888782 1626.321167
 21.600000 -1.057261 -0.162914 21.398944 635.098186
 21.800000 -0.693028 0.320321 7.750186 1652.508666
 22.000000 -1.219386 0.784308 24.886335 398.997554
 22.200000 -1.783225 1.432818 21.651653 142.582655
 22.400000 -1.685240 1.793425 23.146839 294.488525
 22.600000 -1.592438 1.898546 24.677826 229.083248
 22.800000 -1.990842 1.900175 20.980307 6.274338
 23.000000 -2.129996 2.103608 21.559745 33.292520
 23.200000 -1.970767 3.030737 20.922182 3.020760
 23.400000 -2.880480 2.860346 19.408922 926.305278
 23.600000 -2.777625 2.742527 21.899967 297.794303
 23.800000 -2.405066 3.043799 23.471196 39.302875
 24.000000 -2.269996 2.671951 22.478783 55.960877
 24.200000 -2.371095 2.446262 23.220243 51.894352
 24.400000 -2.059394 2.840025 21.170137 16.315946
 24.600000 -2.257294 2.680250 22.362800 54.325637
 24.800000 -2.567631 2.426612 23.704516 12.611016
 25.000000 -3.022766 2.880645 14.639180 1174.262799
 25.200000 -3.076738 3.062783 12.677441 1437.125040
 25.400000 -2.648394 2.452982 23.256393 46.319567
 25.600000 -1.985286 2.635696 20.932674 4.197850
 25.800000 -2.132349 2.520164 21.533601 33.512973
 26.000000 -2.203028 2.752163 21.979837 45.423350
 26.200000 -2.909143 2.365551 18.403700 1071.975745
 26.400000 -2.895461 -3.096934 18.846300 1018.753825
 26.600000 -2.747303 3.045134 22.295167 183.206317
 26.800000 -2.305015 2.575268 22.697989 54.570545
 27.000000 -1.678912 2.397674 23.358370 306.236675
 27.200000 -2.213880 2.209449 22.074533 41.560156
 27.400000 -2.099221 2.832476 21.386991 28.195004
 27.600000 -2.811001 2.850495 21.153248 491.043479
 27.800000 2.911705 2.716879 -0.000022 0.000023
 28.000000 -2.536993 3.043368 23.765584 3.413291
 28.200000 -1.940887 2.570506 20.882257 0.074329
 28.400000 -1.938949 1.892173 20.881828 0.028844
 28.600000 -1.050535 1.620090 21.386873 723.595693
 28.800000 -0.525947 0.620989 0.356848 1679.301762
 29.000000 -0.878677 -0.063227 15.027607 1806.658944
 29.200000 -0.730258 -0.798433 9.178167 1448.062168
 29.400000 -0.446993 -0.235236 -0.000000 0.000000
 29.600000 -1.342254 0.814567 26.747159 37.889803
 29.800000 -2.008653 1.576212 21.021250 10.431780
 30.000000 -1.730151 2.667476 22.515384 260.359097
 30.200000 -2.641652 3.095265 23.274518 48.098852
 30.400000 2.969196 2.959982 0.820211 1794.699856
 30.600000 -3.001354 2.781011 15.183296 1146.856653
 30.800000 -2.074139 2.734531 21.318159 25.498511
 31.000000 -2.033330 2.400928 21.131383 16.370466
 31.200000 -1.941296 2.474874 20.925190 0.240170
 31.400000 -2.565997 2.749889 23.677131 12.180533
 31.600000 3.043042 2.901899 4.549277 3102.753027
 31.800000 -2.923852 2.896208 17.783705 1127.240666
 32.000000 -2.823462 2.639134 20.782484 587.307520
 32.200000 -2.548679 2.742712 23.727021 5.606032
 32.400000 -2.844380 2.823088 20.228479 731.225796
 32.600000 -2.695371 3.085291 22.818102 93.704274
 32.800000 -2.774376 2.737717 21.785332 302.802542
 33.000000 -3.062304 2.628439 13.034959 1300.852416
 33.200000 -2.766488 -3.082115 21.918947 271.834413
 33.400000 -2.968955 2.657497 16.227144 1159.168957
 33.600000 -2.976566 2.708054 15.968178 1156.059866
 33.800000 -2.838853 -3.042786 20.371588 695.104858
 34.000000 3.044547 2.670430 4.634992 3098.273525
 34.200000 -2.545194 2.742912 23.752970 3.117051
 34.400000 -2.017875 2.912222 21.154302 14.866747
 34.600000 -2.256842 2.370149 22.397015 28.076687
 34.800000 -2.389402 2.744534 23.214345 45.686737
 35.000000 -2.618982 2.961339 23.446090 38.428896
 35.200000 3.003602 2.900039 2.440454 2573.206973
 35.400000 3.098009 2.817047 7.585447 2839.122921
 35.600000 -2.242238 3.033651 22.336066 26.134172
 35.800000 -2.152203 2.220526 21.860003 30.925625
 36.000000 -1.810098 2.193494 21.493166 90.684876
 36.200000 -2.356137 2.286857 22.982503 41.040393
 36.400000 -2.537909 -3.116550 23.775906 0.752922
 36.600000 2.986668 2.737545 1.618097 2217.276262
 36.800000 -2.827774 2.847955 20.671195 612.470795
 37.000000 -2.351565 2.731250 22.953350 40.253716
 37.200000 -2.388858 2.502262 23.197892 42.958085
 37.400000 -2.242176 2.490851 22.363637 24.233581
 37.600000 -2.530823 2.857296 23.789273 0.043857
 37.800000 3.073164 2.593089 6.252622 3054.375072
 38.000000 -2.866171 -3.034784 19.635814 863.214669
 38.200000 -3.131935 2.752593 10.232112 2033.541524
 38.400000 -2.987875 2.712673 15.628960 1175.661769
 38.600000 -3.004336 3.061898 15.064403 1178.059053
 38.800000 -3.112616 2.839066 11.074226 1774.545123
 39.000000 -2.765055 2.567451 21.968078 272.898474
 39.200000 -2.859838 2.793633 19.842639 806.414674
 39.400000 -3.019633 3.048732 14.566993 1198.004865
 39.600000 -3.045499 2.659947 13.661890 1260.534359
 39.800000 -2.574350 2.712668 23.741139 11.179032
 40.000000 -2.762162 2.735798 22.019784 263.027593
 40.200000 3.103653 2.564918 7.930486 2741.161216
 40.400000 -2.898656 -2.911137 18.694857 1006.227080
 40.600000 3.037031 2.736711 4.284081 3024.490843
 40.800000 -2.670245 2.739878 23.155042 82.083472
 41.000000 -2.855200 2.913283 19.991378 763.995812
 41.200000 3.032664 2.833818 4.060748 2987.268469
 41.400000 -2.750406 2.656471 22.233707 227.292963
 41.600000 -2.404107 2.898875 23.323057 37.887521
 41.800000 -3.019818 2.366864 14.645879 1218.014541
 42.000000 3.097368 3.013127 7.614529 2822.012401
 42.200000 -2.776976 2.815324 21.825444 317.460625
 42.400000 -2.510031 2.539894 23.820745 3.921586
 42.600000 -2.245537 2.620914 22.471390 24.493654
 42.800000 -2.560270 2.959923 23.825759 3.364124
 43.000000 -2.880772 3.043916 19.332449 891.786067
 43.200000 -2.950455 2.641790 17.137574 1148.320578
 43.400000 2.991864 2.709036 1.977040 2362.865359
 43.600000 -2.838806 2.963165 20.534158 631.603059
 43.800000 -2.891058 2.872310 19.069628 936.974962
 44.000000 -2.871030 2.688476 19.664580 826.114693
 44.200000 -2.793135 3.091497 21.594816 375.454490
 44.400000 3.012976 2.569826 3.072105 2754.662065
 44.600000 -2.430853 2.981918 23.498985 34.500606
 44.800000 -2.036698 2.410158 21.314618 22.143988
 45.000000 -1.964617 2.177865 21.057980 4.933337
 45.200000 -2.020062 2.378103 21.239708 18.026667
 45.400000 -2.083246 2.888235 21.559773 32.934025
 45.600000 3.135073 2.793648 9.624799 2333.314784
 45.800000 3.022180 2.996380 3.587931 2885.180077
 46.000000 -2.821431 3.003527 21.043701 507.956941
 46.200000 -3.035405 2.507985 14.331511 1343.560262
 46.400000 -2.604005 3.029606 23.768738 22.405694
 46.600000 -3.114918 2.842434 11.183142 1912.498844
 46.800000 2.968542 2.583779 0.975261 1882.580953
 47.000000 -2.853439 3.038932 20.312142 682.066020
 47.200000 3.044602 2.620937 4.884718 3072.490406
 47.400000 -2.711953 2.681982 22.912181 130.960310
 47.600000 -2.510249 2.931449 23.879432 7.009326
 47.800000 3.090593 2.536770 7.417531 2891.128760
 48.000000 -2.723569 3.064007 22.774643 150.023906
 48.200000 -3.015643 2.533500 15.155178 1319.362475
 48.400000 -3.004296 2.849654 15.565473 1295.941312
 48.600000 -3.120885 3.023451 11.000352 1986.106276
 48.800000 -2.907934 2.557447 18.867509 995.018487
 49.000000 -1.816554 2.691859 21.371467 62.144701
 49.200000 -1.873631 2.550647 21.061503 7.997072
 49.400000 -2.725269 2.270112 22.831126 143.839880
 49.600000 3.013812 3.130336 3.284899 2832.305994
 49.800000 -3.116984 3.079441 11.214303 1946.656627
 50.000000 -2.574345 2.572137 23.929803 4.215026
 50.200000 -1.673704 2.661464 23.253535 287.000888
 50.400000 -0.877411 2.275918 14.478280 1776.333636
 50.600000 -0.883524 1.880755 14.736322 1786.483606
 50.800000 -0.890171 1.272249 15.017531 1793.242350
 51.000000 -1.655811 1.051807 23.557976 290.606336
 51.200000 -1.484081 0.598445 25.992109 90.845143
 51.400000 -1.065392 0.428378 21.351371 689.777423
 51.600000 -0.643400 0.054519 5.101267 1840.623756
 51.800000 -1.463192 0.168426 26.172913 59.859779
 52.000000 -1.137047 0.853977 23.000762 425.629308
 52.200000 -1.145461 1.388224 23.148421 412.220585
 52.400000 -0.690558 1.375428 7.046591 1641.165936
 52.600000 -1.078796 1.424823 21.666926 617.975493
 52.800000 -1.406797 1.085472 26.418144 2.313398
 53.000000 -1.565718 0.504965 24.971571 211.641375
 53.200000 -0.921084 0.674406 16.243835 1743.244186
 53.400000 -0.874981 1.131710 14.304243 1757.184249
 53.600000 -1.013422 1.941156 19.765717 1088.134408
 53.800000 -0.557696 2.194736 1.438157 1534.721439
 54.000000 -0.806041 2.192361 11.506150 1528.152122
 54.200000 -0.537606 1.813755 0.669858 1323.655267
 54.400000 -0.525603 1.383393 0.230179 1402.444187
 54.600000 -1.285800 1.414765 25.595887 186.034686
 54.800000 -1.836086 1.105271 21.171896 30.907420
 55.000000 -1.187026 0.706531 23.927639 359.881997
 55.200000 -0.940755 0.426572 17.024729 1649.748644
 55.400000 -0.890057 0.294659 14.915177 1763.513471
 55.600000 -0.675166 -0.159358 6.366518 1724.661009
 55.800000 -0.521891 -0.286856 0.091399 1063.757230
 56.000000 -0.929707 0.148285 16.572455 1700.189246
 56.200000 -1.139926 0.582976 22.968072 421.524341
 56.400000 -1.324549 1.203585 25.999442 87.087049
 56.600000 -1.003822 1.491238 19.394109 1163.520442
 56.800000 -0.624582 1.146591 4.205657 1857.024047
 57.000000 -1.379644 1.106759 26.319275 4.794240
 57.200000 -1.678689 0.621693 23.045887 285.282732
 57.400000 -0.934572 0.762795 16.773707 1658.166656
 57.600000 -1.425134 1.029414 26.267489 11.756349
 57.800000 -1.272835 1.130534 25.356090 212.889396
 58.000000 -1.100097 0.782783 22.099067 529.644167
 58.200000 -1.508797 0.933695 25.620991 121.126734
 58.400000 -1.245729 0.985886 24.933625 268.619449
 58.600000 -1.153808 1.076057 23.244325 400.627698
 58.800000 -1.321950 1.060871 25.946291 88.701578
 59.000000 -1.038226 0.710567 20.479847 878.172654
 59.200000 -1.473312 0.659801 25.952945 66.549794
 59.400000 -0.990735 0.828343 18.926810 1262.695565
 59.600000 -1.270293 1.380133 25.323223 210.115823
 59.800000 -1.220011 1.266263 24.507411 311.125637
 60.000000 -1.345449 0.851035 26.128230 40.493583
 60.200000 -1.320863 0.846661 25.942217 84.080288
 60.400000 -1.119509 1.065368 22.556267 485.368284
 60.600000 -1.718720 1.104162 22.351904 237.569327
 60.800000 -1.123006 0.860785 22.632914 475.722103
 61.000000 -1.274139 0.867168 25.395581 195.702586
 61.200000 -1.070233 0.792047 21.387797 700.559662
 61.400000 -1.495146 0.867588 25.736980 98.714489
 61.600000 -1.153300 0.942439 23.302915 418.677574
 61.800000 -1.112626 0.920355 22.426843 519.038072
 62.000000 -1.274604 0.765105 25.433771 187.715804
 62.200000 -1.196106 0.843168 24.186175 351.187719
 62.400000 -1.036993 0.853395 20.455262 923.360924
 62.600000 -1.602187 0.949295 24.290936 265.612869
 62.800000 -1.202732 0.818660 24.309301 339.343180
 63.000000 -1.372479 0.861234 26.266818 4.905657
 63.200000 -1.163536 1.081860 23.599111 417.402643
 63.400000 -1.337012 0.929259 26.138167 39.194753
 63.600000 -1.033316 0.818361 20.353213 963.261433
 63.800000 -1.589227 0.898727 24.492627 249.361727
 64.000000 -0.998092 0.822978 19.189011 1227.614091
 64.200000 -1.230166 0.910802 24.907682 283.100181
 64.400000 -1.114807 0.780413 22.575742 556.292562
 64.600000 -1.166853 0.460656 23.719102 420.780915
 64.800000 -0.923125 0.466058 16.308071 1679.335668
 65.000000 -1.235093 0.865173 24.989707 271.153621
 65.200000 -1.117940 1.135428 22.694491 562.653761
 65.400000 -0.891693 0.934173 15.009603 1737.587943
 65.600000 -1.450407 0.855521 26.103937 44.896787
 65.800000 -1.467363 0.796114 25.978431 65.387896
 66.000000 -1.007474 1.054489 19.531886 1178.401824
 66.200000 -1.414944 1.369807 26.301959 13.429369
 66.400000 -1.256197 0.811012 25.447999 207.631575
 66.600000 -0.807643 0.318220 11.551980 1617.028131
 66.800000 -0.614093 -0.306661 3.627490 1776.453441
 67.000000 -0.611301 -0.594164 3.509949 1768.348616
 67.200000 -0.622314 -0.275327 3.964463 1786.713559
 67.400000 -0.653460 0.199262 5.284722 1791.099309
 67.600000 -1.106231 0.778890 22.502453 636.978993
 67.800000 -1.409058 1.074256 26.341988 10.997431
 68.000000 -1.031595 0.839554 20.372003 1037.910239
 68.200000 -1.394926 0.887766 26.404312 4.488169
 68.400000 -1.226943 0.843431 25.119612 285.199614
 68.600000 -1.266475 1.084196 25.713264 169.122634
 68.800000 -1.262888 1.088057 25.665924 179.328326
 69.000000 -1.124695 0.692545 23.004320 585.104340
 69.200000 -0.597053 0.165046 2.904343 1683.834163
 69.400000 -0.830190 -0.054415 12.463915 1689.238842
 69.600000 -0.533076 -0.150238 0.467992 1227.646737
 69.800000 -0.714410 -0.280619 7.797273 1651.622307
 70.000000 -0.595839 -0.364108 2.854581 1677.788782
 70.200000 -0.583927 -0.271452 2.378865 1604.138315
 70.400000 -0.728971 0.133747 8.384870 1624.441303
 70.600000 -0.736479 0.455438 8.686994 1614.460625
 70.800000 -1.322166 0.662782 26.357705 34.791855
 71.000000 -1.466091 1.211858 26.053183 76.010177
 71.200000 -0.743369 1.076264 8.966784 1607.606558
 71.400000 -1.438705 0.947591 26.285691 45.674196
 71.600000 -1.719428 0.650749 22.139708 264.251950
 71.800000 -1.287782 0.630906 26.134606 99.845759
 72.000000 -0.856295 0.898076 13.558787 1750.597987
 72.200000 -1.548228 1.135497 25.117781 212.623084
 72.400000 -1.151846 0.741811 23.858217 535.330202
 72.600000 -0.501745 -0.066231 -0.003934 0.782873
 72.800000 -0.652798 -0.490703 5.258813 1758.356371
 73.000000 -0.600780 -0.413265 3.086442 1685.100292
 73.200000 -0.581449 0.382974 2.319856 1578.924112
 73.400000 -1.459536 1.337069 26.173963 75.461933
 73.600000 -1.832487 1.562440 20.840707 31.808373
 73.800000 -1.372837 1.835754 26.607967 0.616143
 74.000000 -0.870512 1.637778 14.181299 1776.254894
 74.200000 -0.854080 1.549396 13.503344 1760.679369
 74.400000 -0.907505 1.611967 15.756237 1766.382636
 74.600000 -1.199241 1.364698 24.975365 379.151929
 74.800000 -1.130231 0.639990 23.430662 631.395572
 75.000000 -1.649934 0.426541 23.350688 363.706024
 75.200000 -1.626494 0.953661 23.791116 360.802645
 75.400000 -0.706373 1.201842 7.502182 1654.853455
 75.600000 -0.532042 1.455711 0.517443 1210.569345
 75.800000 -0.725657 2.317037 8.283302 1628.267498
 76.000000 -0.627571 2.436148 4.240912 1735.110397
 76.200000 -1.042508 1.738979 20.966845 1081.318333
 76.400000 -1.207175 0.784345 25.231162 352.299655
 76.600000 -1.499930 -0.010681 25.827592 144.733459
 76.800000 -2.214806 0.167674 21.904815 34.600123
 77.000000 -1.887222 0.691312 20.585112 3.600613
 77.200000 -1.045971 1.277551 21.108800 1069.331591
 77.400000 -0.504051 1.869425 -0.011088 4.897550
 77.600000 -0.759132 2.731358 9.661304 1621.982689
 77.800000 -0.936512 2.435663 17.027857 1687.796688
 78.000000 -0.693993 1.576176 7.027452 1671.573121
 78.200000 -0.942667 1.283931 17.308511 1662.661991
 78.400000 -1.649855 0.785881 23.324499 390.056145
 78.600000 -1.837402 0.298004 20.722746 29.034218
 78.800000 -1.381346 0.483277 26.765703 5.043752
 79.000000 -1.238708 1.244869 25.863522 233.198283
 79.200000 -0.729860 1.466561 8.515454 1629.693862
 79.400000 -0.794453 1.878510 11.131762 1676.890777
 79.600000 -0.730868 2.028474 8.556133 1629.220214
 79.800000 -0.536599 2.124082 0.755587 1233.009208
 80.000000 -1.151627 2.068972 24.172599 580.050656
 80.200000 -0.672342 1.463588 6.197886 1693.316773
 80.400000 -0.818315 1.597392 12.141982 1726.481458
 80.600000 -0.618385 1.643106 3.966152 1701.581089
 80.800000 -0.955959 2.255873 17.900174 1599.694116
 81.000000 -0.756507 2.395423 9.614635 1632.336924
 81.200000 -0.839320 2.182377 13.051037 1767.105350
 81.400000 -0.785303 1.662076 10.812775 1667.110583
 81.600000 -1.167000 1.103228 24.616653 523.310358
 81.800000 -1.578284 0.786240 24.721880 329.768460
 82.000000 -1.343621 0.911163 26.866217 2.810606
 82.200000 -1.292572 1.271896 26.654438 63.827792
 82.400000 -0.973982 1.339289 18.668667 1501.518532
 82.600000 -1.245237 1.302485 26.128741 201.221658
 82.800000 -1.640196 0.830820 23.513532 418.406712
 83.000000 -1.700070 0.778893 22.326582 341.888839
 83.200000 -1.218654 1.029009 25.754231 303.091914
 83.400000 -0.980266 1.487309 18.941639 1466.166083
 83.600000 -0.706822 1.405160 7.694146 1642.528058
 83.800000 -0.960518 1.293022 18.172067 1569.620399
 84.000000 -1.847428 0.789819 20.587804 24.006223
 84.200000 -1.812634 0.154289 20.794668 62.566754
 84.400000 -1.696728 0.193621 22.381673 358.287569
 84.600000 -1.875697 0.809111 20.457449 10.144876
 84.800000 -0.634660 1.373127 4.762865 1710.839268
 85.000000 -0.508646 1.648627 -0.022099 40.371194
 85.200000 -0.529775 2.223078 0.661978 1241.105250
 85.400000 -1.296584 2.424579 26.795998 49.449123
 85.600000 -2.058530 2.276828 20.604448 28.616140
 85.800000 -2.582841 2.683949 23.535138 0.342890
 86.000000 -3.026213 -3.068532 15.110525 1607.229379
 86.200000 -2.671006 2.703215 23.190387 35.695130
 86.400000 -1.572426 2.432585 24.887795 336.427353
 86.600000 -0.598290 1.647070 3.326044 1663.960353
 86.800000 -0.996002 1.706164 19.627860 1378.485203
 87.000000 -0.981514 1.870688 19.082361 1456.910421
 87.200000 -0.706681 1.935416 7.802327 1637.911266
 87.400000 -0.768691 2.271001 10.311397 1659.497144
 87.600000 -0.872472 2.313633 14.647871 1804.513224
 87.800000 -0.634610 1.993402 4.852107 1707.817153
 88.000000 -1.121053 1.713307 23.703204 753.152269
 88.200000 -1.588106 0.683471 24.611903 377.611452
 88.400000 -0.477992 -0.326321 -0.000113 0.000745
 88.600000 -0.527126 -0.809756 0.642591 1255.740612
 88.800000 -0.449728 -0.124263 -0.000000 0.000000
 89.000000 -1.137652 0.623970 24.182161 679.016618
 89.200000 -1.368293 1.358176 27.069416 3.848259
 89.400000 -1.585229 1.016189 24.675946 374.499926
 89.600000 -0.842207 0.556036 13.432345 1790.542069
 89.800000 -0.809580 0.518758 12.061358 1736.460102
 90.000000 -0.935092 0.092653 17.340222 1667.398032
 90.200000 -0.675991 -0.485088 6.662195 1659.842690
 90.400000 -0.592635 -0.376280 3.234890 1664.923444
 90.600000 -0.852074 0.117539 13.886904 1801.186899
 90.800000 -0.840672 0.524755 13.403694 1790.212427
 91.000000 -1.170646 0.888305 25.059646 524.309888
 91.200000 -1.713441 1.335386 22.073840 328.180663
 91.400000 -1.793739 1.386014 20.924985 106.321776
 91.600000 -0.883728 1.108555 15.271354 1795.603054
 91.800000 -0.904205 0.680907 16.135168 1759.247335
 92.000000 -1.802919 0.722423 20.834342 89.165062
 92.200000 -2.283116 0.804461 21.754044 12.196210
 92.400000 -1.719343 0.541176 21.966494 311.957495
 92.600000 -0.489812 0.484437 -0.003852 0.838088
 92.800000 -0.966038 0.824986 18.684319 1512.568192
 93.000000 -1.411387 1.293341 26.965433 35.716793
 93.200000 -1.679496 1.001881 22.730300 420.283567
 93.400000 -1.051111 0.762553 21.773651 1081.814197
 93.600000 -0.792039 0.581055 11.483282 1714.055361
 93.800000 -1.374911 0.552227 27.148895 7.739670
 94.000000 -1.728212 1.022458 21.810826 285.572356
 94.200000 -1.347872 1.389975 27.211819 0.003273
 94.400000 -0.466457 1.008484 -0.000017 0.000016
 94.600000 -1.645950 0.949688 23.443415 466.058800
 94.800000 -1.884933 0.625149 20.282815 16.543993
 95.000000 -1.586212 0.274008 24.706560 401.077171
 95.200000 -1.083292 0.959711 22.854845 937.050439
 95.400000 -0.664801 1.824499 6.386096 1664.973096
 95.600000 -0.807232 2.359054 12.189573 1753.703405
 95.800000 -0.826242 2.479606 12.989566 1786.442467
 96.000000 -0.583105 1.741993 3.023771 1663.800162
 96.200000 -0.926782 1.399898 17.263814 1663.417028
 96.400000 -1.132625 1.038816 24.301561 715.201069
 96.600000 -1.785514 0.499022 21.009095 129.361752
 96.800000 -1.656201 0.885808 23.236292 463.054706
 97.000000 -1.589380 1.409450 24.666151 415.771902
 97.200000 -0.665244 1.033127 6.478143 1666.384034
 97.400000 -1.766226 0.932447 21.251922 177.538756
 97.600000 -1.551090 0.929006 25.418454 317.383164
 97.800000 -1.287986 0.970642 27.079649 51.868767
 98.000000 -0.755220 1.255548 10.122143 1660.965826
 98.200000 -1.525969 1.534239 25.860541 246.784327
 98.400000 -1.601785 0.982665 24.443274 445.245814
 98.600000 -1.708424 0.439257 22.195581 353.332905
 98.800000 -1.291731 0.676587 27.131885 43.996536
 99.000000 -0.705543 1.351377 8.147723 1631.705385
 99.200000 -0.490089 2.119433 -0.011142 5.635951
 99.400000 -1.002958 2.271187 20.293592 1285.425762
 99.600000 -0.610536 1.998652 4.287892 1722.519197
 99.800000 -0.553562 1.777593 1.958534 1566.282562
 100.000000 -1.209510 1.536114 26.140257 330.905784
 100.200000 -1.506224 0.856734 24.846523 193.047776
 100.400000 -1.738288 0.402025 20.351765 269.478238
 100.600000 -2.103432 0.853123 19.136854 56.911169
 100.800000 -1.375206 1.228089 25.952878 9.243719
 101.000000 -0.881102 1.360799 14.176883 1777.746358
 101.200000 -0.835062 1.568098 12.275816 1809.801556
 101.400000 -0.987665 1.607780 18.465572 1342.113789
 101.600000 -0.652433 1.276344 4.754501 1683.678959
 101.800000 -1.413544 1.390228 25.804801 39.455491
 102.000000 -1.473263 0.788462 25.290141 121.140033
 102.200000 -0.796082 0.003476 10.681755 1764.311681
 102.400000 -0.404485 -0.425672 -0.000000 0.000000
 102.600000 -0.668992 -0.285406 5.480034 1662.487974
 102.800000 -0.786216 -0.319708 10.268440 1745.555432
 103.000000 -0.533982 0.005401 -0.013957 165.027152
 103.200000 -0.800158 0.155797 10.910297 1773.927083
 103.400000 -0.614029 -0.058595 3.267956 1727.493713
 103.600000 -0.671558 -0.291130 5.637856 1660.725453
 103.800000 -0.523997 -0.377579 -0.009037 5.650912
 104.000000 -0.625154 -0.012611 3.729874 1719.517366
 104.200000 -0.738679 -0.028357 8.423311 1664.826995
 104.400000 -0.815232 -0.100239 11.607554 1794.435587
 104.600000 -0.503607 -0.086572 -0.000025 0.000064
 104.800000 -1.268641 0.127764 25.809566 89.760321
 105.000000 -1.775529 0.781341 19.882163 183.375643
 105.200000 -1.698768 1.790752 21.211600 407.764339
 105.400000 -1.819242 2.256717 19.382445 101.499542
 105.600000 -2.783922 3.007407 20.456098 164.905361
 105.800000 -2.985828 -2.908346 15.006078 1459.115767
 106.000000 3.057212 2.523406 3.959720 2924.320287
 106.200000 3.022009 2.581925 2.074184 2666.603447
 106.400000 -2.453484 -3.059096 21.062963 68.576995
 106.600000 -2.558534 2.435832 21.649185 2.499472
 106.800000 -1.650890 2.434486 22.265389 491.488236
 107.000000 -2.108255 2.262063 19.101373 58.963218
 107.200000 -2.121285 2.938429 19.190090 60.736926
 107.400000 3.004199 2.731786 1.168775 2393.925890
 107.600000 -3.125560 2.878605 9.118080 2233.973570
 107.800000 -2.189925 3.054101 19.677078 33.949871
 108.000000 -1.919462 2.448781 18.673304 19.743149
 108.200000 -2.251826 2.219736 19.935397 10.065207
 108.400000 -2.153267 2.569712 19.424737 53.192041
 108.600000 -2.329822 3.116753 20.181679 16.647048
 108.800000 -2.891863 2.373448 18.188210 833.113156
 109.000000 -2.257131 3.057030 19.951901 9.322298
 109.200000 -2.498110 2.785334 21.353476 41.103101
 109.400000 -2.090888 2.572588 18.941458 54.597590
 109.600000 -2.147241 2.299206 19.376103 55.868940
 109.800000 -1.866198 2.996323 18.995788 61.198059
 110.000000 -3.047341 2.482326 12.531151 1686.753676
 110.200000 2.986097 3.136044 0.286687 2398.129341
 110.400000 3.052620 2.955566 3.657825 2890.584853
 110.600000 -2.126239 2.694950 19.214013 61.840247
 110.800000 -1.823092 2.034892 19.400844 114.525958
 111.000000 -1.989609 1.766881 18.491555 0.200106
 111.200000 -2.139088 0.970829 19.313534 58.912174
 111.400000 -0.916048 0.678437 16.162414 1559.160773
 111.600000 -0.946179 0.264536 17.326412 1425.130581
 111.800000 -0.708324 -0.275416 7.570091 1650.980672
 112.000000 -0.412419 -0.580962 -0.000000 0.000000
 112.200000 -1.154057 0.500307 24.034596 642.517846
 112.400000 -1.036708 1.668068 20.540546 1083.308986
 112.600000 -0.518180 2.457680 -0.021414 14.411045
 112.800000 -1.528925 2.504366 24.855613 240.575077
 113.000000 -2.465693 2.157048 21.081032 63.692270
 113.200000 -3.032900 3.110497 13.080808 1619.460732
 113.400000 -3.095432 2.883427 10.447499 1971.384086
 113.600000 -2.924275 2.287512 17.123227 1086.655203
 113.800000 -1.982894 2.674125 18.468344 0.010590
 114.000000 -2.033985 2.616174 18.579797 19.247768
 114.200000 -2.549632 2.321340 21.507155 4.039950
 114.400000 -2.479206 2.921560 21.161320 54.329373
 114.600000 -2.607400 2.953801 21.487139 5.950365
 114.800000 -2.665381 2.296074 21.262453 25.377773
 115.000000 -2.337161 2.793777 20.137752 18.293791
 115.200000 -2.282692 2.787014 19.958833 5.483147
 115.400000 -2.670470 2.309337 21.222387 27.128797
 115.600000 -2.230694 2.854377 19.825727 10.420385
 115.800000 -2.687128 2.567940 21.131060 33.198373
 116.000000 -2.741591 2.836629 20.752525 72.132392
 116.200000 -2.285149 2.989962 19.960948 5.395477
 116.400000 -2.378704 2.270156 20.349768 44.500660
 116.600000 -2.144017 2.451404 19.358404 56.140155
 116.800000 -2.105318 3.006107 19.052722 64.497539
 117.000000 -2.966352 2.485724 15.618737 1344.390892
 117.200000 -3.104926 3.051278 9.993945 2044.591125
 117.400000 -2.532015 2.825376 21.435603 11.703786
 117.600000 -2.387811 2.089752 20.410974 50.905030
 117.800000 -1.930614 1.982962 18.574254 21.645465
 118.000000 -1.792342 2.489568 19.862259 193.259953
 118.200000 -2.557271 2.912649 21.487681 1.375510
 118.400000 2.990506 2.970283 0.487672 2175.748448
 118.600000 -2.898613 2.928570 17.871072 883.859370
 118.800000 -2.688662 2.589028 21.093489 33.753226
 119.000000 -2.325880 2.839434 20.077682 13.200152
 119.200000 -2.182701 2.633638 19.625670 31.986848
 119.400000 -2.683206 2.627383 21.116457 31.807574
 119.600000 -2.755574 2.998030 20.587863 93.328432
 119.800000 3.035508 2.691716 2.708203 2730.342076
 120.000000 -3.079295 2.666170 11.111000 1847.679665
 120.200000 -3.053024 3.040776 12.211440 1694.678757
 120.400000 -2.936707 2.808106 16.633086 1164.390067
 120.600000 -2.445174 2.834783 20.869129 69.175587
 120.800000 -2.459784 2.820739 20.988737 64.184402
 121.000000 -2.521838 2.779223 21.384963 17.573010
 121.200000 -2.957211 2.731527 15.911433 1283.683449
 121.400000 2.943833 2.900509 -0.000002 0.000000
 121.600000 -2.977191 2.884254 15.181511 1382.700538
 121.800000 -2.882655 2.592120 18.301985 750.088940
 122.000000 -3.017408 3.005683 13.642391 1542.638550
 122.200000 3.027904 2.886099 2.310187 2633.228806
 122.400000 -3.039040 2.904271 12.784536 1633.110208
 122.600000 3.067055 2.605310 4.377295 2869.881617
 122.800000 3.127622 3.005677 7.554201 2533.588270
 123.000000 -2.963009 2.778705 15.706076 1311.759139
 123.200000 -2.747283 2.991880 20.641165 82.174448
 123.400000 -3.014113 2.576981 13.784536 1530.234347
 123.600000 -2.623176 3.060512 21.383712 12.289146
 123.800000 -2.730971 2.488053 20.779303 62.675827
 124.000000 -2.165418 2.905119 19.531937 44.634502
 124.200000 -2.318283 2.538711 20.057583 10.008801
 124.400000 -2.548680 2.776587 21.463699 3.423557
 124.600000 -2.627381 2.789952 21.369041 13.667201
 124.800000 -2.879888 2.855861 18.378558 716.369417
 125.000000 -3.079468 2.684943 11.114610 1864.274299
 125.200000 3.023990 2.951309 2.118976 2576.616478
 125.400000 -3.120993 2.722690 9.249395 2213.063844
 125.600000 -2.840792 2.698820 19.312164 428.606184
 125.800000 -2.560982 2.943332 21.482131 0.662098
 126.000000 -2.447794 2.722414 20.890155 68.280087
 126.200000 -2.318490 2.570948 20.062342 10.024748
 126.400000 -2.080882 2.738111 18.848630 65.413366
 126.600000 -2.627925 2.725549 21.374071 13.574398
 126.800000 -2.967837 2.867358 15.565145 1324.938593
 127.000000 3.043430 3.077883 3.128966 2772.919578
 127.200000 3.040966 2.774566 3.001965 2752.909520
 127.400000 -2.320960 2.897705 20.075611 10.855169
 127.600000 -1.982217 2.421676 18.383720 0.002311
 127.800000 -1.949788 2.152890 18.436703 10.738750
 128.000000 -2.153022 2.632256 19.444696 55.642079
 128.200000 -2.342723 3.023655 20.165009 19.758676
 128.400000 3.017730 2.564414 1.815401 2485.631285
 128.600000 -3.139735 3.005322 8.368980 2411.240913
 128.800000 -2.926264 2.980502 17.026158 1062.198374
 129.000000 -2.813061 2.505401 19.842525 271.600999
 129.200000 -2.006585 2.811436 18.410197 6.923502
 129.400000 -2.015691 2.598156 18.438336 12.554728
 129.600000 -2.446740 2.284986 20.893117 66.625740
 129.800000 -2.586195 2.957313 21.484648 1.232200
 130.000000 3.046716 2.872334 3.319411 2795.805940
 130.200000 -2.967115 2.704494 15.636088 1311.125441
 130.400000 -3.092511 2.894097 10.601512 1984.424517
 130.600000 -3.031979 3.049157 13.154651 1611.060269
 130.800000 -1.994849 2.687712 18.385949 2.088948
 131.000000 -1.818627 1.960357 19.561647 175.125331
 131.200000 -1.789818 1.861847 19.970659 230.629085
 131.400000 -1.905994 2.054555 18.658796 51.675698
 131.600000 -1.911826 2.761170 18.618265 45.014235
 131.800000 -2.878360 2.948390 18.469075 688.067786
 132.000000 -3.128508 2.938088 8.948305 2308.676655
 132.200000 -2.779296 2.783895 20.341548 145.280884
 132.400000 -2.348088 2.435460 20.218431 22.983705
 132.600000 -1.962053 2.728350 18.401794 3.955566
 132.800000 -2.210027 2.858628 19.791570 18.532042
 133.000000 -3.020931 2.395749 13.620918 1560.664686
 133.200000 3.120758 3.135870 7.284260 2630.185486
 133.400000 3.136554 3.001211 8.083382 2486.237797
 133.600000 -2.937462 2.344870 16.708838 1126.481648
 133.800000 -1.793742 2.971214 19.915019 221.094619
 134.000000 -2.112394 2.677804 19.119878 74.167976
 134.200000 -2.484371 2.343316 21.203644 43.830778
 134.400000 -2.399749 3.020741 20.554447 54.513373
 134.600000 -2.812746 2.870704 19.883706 263.720403
 134.800000 -2.378870 2.808309 20.409270 41.935179
 135.000000 -1.705746 2.646097 21.489557 426.523482
 135.200000 -2.245678 2.085465 19.927488 8.289394
 135.400000 -2.347977 2.227730 20.245343 23.481690
 135.600000 -1.966331 -3.084330 18.417467 2.415930
 135.800000 -2.750664 2.787363 20.658566 84.266293
 136.000000 -3.026882 2.549814 13.422818 1585.696575
 136.200000 -3.061780 3.052706 12.008324 1767.707718
 136.400000 -2.776960 2.987870 20.390596 135.811162
 136.600000 -2.585401 2.535482 21.500425 1.296107
 136.800000 -1.944265 2.757753 18.485275 13.833184
 137.000000 -1.912444 2.612537 18.649203 42.445173
 137.200000 -2.418934 2.273056 20.734817 60.650732
 137.400000 -2.564692 3.136517 21.511523 0.142048
 137.600000 -2.819434 2.948373 19.791271 292.131271
 137.800000 -3.029196 2.511691 13.357978 1592.724253
 138.000000 -3.139434 2.898837 8.499344 2414.078444
 138.200000 -2.871115 -3.057202 18.715281 618.970450
 138.400000 -2.849096 2.675168 19.226297 463.281510
 138.600000 -2.080724 2.515124 18.876209 61.871470
 138.800000 -1.850109 2.496471 19.211911 117.662255
 139.000000 -2.386946 2.320202 20.511652 46.512903
 139.200000 -2.590839 -2.962111 21.505350 2.432280
 139.400000 2.859386 2.719790 -0.000000 0.000000
 139.600000 -3.130041 2.621673 8.990673 2324.508956
 139.800000 -2.587501 2.891393 21.510190 1.793656
 140.000000 -2.598340 2.770480 21.491861 4.128205
 140.200000 -2.317946 2.591896 20.177735 13.354863
 140.400000 -2.504434 2.895097 21.369532 25.050880
 140.600000 -2.382291 2.898285 20.506798 43.978047
 140.800000 -3.106534 2.669496 10.114642 2103.858088
 141.000000 -2.835225 3.020288 19.525020 372.903778
 141.200000 -2.961449 2.613143 15.980791 1251.871530
 141.400000 3.105723 2.553810 6.631037 2761.157947
 141.600000 -2.875391 -2.960184 18.636920 642.279525
 141.800000 -2.714201 2.743838 20.975638 46.268881
 142.000000 -1.722714 2.187396 21.144314 380.492676
 142.200000 -1.655272 1.940941 22.563426 484.056551
 142.400000 -2.004443 1.289131 18.494153 4.566915
 142.600000 -1.395939 0.862113 26.308145 29.681472
 142.800000 -0.817338 0.444501 12.843948 1754.836504
 143.000000 -1.077658 0.460091 22.139069 963.307976
 143.200000 -1.166527 1.071249 24.653275 580.812693
 143.400000 -1.682189 1.476137 21.975269 461.254902
 143.600000 -1.978262 1.278386 18.480190 0.177206
 143.800000 -1.580340 0.725500 24.141114 367.478113
 144.000000 -0.513805 0.158511 0.256928 1809.396326
 144.200000 -0.663421 -0.091048 6.438048 1682.538773
 144.400000 -0.688490 -0.042189 7.466413 1686.729741
 144.600000 -0.557222 -0.166314 2.035312 1713.877318
 144.800000 -0.595036 -0.177461 3.610867 1740.241237
 145.000000 -0.568900 -0.506415 2.520353 1734.140059
 145.200000 -0.591811 -0.301558 3.488326 1738.244732
 145.400000 -0.596110 -0.024039 3.667529 1736.165213
 145.600000 -2.005728 0.802144 18.520012 4.607535
 145.800000 -1.975649 1.305363 18.498315 0.507167
 146.000000 -0.650560 1.238889 5.919812 1685.875971
 146.200000 -1.030653 1.936791 20.648471 1026.757063
 146.400000 -0.694133 2.309407 7.717132 1686.810718
 146.600000 -0.772405 2.106306 10.976902 1779.531865
 146.800000 -0.623943 1.837854 4.835839 1707.241610
 147.000000 -0.720268 1.580573 8.794819 1716.614561
 147.200000 -0.938900 1.409305 17.599471 1234.664024
 147.400000 -1.830832 1.246868 19.469979 135.813614
 147.600000 -1.902413 0.592373 18.804437 47.301516
 147.800000 -1.373703 0.216114 26.381233 17.261822
 148.000000 -0.674393 0.429828 6.921538 1674.495372
 148.200000 -1.118007 1.579355 23.347157 840.568822
 148.400000 -1.677140 2.075083 22.082492 462.158158
 148.600000 -2.801462 2.837005 20.144368 201.049048
 148.800000 -3.097345 3.099412 10.665724 2034.339339
 149.000000 -2.915551 2.499647 17.597315 921.810940
 149.200000 -2.189167 2.521848 19.720109 34.685521
 149.400000 -1.697219 2.732590 21.658201 429.139755
 149.600000 -2.436278 2.268577 21.016787 60.096007
 149.800000 -2.529800 2.880474 21.561391 7.531817
 150.000000 -2.680653 3.068167 21.216640 31.810305
 150.200000 -3.094939 2.388382 10.802103 2015.069074
 150.400000 -2.435906 3.040855 21.022451 60.148267
 150.600000 -1.948268 2.777491 18.598514 10.576024
 150.800000 -2.002224 2.153368 18.552453 2.566743
 151.000000 -1.818339 2.303544 19.636796 152.282361
 151.200000 -1.970475 2.688716 18.559525 1.725421
 151.400000 -2.876095 2.511179 18.713075 617.752498
 151.600000 -2.933624 2.906051 17.058496 1042.334089
 151.800000 -3.114259 2.824912 9.930533 2191.949957
 152.000000 3.046591 2.491263 3.584619 2878.617485
 152.200000 -2.370487 3.005511 20.553720 42.982663
 152.400000 -2.172973 2.546248 19.618449 42.882724
 152.600000 -2.051690 2.268814 18.752746 29.886484
 152.800000 -2.009538 2.652631 18.588635 4.692608
 153.000000 -2.500144 2.890496 21.468813 24.688222
 153.200000 3.035087 2.562706 2.990946 2800.315639
 153.400000 -2.974286 2.731214 15.691653 1286.703950
 153.600000 -2.770091 2.803655 20.555215 113.420105
 153.800000 -3.055967 2.689933 12.530621 1724.708391
 154.000000 -2.948212 3.038799 16.598854 1131.461098
 154.200000 -3.021505 2.732920 13.936909 1527.698996
 154.400000 3.055344 2.795167 4.089133 2939.999954
 154.600000 3.062090 2.911377 4.455530 2958.165363
 154.800000 -2.942532 2.724146 16.802282 1090.483188
 155.000000 -2.564577 2.868783 21.640986 0.015415
 155.200000 -2.628923 2.837906 21.502549 15.644485
 155.400000 -2.566295 2.666909 21.646218 0.071583
 155.600000 -2.213168 2.761418 19.853271 23.814917
 155.800000 -2.332756 2.629840 20.353313 26.373380
 156.000000 -2.525360 2.822421 21.591262 8.917848
 156.200000 -2.658102 2.793046 21.378672 24.865527
 156.400000 -2.725299 2.751276 20.971137 54.494124
 156.600000 -2.681641 2.778722 21.253018 32.359701
 156.800000 -2.472612 2.801639 21.342786 42.884880
 157.000000 -2.618627 2.536719 21.548448 12.309938
 157.200000 -1.887168 2.915217 18.999164 53.566908
 157.400000 -2.422274 2.564336 20.983890 61.661143
 157.600000 -2.377561 2.548609 20.645587 49.329453
 157.800000 -2.346512 2.965708 20.445496 33.985944
 158.000000 -2.539455 2.572339 21.648314 3.276442
 158.200000 -2.457191 2.599367 21.268906 52.087841
 158.400000 -2.225897 2.965706 19.918840 20.676014
 158.600000 -2.423166 2.519820 21.008789 62.038461
 158.800000 -2.446646 2.612249 21.190960 56.966137
 159.000000 -2.129774 2.956879 19.335023 52.918320
 159.200000 -2.738074 2.514498 20.898664 67.482880
 159.400000 -2.428775 2.691647 21.074175 61.623167
 159.600000 -2.434946 2.956080 21.122410 60.478027
 159.800000 -2.374122 2.687415 20.656780 49.488111
 160.000000 -2.424453 2.594122 21.040177 62.073947
 160.200000 -2.099214 3.063018 19.125316 49.091358
 160.400000 -2.443671 2.421073 21.213262 57.456074
 160.600000 -2.342569 2.842463 20.473856 35.235977
 160.800000 -2.274851 2.868711 20.143971 17.481814
 161.000000 -2.648695 2.599661 21.474137 23.327971
 161.200000 -2.274502 2.757874 20.159019 18.578971
 161.400000 -2.513975 2.824462 21.654855 13.139603
 161.600000 -2.366885 2.493347 20.655863 47.672171
 161.800000 -2.242424 2.913059 20.019985 20.018011
 162.000000 -2.361330 2.802560 20.618035 45.070709
 162.200000 -2.723724 2.554400 21.041820 57.421808
 162.400000 -2.268010 3.025661 20.149975 19.657019
 162.600000 -2.404179 2.513162 20.964261 60.831255
 162.800000 -2.423372 2.498352 21.114771 61.308262
 163.000000 -1.929688 2.950019 18.779849 16.769019
 163.200000 -2.493118 2.539905 21.618892 24.558769
 163.400000 -2.553931 2.694609 21.779936 0.062022
 163.600000 -2.413404 3.076009 21.071447 61.410610
 163.800000 -2.825798 2.518005 19.852320 302.472571
 164.000000 -2.493855 2.977248 21.622525 24.059781
 164.200000 -2.204241 2.912445 19.866551 32.836928
 164.400000 -2.218454 2.319726 19.945339 28.776643
 164.600000 -2.211604 2.564849 19.908018 30.633640
 164.800000 -1.991330 2.902128 18.682907 0.474991
 165.000000 -2.507891 2.501997 21.715883 14.361283
 165.200000 -2.718404 2.802186 21.117818 56.825670
 165.400000 -2.805120 3.124055 20.196350 220.087887
 165.600000 3.004533 2.652868 1.531105 2453.407285
 165.800000 -3.000235 2.773431 14.909794 1361.957254
 166.000000 -2.967153 3.015132 16.090430 1184.676547
 166.200000 -3.054646 2.648081 12.806611 1681.347384
 166.400000 -3.113942 2.926650 10.203479 2217.118690
 166.600000 3.067471 2.913282 4.895771 3052.416197
 166.800000 3.037614 2.826560 3.258970 2913.894640
 167.000000 -3.059222 2.861402 12.618056 1714.573425
 167.200000 -2.961793 2.901921 16.291163 1145.285424
 167.400000 3.132846 2.876154 8.433752 2624.969154
 167.600000 3.038211 2.856459 3.303725 2929.699579
 167.800000 3.036070 2.858816 3.188013 2909.737202
 168.000000 -2.776055 2.772468 20.601192 138.302965
 168.200000 -2.401178 2.839769 21.153469 62.495114
 168.400000 -2.146166 2.524013 19.533513 52.095236
 168.600000 -1.988783 2.794372 18.707503 0.582669
 168.800000 -2.592542 2.575284 21.842971 8.308823
 169.000000 -2.827469 2.822394 19.856492 318.681345
 169.200000 -3.090391 -3.133135 11.347131 1963.796321
 169.400000 3.070712 2.546148 5.129007 3084.381122
 169.600000 -2.888974 3.026789 18.508879 682.243065
 169.800000 -3.036080 2.790071 13.606217 1533.967596
 170.000000 -2.740365 2.815268 20.991178 80.437823
 170.200000 -2.331597 2.748076 20.697587 45.211653
 170.400000 -2.401594 2.635102 21.222525 63.036644
 170.600000 -2.071520 2.733861 19.030338 37.664417
 170.800000 -2.410723 2.645218 21.294840 62.263963
 171.000000 -2.395946 2.809276 21.177681 62.994317
 171.200000 -2.650151 2.733877 21.650170 29.714492
 171.400000 -2.866170 2.902202 19.087929 536.658178
 171.600000 -2.888810 2.852858 18.530159 679.826062
 171.800000 -3.050392 2.931871 13.081840 1614.290934
 172.000000 -2.546133 2.759314 21.976709 0.002576
 172.200000 -2.168438 2.392369 19.735160 49.687455
 172.400000 -2.124381 2.388701 19.414181 54.311553
 172.600000 -2.066740 2.895265 19.018720 35.534045
 172.800000 -2.678223 2.505390 21.503935 39.860397
 173.000000 -2.872141 2.962133 18.958151 573.920557
 173.200000 2.972391 2.862461 0.084510 1709.843449
 173.400000 -3.003244 2.769908 14.921944 1320.572036
 173.600000 -2.466438 2.750691 21.794443 33.230784
 173.800000 -2.183775 2.808541 19.854975 46.902801
 174.000000 -2.017823 2.540301 18.800259 10.126147
 174.200000 -2.200060 2.555261 19.979665 44.163887
 174.400000 -2.098858 2.877562 19.251643 49.898297
 174.600000 -3.073647 2.630130 12.190162 1790.870548
 174.800000 3.035473 2.944393 3.261366 2983.778047
 175.000000 -2.892088 3.086042 18.478893 697.267013
 175.200000 -2.656498 2.395587 21.689225 33.516894
 175.400000 -1.735474 2.569898 20.753968 314.942393
 175.600000 -1.647889 2.649502 22.511996 449.291859
 175.800000 -2.503741 2.343244 22.020427 8.937092
 176.000000 -2.593810 3.076875 21.984825 11.468147
 176.200000 2.946461 2.813255 -0.000127 0.001618
 176.400000 -3.028755 2.604577 14.036299 1447.167647
 176.600000 -2.021829 2.897010 18.842292 13.328121
 176.800000 -2.045237 2.368180 18.944451 25.402339
 177.000000 -1.976735 2.295577 18.746383 0.296480
 177.200000 -2.217097 2.605347 20.146612 44.084070
 177.400000 -2.774618 2.941179 20.746514 147.475753
 177.600000 2.987873 2.800387 0.851911 2229.144823
 177.800000 -2.987960 2.947736 15.543264 1219.206491
 178.000000 -3.008065 2.688842 14.826640 1323.171890
 178.200000 -2.776958 3.076560 20.731133 154.012853
 178.400000 3.041564 2.742843 3.660056 3078.828970
 178.600000 -2.951082 2.892159 16.797236 1026.821454
 178.800000 -2.505135 2.703253 22.107132 7.060714
 179.000000 -2.399130 2.588095 21.479820 63.457119
 179.200000 -2.029145 2.768460 18.908373 18.322018
 179.400000 -2.382566 2.483740 21.377926 65.378392
 179.600000 -2.395311 2.808538 21.480572 64.071791
 179.800000 -2.780686 2.664669 20.698663 164.014895
 180.000000 -2.863215 2.810459 19.248283 515.471915
 180.200000 -2.867171 2.861628 19.171721 537.750622
 180.400000 -2.868076 2.854220 19.150674 542.957045
 180.600000 -2.464775 2.697917 21.998560 28.767027
 180.800000 -2.548298 2.754149 22.195670 0.612747
 181.000000 -2.167853 2.829565 19.850587 54.865756
 181.200000 -2.553852 2.526609 22.214965 1.504440
 181.400000 -2.128517 2.826211 19.568765 56.942896
 181.600000 -2.543047 2.763219 22.224088 0.207616
 181.800000 -2.274532 2.750721 20.617702 48.799132
 182.000000 -2.361906 2.765052 21.277624 65.465214
 182.200000 -2.236615 2.739220 20.380030 49.101210
 182.400000 -2.229338 2.671626 20.328955 49.456220
 182.600000 -2.357044 2.647527 21.274913 65.600435
 182.800000 -2.205442 2.901422 20.159178 51.757536
 183.000000 -2.613992 2.711934 22.054599 21.090039
 183.200000 -2.556222 2.817375 22.262622 2.351203
 183.400000 -2.820199 2.977297 20.166828 301.099026
 183.600000 -3.057636 2.703262 13.069287 1633.718720
 183.800000 -3.062207 3.057223 12.883431 1672.967670
 184.000000 3.025612 2.806022 2.859218 2955.218435
 184.200000 -2.564971 2.652344 22.271216 4.682488
 184.400000 -2.240259 2.652063 20.460458 53.107427
 184.600000 -2.302600 2.795079 20.921981 58.618837
 184.800000 -2.465292 2.677035 22.133057 24.632476
 185.000000 -2.680732 2.887661 21.713590 46.397827
 185.200000 -2.771861 2.948331 20.910784 149.348091
 185.400000 -2.913231 2.787685 18.060150 796.707154
 185.600000 -2.711295 2.932846 21.510326 64.678153
 185.800000 -2.707131 2.722147 21.543414 61.643525
 186.000000 -2.594819 2.670429 22.205952 14.866024
 186.200000 -2.110973 2.803075 19.505353 58.356995
 186.400000 -2.403715 2.244504 21.808863 57.912844
 186.600000 -1.982822 2.577692 18.823941 3.860645
 186.800000 -2.077975 2.682589 19.265279 46.550789
 187.000000 -2.314570 2.709412 21.089985 63.801430
 187.200000 -2.659534 2.569528 21.930341 38.603732
 187.400000 -2.591042 3.046895 22.276136 13.504198
 187.600000 3.134557 2.660201 8.974706 2706.772500
 187.800000 2.977021 2.894153 0.453435 2194.791374
 188.000000 -2.440061 3.073573 22.099399 37.487838
 188.200000 -2.004805 2.304723 18.900264 12.242765
 188.400000 -1.746346 1.966755 20.389632 279.655660
 188.600000 -1.894816 2.063996 18.899243 14.109298
 188.800000 -2.350364 2.772159 21.460288 68.021303
 189.000000 3.078003 3.056052 5.886216 3244.612361
 189.200000 2.949721 2.718023 -0.000934 0.088030
 189.400000 -2.414783 2.740798 22.004850 49.862214
 189.600000 -1.994370 2.678208 18.875995 8.840012
 189.800000 -2.028084 2.262547 19.008385 23.386620
 190.000000 -1.862288 2.552074 19.055144 38.131631
 190.200000 -2.377285 2.873184 21.757888 63.920818
 190.400000 -2.988673 2.638615 15.782247 1165.526362
 190.600000 -2.702880 3.130917 21.711221 63.623982
 190.800000 -3.003487 2.780433 15.268082 1245.106928
 191.000000 -3.089463 2.676547 11.885489 1952.010961
 191.200000 -2.847420 -3.099596 19.771268 439.935053
 191.400000 -2.868669 2.676686 19.299796 546.968765
 191.600000 -2.393776 2.766262 21.924208 57.788107
 191.800000 -2.395252 2.724966 21.935395 57.185306
 192.000000 -2.000409 2.823009 18.919217 12.210060
 192.200000 -2.273719 2.418723 20.965701 71.641424
 192.400000 -1.894619 2.736261 18.892058 10.279753
 192.600000 -2.642320 2.575525 22.179810 32.510700
 192.800000 -3.141206 2.927851 9.458051 2636.222226
 193.000000 -2.897537 -3.104072 18.596298 697.777754
 193.200000 -2.565716 2.589390 22.524737 5.182767
 193.400000 -1.955527 2.742394 18.835509 1.196496
 193.600000 -1.963727 2.575093 18.846527 2.533544
 193.800000 -2.380064 2.592558 21.894399 61.976556
 194.000000 -2.490167 2.856197 22.517775 6.750188
 194.200000 -2.685302 2.801826 21.957282 54.990882
 194.400000 -3.132362 2.641772 9.946668 2528.782970
 194.600000 -2.931324 2.957656 17.686624 864.137261
 194.800000 -2.875873 2.569256 19.176221 582.401650
 195.000000 -2.624045 2.665912 22.336780 25.198055
 195.200000 -2.161205 2.779005 20.068062 74.772592
 195.400000 -2.106948 2.611379 19.617283 61.421234
 195.600000 -1.829179 2.377587 19.250218 71.776696
 195.800000 -1.958328 2.635586 18.856138 2.291515
 196.000000 -2.339926 2.807575 21.640777 73.045308
 196.200000 -2.962752 2.733746 16.768023 1009.447160
 196.400000 3.129830 2.806719 8.898257 2829.572801
 196.600000 -3.042898 2.943508 13.956052 1504.868954
 196.800000 -2.799709 2.790740 20.734997 255.155992
 197.000000 -2.060904 2.696139 19.303227 42.235530
 197.200000 -1.721401 2.364942 20.701277 340.937106
 197.400000 -2.206213 2.182857 20.510393 81.918184
 197.600000 -1.932266 2.736680 18.848090 0.042156
 197.800000 -2.259818 2.850254 20.998314 83.102642
 198.000000 -2.679721 2.595915 22.083385 53.589971
 198.200000 -2.913393 2.752535 18.279504 757.954356
 198.400000 -2.796490 -3.094005 20.823652 248.413612
 198.600000 -3.067604 2.713594 13.014666 1743.718824
 198.800000 -2.079764 2.672214 19.470382 51.193231
 199.000000 -1.575913 2.435680 23.556591 298.882124
 199.200000 -1.997097 2.050781 19.017320 16.401854
 199.400000 -2.002737 2.718747 19.040891 18.553138
 199.600000 -2.240831 2.990991 20.879909 86.913865
 199.800000 -2.884729 2.515335 19.051147 616.083227
 200.000000 -3.037878 2.923417 14.228787 1469.064150
 200.200000 3.054630 3.026556 5.054149 3316.313042
 200.400000 3.021400 2.730555 3.179283 2991.880657
 200.600000 -2.707112 2.755763 22.281635 78.368255
 200.800000 -2.235346 2.952671 21.194657 88.363000
 201.000000 -2.315818 2.537155 21.946074 82.688336
 201.200000 -2.038752 2.838430 19.598696 34.903170
 201.400000 -2.181297 2.705061 20.714730 83.679664
 201.600000 -2.451725 2.408833 22.971690 19.494525
 201.800000 -2.445334 2.870601 22.942335 22.759073
 202.000000 -2.660716 2.896320 22.662645 42.978552
 202.200000 -3.000351 2.729746 16.006147 1199.868821
 202.400000 2.952160 2.883860 -0.027395 3.507390
 202.600000 -2.793900 2.964514 21.285439 246.948206
 202.800000 -2.596174 2.382088 23.021622 14.135150
 203.000000 -2.110794 2.716334 20.125683 64.210782
 203.200000 -1.956722 2.649522 19.271258 6.615257
 203.400000 -2.297450 2.297560 21.875086 90.391609
 203.600000 -2.478461 2.847061 23.127254 7.281063
 203.800000 -2.343694 3.011527 22.299396 76.346953
 204.000000 -3.017686 2.471212 15.415458 1315.129897
 204.200000 -2.852672 2.954159 20.227271 467.292797
 204.400000 -2.882031 3.053969 19.550684 597.693801
 204.600000 3.000469 2.471065 2.107215 2634.849576
 204.800000 -2.548331 -3.122461 23.196466 1.935104
 205.000000 -2.397038 2.644525 22.758905 47.948770
 205.200000 -2.338395 2.373164 22.325471 79.585826
 205.400000 -1.718135 2.778048 20.976139 339.927256
 205.600000 -2.391922 2.665764 22.758441 50.399115
 205.800000 3.137112 2.646762 9.782264 2809.846879
 206.000000 3.041307 -3.034882 4.348748 3257.931721
 206.200000 3.015757 2.747429 2.935957 2931.357574
 206.400000 -2.622411 2.625168 23.011049 23.669374
 206.600000 -1.757541 2.901679 20.296981 226.600285
 206.800000 -2.203863 2.382911 21.044615 95.464618
 207.000000 -2.350951 2.594086 22.471615 73.903156
 207.200000 -2.425922 3.099371 23.040677 28.491112
 207.400000 -2.507724 2.661359 23.289765 0.504502
 207.600000 -2.500907 2.534606 23.283613 1.199646
 207.800000 -2.105506 3.081729 20.180900 63.762951
 208.000000 -2.184333 2.517863 20.878599 92.178533
 208.200000 -1.984685 2.229326 19.429569 20.094611
 208.400000 -1.790349 2.647161 19.836063 130.811246
 208.600000 -2.260596 2.659216 21.671981 105.280622
 208.800000 -3.140025 2.763569 10.157460 2743.528314
 209.000000 3.074594 3.084695 6.319396 3390.494085
 209.200000 -2.644008 2.895698 22.969358 33.813958
 209.400000 -2.299949 2.545649 22.105487 99.592271
 209.600000 -1.675178 2.827157 21.749628 408.465626
 209.800000 -2.188431 2.297070 20.966854 96.395645
 210.000000 -2.325381 2.896533 22.352832 88.963137
 210.200000 -2.626113 2.847398 23.090748 25.336698
 210.400000 -3.023895 2.666504 15.344572 1360.051022
 210.600000 3.140510 2.997037 10.055373 2788.848388
 210.800000 -3.075349 3.105198 13.290370 1868.959955
 211.000000 -3.006908 2.616614 15.955928 1234.184168
 211.200000 -2.610929 2.710757 23.186955 19.276108
 211.400000 -2.290747 2.906788 22.081775 105.727276
 211.600000 -2.062841 2.607712 19.940017 49.866641
 211.800000 -1.949780 2.451233 19.326634 10.964745
 212.000000 -2.032446 2.469318 19.737007 39.523228
 212.200000 -2.178974 2.863731 20.947824 97.122634
 212.400000 -2.728598 2.565950 22.358086 114.938527
 212.600000 -2.848123 2.935066 20.472672 452.015574
 212.800000 3.082841 2.988936 6.865077 3389.718507
 213.000000 2.993712 2.691106 1.853829 2536.032543
 213.200000 -2.309735 2.753955 22.343986 101.152777
 213.400000 -1.985578 2.633743 19.504336 25.712975
 213.600000 -1.962382 2.478463 19.396707 17.421620
 213.800000 -1.998934 2.486332 19.575003 30.275124
 214.000000 -2.331474 2.734224 22.556080 88.791818
 214.200000 -2.754184 2.602679 22.100546 163.063571
 214.400000 -3.105430 2.790057 12.012318 2272.486532
 214.600000 -3.082553 3.019742 13.064415 1964.682697
 214.800000 3.095431 2.662327 7.630566 3324.754308
 215.000000 3.113170 2.827204 8.641307 3157.829664
 215.200000 3.041044 2.934961 4.479594 3318.113023
 215.400000 2.989341 2.775108 1.674841 2458.723838
 215.600000 -2.677153 2.882065 22.889652 56.391989
 215.800000 -2.587105 2.700514 23.373184 11.872262
 216.000000 -2.776836 2.741165 21.809708 216.980719
 216.200000 -2.941919 2.871177 18.168621 854.580684
 216.400000 3.102140 2.890063 8.058800 3278.784776
 216.600000 -3.124410 2.884512 11.127501 2549.452725
 216.800000 -3.101041 2.788138 12.267257 2212.889786
 217.000000 -2.918621 3.042108 18.827783 748.150048
 217.200000 -3.115303 2.830522 11.608020 2415.493971
 217.400000 3.098340 2.787236 7.866322 3316.869060
 217.600000 3.004211 -3.108786 2.470475 2795.387609
 217.800000 -3.046028 2.739306 14.662973 1547.303185
 218.000000 -3.020109 2.808506 15.642312 1318.006222
 218.200000 -2.944769 2.925676 18.127463 863.092445
 218.400000 -3.029831 2.693501 15.311258 1394.356367
 218.600000 -2.872797 2.881517 20.033198 552.187517
 218.800000 -2.831589 2.906848 20.926445 392.690296
 219.000000 -3.049072 2.667238 14.570709 1574.347677
 219.200000 -2.586414 3.133616 23.464812 11.863645
 219.400000 3.117976 2.545419 9.037687 3123.167984
 219.600000 -3.089015 2.819437 12.907806 2044.891636
 219.800000 2.976145 3.005669 1.102827 2190.764546
 220.000000 3.007817 2.667327 2.702048 2888.882279
 220.200000 -2.415700 2.859491 23.422642 25.492606
 220.400000 -2.350014 2.751175 22.961208 78.538599
 220.600000 -2.161433 2.555028 20.953343 94.445666
 220.800000 -1.752487 2.664922 20.192071 218.686008
 221.000000 -2.332360 2.716946 22.797375 93.627510
 221.200000 -2.673765 2.790191 23.052696 53.012212
 221.400000 -3.078437 3.031950 13.440721 1904.479069
 221.600000 -2.940610 3.037190 18.325474 835.231538
 221.800000 -3.117469 2.688668 11.623609 2450.510964
 222.000000 -2.547508 3.116412 23.614935 3.869606
 222.200000 -2.550283 2.558663 23.632846 4.426230
 222.400000 -2.680734 2.709461 23.023994 58.853891
 222.600000 -2.368607 3.057585 23.179905 62.072875
 222.800000 -2.697355 2.548833 22.888167 75.508111
 223.000000 -2.105195 2.901166 20.488553 67.528596
 223.200000 -1.944478 2.705763 19.420696 22.651965
 223.400000 -1.748280 2.059764 20.213817 226.342005
 223.600000 -1.865026 1.888526 19.252507 1.761803
 223.800000 -1.621360 2.532311 22.564285 356.526278
 224.000000 -2.533703 2.736357 23.690049 2.188396
 224.200000 2.960273 2.785527 0.461804 1978.255229
 224.400000 -2.725276 2.871639 22.666285 113.845550
 224.600000 -2.555904 2.551664 23.673890 5.670086
 224.800000 -2.146534 2.514419 20.888905 88.165289
 225.000000 -1.368428 2.805678 25.316531 12.715233
 225.200000 -2.126104 2.154098 20.721945 77.578986
 225.400000 -1.944607 2.384388 19.437802 25.041573
 225.600000 -1.948977 2.867092 19.460095 27.013903
 225.800000 -2.054675 2.676497 20.151047 54.176597
 226.000000 -3.024304 2.310609 15.722951 1329.587417
 226.200000 -2.420704 3.103455 23.634128 20.903975
 226.400000 -2.729363 2.796519 22.667823 121.080517
 226.600000 -2.604386 2.322366 23.565255 17.687949
 226.800000 -1.991042 3.093256 19.723283 43.135794
 227.000000 -2.017268 2.783287 19.901183 48.564862
 227.200000 -2.326053 2.406124 22.943475 106.523900
 227.400000 -1.977586 2.620655 19.649827 40.663198
 227.600000 -1.840592 2.770338 19.303349 13.504779
 227.800000 -2.450488 2.301338 23.771991 6.897956
 228.000000 -2.677942 2.987674 23.166871 57.701710
 228.200000 3.131157 -2.886625 10.019524 2992.570716
 228.400000 -2.778628 2.527032 22.073514 228.443480
 228.600000 -1.808514 2.064749 19.480015 57.770158
 228.800000 -0.590453 1.932567 3.227360 1267.299964
 229.000000 -0.882592 1.835330 14.752024 1316.964221
 229.200000 -0.937670 1.829635 16.629714 1093.541321
 229.400000 -1.078964 1.830546 21.091212 921.922308
 229.600000 -0.721733 1.683699 8.244133 1702.734729
 229.800000 -1.563558 2.066411 23.431204 229.365891
 230.000000 -2.161642 2.289348 21.134153 98.199723
 230.200000 -2.835034 3.099257 21.123961 403.269017
 230.400000 3.129412 3.014299 9.970177 3026.408298
 230.600000 -2.980012 2.628133 17.360795 1013.494866
 230.800000 -2.717117 2.685123 22.893269 104.170411
 231.000000 -2.811324 2.844671 21.575699 324.611639
 231.200000 3.002224 2.818351 2.615381 2905.788115
 231.400000 -2.526001 3.140082 23.923677 2.044937
 231.600000 -2.450222 2.244434 23.891460 6.648924
 231.800000 -2.133024 2.353442 20.900301 80.889057
 232.000000 -1.626689 2.954256 22.316101 344.250186
 232.200000 -2.445394 2.658481 23.907390 8.386286
 232.400000 -2.990884 2.751086 17.057020 1076.026173
 232.600000 3.103364 3.062613 8.541586 3367.182595
 232.800000 2.864572 2.396218 -0.000000 0.000000
 233.000000 -1.966293 2.726997 19.639502 43.699274
 233.200000 -1.679713 2.577210 21.281587 352.625437
 233.400000 -2.070559 2.114918 20.419033 60.023257
 233.600000 -1.895969 2.384941 19.290579 7.924961
 233.800000 -2.056787 2.937569 20.313159 58.292213
 234.000000 -2.556111 2.478318 23.917768 6.876270
 234.200000 -2.679571 2.775666 23.329660 61.169964
 234.400000 -2.728891 3.083869 22.864870 124.766565
 234.600000 3.133254 2.571715 10.275792 2984.398270
 234.800000 -3.036620 2.963242 15.495762 1430.304361
 235.000000 -2.742646 3.102929 22.703899 149.926200
 235.200000 -3.123442 2.185125 11.696340 2573.154559
 235.400000 -2.779332 3.131795 22.223487 234.981310
 235.600000 -2.909952 2.936938 19.498382 681.603746
 235.800000 3.135245 2.543262 10.408233 2955.785395
 236.000000 -2.783889 2.882621 22.152747 247.198839
 236.200000 -2.585073 2.983165 23.904673 13.422905
 236.400000 -2.639455 2.272356 23.651210 33.099522
 236.600000 -1.966380 2.787984 19.684352 49.081679
 236.800000 -1.866308 2.753458 19.250384 0.036810
 237.000000 -2.112165 2.370814 20.805701 70.763649
 237.200000 -1.818284 2.619396 19.375934 31.756420
 237.400000 -1.862557 2.728762 19.251151 0.016864
 237.600000 -2.206859 2.655549 21.757174 131.967823
 237.800000 -2.248247 2.719326 22.254262 153.472774
 238.000000 -2.112990 2.883267 20.829584 71.000299
 238.200000 -2.193896 2.387011 21.630832 122.567625
 238.400000 -1.928488 2.530814 19.460430 32.313034
 238.600000 -2.099695 2.530550 20.738733 66.765598
 238.800000 -2.258143 2.679238 22.398287 155.830412
 239.000000 -2.776617 2.792691 22.339983 228.704361
 239.200000 3.131023 2.802533 10.277840 3023.191418
 239.400000 -2.701240 2.992682 23.272789 84.972178
 239.600000 -2.363622 2.707573 23.613767 78.358302
 239.800000 -2.085096 2.535101 20.641992 63.776559
 240.000000 -1.624300 2.516239 22.224845 321.838820
 240.200000 -2.160811 2.533753 21.326882 97.449177
 240.400000 -2.713081 2.693753 23.184434 100.961610
 240.600000 3.126164 -3.089917 10.032228 3096.462705
 240.800000 3.095003 2.792382 8.241583 3482.447582
 241.000000 -3.051597 2.758370 15.057405 1575.720877
 241.200000 -2.997615 3.001032 17.041990 1113.100555
 241.400000 -3.066643 2.774086 14.467215 1746.804394
 241.600000 -2.782098 2.848351 22.328814 244.562909
 241.800000 -2.813629 2.941682 21.792396 338.055593
 242.000000 -3.004688 2.720035 16.803507 1161.187644
 242.200000 -2.826764 2.971331 21.568565 380.978636
 242.400000 -2.958451 2.672452 18.303237 893.437284
 242.600000 -2.940893 2.992820 18.815824 812.704893
 242.800000 -3.042657 2.926183 15.453909 1481.044708
 243.000000 3.034996 2.809735 4.688193 3519.586848
 243.200000 -2.629808 2.977800 23.883868 28.442507
 243.400000 -2.360670 2.701578 23.678588 82.981577
 243.600000 -1.919808 2.434082 19.456357 32.680084
 243.800000 -1.872993 2.401458 19.275331 2.804001
 244.000000 -2.038575 2.742449 20.351190 63.628686
 244.200000 -2.373678 2.668296 23.813542 67.778281
 244.400000 -2.718755 2.802437 23.227941 109.369376
 244.600000 -2.812846 2.836732 21.885359 334.548290
 244.800000 2.957029 2.887125 0.584603 1984.470947
 245.000000 -2.783460 2.861270 22.385259 247.501689
 245.200000 -2.585093 2.782567 24.132011 13.166208
 245.400000 -2.020047 2.579927 20.235996 65.980820
 245.600000 -1.667152 2.454267 21.354760 329.599354
 245.800000 -1.990583 2.150902 19.995964 66.015028
 246.000000 -1.910618 2.680494 19.423135 27.983725
 246.200000 -2.058977 2.845921 20.567930 64.013893
 246.400000 -2.204014 2.678169 21.904592 131.528249
 246.600000 -2.176489 2.468092 21.602481 109.525732
 246.800000 -1.762450 2.738841 19.830284 142.146806
 247.000000 -2.079124 2.442159 20.729251 64.585796
 247.200000 -2.206290 2.516924 21.951040 133.356644
 247.400000 -1.997017 2.803591 20.083193 68.466947
 247.600000 -2.094692 2.561024 20.876228 66.723461
 247.800000 -2.090333 2.452945 20.840732 65.958179
 248.000000 -1.830376 2.654547 19.312069 9.439210
 248.200000 -2.050811 2.643097 20.546581 64.915408
 248.400000 -2.260518 2.649722 22.636404 160.161575
 248.600000 -2.097772 2.760190 20.924899 67.166484
 248.800000 -2.349891 2.543966 23.687481 97.368249
 249.000000 -2.075713 2.632996 20.746401 64.387172
 249.200000 -2.134855 2.671790 21.267501 80.304730
 249.400000 -1.890745 2.662707 19.368649 17.220027
 249.600000 -1.990052 2.385185 20.068773 70.914664
 249.800000 -1.877980 2.584090 19.323473 8.429549
 250.000000 -2.153910 2.646591 21.443949 91.724821
 250.200000 -2.053640 2.938077 20.625080 65.435574
 250.400000 -2.728055 2.605096 23.274322 122.135426
 250.600000 3.139613 2.813203 11.001256 2902.361594
 250.800000 -2.970277 -3.080198 18.151511 963.228232
 251.000000 -3.038509 2.470303 15.807898 1452.769487
 251.200000 -2.155822 2.552895 21.516097 91.083900
 251.400000 -2.093273 2.715585 20.973268 65.645484
 251.600000 -1.924385 2.626952 19.587812 48.291405
 251.800000 -2.076187 2.389813 20.835643 64.492957
 252.000000 -2.003880 2.664893 20.238244 73.524518
 252.200000 -2.064020 2.580457 20.768053 65.087505
 252.400000 -2.336289 2.432737 23.633942 113.243715
 252.600000 -1.883720 2.804239 19.375699 15.530408
 252.800000 -2.015652 2.720211 20.367065 73.141920
 253.000000 -2.125836 2.407001 21.273510 73.885222
 253.200000 -2.086422 2.670081 20.979765 64.688215
 253.400000 -1.732316 2.809163 20.180218 204.514037
 253.600000 -2.255250 2.218885 22.685432 155.746937
 253.800000 -1.892773 2.468828 19.429552 24.465991
 254.000000 -2.051947 2.671726 20.701319 67.034904
 254.200000 -2.035818 2.731317 20.600304 70.896760
 254.400000 -2.344883 2.468090 23.767672 102.304198
 254.600000 -2.192847 2.875936 21.977456 116.014908
 254.800000 -2.187900 2.726708 21.924634 112.021201
 255.000000 -2.188180 2.581321 21.927600 112.246610
 255.200000 -1.919046 2.637378 19.628083 52.481770
 255.400000 -2.011364 2.734362 20.423440 78.005569
 255.600000 -2.179578 2.325340 21.870165 103.982855
 255.800000 -2.119116 2.479391 21.315662 69.672912
 256.000000 -2.132574 2.845205 21.429868 74.646592
 256.200000 -2.472745 2.581232 24.528046 1.369663
 256.400000 -2.865930 2.697110 21.096180 516.922043
 256.600000 -2.903321 2.990708 20.188763 664.233905
 256.800000 3.141136 2.811105 11.198663 2888.384890
 257.000000 -2.830072 2.955476 21.856701 386.380620
 257.200000 3.059910 2.707311 6.470549 3729.465134
 257.400000 -3.121405 2.822890 12.293414 2554.049641
 257.600000 2.931322 2.903829 -0.013810 10.102999
 257.800000 -2.778719 2.772964 22.771477 228.292504
 258.000000 -2.154950 2.759088 21.702592 84.703071
 258.200000 -2.118128 2.439368 21.418286 68.506967
 258.400000 -1.787573 2.733781 19.547345 53.805482
 258.600000 -2.084264 2.501462 21.143094 65.288754
 258.800000 -2.338916 2.717827 23.797862 104.829271
 259.000000 -2.733702 2.854601 23.387282 128.859873
 259.200000 3.083381 2.959986 7.934657 3643.391201
 259.400000 -3.071094 2.827652 14.673967 1823.266551
 259.600000 -2.604585 2.621117 24.349543 17.593486
 259.800000 -2.305199 2.452793 23.451622 134.168986
 260.000000 -1.803256 2.780587 19.450859 25.483282
 260.200000 -1.975119 2.484825 20.239593 93.109931
 260.400000 -1.853439 2.182303 19.379457 3.488331
 260.600000 -1.827758 2.409885 19.374108 2.265183
 260.800000 -1.971244 2.808373 20.202220 92.851820
 261.000000 -2.643355 2.690428 24.178984 33.004765
 261.200000 2.958706 2.868463 0.872095 2092.066395
 261.400000 3.125421 -3.056005 10.428213 3137.705659
 261.600000 -2.807065 2.623444 22.395273 308.906598
 261.800000 -2.279555 2.497485 23.201237 142.226642
 262.000000 -1.626900 2.807450 21.807372 274.272909
 262.200000 -2.191146 2.376951 22.222675 104.581827
 262.400000 -2.500268 2.456607 24.652693 0.071595
 262.600000 -2.644953 2.995815 24.211018 33.771768
 262.800000 2.964437 2.642612 1.152383 2247.861722
 263.000000 -2.113708 2.900830 21.522556 67.063903
 263.200000 -1.704408 2.432396 20.502697 232.030932
 263.400000 -1.891463 1.776768 19.589019 41.264614
 263.600000 -1.379814 1.358567 24.293341 12.670907
 263.800000 -1.248378 0.891691 23.944683 117.907375
 264.000000 -1.748919 0.771941 19.902333 129.445882
 264.200000 -1.371557 0.838137 24.295236 8.850325
 264.400000 -1.050321 1.133832 19.262899 965.034814
 264.600000 -1.727027 1.213482 20.171301 179.881894
 264.800000 -1.197729 0.959105 23.171941 343.081781
 265.000000 -1.390532 0.650529 24.226865 17.648619
 265.200000 -1.476609 1.000062 23.649072 73.596511
 265.400000 -0.898052 1.320614 14.332069 1204.071474
 265.600000 -1.081555 1.638395 20.194511 908.754352
 265.800000 -1.102232 1.378673 20.807332 844.357456
 266.000000 -1.446919 0.924309 23.881843 50.600109
 266.200000 -1.780623 0.755109 19.609925 50.215894
 266.400000 -1.574293 0.734902 22.530422 196.191651
 266.600000 -1.087132 1.038804 20.336940 893.129504
 266.800000 -1.546619 1.161455 22.896651 154.777270
 267.000000 -1.377491 0.593997 24.228782 11.059145
 267.200000 -0.709406 0.118408 6.767492 1691.412871
 267.400000 -0.563421 -0.042130 1.463869 978.529315
 267.600000 -0.993485 0.164575 17.404117 998.883905
 267.800000 -1.047758 0.507313 19.107915 967.494204
 268.000000 -1.904820 1.252736 19.757980 63.184440
 268.200000 -1.450563 1.437975 23.794719 51.928541
 268.400000 -0.570479 0.777472 1.663763 1002.424385
 268.600000 -1.767405 0.914329 19.718919 73.209584
 268.800000 -1.397123 0.862009 24.108768 19.970252
 269.000000 -1.120809 1.249122 21.260983 765.104272
 269.200000 -1.034070 1.322768 18.635707 978.761663
 269.400000 -1.111880 0.819802 20.987724 803.176797
 269.600000 -1.729748 0.846139 20.122451 158.627699
 269.800000 -1.609271 0.909322 21.971571 238.299634
 270.000000 -0.903493 1.149726 14.424312 1182.920059
 270.200000 -1.595109 1.252825 22.173612 219.034342
 270.400000 -1.570757 0.756321 22.519995 185.247661
 270.600000 -0.645266 0.301657 4.176339 1367.875278
 270.800000 -0.918608 0.008721 14.916340 1128.896615
 271.000000 -0.765323 -0.102819 9.037936 1776.735744
 271.200000 -0.705719 -0.137465 6.518574 1681.872036
 271.400000 -0.927275 0.211060 15.185705 1102.722979
 271.600000 -1.581775 0.996462 22.354915 199.233256
 271.800000 -0.816048 1.236896 11.116926 1622.400840
 272.000000 -1.382998 1.333826 24.105718 12.376764
 272.200000 -1.488655 0.864196 23.417864 80.915888
 272.400000 -0.615155 0.252663 3.051964 1200.335907
 272.600000 -0.595593 -0.399643 2.388612 1101.359850
 272.800000 -0.768955 -0.587926 9.147965 1774.781026
 273.000000 -0.713650 -0.354352 6.823619 1712.622748
 273.200000 -1.058534 0.219856 19.317529 949.429346
 273.400000 -1.652026 1.212188 21.261419 252.860875
 273.600000 -1.642633 1.703632 21.410765 252.213563
 273.800000 -1.663858 2.178558 21.073757 249.484454
 274.000000 -2.270716 2.619749 23.376417 127.022212
 274.200000 3.114360 3.140515 9.997048 3293.722797
 274.400000 3.107588 2.954103 9.605649 3386.585970
 274.600000 -2.507103 2.741791 24.840388 0.169464
 274.800000 -2.041822 2.450987 21.242406 85.074372
 275.000000 -1.676759 2.616805 20.870362 237.807490
 275.200000 -2.600652 2.341691 24.648461 15.126118
 275.400000 3.099766 2.971479 9.158498 3483.925324
 275.600000 -3.025401 -2.961209 16.739062 1372.685448
 275.800000 3.058794 2.376056 6.679531 3760.958606
 276.000000 -3.125544 2.890164 12.362276 2617.181307
 276.200000 2.917234 -3.137474 -0.001373 0.142797
 276.400000 3.025704 2.630582 4.679122 3580.874990
 276.600000 -2.906797 2.607453 20.473805 688.136865
 276.800000 -2.530022 3.080434 24.845322 1.725482
 277.000000 -3.122087 2.603796 12.550188 2561.376534
 277.200000 -3.079484 2.981580 14.578762 1943.023126
 277.400000 3.016816 2.825343 4.166365 3466.915123
 277.600000 -3.061945 2.687910 15.329986 1731.868301
 277.800000 -2.636171 3.042123 24.512670 28.769937
 278.000000 -2.389064 2.584825 24.554005 40.073127
 278.200000 -2.551312 2.497567 24.835293 4.256009
 278.400000 -2.302389 2.870406 23.810693 112.121216
 278.600000 -2.127872 2.593099 22.057805 68.693359
 278.800000 -1.986634 2.030583 20.765681 115.931600
 279.000000 -1.540248 2.344533 22.809376 131.492445
 279.200000 -1.774335 2.623726 19.712317 47.426876
 279.400000 -2.673122 2.718615 24.307472 53.293082
 279.600000 -3.137145 2.939412 11.814764 2792.773795
 279.800000 -2.897520 2.895038 20.759440 646.914686
 280.000000 -2.551102 2.476862 24.849915 4.183242
 280.200000 -2.059284 2.697746 21.525820 79.897558
 280.400000 -1.583633 2.629705 22.244964 183.343630
 280.600000 -2.074731 2.230615 21.660985 73.564177
 280.800000 -2.082103 2.447464 21.723691 71.258617
 281.000000 -2.312549 2.954606 23.946931 104.157013
 281.200000 -2.785885 2.719440 23.076657 241.278948
 281.400000 3.099759 2.647922 9.250592 3466.234786
 281.600000 3.072959 2.961800 7.642124 3709.883634
 281.800000 2.946051 2.791181 0.540639 1915.097977
 282.000000 -2.992970 2.930750 17.968448 1143.360596
 282.200000 -1.920048 2.867419 20.107261 100.580620
 282.400000 -1.619151 2.053245 21.727152 216.387342
 282.600000 -1.721029 1.205456 20.248228 155.195711
 282.800000 -0.517940 0.053908 -0.027464 1.032376
 283.000000 -0.618593 -0.671296 2.972157 1216.768902
 283.200000 -1.213159 -0.203199 22.996893 263.528620
 283.400000 -0.513424 0.559000 -0.015512 6.178734
 283.600000 -1.382927 1.485055 23.893424 9.986597
 283.800000 -1.691859 1.069250 20.642230 202.424862
 284.000000 -0.806102 0.265801 10.476261 1655.424076
 284.200000 -1.037178 0.006689 18.440868 970.476683
 284.400000 -0.534435 -0.046896 0.262907 964.182374
 284.600000 -1.397032 0.568220 23.826394 16.089839
 284.800000 -1.042517 1.545631 18.606933 964.211978
 285.000000 -0.529907 1.959576 0.123987 856.272285
 285.200000 -1.066296 2.503256 19.319980 924.033142
 285.400000 -1.898754 2.308662 19.934940 77.779598
 285.600000 -2.398018 2.619413 24.713999 31.753288
 285.800000 -2.800338 2.947019 22.898289 279.294282
 286.000000 2.989658 2.800740 2.747826 2993.802966
 286.200000 3.083976 2.881297 8.390266 3611.320004
 286.400000 -2.977945 2.953195 18.530042 1059.804786
 286.600000 -2.980253 2.851676 18.454640 1073.553954
 286.800000 3.124343 2.803303 10.735382 3100.585867
 287.000000 3.048364 2.846089 6.220632 3746.470707
 287.200000 -2.959687 2.906215 19.123595 957.784846
 287.400000 -2.439253 2.724560 24.916605 9.538679
 287.600000 -2.171112 2.595524 22.609875 79.750006
 287.800000 -1.898063 2.760948 19.945215 78.957634
 288.000000 -1.915635 2.197437 20.112876 102.680825
 288.200000 -1.528970 2.203623 22.818765 105.059055
 288.400000 -1.825004 2.494128 19.586828 0.130059
 288.600000 -2.468120 2.572450 24.993850 2.275064
 288.800000 3.039791 3.128270 5.731427 3715.154414
 289.000000 3.024287 2.960709 4.793343 3592.274707
 289.200000 3.133354 2.714375 11.274212 2945.603533
 289.400000 -3.111930 2.943930 13.224942 2363.785815
 289.600000 2.937543 2.872458 0.272815 1987.604554
 289.800000 -3.004317 2.868129 17.676483 1234.208349
 290.000000 -2.999716 2.770933 17.837093 1202.911691
 290.200000 3.058566 2.672434 6.918173 3738.418060
 290.400000 -2.393209 -2.953412 24.745074 34.200560
 290.600000 -2.580111 2.539718 24.912898 9.670736
 290.800000 -2.491547 2.339532 25.037998 0.153621
 291.000000 -2.045246 3.101102 21.581778 94.439342
 291.200000 -1.992984 2.880019 21.039220 132.293909
 291.400000 -1.982312 2.239032 20.915269 137.160633
 291.600000 -1.516664 2.230298 22.906602 90.263017
 291.800000 -1.743846 1.977089 20.016575 101.974623
 292.000000 -1.806596 2.542860 19.618138 4.703131
 292.200000 -1.743605 2.945601 20.022695 101.832683
 292.400000 -2.664205 2.506789 24.524140 47.820570
 292.600000 -2.461712 2.857017 25.029067 3.494842
 292.800000 -2.961993 2.893188 19.120119 979.780275
 293.000000 2.974324 2.769517 2.049424 2675.748417
 293.200000 -2.964460 2.875879 19.056342 995.531519
 293.400000 -2.709957 2.688964 24.158481 92.287836
 293.600000 -2.340774 2.652098 24.396205 76.093631
 293.800000 -2.003839 2.864021 21.193649 127.134608
 294.000000 -1.694985 2.302021 20.612336 184.126992
 294.200000 -1.741669 1.897459 20.049818 104.308192
 294.400000 -1.786037 2.233377 19.707633 24.341624
 294.600000 -1.857342 2.484779 19.712523 24.589817
 294.800000 -2.066437 2.969510 21.846425 81.698976
 295.000000 -2.150662 2.503801 22.550633 70.399773
 295.200000 -1.915908 2.611274 20.199637 113.253033
 295.400000 -1.830450 2.420462 19.635326 1.911435
 295.600000 -2.003116 2.691192 21.218629 128.969754
 295.800000 -2.243178 2.662247 23.439045 108.918761
 296.000000 -2.012634 2.733054 21.325225 121.789489
 296.200000 -1.827374 2.363959 19.640567 0.987885
 296.400000 -1.579918 2.249927 22.178688 144.643132
 296.600000 -1.989268 2.390553 21.077309 138.677542
 296.800000 -1.741256 2.824196 20.064918 103.608614
 297.000000 -2.130343 2.486104 22.416572 65.529764
 297.200000 -2.018773 2.568359 21.432647 117.247079
 297.400000 -2.031980 2.673791 21.572180 106.034944
 297.600000 -1.804977 2.599994 19.664178 4.709320
 297.800000 -1.942285 2.069609 20.531904 141.526486
 298.000000 -1.650173 2.374859 21.246129 196.730133
 298.200000 -2.058028 2.497584 21.847948 85.337877
 298.400000 -2.511645 2.967284 25.131547 0.194664
 298.600000 3.072366 2.753178 7.906342 3640.688975
 298.800000 2.999876 2.998208 3.550111 3271.611999
 299.000000 -2.620430 3.042314 24.845990 23.762128
 299.200000 -2.680185 2.417418 24.478029 62.026342
 299.400000 -2.058573 2.833875 21.874269 84.357682
 299.600000 -1.928244 2.801153 20.406142 133.147171
 299.800000 -1.816189 2.316348 19.672753 0.199577
 300.000000 -1.816966 1.856284 19.672449 0.111849
 300.200000 -1.464342 1.959597 24.061755 47.125111
 300.400000 -1.473885 1.424082 23.994463 52.379591
 300.600000 -1.066057 0.492504 19.875560 911.509168
 300.800000 -0.559576 -0.529797 1.582299 879.306554
 301.000000 -0.434477 -0.652318 -0.000001 0.000000
 301.200000 -0.833809 0.201062 12.066747 1501.732517
 301.400000 -1.381355 1.313585 24.455538 6.857724
 301.600000 -1.524860 2.054949 23.562067 84.283743
 301.800000 -1.862059 2.564947 20.676291 35.717996
 302.000000 -2.365969 3.012358 25.541161 53.309230
 302.200000 3.080175 2.623640 9.278691 3554.441339
 302.400000 2.970989 2.967014 2.879154 2657.531571
 302.600000 -2.728881 3.022225 24.894752 117.298507
 302.800000 -2.720674 2.261161 24.981443 106.063284
 303.000000 -1.763816 2.717278 20.760158 54.698384
 303.200000 -2.058587 2.631929 22.794274 81.752366
 303.400000 -2.152076 2.503168 23.546989 64.449552
 303.600000 -2.367092 2.672284 25.565406 51.966198
 303.800000 -2.150456 2.843084 23.534009 63.966052
 304.000000 -2.484841 2.401398 26.016825 0.524253
 304.200000 -2.099946 2.727453 23.156650 61.506333
 304.400000 -1.860933 2.715742 20.706300 35.979209
 304.600000 -1.903448 2.352798 21.060845 106.699402
 304.800000 -2.022308 2.184245 22.455315 112.980031
 305.000000 -1.818653 2.732742 20.572624 0.033960
 305.200000 -2.335530 2.718944 25.330434 76.910554
 305.400000 -3.010313 2.771647 18.473503 1306.362044
 305.600000 2.987676 -3.128768 3.808049 3058.017958
 305.800000 -2.891240 3.087351 22.108330 613.279126
 306.000000 -2.255327 2.391581 24.534552 107.422246
 306.200000 -1.408863 2.376299 24.278860 17.377042
 306.400000 -1.381154 2.349101 24.371122 5.867726
 306.600000 -0.730078 2.177730 7.708210 1747.714716
 306.800000 -0.822655 1.901347 11.517086 1546.008251
 307.000000 -1.040657 1.517887 18.966654 961.305273
 307.200000 -1.334440 0.623126 24.378541 2.506196
 307.400000 -0.843328 -0.219279 12.295250 1448.696150
 307.600000 -0.511389 -0.473909 0.101216 637.785843
 307.800000 -0.753585 -0.095140 8.672562 1753.501304
 308.000000 -1.515466 0.927388 23.570770 72.469907
 308.200000 -0.976793 1.741041 16.898506 1045.703151
 308.400000 -0.730466 2.049659 7.684139 1747.736881
 308.600000 -0.860398 2.402602 12.914365 1369.326542
 308.800000 -1.029495 2.176480 18.576515 979.805536
 309.000000 -0.101732 1.456468 -0.000000 0.000000
 309.200000 -0.550090 1.422255 1.133367 809.353549
 309.400000 -1.372728 1.470571 24.340020 2.905702
 309.600000 -1.001674 0.587677 17.677469 1016.904917
 309.800000 -0.632256 -0.425693 3.781329 1298.609141
 310.000000 -0.443536 -0.613400 -0.000001 0.000000
 310.200000 -0.772632 -0.282062 9.408425 1720.424304
 310.400000 -0.863123 0.548714 12.973326 1356.138863
 310.600000 -1.478359 1.281191 23.822721 50.327286
 310.800000 -1.647586 1.386230 22.111643 162.754675
 311.000000 -1.114200 0.689094 21.048805 741.560658
 311.200000 -0.984415 0.263675 17.085381 1038.760254
 311.400000 -0.906606 -0.176484 14.502273 1191.282652
 311.600000 -0.996265 0.220870 17.465975 1024.568699
 311.800000 -0.718556 0.757084 7.133924 1724.274574
 312.000000 -1.369114 1.226396 24.315241 1.821374
 312.200000 -1.315653 1.015639 24.242755 14.061578
 312.400000 -1.286574 0.756988 24.085525 50.761093
 312.600000 -1.518004 0.903571 23.493775 70.509701
 312.800000 -1.214252 0.980004 23.236954 269.819208
 313.000000 -1.233297 1.000905 23.526270 194.590615
 313.200000 -1.148288 0.752161 21.869952 582.633916
 313.400000 -1.184274 0.623045 22.669095 406.516460
 313.600000 -1.178374 0.723990 22.548076 435.077478
 313.800000 -1.627140 1.342388 22.358087 147.827323
 314.000000 -0.698312 1.088659 6.267410 1662.804206
 314.200000 -1.584336 1.108082 22.845609 114.994790
 314.400000 -1.309447 0.796519 24.186696 20.448912
 314.600000 -0.638210 0.118197 3.914601 1336.335521
 314.800000 -0.597551 -0.329461 2.504420 1073.309588
 315.000000 -0.721910 -0.322045 7.224274 1730.007849
 315.200000 -0.670649 0.099612 5.129450 1533.517470
 315.400000 -1.714738 0.571461 21.288997 121.890810
 315.600000 -1.641586 1.076520 22.177130 151.856594
 315.800000 -0.927540 1.285690 15.145808 1137.810602
 316.000000 -0.938558 1.484953 15.515454 1113.877126
 316.200000 -1.492771 1.476323 23.658645 55.273887
 316.400000 -1.246125 0.504213 23.626346 152.819477
 316.600000 -0.884988 -0.173019 13.657357 1266.266687
 316.800000 -0.751578 -0.226968 8.434390 1744.266342
 317.000000 -1.039904 -0.027292 18.764783 962.849013
 317.200000 -0.496277 0.555269 -0.008464 2.003901
 317.400000 -1.458276 1.553456 23.886231 38.424776
 317.600000 -1.751439 1.675053 20.942492 64.028027
 317.800000 -1.190324 2.259435 22.721446 376.311652
 318.000000 -0.628675 2.262812 3.527138 1276.363714
 318.200000 -0.701676 1.986479 6.334867 1675.258256
 318.400000 -1.385888 1.634078 24.200871 5.495884
 318.600000 -1.359072 0.655039 24.236413 0.056507
 318.800000 -0.801095 -0.093319 10.445791 1618.934039
 319.000000 -0.365902 -0.376347 -0.000000 0.000000
 319.200000 -0.550585 -0.133164 1.001281 801.138063
 319.400000 -1.335507 0.654822 24.204920 3.984014
 319.600000 -1.235832 1.466175 23.444704 188.510469
 319.800000 -0.783293 0.978649 9.710211 1678.408423
 320.000000 -0.873936 0.793541 13.217111 1307.463181
 320.200000 -1.728247 0.668849 21.162702 98.383192
 320.400000 -1.399228 0.810987 24.145718 10.116680
 320.600000 -1.046058 0.895208 18.904093 949.032418
 320.800000 -1.942549 1.473724 21.696949 161.841694
 321.000000 -1.522621 2.190115 23.395398 69.273269
 321.200000 -0.543406 2.359865 0.775819 767.326867
 321.400000 -1.227248 2.231614 23.292923 220.532030
 321.600000 -1.378980 1.433410 24.187628 3.010265
 321.800000 -0.771432 0.010659 9.199508 1706.816378
 322.000000 -0.420220 -0.964007 -0.000000 0.000000
 322.200000 0.095007 -0.885613 -0.000000 0.000000
