#! FIELDS time phi psi ves.bias ves.force2
#! SET min_phi -pi
#! SET max_phi pi
#! SET min_psi -pi
#! SET max_psi pi
 0.000000 -1.498385 0.273949 27.215882 148.921278
 0.200000 -0.529476 -0.074234 2.737324 356.356560
 0.400000 -0.478817 -0.171129 1.902522 205.099145
 0.600000 -0.874962 -0.213157 15.318925 1843.380430
 0.800000 -0.540249 -0.122559 2.946827 401.128818
 1.000000 -1.013080 0.185705 20.760207 1278.091452
 1.200000 -0.835798 0.383156 14.027019 1676.405514
 1.400000 -1.302222 0.494677 27.663630 77.672467
 1.600000 -0.991378 0.931196 20.069193 1309.843493
 1.800000 -1.261520 1.628712 27.211011 179.676742
 2.000000 -0.668049 1.387815 7.206342 1420.798182
 2.200000 -0.816271 1.407529 13.413777 1805.200378
 2.400000 -0.572308 1.043668 3.993041 813.439294
 2.600000 -1.478737 0.952559 27.382800 146.220755
 2.800000 -1.865358 0.620960 22.653545 6.051678
 3.000000 -0.712805 0.507426 9.028737 1699.720676
 3.200000 -1.642257 0.973630 24.863819 246.315524
 3.400000 -1.884217 0.965767 22.617227 3.518845
 3.600000 -0.970860 0.819112 19.765579 1290.867362
 3.800000 -1.311765 1.137331 27.880784 58.579456
 4.000000 -1.923593 1.213301 22.589468 0.179085
 4.200000 -1.277148 1.011952 27.565492 142.211930
 4.400000 -0.958623 0.720357 19.419562 1327.516865
 4.600000 -1.537887 1.035850 26.617180 235.005071
 4.800000 -1.295725 1.078663 27.766355 93.762785
 5.000000 -1.017124 1.014163 21.440802 1067.545689
 5.200000 -1.827135 0.950686 22.950945 46.448401
 5.400000 -0.957078 0.793540 19.433388 1334.434230
 5.600000 -1.424957 0.879156 28.009020 42.080576
 5.800000 -1.566921 0.969360 26.263769 248.046962
 6.000000 -0.696724 0.856822 8.575757 1697.701381
 6.200000 -0.720255 1.017571 9.620606 1811.927692
 6.400000 -1.498082 1.112454 27.396351 162.056910
 6.600000 -1.578534 0.681257 26.209063 256.231040
 6.800000 -0.956732 0.501313 19.473399 1322.056325
 7.000000 -1.404415 1.075089 28.199911 13.480414
 7.200000 -1.289104 1.295874 27.855343 114.293293
 7.400000 -1.399008 0.915354 28.302834 6.795144
 7.600000 -0.997495 0.565691 20.951956 1140.223015
 7.800000 -1.724020 0.973907 24.092850 168.197089
 8.000000 -1.043887 1.006887 22.450719 952.717852
 8.200000 -0.821167 0.746435 14.091774 1849.343114
 8.400000 -1.133575 0.636725 25.047601 621.233414
 8.600000 -1.950602 0.632753 22.506791 0.120224
 8.800000 -1.246241 0.696410 27.342665 238.149844
 9.000000 -0.630273 0.810671 6.096484 1405.523368
 9.200000 -0.701410 0.980923 8.977637 1753.151497
 9.400000 -1.566215 1.313557 26.764342 300.448623
 9.600000 -1.220530 0.696954 26.956384 312.795828
 9.800000 -0.962887 0.577046 19.858365 1347.579626
 10.000000 -1.407199 1.111771 28.548907 5.295094
 10.200000 -1.129858 0.944378 25.088516 606.951617
 10.400000 -1.315279 0.769043 28.319196 86.120147
 10.600000 -1.160112 0.838644 25.799418 500.150587
 10.800000 -1.305855 0.922033 28.227043 105.480864
 11.000000 -1.222132 0.931456 27.042193 312.591416
 11.200000 -1.080020 0.674824 23.848929 820.088502
 11.400000 -1.626510 0.915986 25.827495 315.759090
 11.600000 -1.810155 1.353391 23.250017 99.435399
 11.800000 -1.070657 1.289072 23.577411 862.109390
 12.000000 -0.849593 0.503919 15.420006 1791.170477
 12.200000 -0.945948 0.344803 19.384954 1483.279196
 12.400000 -0.512492 -0.029164 2.297954 681.008786
 12.600000 -0.772303 -0.270194 12.142514 1850.904478
 12.800000 -0.798845 -0.150598 13.284932 1851.474436
 13.000000 -0.591414 0.428800 4.770857 1284.370344
 13.200000 -1.577133 1.209924 26.827720 347.560657
 13.400000 -1.810662 1.262144 23.277189 109.129230
 13.600000 -1.088344 0.961353 24.242456 802.125162
 13.800000 -1.211571 0.759648 27.177888 374.980163
 14.000000 -1.168636 0.471188 26.278909 505.291937
 14.200000 -0.999891 1.199237 21.506690 1241.119861
 14.400000 -0.637900 1.488805 6.614049 1583.613433
 14.600000 -0.766278 1.795891 11.984596 1841.518398
 14.800000 -0.561868 2.170032 3.795052 1127.481882
 15.000000 -0.871575 2.269379 16.485123 1763.903481
 15.200000 -0.919479 2.150888 18.516979 1627.561975
 15.400000 -0.593730 1.647973 4.962346 1394.209733
 15.600000 -0.862335 1.569910 16.153790 1775.090377
 15.800000 -0.813460 1.275915 14.077965 1822.663674
 16.000000 -1.238651 0.933916 27.848309 307.703375
 16.200000 -1.668899 0.768258 25.275816 263.445552
 16.400000 -1.359773 0.971879 29.304961 13.885717
 16.600000 -0.920993 1.271971 18.644490 1630.453506
 16.800000 -0.990358 1.283811 21.318478 1320.781953
 17.000000 -1.301819 0.920249 28.851875 133.449048
 17.200000 -1.661109 0.683426 25.425887 277.165274
 17.400000 -1.022630 0.861221 22.545527 1147.311516
 17.600000 -1.243016 1.376295 28.068817 295.828745
 17.800000 -1.092200 1.370540 24.692325 776.533076
 18.000000 -1.290883 0.912370 28.793723 165.039289
 18.200000 -1.350797 0.632960 29.427062 25.175438
 18.400000 -1.336419 0.885177 29.339677 50.635097
 18.600000 -0.974878 1.271704 20.925314 1428.888254
 18.800000 -0.821929 1.247839 14.667403 1779.430072
 19.000000 -0.594668 1.297905 5.165234 1537.633512
 19.200000 -0.825918 1.398368 14.908492 1767.579915
 19.400000 -0.899414 1.080400 17.986966 1718.661730
 19.600000 -1.163610 0.952303 26.699163 495.641417
 19.800000 -1.405642 0.757963 29.540977 15.106987
 20.000000 -0.597989 0.718599 5.336191 1600.585573
 20.200000 -1.768224 1.000870 23.867414 180.350879
 20.400000 -1.673788 1.104588 25.271777 277.569807
 20.600000 -1.135499 0.881384 26.156370 582.421017
 20.800000 -1.066587 0.837489 24.285023 922.846469
 21.000000 -2.098169 1.012097 22.484258 34.539460
 21.200000 -1.778468 0.822660 23.743103 176.866954
 21.400000 -0.669890 0.742762 8.449374 1844.821938
 21.600000 -1.648212 1.314394 25.741107 325.426672
 21.800000 -2.277062 1.819883 23.808421 81.439039
 22.000000 -1.924000 2.948127 22.248110 31.287922
 22.200000 -2.528593 3.037678 24.863254 5.536408
 22.400000 3.037300 2.669192 4.879917 2007.281895
 22.600000 -3.111433 3.033195 11.832917 2757.957482
 22.800000 3.118082 2.819979 8.951716 2904.946417
 23.000000 -3.073220 2.690130 13.770665 2361.401051
 23.200000 -2.616258 3.042288 24.491240 25.663368
 23.400000 -2.975041 2.611128 17.854392 1227.649837
 23.600000 -2.895936 2.847183 20.283957 724.967583
 23.800000 2.898705 2.872577 0.643924 264.690092
 24.000000 3.063492 2.596937 6.091638 2424.561723
 24.200000 -2.420760 2.821012 24.734005 14.148674
 24.400000 -2.089661 2.696791 22.345933 27.476498
 24.600000 -2.100149 2.334281 22.402333 30.335419
 24.800000 -2.100363 2.701729 22.403514 30.391352
 25.000000 -2.378572 2.965893 24.517355 41.242546
 25.200000 3.080284 2.504378 6.926090 2670.630331
 25.400000 3.002545 2.953986 3.365930 1479.590957
 25.600000 3.116303 3.001457 8.839420 2926.312868
 25.800000 -3.073701 2.497219 13.730848 2344.722372
 26.000000 -2.531915 2.996304 24.735906 5.844051
 26.200000 -2.753151 2.801602 23.202651 204.441769
 26.400000 -3.101145 2.751535 12.377539 2633.607183
 26.600000 -3.117304 2.952870 11.536274 2780.824830
 26.800000 2.902588 2.774944 0.575239 308.829183
 27.000000 -2.980536 2.717113 17.625716 1245.445161
 27.200000 -2.200445 2.908383 23.029176 45.616435
 27.400000 -2.341733 2.581871 24.147254 63.021818
 27.600000 -1.977385 2.535345 22.030533 0.514871
 27.800000 -2.392796 2.672039 24.501834 32.232461
 28.000000 -2.537185 2.841370 24.670511 6.574384
 28.200000 -3.023141 2.902691 16.013388 1638.576018
 28.400000 3.063577 2.724403 6.166021 2552.697568
 28.600000 -2.500306 2.833167 24.717238 1.206908
 28.800000 -2.345256 2.569295 24.165876 59.601767
 29.000000 -2.354840 2.659302 24.238415 54.855802
 29.200000 -2.147532 2.678399 22.720959 36.545721
 29.400000 -2.574804 2.624176 24.518897 12.883648
 29.600000 -2.932757 2.858229 19.164032 897.449267
 29.800000 -2.900674 -3.103757 20.081593 744.829994
 30.000000 -2.736816 2.541760 23.402499 155.165004
 30.200000 -2.213019 2.421730 23.156402 45.577781
 30.400000 -1.836425 2.773129 22.984883 148.684599
 30.600000 -2.280258 2.576929 23.649573 61.896159
 30.800000 -2.901086 2.618750 20.079829 748.867087
 31.000000 3.121356 3.043811 9.310615 2930.445660
 31.200000 -2.622892 2.869233 24.302883 23.372236
 31.400000 -2.318625 2.343978 23.967837 60.036894
 31.600000 -2.046546 2.730036 22.167976 21.510956
 31.800000 -2.134920 2.710377 22.678723 39.345431
 32.000000 -2.773780 2.502499 22.885932 253.283936
 32.200000 -3.058611 3.025344 14.579058 1992.342286
 32.400000 -3.062175 -3.132604 14.419122 2035.404469
 32.600000 3.105602 2.442697 8.523498 2927.912164
 32.800000 -2.236457 3.010613 23.374971 49.201839
 33.000000 -2.094229 2.566382 22.442348 38.793191
 33.200000 -2.043236 2.277709 22.162424 23.762253
 33.400000 -1.949529 2.560342 22.033441 8.871322
 33.600000 -2.373349 2.679786 24.367441 34.732004
 33.800000 2.972042 2.712324 2.228268 1272.635565
 34.000000 3.129097 3.020974 9.836325 2898.585706
 34.200000 3.086197 2.720106 7.562374 2878.331746
 34.400000 -2.844529 2.745533 21.559080 515.396085
 34.600000 -2.410298 3.062395 24.552906 16.086174
 34.800000 -3.097214 2.365588 12.826113 2412.793209
 35.000000 -2.784561 2.964823 22.750338 285.256777
 35.200000 3.117245 3.019926 9.292717 2918.912558
 35.400000 -2.994428 2.708301 17.222488 1299.340431
 35.600000 -2.216636 2.764463 23.332831 41.472930
 35.800000 -2.176569 2.540511 23.075176 41.992266
 36.000000 -2.164471 2.569499 22.996358 42.945942
 36.200000 -2.265903 2.763262 23.691810 43.451608
 36.400000 -2.700833 2.686745 23.837105 76.689329
 36.600000 -2.996563 2.753973 17.166815 1312.869267
 36.800000 3.012215 3.024407 3.921782 2092.478635
 37.000000 -3.008854 2.754290 16.713005 1415.238135
 37.200000 -3.093134 2.733172 13.154160 2291.717398
 37.400000 -3.048669 2.974310 15.160452 1790.112129
 37.600000 2.945655 2.615526 1.333430 1003.164368
 37.800000 -2.951516 2.954148 18.723257 1004.167516
 38.000000 -2.616330 2.909667 24.374309 19.408688
 38.200000 -2.801241 2.507375 22.531415 331.633287
 38.400000 -2.264533 2.972025 23.755748 39.849356
 38.600000 -2.315770 2.712395 24.078233 38.462482
 38.800000 -2.586799 2.428851 24.501061 12.306606
 39.000000 -2.542232 2.983479 24.630982 5.233029
 39.200000 -3.117827 2.755766 12.069992 2533.526672
 39.400000 3.021972 2.998644 4.497240 2395.750921
 39.600000 -3.029440 2.922295 16.051493 1562.632181
 39.800000 -2.648066 2.572938 24.251245 31.019004
 40.000000 -2.318724 2.650114 24.127948 36.511024
 40.200000 -2.250254 2.922632 23.733589 39.762561
 40.400000 -2.709963 2.507014 23.818714 91.738673
 40.600000 -3.007653 2.884399 16.928691 1353.866632
 40.800000 3.049455 3.037742 5.950905 2778.747234
 41.000000 -3.129918 2.714403 11.522698 2640.498516
 41.200000 -2.542261 2.713419 24.706957 4.345733
 41.400000 -2.420169 2.674892 24.664268 9.229218
 41.600000 -2.718035 2.685943 23.758172 105.939848
 41.800000 -3.084503 2.994580 13.801475 2117.099010
 42.000000 2.997849 2.826584 3.437977 2116.783349
 42.200000 -2.732350 2.912697 23.628474 133.149502
 42.400000 -2.569314 2.654486 24.669380 8.504862
 42.600000 -2.558450 2.767494 24.699227 6.643798
 42.800000 -2.824967 2.681327 22.160452 410.235127
 43.000000 2.903453 2.957095 0.075247 484.126254
 43.200000 3.086931 2.939950 8.194031 3003.455475
 43.400000 -3.015494 2.640101 16.769334 1383.648560
 43.600000 -2.855446 2.902005 21.528566 525.867165
 43.800000 -3.030725 2.965487 16.189712 1515.364095
 44.000000 3.098889 2.665782 8.848278 2978.516503
 44.200000 -2.874531 2.980083 21.106866 597.744313
 44.400000 -2.867697 2.828610 21.272014 570.153024
 44.600000 -2.706009 2.768510 23.962288 92.060161
 44.800000 -2.799996 2.872967 22.687648 317.975592
 45.000000 -2.898331 2.821517 20.501745 696.638855
 45.200000 3.121956 2.813525 10.269625 2849.466374
 45.400000 2.967094 3.080316 2.216561 1785.866424
 45.600000 -3.060437 2.621790 15.115691 1765.249648
 45.800000 -2.652516 2.818840 24.416330 38.846360
 46.000000 -2.540522 2.810882 24.855532 3.467358
 46.200000 -2.700052 2.591526 24.092171 83.420386
 46.400000 -2.730566 2.960729 23.778756 131.521228
 46.600000 2.972286 2.786690 2.470111 1953.018214
 46.800000 3.093764 2.962646 8.834022 3035.799085
 47.000000 -2.928350 2.752209 19.770921 822.783832
 47.200000 -2.822406 2.643645 22.398732 391.533325
 47.400000 -2.616324 2.959105 24.693038 20.570884
 47.600000 -2.941435 2.718149 19.439243 879.722383
 47.800000 -3.141342 2.813188 11.502273 2636.438749
 48.000000 -3.137825 2.954059 11.682187 2597.292966
 48.200000 3.035233 2.626484 5.760381 3020.553955
 48.400000 -2.908847 2.871662 20.420789 730.394838
 48.600000 -2.521441 2.884847 24.981099 0.549793
 48.800000 -2.936978 2.372652 19.629766 853.576346
 49.000000 -2.563848 2.956316 24.914444 5.651268
 49.200000 -2.707588 2.872272 24.179437 93.550638
 49.400000 -3.025762 2.655081 16.767528 1372.254183
 49.600000 -2.044427 2.932560 22.222670 57.116453
 49.800000 -1.819170 2.282438 22.839484 153.064541
 50.000000 -2.013282 1.351047 22.017150 30.122951
 50.200000 -0.858497 0.823656 16.425908 1841.084145
 50.400000 -0.717594 0.042889 10.470421 1851.172138
 50.600000 -0.579963 -0.620761 4.278772 2005.958214
 50.800000 -0.671900 -0.577809 8.465243 2004.108982
 51.000000 -0.534611 0.187680 2.338790 1608.740088
 51.200000 -1.089000 0.718388 25.311546 761.791038
 51.400000 -1.701389 1.157844 24.479671 265.172065
 51.600000 -1.593871 1.424768 26.528907 472.157610
 51.800000 -1.162120 0.653959 27.031962 401.906551
 52.000000 -0.598470 -0.065149 5.098782 2086.105788
 52.200000 -0.475336 -0.633098 0.197674 985.851984
 52.400000 -0.543103 -0.505528 2.641549 1725.939165
 52.600000 -0.581095 0.150651 4.294549 2026.185019
 52.800000 -1.429721 0.731580 29.520976 73.341850
 53.000000 -1.719409 1.170970 24.174392 243.134215
 53.200000 -1.579949 1.225785 26.793453 483.450131
 53.400000 -1.038932 0.611575 23.733073 1152.518898
 53.600000 -1.222791 0.675104 28.081780 269.003267
 53.800000 -1.318257 1.031931 29.372095 91.310138
 54.000000 -1.728025 1.224625 24.026761 235.647317
 54.200000 -1.563469 1.052669 27.144308 487.703561
 54.400000 -1.500248 0.707957 28.475967 360.060980
 54.600000 -1.279342 1.014276 28.909834 172.790873
 54.800000 -1.494939 1.348681 28.575248 339.260156
 55.000000 -1.660646 1.229739 25.141801 333.910558
 55.200000 -1.619736 0.686845 25.934516 421.027901
 55.400000 -0.939292 0.629284 19.795569 1834.019167
 55.600000 -1.620299 1.132292 25.922970 419.904921
 55.800000 -1.852603 1.231357 22.318075 110.393634
 56.000000 -1.573239 0.993839 26.930818 485.859717
 56.200000 -0.343461 0.513179 -0.000001 0.000000
 56.400000 -1.707542 1.039775 24.329707 268.333121
 56.600000 -2.023785 1.114765 22.004740 48.682680
 56.800000 -1.628738 0.947323 25.759111 404.347052
 57.000000 -0.729931 0.789475 10.894333 1764.894713
 57.200000 -1.267698 0.847859 28.718986 191.379978
 57.400000 -1.656884 1.178864 25.220864 350.062014
 57.600000 -1.273915 1.456749 28.803756 180.511387
 57.800000 -1.091766 1.139050 25.316326 748.909311
 58.000000 -1.805890 1.021365 22.854208 181.279858
 58.200000 -1.668092 0.804450 25.025326 333.585691
 58.400000 -1.121301 0.774730 26.068801 568.294373
 58.600000 -1.263138 1.228646 28.651740 197.952624
 58.800000 -1.678468 1.450380 24.838280 316.585304
 59.000000 -1.923069 1.253705 21.749270 11.859727
 59.200000 -1.091989 0.642213 25.315763 753.336857
 59.400000 -1.124664 0.257709 26.146448 552.300250
 59.600000 -0.951871 0.571052 20.268238 1813.336698
 59.800000 -1.353330 1.181851 29.571002 25.201884
 60.000000 -1.646202 1.784407 25.456844 374.044274
 60.200000 -2.316331 1.895764 24.297035 40.263498
 60.400000 -1.793160 -3.131605 23.024868 210.845254
 60.600000 -2.540417 2.958937 25.280229 0.478786
 60.800000 3.004342 2.432218 4.640620 3316.641308
 61.000000 3.053798 3.075704 7.546323 3455.771217
 61.200000 2.862638 2.939600 -0.000005 0.000001
 61.400000 -2.814374 2.524082 23.040731 362.667328
 61.600000 -1.973985 2.860825 21.687079 7.178808
 61.800000 -2.017359 2.466184 21.899678 46.983155
 62.000000 -2.146394 2.264347 23.063098 79.504528
 62.200000 -1.838313 2.822232 22.412159 154.526883
 62.400000 -2.336362 2.723404 24.408348 38.983663
 62.600000 3.074080 2.427213 8.818445 3325.256573
 62.800000 -3.135788 -2.992782 12.728810 2341.446413
 63.000000 -3.023619 2.963777 17.360560 1245.429222
 63.200000 -3.005550 2.452233 18.005625 1133.296230
 63.400000 -2.052586 2.903993 22.183470 80.456676
 63.600000 -1.984426 2.574856 21.716703 15.464355
 63.800000 -2.229523 2.219393 23.715339 47.159319
 64.000000 -2.189751 3.014697 23.426825 59.359033
 64.200000 -2.759088 2.781700 24.006050 206.907047
 64.400000 2.958284 2.707330 2.184542 2686.949791
 64.600000 -2.970418 2.906534 19.160148 958.047986
 64.800000 -2.735621 2.503182 24.320803 154.835483
 65.000000 -2.160381 2.780233 23.199479 71.798985
 65.200000 -2.125333 2.799972 22.896352 87.795076
 65.400000 -1.752759 2.480004 23.678577 265.742053
 65.600000 -2.310672 2.433557 24.240603 37.203491
 65.800000 -2.201111 2.862671 23.530491 53.650483
 66.000000 -2.945585 2.758023 19.930788 847.991458
 66.200000 -3.112408 2.826573 13.981216 1972.838976
 66.400000 -2.946765 2.982437 19.919200 850.873185
 66.600000 -3.036123 2.535133 17.021337 1290.404675
 66.800000 -2.421225 2.838314 24.886282 28.981270
 67.000000 -2.341783 2.619774 24.428738 35.188059
 67.200000 -2.391952 2.491753 24.719801 32.549735
 67.400000 -2.430115 2.736063 24.930654 27.894438
 67.600000 -2.502731 2.898900 25.251261 10.653972
 67.800000 -2.724064 2.547472 24.504161 132.868663
 68.000000 -2.488139 2.792908 25.199578 14.500863
 68.200000 -2.323117 2.728480 24.331700 33.329586
 68.400000 -2.366586 2.422789 24.583700 33.689511
 68.600000 -2.025177 2.682812 22.000874 64.010539
 68.800000 -2.213784 2.511258 23.672697 46.065461
 69.000000 -2.492326 2.689912 25.229082 13.720822
 69.200000 -2.569184 2.860130 25.399466 0.007720
 69.400000 -2.850239 2.872700 22.449474 466.991311
 69.600000 -2.758552 2.847134 24.092358 202.927075
 69.800000 -2.698444 2.793609 24.805279 89.940417
 70.000000 -2.523342 2.842278 25.344061 5.754536
 70.200000 -2.654268 2.790958 25.171107 36.688942
 70.400000 -3.047131 3.050098 16.743092 1337.827304
 70.600000 2.972315 2.642744 3.016354 3296.285133
 70.800000 2.919976 2.962898 0.335120 2135.652570
 71.000000 -2.764225 2.828166 24.032986 216.028323
 71.200000 -2.322939 2.428017 24.381442 34.787076
 71.400000 -1.988662 2.448753 21.787367 28.192631
 71.600000 -2.014398 2.713177 21.955241 58.038878
 71.800000 -2.696891 2.575651 24.868578 87.724370
 72.000000 -3.019267 2.821370 17.754572 1171.184761
 72.200000 3.029039 2.970422 6.516572 3864.071048
 72.400000 3.032003 2.715967 6.700729 3852.461541
 72.600000 -2.971311 2.986633 19.336430 947.969991
 72.800000 3.012728 2.867381 5.501302 3866.868462
 73.000000 2.931053 2.747634 0.843588 2283.204036
 73.200000 -2.942970 3.000469 20.206516 828.188351
 73.400000 -3.026374 2.786238 17.561635 1204.593170
 73.600000 -2.731365 2.822931 24.554153 146.846752
 73.800000 -2.844851 2.968140 22.665202 449.070311
 74.000000 3.006174 2.691032 5.131145 3875.638645
 74.200000 3.080923 2.906954 9.742568 3299.784687
 74.400000 2.949717 2.855096 1.815415 2933.941576
 74.600000 -3.136600 2.729226 13.173924 2208.393556
 74.800000 3.014143 2.966017 5.669653 3941.861471
 75.000000 -3.100993 2.686185 14.754996 1762.174286
 75.200000 -2.411715 2.705536 24.981673 32.015512
 75.400000 -1.937042 2.528864 21.683056 0.198967
 75.600000 -2.100061 2.350614 22.820995 98.729907
 75.800000 -2.098023 2.563197 22.800707 99.324100
 76.000000 -2.057041 2.890615 22.389417 97.206934
 76.200000 -2.587403 2.584466 25.542639 1.090231
 76.400000 -2.621084 2.893536 25.469151 11.299395
 76.600000 3.128819 2.811442 12.423574 2436.842153
 76.800000 3.131710 2.989520 12.565593 2389.757925
 77.000000 -2.600804 2.711872 25.522722 3.747058
 77.200000 -2.189296 2.440165 23.630639 53.445240
 77.400000 -1.793930 2.445397 22.964086 238.552861
 77.600000 -2.034309 2.685964 22.212807 84.221168
 77.800000 3.079344 2.670693 9.834456 3310.377376
 78.000000 -3.112601 -3.044033 14.389270 1828.365515
 78.200000 -3.052325 2.752728 16.789067 1318.309747
 78.400000 -2.828600 2.668130 23.161882 388.332504
 78.600000 -1.988711 3.091830 21.874737 36.874572
 78.800000 -2.200328 2.414511 23.726303 49.303538
 79.000000 -1.884043 2.368792 21.893291 49.465373
 79.200000 -1.998208 2.725861 21.956787 49.010371
 79.400000 -2.038018 2.885074 22.289014 88.080755
 79.600000 -2.818490 2.513478 23.387099 353.406939
 79.800000 -2.357982 3.060985 24.726633 36.362179
 80.000000 -2.869513 2.786542 22.316985 536.697045
 80.200000 2.987359 2.539398 4.242666 4079.072734
 80.400000 2.978881 -2.992470 3.704716 3966.763315
 80.600000 -3.015088 2.913977 18.147311 1137.267317
 80.800000 -2.076056 2.405409 22.688484 99.380515
 81.000000 -1.516468 2.216830 28.094925 325.379650
 81.200000 -2.327367 2.296022 24.575872 36.373215
 81.400000 -2.882181 3.078038 22.083270 589.207285
 81.600000 3.047489 -3.017992 8.152543 3873.003764
 81.800000 3.085442 2.496972 10.405968 3155.546388
 82.000000 -2.604837 2.757128 25.630108 3.897629
 82.200000 -1.923946 2.762631 21.773984 0.905884
 82.400000 -2.136933 2.062946 23.305926 74.887544
 82.600000 -1.901212 2.113276 21.830002 15.849911
 82.800000 -1.919446 2.518577 21.779608 2.395162
 83.000000 -2.711824 2.928360 25.011076 103.477732
 83.200000 2.958704 3.022893 2.557994 3741.831853
 83.400000 2.912478 2.734042 0.012485 826.528518
 83.600000 -2.243479 2.763381 24.101107 39.705433
 83.800000 -1.711612 2.427755 24.296376 320.997537
 84.000000 -2.038175 1.855592 22.393078 86.580761
 84.200000 -1.817168 2.167184 22.594053 172.913113
 84.400000 -2.193115 2.663573 23.784449 50.163577
 84.600000 -2.845624 2.886767 23.002322 436.995593
 84.800000 2.930696 3.012807 0.959154 2945.615157
 85.000000 -3.127205 2.884477 14.032555 1857.170635
 85.200000 -1.969762 2.523209 21.938718 23.751837
 85.400000 -1.617054 1.971046 26.068284 387.791951
 85.600000 -1.909974 1.563276 21.851170 5.167337
 85.800000 -1.746706 1.660195 23.675579 288.062456
 86.000000 -1.182493 0.841602 26.997973 356.116252
 86.200000 -0.987786 0.180580 21.268111 1666.080270
 86.400000 -0.176256 -0.474946 -0.001177 0.000041
 86.600000 -0.405385 -0.552716 -0.000000 0.000000
 86.800000 -0.886480 -0.016958 16.835085 2014.728007
 87.000000 -0.498272 0.565318 0.059203 1151.911339
 87.200000 -0.928543 1.662241 18.698585 1983.543765
 87.400000 -0.703325 2.355850 9.059157 1691.490005
 87.600000 -0.657113 2.392686 7.117705 1858.355056
 87.800000 -0.633491 1.722350 6.083993 1972.524852
 88.000000 -1.295577 0.820709 28.686575 130.682169
 88.200000 -1.740990 0.271670 23.774778 290.622356
 88.400000 -1.971698 0.358530 22.033864 27.007867
 88.600000 -1.630375 0.778439 25.799486 372.241177
 88.800000 -0.738632 1.314471 10.478440 1649.798369
 89.000000 -0.859608 2.112939 15.587684 1972.058934
 89.200000 -0.668533 2.721801 7.577559 1793.188660
 89.400000 -0.617154 1.878111 5.327747 2045.104125
 89.600000 -0.532841 1.297206 1.461549 1964.930591
 89.800000 -0.980072 1.182029 20.888123 1719.011769
 90.000000 -1.487404 0.815037 28.425795 211.442925
 90.200000 -1.570956 0.659677 26.951929 370.146335
 90.400000 -0.940108 1.123267 19.156156 1947.167776
 90.600000 -0.590962 1.919083 4.122209 2142.410133
 90.800000 -1.286875 2.469852 28.524296 147.976208
 91.000000 -1.992557 2.409641 22.215768 47.122704
 91.200000 2.950365 2.644134 2.261971 4004.336576
 91.400000 -2.920665 -2.814009 21.343101 777.616655
 91.600000 -2.499792 2.552098 25.640271 18.929328
 91.800000 -2.317699 1.361537 24.668102 33.674786
 92.000000 -0.803299 0.440655 13.086012 1783.036124
 92.200000 -0.878064 0.211085 16.341629 2024.161946
 92.400000 -0.487897 -0.089860 -0.004950 2.027687
 92.600000 -0.385428 -0.550124 -0.000000 0.000000
 92.800000 -0.513518 -0.303521 0.576959 1854.489373
 93.000000 -0.818856 -0.035904 13.730362 1842.928970
 93.200000 -0.915238 0.244194 18.007842 2017.852080
 93.400000 -1.175057 0.567832 26.675827 387.882371
 93.600000 -1.158625 1.283535 26.341867 440.154418
 93.800000 -0.433297 1.448524 -0.000000 0.000000
 94.000000 -0.947073 2.337580 19.421285 1908.717278
 94.200000 -0.798216 2.405130 12.838634 1763.193836
 94.400000 -0.705725 1.764435 9.078208 1633.757814
 94.600000 -0.674347 1.533052 7.793287 1732.896258
 94.800000 -0.700392 1.336903 8.862279 1645.158211
 95.000000 -1.114831 1.254519 25.313609 636.861388
 95.200000 -0.905069 0.366950 17.539131 2022.767215
 95.400000 -0.472146 -0.349263 -0.000023 0.000050
 95.600000 -0.360281 -0.568603 -0.000000 0.000000
 95.800000 -1.170982 0.099357 26.557686 403.327747
 96.000000 -0.905102 1.044614 17.540652 2022.731187
 96.200000 -0.605808 1.579245 4.807340 2115.632775
 96.400000 -0.612265 2.217030 5.103081 2080.141325
 96.600000 -1.206401 2.355313 27.209957 313.168421
 96.800000 -1.187202 2.290739 26.858351 359.010590
 97.000000 -0.378398 2.123155 -0.000000 0.000000
 97.200000 -0.627527 1.652397 5.801523 1989.027485
 97.400000 -0.749586 1.809101 10.848829 1616.905239
 97.600000 -0.690651 2.146080 8.482284 1656.326690
 97.800000 -1.015536 2.237975 22.178327 1376.654730
 98.000000 -0.562816 2.134188 2.797395 2244.920386
 98.200000 -0.580300 1.869864 3.638488 2244.421963
 98.400000 -0.335806 1.665728 -0.000000 0.000000
 98.600000 -0.592627 1.796413 4.219704 2198.050298
 98.800000 -0.617747 2.145986 5.379002 2054.424056
 99.000000 -0.872135 2.156068 16.069379 2006.972856
 99.200000 -1.081077 2.115907 24.321557 839.187166
 99.400000 -1.324198 1.922765 28.766066 65.626376
 99.600000 -0.576038 1.697817 3.453837 2271.804039
 99.800000 -0.505868 1.682853 0.160260 2177.469174
 100.000000 -0.771040 1.987809 11.735700 1660.793063
 100.200000 -0.546902 2.177583 1.075344 2282.170461
 100.400000 -0.496966 2.064732 -0.000008 0.000009
 100.600000 -0.945143 2.060653 18.330012 1854.154581
 100.800000 -0.537070 1.762057 0.606770 2282.653149
 101.000000 -0.834750 1.992032 13.435678 1905.584814
 101.200000 -0.565464 2.068961 2.000676 2331.343091
 101.400000 -0.650812 2.147409 5.920842 1820.665877
 101.600000 -0.708680 2.078481 8.287949 1578.060191
 101.800000 -0.750495 1.972825 9.947186 1596.249127
 102.000000 -0.568787 1.822042 2.161052 2326.289564
 102.200000 -0.590638 1.848888 3.250277 2257.994043
 102.400000 -0.563214 1.753031 1.929233 2360.726779
 102.600000 -0.559741 2.035549 1.760429 2362.934493
 102.800000 -0.684987 2.055262 7.382336 1630.981608
 103.000000 -0.838379 2.209564 13.648403 1911.253254
 103.200000 -0.570478 2.017314 2.326245 2376.179363
 103.400000 -0.597135 1.614230 3.608501 2233.752869
 103.600000 -0.795147 1.914978 11.835983 1729.841454
 103.800000 -0.716356 2.019489 8.678893 1548.043174
 104.000000 -0.741675 2.171330 9.675406 1559.736693
 104.200000 -0.516333 1.856204 -0.017485 20.853691
 104.400000 -0.795575 1.922811 11.893219 1719.381174
 104.600000 -0.588999 1.840454 3.275225 2312.029250
 104.800000 -0.540734 2.055564 0.909495 2407.037217
 105.000000 -0.624216 2.012864 4.917479 2027.521225
 105.200000 -0.868573 1.937645 15.068852 1946.329254
 105.400000 -0.504775 1.866647 -0.000334 0.017662
 105.600000 -0.769721 1.950528 10.884171 1600.969809
 105.800000 -0.857403 2.078825 14.577084 1928.134384
 106.000000 -0.584140 1.961368 3.100650 2372.806013
 106.200000 -0.700151 2.052633 8.224052 1530.408700
 106.400000 -0.907911 1.933598 16.828293 1904.130122
 106.600000 -0.765834 1.736826 10.781704 1569.329467
 106.800000 -0.632956 1.558173 5.448809 1962.387719
 107.000000 -0.626052 1.846589 5.140462 2027.935221
 107.200000 -0.728443 2.256866 9.385980 1476.414108
 107.400000 -0.639038 2.224558 5.794855 1907.744467
 107.600000 -0.683238 1.871029 7.630670 1579.165554
 107.800000 -0.516608 1.374237 -0.027064 6.138080
 108.000000 -0.810323 1.055978 12.635214 1732.352417
 108.200000 -1.476760 0.888299 27.313061 135.115998
 108.400000 -1.676657 0.641376 23.938448 355.647169
 108.600000 -0.858637 0.990685 14.737276 1879.941089
 108.800000 -0.949896 1.421073 18.656234 1687.231932
 109.000000 -0.627419 1.320439 5.360760 2032.886100
 109.200000 -1.129622 1.197684 24.518852 580.440388
 109.400000 -1.177799 0.555726 25.588794 415.712106
 109.600000 -1.883724 0.422430 21.199422 7.862642
 109.800000 -1.670472 0.897835 24.054430 357.831989
 110.000000 -1.250681 1.196834 26.874034 216.590951
 110.200000 -0.972107 1.417793 19.579371 1511.199379
 110.400000 -1.802511 1.132101 21.834597 155.698051
 110.600000 -1.305654 0.504703 27.534119 84.158612
 110.800000 -0.543815 0.184694 1.347733 2730.107568
 111.000000 -0.733366 0.057911 9.774655 1425.900073
 111.200000 -0.567876 -0.214148 2.658856 2714.868167
 111.400000 -0.536866 -0.177709 1.027923 2764.025568
 111.600000 -0.754437 -0.093772 10.633249 1443.528532
 111.800000 -0.668636 0.182136 7.349533 1639.518391
 112.000000 -0.548714 0.081521 1.652394 2783.753741
 112.200000 -0.770924 -0.104547 11.323010 1478.716095
 112.400000 -0.926453 -0.028019 17.780316 1730.919280
 112.600000 -0.640581 -0.032301 6.247603 1913.721697
 112.800000 -0.617489 0.340813 5.201013 2201.556172
 113.000000 -0.981316 0.181352 19.962500 1413.262732
 113.200000 -0.920261 0.099193 17.551879 1736.592387
 113.400000 -0.483269 0.070178 -0.000000 0.000000
 113.600000 -0.875950 -0.277310 15.675650 1818.807158
 113.800000 -0.530525 -0.514474 0.785707 2857.036929
 114.000000 -0.435774 -0.197121 -0.000000 0.000000
 114.200000 -0.545947 0.029074 1.670959 2942.420023
 114.400000 -1.221376 0.508150 26.397572 296.610793
 114.600000 -1.121358 0.844808 24.290473 613.148834
 114.800000 -1.555385 1.233290 26.150688 265.289252
 115.000000 -1.309405 0.988945 27.546338 70.210476
 115.200000 -1.037581 0.790871 21.935403 998.607208
 115.400000 -1.623924 0.965503 24.949789 344.367921
 115.600000 -1.267737 0.789001 27.098713 165.906403
 115.800000 -1.270656 1.122948 27.135860 158.211584
 116.000000 -1.045784 1.145779 22.191577 952.464924
 116.200000 -1.230384 0.942085 26.551651 270.596229
 116.400000 -1.145595 0.552432 24.864706 531.611104
 116.600000 -0.980298 0.438788 19.994246 1341.564810
 116.800000 -0.759869 0.347332 11.140983 1381.655041
 117.000000 -1.342146 0.664878 27.741397 17.549906
 117.200000 -0.963037 1.316581 19.375589 1434.323774
 117.400000 -1.107804 1.634271 23.946392 662.314108
 117.600000 -0.537326 1.531339 1.360554 3091.428360
 117.800000 -0.550305 1.867718 2.082179 3079.227800
 118.000000 -1.203776 2.271331 26.090242 351.682171
 118.200000 -0.608143 2.396442 5.210882 2408.010564
 118.400000 -0.853948 2.041569 14.966145 1738.598068
 118.600000 -0.979069 1.683942 19.997008 1315.162872
 118.800000 -1.175595 0.820485 25.538588 440.961784
 119.000000 -0.716633 -0.226016 9.682683 1313.722898
 119.200000 -0.534719 -0.414549 1.316688 3187.209921
 119.400000 -0.579855 -0.071182 3.826695 2872.326570
 119.600000 -1.900244 0.784245 21.176176 0.259919
 119.800000 -1.595538 1.715647 25.477716 313.344929
 120.000000 -1.137973 2.062544 24.707856 560.610800
 120.200000 -0.624519 2.196251 6.137031 2147.871925
 120.400000 -0.735387 1.992540 10.477640 1282.531245
 120.600000 -1.116981 1.752346 24.205473 628.655286
 120.800000 -1.090333 1.377527 23.513955 720.200116
 121.000000 -1.279468 0.948067 27.263713 122.873164
 121.200000 -1.797336 0.749525 21.862721 166.066949
 121.400000 -1.015294 0.869670 21.316066 1052.390672
 121.600000 -0.771601 1.541376 11.847914 1374.599968
 121.800000 -0.734612 2.017101 10.508342 1269.957132
 122.000000 -0.694183 2.448406 9.056796 1349.880526
 122.200000 -0.776624 2.297709 12.090215 1387.133094
 122.400000 -0.746175 1.579971 10.981415 1277.197109
 122.600000 -1.244831 1.042033 26.829663 216.164194
 122.800000 -1.595025 0.363150 25.494309 311.986641
 123.000000 -1.728856 0.916386 22.947999 335.989305
 123.200000 -0.914554 1.300969 17.692938 1615.766468
 123.400000 -0.524204 1.310975 0.902383 3347.532633
 123.600000 -0.581639 1.787192 4.183182 2953.029660
 123.800000 -0.820855 2.415047 13.854825 1594.981910
 124.000000 -0.879394 2.462558 16.254529 1712.142344
 124.200000 -0.521461 1.761148 0.786216 3388.921630
 124.400000 -0.689337 1.448914 9.087650 1354.011853
 124.600000 -1.248585 1.191223 26.898171 199.743420
 124.800000 -1.780872 0.648033 22.072129 213.286050
 125.000000 -1.557880 0.636013 26.124033 246.571123
 125.200000 -1.346548 1.232807 27.722184 6.538019
 125.400000 -0.683597 1.414999 8.946523 1387.115769
 125.600000 -1.081036 2.180047 23.324265 734.287236
 125.800000 -0.639522 2.296187 7.174529 1917.712018
 126.000000 -0.659665 2.085537 8.020719 1626.799662
 126.200000 -0.626291 1.654485 6.652614 2154.682538
 126.400000 -0.959865 1.377400 19.537751 1318.202846
 126.600000 -1.302583 0.663042 27.497708 58.036044
 126.800000 -1.510267 0.461426 26.804780 153.387346
 127.000000 -0.889195 0.977394 16.792398 1656.281146
 127.200000 -1.395556 1.412225 27.700965 7.817382
 127.400000 -1.507779 0.842584 26.839319 145.955368
 127.600000 -0.444296 -0.045098 -0.000000 0.000000
 127.800000 -0.272102 -0.458824 -0.000000 0.000000
 128.000000 -0.612841 -0.360836 6.081916 2428.317577
 128.200000 -0.442913 -0.097484 -0.000000 0.000000
 128.400000 -0.510009 0.159611 0.268022 4123.236572
 128.600000 -1.624164 0.560076 25.006645 363.101792
 128.800000 -1.906204 1.049619 21.133297 0.117458
 129.000000 -0.938075 1.090309 18.801313 1423.247347
 129.200000 -0.902725 1.163530 17.465725 1586.900382
 129.400000 -1.410700 1.319064 27.640442 17.365016
 129.600000 -1.409263 0.800427 27.646340 16.316934
 129.800000 -1.046299 0.566549 22.411942 830.896071
 130.000000 -1.530355 0.914919 26.566323 181.166734
 130.200000 -1.522948 1.332552 26.671819 164.867625
 130.400000 -1.052439 0.866200 22.605909 801.618975
 130.600000 -1.215018 0.762550 26.426687 301.527703
 130.800000 -1.788022 1.096089 21.931303 199.489785
 131.000000 -1.181851 1.348453 25.797512 419.041136
 131.200000 -1.131813 0.977358 24.693862 574.703475
 131.400000 -1.496015 0.926705 27.000155 115.931662
 131.600000 -1.406642 0.964446 27.658049 14.322407
 131.800000 -1.072588 1.276964 23.181180 732.489239
 132.000000 -1.374488 1.259776 27.733361 0.707196
 132.200000 -1.276723 0.737520 27.309112 102.349785
 132.400000 -1.129746 0.641450 24.661376 580.505845
 132.600000 -1.191891 0.926639 26.030115 383.520928
 132.800000 -1.412080 1.063516 27.641053 17.735396
 133.000000 -1.110220 0.882656 24.180628 631.492426
 133.200000 -1.724839 1.033029 22.997660 385.318343
 133.400000 -1.566748 1.253024 26.085649 255.541231
 133.600000 -1.229191 0.991855 26.711213 246.928495
 133.800000 -1.476037 0.989849 27.223878 82.743410
 134.000000 -1.178023 0.766204 25.770854 432.105358
 134.200000 -1.033644 0.946029 22.154599 848.336207
 134.400000 -1.654311 1.155313 24.456883 432.691150
 134.600000 -1.639202 0.953344 24.768033 414.232050
 134.800000 -1.091231 0.683906 23.738398 678.585239
 135.000000 -0.559658 0.567466 3.597721 3667.759035
 135.200000 -1.287809 0.781083 27.461849 71.422284
 135.400000 -2.095076 1.196965 22.120704 47.539710
 135.600000 -1.802830 1.146889 21.696612 156.514672
 135.800000 -0.515853 0.713253 0.916371 3885.562025
 136.000000 -1.358600 0.828116 27.770717 0.335394
 136.200000 -1.848839 0.985523 21.251033 42.960684
 136.400000 -1.465588 1.135604 27.358864 65.235960
 136.600000 -0.876538 1.070412 16.692244 1614.989200
 136.800000 -1.924170 1.139471 21.102193 4.273730
 137.000000 -1.942746 0.925847 21.155089 12.804205
 137.200000 -1.142453 0.629601 25.083810 546.276405
 137.400000 -0.953897 0.616442 19.685337 1249.586824
 137.600000 -1.705912 1.083019 23.381159 438.120059
 137.800000 -1.834406 1.278620 21.356485 71.292148
 138.000000 -1.001325 0.990437 21.262921 976.934226
 138.200000 -1.548892 1.138362 26.450162 216.539818
 138.400000 -1.830452 1.011857 21.391323 80.770697
 138.600000 -0.965626 0.867498 20.123683 1171.130762
 138.800000 -0.606328 0.940981 6.449041 2651.293532
 139.000000 -1.048021 1.251529 22.669717 789.846701
 139.200000 -1.800465 1.188088 21.721832 166.026285
 139.400000 -1.415575 0.755783 27.702074 17.535126
 139.600000 -1.003547 0.704066 21.385736 956.562802
 139.800000 -1.673964 1.256252 24.081732 469.723707
 140.000000 -1.701986 1.270730 23.478245 451.191009
 140.200000 -1.178994 0.932310 25.960925 423.033907
 140.400000 -1.209895 0.457072 26.549789 304.159591
 140.600000 -1.225343 0.665096 26.805652 245.442305
 140.800000 -1.300805 1.207466 27.637428 40.927935
 141.000000 -1.145690 1.252972 25.230229 537.213247
 141.200000 -1.544186 0.862711 26.574809 203.693655
 141.400000 -1.556835 0.561289 26.387218 236.700617
 141.600000 -1.489900 0.971088 27.221153 92.407094
 141.800000 -0.863142 1.517953 16.335652 1608.744816
 142.000000 -1.148587 1.925150 25.324234 528.680101
 142.200000 -0.599686 1.893119 6.301077 2844.461757
 142.400000 -0.550831 2.142210 3.423415 4015.147640
 142.600000 -0.546153 1.991047 3.125692 4081.297949
 142.800000 -0.481695 1.724901 -0.000074 0.001470
 143.000000 -0.909339 1.792569 18.198695 1484.444869
 143.200000 -1.064268 1.503319 23.246389 742.205320
 143.400000 -1.096349 0.967984 24.098361 669.416082
 143.600000 -1.569143 0.724001 26.235505 273.602021
 143.800000 -1.051260 0.821142 22.888165 775.124527
 144.000000 -1.174118 1.298948 25.942890 438.148011
 144.200000 -1.424225 1.425903 27.734323 20.149231
 144.400000 -1.076608 0.549382 23.608195 713.631408
 144.600000 -0.962379 0.282144 20.196751 1160.660911
 144.800000 -0.491462 -0.034788 -0.013705 27.909828
 145.000000 -0.474325 -0.294924 -0.000002 0.000002
 145.200000 -0.479056 -0.253782 -0.000037 0.000388
 145.400000 -0.263520 -0.396219 -0.000000 0.000000
 145.600000 -0.515237 -0.141788 1.238974 4248.744787
 145.800000 -0.543214 -0.168822 3.067405 4193.865474
 146.000000 -0.567538 -0.208747 4.603374 3734.366888
 146.200000 -0.602865 -0.019423 6.672365 2760.445902
 146.400000 -0.521448 -0.276996 1.687808 4325.920495
 146.600000 -0.859690 0.152299 16.378342 1603.718469
 146.800000 -0.849335 0.140904 15.964193 1593.140540
 147.000000 -1.104860 0.359765 24.404750 651.582281
 147.200000 -1.125447 1.303654 24.949475 599.788191
 147.400000 -0.931346 2.139254 19.199634 1343.244999
 147.600000 -0.548675 2.315647 3.520956 4166.563994
 147.800000 -0.787794 2.046101 13.637918 1304.273187
 148.000000 -1.570404 0.990718 26.295234 286.017837
 148.200000 -0.493913 -0.615566 -0.007491 701.197903
 148.400000 -0.369654 -0.703169 -0.000000 0.000000
 148.600000 -0.914858 0.341092 18.619498 1438.649597
 148.800000 -1.309768 1.400402 27.821438 21.033024
 149.000000 -1.337895 1.199499 27.911058 3.495228
 149.200000 -1.129452 0.721716 25.108731 588.432893
 149.400000 -1.925156 0.825414 21.055314 1.416104
 149.600000 -1.188219 1.033428 26.401663 371.307099
 149.800000 -1.051400 1.271694 23.069246 771.195194
 150.000000 -0.507818 1.198765 0.921181 4329.949586
 150.200000 -0.498813 1.413587 0.364749 4735.000637
 150.400000 -0.791965 1.917200 13.893069 1326.411550
 150.600000 -0.878439 2.582872 17.268552 1587.946318
 150.800000 -0.492474 2.210709 -0.014041 452.790872
 151.000000 -0.596827 1.342945 6.573729 2930.056074
 151.200000 -1.497887 0.942082 27.347057 96.753591
 151.400000 -1.562810 0.551236 26.494973 271.636557
 151.600000 -1.481591 1.231176 27.494993 69.539931
 151.800000 -0.941504 1.349531 19.705351 1270.201553
 152.000000 -1.602371 1.145802 25.768547 403.464896
 152.200000 -1.778161 0.678078 22.078835 254.378677
 152.400000 -1.687280 0.616716 23.899629 517.422073
 152.600000 -1.023645 1.016824 22.376302 846.992350
 152.800000 -0.786749 1.796215 13.770577 1291.735127
 153.000000 -0.680788 2.424187 10.279703 1156.475079
 153.200000 -0.999438 2.405274 21.686281 937.125944
 153.400000 -0.758659 1.920225 12.831900 1114.318033
 153.600000 -1.075404 1.418220 23.850240 718.428926
 153.800000 -1.446284 0.766312 27.773998 28.901296
 154.000000 -1.251773 0.282630 27.475347 119.543524
 154.200000 -1.070401 0.486920 23.746872 728.745545
 154.400000 -2.020136 1.252881 21.371386 33.825125
 154.600000 -1.600221 1.483090 25.863707 407.220761
 154.800000 -0.615147 1.680547 7.727661 2355.226715
 155.000000 -0.937161 1.936937 19.655231 1289.996917
 155.200000 -0.830073 2.412784 15.516710 1550.416911
 155.400000 -0.488438 2.193871 -0.027290 12.017921
 155.600000 -1.397905 1.695478 27.988837 5.052937
 155.800000 -1.566039 0.231631 26.519915 290.192626
 156.000000 -1.987640 -0.364125 21.185238 21.956827
 156.200000 -2.087932 0.156063 21.760439 39.656850
 156.400000 -1.054244 1.133346 23.366487 761.951829
 156.600000 -0.514695 1.932778 1.680157 4640.377233
 156.800000 -0.997140 2.319765 21.712543 938.918126
 157.000000 -0.814022 2.234575 14.930384 1471.491990
 157.200000 -0.587182 1.797204 6.403197 3223.511626
 157.400000 -0.887356 1.737290 17.880286 1558.302143
 157.600000 -1.549495 1.364998 26.828298 234.143447
 157.800000 -1.472824 0.590496 27.680539 52.593888
 158.000000 -0.527577 0.047259 2.602371 4664.255011
 158.200000 -0.467773 -0.389198 -0.000003 0.000003
 158.400000 -0.810991 -0.380038 14.890112 1458.713407
 158.600000 -0.454500 -0.098453 -0.000000 0.000000
 158.800000 -0.347220 -0.032297 -0.000000 0.000000
 159.000000 -0.869892 -0.285665 17.224422 1605.253533
 159.200000 -0.550302 -0.304591 4.224998 4347.977052
 159.400000 -0.384496 -0.189166 -0.000000 0.000000
 159.600000 -1.146214 -0.072239 25.806593 525.830182
 159.800000 -1.384971 0.812048 28.067825 2.014580
 160.000000 -1.277255 1.848074 27.830062 50.566886
 160.200000 -0.821762 2.276782 15.384049 1525.672826
 160.400000 -0.503779 2.090168 1.097314 4656.127311
 160.600000 -0.724149 1.828345 11.984419 971.326523
 160.800000 -1.275010 1.367396 27.834820 53.002498
 161.000000 -1.531804 0.241661 27.143487 177.082070
 161.200000 -1.840567 0.454982 21.319333 80.820877
 161.400000 -1.697708 0.893342 23.747873 533.809297
 161.600000 -1.072106 1.330812 23.990992 721.016852
 161.800000 -0.912070 1.187043 18.993693 1417.748044
 162.000000 -1.981041 1.237397 21.088166 15.923432
 162.200000 -1.607831 1.024096 25.844206 458.510238
 162.400000 -0.747778 0.551546 12.804045 1051.763117
 162.600000 -0.942788 0.135221 20.144832 1207.528020
 162.800000 -1.486611 0.265609 27.667658 68.343830
 163.000000 -1.433637 1.050109 27.983156 15.832841
 163.200000 -0.604212 1.634087 7.613438 2626.713666
 163.400000 -0.550923 2.125708 4.456984 4375.020860
 163.600000 -0.918578 2.169225 19.313850 1363.709189
 163.800000 -0.559720 1.862808 5.030756 4126.486262
 164.000000 -0.435783 1.486627 -0.000000 0.000000
 164.200000 -1.166886 1.466196 26.394506 442.578995
 164.400000 -1.401545 0.561257 28.111731 4.610573
 164.600000 -0.536125 -0.239884 3.504982 4707.879125
 164.800000 0.404007 -0.861337 -0.000000 0.000000
