#! FIELDS time phi psi ves.bias ves.force2
#! SET min_phi -pi
#! SET max_phi pi
#! SET min_psi -pi
#! SET max_psi pi
 0.000000 -1.498385 0.273949 27.215882 148.921278
 0.200000 -1.275035 0.946116 27.427962 134.560671
 0.400000 -0.868282 1.324180 15.031128 1868.213716
 0.600000 -0.776549 1.516524 10.965635 1967.848806
 0.800000 -0.915856 1.829918 17.034432 1673.476470
 1.000000 -0.732862 2.183558 9.066571 1786.178625
 1.200000 -0.689617 2.207990 7.708266 1612.235047
 1.400000 -0.701095 2.158753 8.174350 1684.594246
 1.600000 -0.717789 1.803943 8.868864 1773.980611
 1.800000 -0.956961 1.460459 18.900404 1452.309591
 2.000000 -1.073019 0.929238 22.984877 996.336621
 2.200000 -1.616672 0.486394 25.309027 328.411343
 2.400000 -1.720975 0.570988 23.681250 148.318225
 2.600000 -1.181269 1.128358 25.810343 423.975972
 2.800000 -0.611777 1.280012 5.123917 1116.783691
 3.000000 -0.849120 1.843617 14.786788 1752.052055
 3.200000 -0.845812 2.188675 14.758051 1723.021223
 3.400000 -0.603369 2.278701 4.964423 1125.565233
 3.600000 -1.054733 2.057052 22.576075 966.427942
 3.800000 -0.651322 1.326223 6.692271 1460.967202
 4.000000 -1.426634 0.973219 28.012962 21.188225
 4.200000 -1.694986 0.789763 24.120538 215.934774
 4.400000 -1.558246 1.067295 26.460891 293.836351
 4.600000 -0.978459 1.403219 20.046634 1325.124134
 4.800000 -1.185397 1.163967 25.918460 369.302998
 5.000000 -1.361823 0.972180 28.030386 13.419673
 5.200000 -1.593968 0.515280 25.908581 316.384189
 5.400000 -1.751487 0.742759 23.432622 135.181718
 5.600000 -1.339369 0.935321 27.920784 41.870702
 5.800000 -0.743844 1.249787 10.905519 1751.628378
 6.000000 -1.711028 1.920689 23.956724 202.163489
 6.200000 -2.157664 2.101997 23.496086 48.821807
 6.400000 -2.788053 -3.140202 23.494193 312.858518
 6.600000 3.035338 2.991596 5.521819 1973.536176
 6.800000 -2.549610 2.710542 25.550758 8.269793
 7.000000 -1.738365 2.208497 23.679325 175.592578
 7.200000 -1.844612 2.435618 22.665387 39.835525
 7.400000 -2.277761 2.577454 24.490330 87.725740
 7.600000 -3.134813 2.777981 11.324269 2897.150725
 7.800000 3.068182 3.099771 7.072320 2487.063715
 8.000000 -2.613487 2.927912 25.280206 24.200647
 8.200000 -2.257445 2.248648 24.296699 83.798116
 8.400000 -1.788156 2.429477 23.213452 120.427245
 8.600000 -2.190727 2.576738 23.723451 61.791401
 8.800000 -2.727439 2.784053 24.346345 146.516772
 9.000000 -3.140983 -3.057484 11.008276 2866.146727
 9.200000 3.122332 2.793871 9.970304 2834.023228
 9.400000 3.126321 2.715837 10.182761 2837.657226
 9.600000 -3.114733 3.008964 12.407475 2684.492349
 9.800000 3.061462 2.860748 6.829898 2372.191356
 10.000000 3.108451 2.715917 9.233474 2794.720445
 10.200000 -2.982736 2.983814 18.297000 1261.677412
 10.400000 -3.120541 2.923639 12.223921 2666.635879
 10.600000 2.993324 2.815306 3.960928 1399.166980
 10.800000 -2.819663 2.852756 22.798911 420.637139
 11.000000 -2.676016 2.793916 24.820564 66.411849
 11.200000 -2.801476 2.658855 23.168811 357.905216
 11.400000 -2.779711 2.959380 23.558292 284.300278
 11.600000 -3.097421 2.651204 13.537671 2395.983178
 11.800000 3.002850 2.731754 4.401528 1649.482806
 12.000000 -2.291403 3.095162 24.635955 83.497598
 12.200000 -1.699326 2.313423 24.561027 202.708735
 12.400000 -1.900651 1.460723 22.465551 12.274812
 12.600000 -1.121921 0.764130 24.617789 504.884918
 12.800000 -1.386312 0.736171 28.054300 1.430925
 13.000000 -1.298333 1.117184 27.494171 116.350759
 13.200000 -1.137558 1.153237 24.952013 436.296847
 13.400000 -1.608986 0.993197 25.872798 215.454649
 13.600000 -1.094242 0.573139 23.956242 637.287065
 13.800000 -1.194668 0.860119 26.019392 282.458816
 14.000000 -1.317759 1.278762 27.668976 84.313811
 14.200000 -1.244500 0.860983 26.829478 206.786666
 14.400000 -1.192818 0.454550 26.017632 291.790888
 14.600000 -0.884924 0.444256 16.715130 1520.490447
 14.800000 -1.056559 0.311295 22.928413 881.641411
 15.000000 -0.737142 -0.591995 10.831673 1758.958230
 15.200000 -0.139369 -0.967967 -0.000110 0.000024
 15.400000 -0.607029 0.085764 5.275665 1615.985611
 15.600000 -1.498266 1.240942 27.408232 146.426908
 15.800000 -1.794759 1.782420 23.390288 131.040686
 16.000000 -1.809190 2.362784 23.229238 117.803897
 16.200000 -2.836044 2.868091 22.570171 506.880210
 16.400000 2.948736 2.967591 2.497836 1056.406566
 16.600000 -2.776090 2.678289 23.740239 265.223189
 16.800000 -2.260079 2.596465 24.275298 85.579614
 17.000000 -2.201100 2.606865 23.746062 72.933274
 17.200000 -2.852723 2.484886 22.192977 576.358059
 17.400000 3.008867 2.847054 4.902039 2152.404888
 17.600000 2.976827 2.844423 3.518392 1578.939679
 17.800000 -2.508033 2.504194 25.391087 3.163863
 18.000000 -1.777579 2.564134 23.639676 144.151640
 18.200000 -2.038581 2.561240 22.567508 27.940776
 18.400000 -2.526560 2.668035 25.345934 5.030330
 18.600000 -3.016959 2.742541 17.343812 1282.729178
 18.800000 -3.089051 2.877372 14.446474 2022.144907
 19.000000 3.124366 2.745012 11.004531 2802.780472
 19.200000 -2.455129 2.766068 25.418125 0.352661
 19.400000 -2.152485 2.498025 23.356971 64.530883
 19.600000 -2.145620 2.753350 23.302073 63.377864
 19.800000 -2.121536 2.760578 23.113623 58.947946
 20.000000 -2.479871 2.649070 25.416574 0.453999
 20.200000 -2.615276 2.998944 25.090466 13.300108
 20.400000 2.947465 2.943971 2.477595 1209.211872
 20.600000 -2.431020 2.932531 25.395850 4.629639
 20.800000 -1.970691 2.454769 22.326748 0.644554
 21.000000 -1.808227 2.223478 23.318715 124.565986
 21.200000 -1.953413 2.445136 22.329715 0.618222
 21.400000 -2.230043 2.865235 24.052047 71.382791
 21.600000 -2.909648 2.904525 20.749053 790.800178
 21.800000 -2.801711 2.974062 23.333569 348.447604
 22.000000 -2.339770 2.629916 24.960512 53.891385
 22.200000 -2.154675 2.587236 23.457383 65.024123
 22.400000 -1.964358 2.561651 22.341574 0.069398
 22.600000 -2.303625 2.606164 24.688802 67.568160
 22.800000 -2.362004 2.874301 25.127952 42.333770
 23.000000 -3.096695 2.855075 14.277568 1971.014188
 23.200000 3.027031 3.021975 6.084555 2702.703728
 23.400000 -2.335917 2.909123 24.982240 55.822207
 23.600000 -1.801425 2.190745 23.425366 119.325320
 23.800000 -1.825135 1.669875 23.173031 106.164909
 24.000000 -1.503862 1.236970 27.256399 173.469762
 24.200000 -0.619078 0.053016 5.627168 1712.550479
 24.400000 -0.539065 -0.706940 2.659327 995.224120
 24.600000 -0.671829 -0.524900 7.877587 1878.343660
 24.800000 -1.006246 0.419553 21.119683 1306.479566
 25.000000 -1.419620 1.531363 28.040037 24.739952
 25.200000 -1.013754 1.119064 21.369954 1278.094315
 25.400000 -0.993353 1.138358 20.628482 1360.376178
 25.600000 -1.555494 0.834166 26.486032 215.513628
 25.800000 -0.485250 0.224665 1.200835 494.428193
 26.000000 -0.497257 -0.368291 1.480843 595.513166
 26.200000 -0.810526 -0.612083 13.600831 1534.741110
 26.400000 -1.002341 0.044909 20.945811 1331.655691
 26.600000 -1.256931 1.070608 27.274434 164.453385
 26.800000 -1.761036 1.536443 23.912035 116.905321
 27.000000 -1.278471 1.117148 27.530648 119.904040
 27.200000 -1.113656 0.450715 24.507491 709.043123
 27.400000 -0.427211 -0.214091 0.138008 184.739530
 27.600000 -0.479889 -0.627886 1.071227 475.207922
 27.800000 -0.629718 -0.462927 6.070392 1736.448260
 28.000000 -1.218061 0.021059 26.719669 261.255404
 28.200000 -1.308136 1.087157 27.825324 63.123149
 28.400000 -0.577054 1.907922 4.003610 1370.418241
 28.600000 -0.923021 2.434309 17.939406 1473.598704
 28.800000 -0.948739 2.208214 18.924210 1455.823267
 29.000000 -0.520679 1.736333 2.128286 844.427887
 29.200000 -0.869282 1.584783 15.882981 1487.568304
 29.400000 -1.306404 1.316767 27.821724 64.201861
 29.600000 -0.819560 0.260310 13.953838 1533.397618
 29.800000 -0.788445 -0.819010 12.724071 1594.926279
 30.000000 -0.320736 -0.658009 -0.002250 0.000764
 30.200000 -0.836387 0.295931 14.621554 1516.262404
 30.400000 -1.712765 1.434040 24.441920 115.909435
 30.600000 -1.934179 2.416041 22.498743 8.106640
 30.800000 -2.393622 -3.094553 25.443012 18.928263
 31.000000 3.084779 2.743628 9.392589 2955.586788
 31.200000 -2.468080 2.710653 25.576421 0.532316
 31.400000 -1.929449 2.553195 22.522736 11.383085
 31.600000 -2.108276 2.332310 23.197312 66.767204
 31.800000 -2.185570 2.832740 23.849183 72.872784
 32.000000 -2.867265 2.731942 21.922928 630.269236
 32.200000 2.955735 2.901002 2.776954 1749.063100
 32.400000 3.100421 2.730823 10.247293 2831.796452
 32.600000 3.104027 2.886243 10.438643 2799.043136
 32.800000 -2.899036 3.011192 21.075756 759.885566
 33.000000 3.004170 2.674575 5.048472 2617.818380
 33.200000 -2.708047 2.754593 24.522010 65.572909
 33.400000 -2.733282 2.842792 24.291261 105.613666
 33.600000 -3.000397 2.456481 18.005895 1092.338497
 33.800000 -3.094743 2.946453 14.502756 1793.108752
 34.000000 -2.890170 -2.955862 21.319403 721.084505
 34.200000 -2.912593 2.708226 20.723660 795.166771
 34.400000 -2.088208 2.610771 23.065202 61.024571
 34.600000 -1.915345 2.720042 22.609645 21.113363
 34.800000 -2.871905 2.505905 21.812899 633.994903
 35.000000 3.136151 -3.039751 12.123218 2433.623435
 35.200000 3.031008 3.108456 6.512376 2964.835372
 35.400000 3.125100 2.380802 11.592033 2568.063202
 35.600000 -2.475250 2.664680 25.561177 1.504965
 35.800000 -2.241935 2.823174 24.372672 72.317623
 36.000000 -2.798009 2.356873 23.398855 295.838174
 36.200000 -2.893929 2.978025 21.274538 706.183365
 36.400000 2.916408 -2.854450 1.265748 1084.304040
 36.600000 3.037897 2.498411 6.917561 3026.216130
 36.800000 -1.557517 2.859638 26.296868 206.714440
 37.000000 -0.940572 2.169077 18.663063 1452.467360
 37.200000 -0.479641 1.354943 1.173739 622.581806
 37.400000 -1.522324 1.097607 26.782457 197.915853
 37.600000 -1.786212 0.532548 23.683682 94.730940
 37.800000 -0.939463 0.508748 18.617432 1453.157441
 38.000000 -1.625376 1.187755 25.355479 154.720035
 38.200000 -1.669691 1.168323 24.834417 115.264069
 38.400000 -1.107584 0.636250 24.409793 786.196882
 38.600000 -0.576716 0.148234 4.217409 1315.510195
 38.800000 -1.597153 -0.160614 25.710583 181.344501
 39.000000 -2.048941 0.394255 22.799591 40.805546
 39.200000 -1.603216 1.324764 25.628373 172.622088
 39.400000 -0.586508 1.518498 4.586827 1362.767033
 39.600000 -0.645530 2.170560 6.863711 1592.144321
 39.800000 -1.046411 2.420059 22.514146 1132.198561
 40.000000 -1.293904 2.490093 27.748398 65.612338
 40.200000 -0.375045 1.805857 -0.001294 0.008035
 40.400000 -1.100630 1.582783 24.217846 829.676612
 40.600000 -1.229878 1.054670 27.026703 215.583973
 40.800000 -1.617450 0.555359 25.444768 155.556760
 41.000000 -1.168314 0.924780 25.919404 456.668313
 41.200000 -1.558871 1.595460 26.229764 198.549237
 41.400000 -1.650916 1.512132 25.052580 123.824896
 41.600000 -1.271203 0.722233 27.556617 105.403920
 41.800000 -0.833095 -0.117602 14.474012 1583.005850
 42.000000 -0.354424 -0.837009 -0.000319 0.000207
 42.200000 -0.487694 -0.164543 1.404500 749.438248
 42.400000 -1.531312 1.038466 26.622007 196.401850
 42.600000 -1.834851 1.696593 23.235639 86.956928
 42.800000 -1.802307 2.435036 23.549024 96.500300
 43.000000 -2.473386 3.091632 25.547712 1.400856
 43.200000 3.096490 2.811907 10.325143 2849.245730
 43.400000 -2.536249 2.962545 25.372262 14.332729
 43.600000 -1.717368 2.472833 24.398806 94.322193
 43.800000 -1.756616 1.853923 24.017078 96.106955
 44.000000 -1.763466 1.487155 23.949786 96.908314
 44.200000 -0.848322 0.821682 15.071804 1563.618929
 44.400000 -0.708976 0.022809 9.454244 1642.154053
 44.600000 -0.995863 -0.048513 20.756076 1364.795924
 44.800000 -0.648684 -0.055088 7.041328 1545.313554
 45.000000 -0.452310 0.096950 0.518920 537.456785
 45.200000 -1.731101 0.656051 24.312860 91.692299
 45.400000 -1.773640 1.305324 23.897830 99.305094
 45.600000 -0.953230 1.509991 19.157684 1456.203276
 45.800000 -0.703544 1.627430 9.244403 1630.293382
 46.000000 -0.986513 2.613636 20.414833 1391.383080
 46.200000 -0.754188 2.456568 11.308702 1646.674804
 46.400000 -0.526589 1.671174 2.630025 1062.195773
 46.600000 -1.207407 1.011782 26.765691 282.295101
 46.800000 -1.263951 0.620801 27.539201 113.139177
 47.000000 -0.841083 0.393907 14.801757 1571.520239
 47.200000 -0.603666 0.072256 5.377120 1399.147205
 47.400000 -0.997861 -0.032356 20.855001 1360.297578
 47.600000 -0.554311 -0.265777 3.589159 1215.068795
 47.800000 -0.999502 -0.178434 20.915477 1355.549772
 48.000000 -0.476680 -0.290345 1.140410 745.000328
 48.200000 -0.612308 0.060543 5.734210 1421.679952
 48.400000 -0.967919 0.177499 19.753131 1423.432258
 48.600000 -0.876278 0.189633 16.227752 1528.062017
 48.800000 -0.720005 0.314426 9.964587 1631.942519
 49.000000 -0.793385 0.009031 12.935740 1624.730564
 49.200000 -0.664256 0.085873 7.772450 1545.677002
 49.400000 -1.173231 0.067429 26.164095 430.612294
 49.600000 -0.659090 0.061997 7.569687 1534.521722
 49.800000 -0.934222 0.719383 18.500303 1454.832467
 50.000000 -1.123494 1.124188 24.981959 714.901493
 50.200000 -1.791099 1.308587 23.817307 105.974389
 50.400000 -1.198033 1.336450 26.654946 313.395594
 50.600000 -0.846343 0.409304 15.138160 1556.207945
 50.800000 -0.725722 -0.276525 10.272787 1645.606671
 51.000000 -0.444524 -0.728598 0.331631 639.188874
 51.200000 -0.372743 -0.278702 -0.000126 0.000121
 51.400000 -1.591066 0.834701 25.825334 153.439355
 51.600000 -1.932639 1.656602 22.582954 19.217295
 51.800000 -1.774487 2.520693 24.003882 100.689646
 52.000000 -2.427990 3.024090 25.434995 1.990778
 52.200000 2.932393 2.691473 1.616078 1805.397451
 52.400000 -3.025181 3.004059 17.356190 1187.098327
 52.600000 -2.654275 2.553340 24.652413 35.120356
 52.800000 -2.237892 2.385775 24.267665 70.821540
 53.000000 -1.837374 2.823570 23.371195 109.923533
 53.200000 -2.686718 2.605694 24.425005 50.134744
 53.400000 3.077313 2.853074 9.349068 3023.735367
 53.600000 -2.824726 3.092293 22.759910 338.691271
 53.800000 -2.944576 2.488322 19.891888 827.167963
 54.000000 -1.875301 2.685448 23.010534 87.436309
 54.200000 -2.025188 2.622353 22.579508 18.507867
 54.400000 -2.341942 2.602305 25.036813 40.332317
 54.600000 -2.855843 2.747543 22.135333 456.988981
 54.800000 -2.949858 3.085524 19.740479 848.249477
 55.000000 -2.333419 2.898537 24.981247 44.653252
 55.200000 -1.879273 2.378805 23.006449 90.100996
 55.400000 -1.807816 1.932441 23.756269 112.662305
 55.600000 -2.049164 1.993224 22.693992 35.419728
 55.800000 -1.649938 2.689345 25.182603 86.923371
 56.000000 -2.466531 2.770806 25.380572 1.069676
 56.200000 -3.136227 2.764313 12.902203 2163.613081
 56.400000 -3.086680 3.141515 15.050734 1630.555002
 56.600000 -2.814346 2.688076 22.930889 292.216057
 56.800000 -2.361874 2.364359 25.132266 29.159913
 57.000000 -1.651346 2.812623 25.169596 82.753045
 57.200000 -2.169594 2.492735 23.635972 73.070523
 57.400000 -2.861654 2.471180 22.011495 475.645204
 57.600000 -3.062836 3.141073 15.981106 1434.828015
 57.800000 2.929521 2.867681 1.415624 1838.990791
 58.000000 -2.484659 2.627139 25.324096 4.356680
 58.200000 -1.649661 2.609250 25.183684 77.983969
 58.400000 -1.810337 2.189290 23.814463 109.716853
 58.600000 -2.090080 2.299624 22.968987 58.314198
 58.800000 -2.529921 2.835012 25.173113 15.209371
 59.000000 -3.122057 2.958041 13.549657 1986.518549
 59.200000 -2.864962 2.699026 21.948890 483.774362
 59.400000 -1.840985 2.774017 23.514844 117.769688
 59.600000 -1.939653 2.316410 22.635854 27.162734
 59.800000 -2.181000 2.598206 23.723542 71.991281
 60.000000 -2.660178 2.859198 24.521191 34.428640
 60.200000 3.084311 2.788837 9.755983 2925.579179
 60.400000 3.133750 2.955943 12.286071 2308.900485
 60.600000 -2.025237 2.973053 22.593764 13.359737
 60.800000 -2.054961 2.102307 22.737496 34.706627
 61.000000 -1.775456 2.350690 24.211427 82.383100
 61.200000 -2.258747 2.527691 24.365948 63.552118
 61.400000 -2.810095 3.083431 23.008645 264.672855
 61.600000 -3.001118 2.907127 18.173422 1088.857168
 61.800000 -2.865323 2.633234 21.952284 481.731741
 62.000000 -2.095692 2.793579 23.033383 58.817122
 62.200000 -2.117675 2.477149 23.220854 65.019834
 62.400000 -1.799386 2.469247 24.033517 97.944562
 62.600000 -2.432301 2.549803 25.311231 0.874863
 62.800000 -2.821820 2.899764 22.819390 302.492147
 63.000000 3.062436 2.921005 8.563768 3141.553707
 63.200000 -2.918909 2.809286 20.664128 723.887761
 63.400000 -2.726219 2.754615 24.033070 72.901265
 63.600000 -2.417890 2.659301 25.287430 3.462690
 63.800000 -2.487949 2.869886 25.258882 6.070661
 64.000000 -2.631969 2.729679 24.634164 26.440941
 64.200000 -2.977099 2.835587 18.974852 989.928860
 64.400000 -2.604710 3.074250 24.766225 24.287204
 64.600000 -2.816602 2.591712 22.925777 278.769128
 64.800000 -2.434728 2.622815 25.310675 0.462861
 65.000000 -2.501192 2.799827 25.219648 9.813389
 65.200000 -3.061173 2.881098 16.074406 1446.079457
 65.400000 -3.131556 2.906992 13.145255 2082.125857
 65.600000 -2.932556 3.136796 20.317710 788.721703
 65.800000 -2.597393 2.741106 24.803943 23.855266
 66.000000 -2.343168 2.516122 24.987502 37.229330
 66.200000 -2.598822 2.759060 24.804499 24.246385
 66.400000 -2.815382 2.985095 22.973708 271.318186
 66.600000 -3.060095 2.734060 16.126178 1441.868696
 66.800000 -2.793009 2.881788 23.315898 199.780326
 67.000000 -2.316386 2.714729 24.816280 49.464887
 67.200000 -2.557680 2.569129 25.016215 22.421062
 67.400000 -2.541014 2.952068 25.093247 20.127201
 67.600000 3.037269 2.767389 7.162439 3332.668147
 67.800000 -2.567276 2.858400 24.970332 23.252531
 68.000000 -2.237888 2.564119 24.226337 59.622732
 68.200000 -2.069597 2.654413 22.949428 42.976999
 68.400000 -1.974231 2.496746 22.659376 2.801241
 68.600000 -2.398701 2.614065 25.290639 11.356879
 68.800000 -2.870392 2.774997 21.943789 497.788974
 69.000000 3.004046 3.093392 5.241080 3332.258030
 69.200000 -2.745282 2.796977 23.933309 93.764134
 69.400000 -2.420263 2.588002 25.365358 3.845740
 69.600000 -2.135490 2.689283 23.452396 59.589457
 69.800000 -2.297755 2.575959 24.694460 57.848294
 70.000000 3.056614 2.656970 8.285959 3223.024369
 70.200000 2.908460 -3.074266 0.351701 1785.045457
 70.400000 -3.083970 2.773612 15.239308 1629.022030
 70.600000 -2.514692 2.243767 25.271823 14.592214
 70.800000 -1.708860 2.831145 24.789186 29.083706
 71.000000 -2.208248 2.473467 24.017631 56.863864
 71.200000 -2.999625 2.372618 18.347956 1117.654307
 71.400000 3.031842 3.099753 6.883639 3394.651393
 71.600000 2.959966 3.100054 2.781066 2840.915679
 71.800000 -2.662441 2.625338 24.567774 30.597175
 72.000000 -1.802909 2.490332 24.125832 91.148174
 72.200000 -2.018993 2.351919 22.753934 10.316262
 72.400000 -2.335055 2.795617 25.005956 49.480817
 72.600000 3.000337 2.983549 5.059808 3382.288641
 72.800000 3.009663 2.925671 5.603945 3421.046700
 73.000000 -2.181425 2.689273 23.836699 55.655043
 73.200000 -1.150172 2.107219 25.630635 520.670495
 73.400000 -0.789265 1.605441 13.225099 1709.233392
 73.600000 -1.229516 1.705067 27.010597 150.950442
 73.800000 -1.115113 1.201051 24.748358 751.166105
 74.000000 -1.416571 0.516517 27.602533 37.195932
 74.200000 -1.289582 0.787665 27.543401 38.694787
 74.400000 -1.324646 1.279195 27.707389 9.822520
 74.600000 -1.382936 1.038961 27.730668 6.255535
 74.800000 -1.132403 0.480008 25.191679 635.774643
 75.000000 -1.143819 0.773719 25.470834 560.722118
 75.200000 -1.678477 1.172694 24.936901 25.024899
 75.400000 -0.817545 0.974522 14.374536 1624.068633
 75.600000 -0.338830 0.352264 -0.000000 0.000000
 75.800000 -0.772993 -0.384973 12.540116 1747.123413
 76.000000 -0.455040 -0.573237 0.373862 1106.904795
 76.200000 -0.485266 -0.222990 1.381094 1247.609941
 76.400000 -1.301120 0.652450 27.597127 26.416125
 76.600000 -1.551182 1.507903 26.050898 164.847554
 76.800000 -0.434154 1.350137 -0.018254 7.480346
 77.000000 -1.239788 1.641928 27.106666 123.041455
 77.200000 -0.949462 1.037429 19.261363 1212.326575
 77.400000 -1.714282 0.503603 24.770690 22.051970
 77.600000 -1.068315 0.638465 23.309039 1026.762959
 77.800000 -1.493586 1.211306 26.799370 159.629479
 78.000000 -1.560795 1.317512 25.922713 153.336492
 78.200000 -0.704308 0.291327 9.675121 1663.616749
 78.400000 -0.425034 -0.599896 -0.002364 0.249371
 78.600000 -0.479589 -0.893159 1.158655 1234.664382
 78.800000 -0.548528 0.180888 3.709002 1417.361217
 79.000000 -1.150552 1.386767 25.604477 525.372087
 79.200000 -1.437604 1.270218 27.393788 69.598146
 79.400000 -0.938294 0.562650 18.870949 1211.994774
 79.600000 -1.141582 0.260149 25.390185 585.058347
 79.800000 -0.436186 -0.103806 -0.018515 8.060760
 80.000000 -0.814904 -0.068521 14.276087 1642.319336
 80.200000 -0.507470 0.054429 2.167580 1399.598759
 80.400000 -0.633072 0.107784 6.890904 1427.289412
 80.600000 -1.098980 0.082311 24.241742 864.737762
 80.800000 -0.390067 0.109879 -0.000002 0.000000
 81.000000 -0.531657 -0.042476 3.079750 1434.731816
 81.200000 -1.226297 0.121848 26.932905 158.007198
 81.400000 -0.777912 0.109042 12.759839 1757.651894
 81.600000 -0.761534 0.153281 12.071353 1772.541454
 81.800000 -1.798714 0.405188 24.224586 82.462565
 82.000000 -2.159557 0.585167 23.734701 54.420065
 82.200000 -1.660225 0.619245 25.035818 29.878552
 82.400000 -0.484505 0.576712 1.321641 1334.051415
 82.600000 -1.818019 1.106505 24.040513 101.864255
 82.800000 -1.973913 1.386101 22.776959 2.009517
 83.000000 -1.212851 1.798389 26.750529 201.833080
 83.200000 -0.699572 2.010340 9.519810 1632.558595
 83.400000 -1.060473 2.409335 23.043246 1058.145008
 83.600000 -0.814807 2.350599 14.306099 1646.774181
 83.800000 -0.312115 1.582273 -0.000000 0.000000
 84.000000 -1.166667 1.518689 25.949346 424.025752
 84.200000 -1.353934 0.999112 27.700087 0.140854
 84.400000 -0.884680 0.074805 17.007567 1323.641017
 84.600000 -0.453327 -0.363735 0.199698 1329.193035
 84.800000 -0.267066 -0.448531 -0.000001 0.000000
 85.000000 -1.053293 -0.103810 22.811047 1082.936093
 85.200000 -0.680709 0.096875 8.800057 1549.302233
 85.400000 -0.436668 0.189210 -0.012845 6.270888
 85.600000 -1.188316 0.279701 26.362763 302.740670
 85.800000 -0.802846 0.679603 13.843923 1692.071272
 86.000000 -0.893763 1.440546 17.347747 1287.112390
 86.200000 -0.930417 2.235614 18.649995 1193.054644
 86.400000 -0.524997 2.294476 2.896420 1521.668898
 86.600000 -0.935980 2.245563 18.841801 1185.239130
 86.800000 -0.491124 1.449133 1.583757 1453.281968
 87.000000 -0.615247 1.452425 6.331865 1390.456939
 87.200000 -1.269790 1.372375 27.352187 57.587325
 87.400000 -1.529299 0.656750 26.324326 174.604722
 87.600000 -0.521557 -0.090381 2.781782 1544.325899
 87.800000 -0.167939 -0.513419 -0.002610 0.001991
 88.000000 -0.776466 -0.202577 12.779945 1756.180563
 88.200000 -0.996316 0.087221 20.931112 1151.275290
 88.400000 -0.683807 0.577145 8.996308 1535.898268
 88.600000 -1.612416 1.084155 25.363098 77.337502
 88.800000 -1.039575 1.008999 22.389133 1106.610446
 89.000000 -0.710088 0.738591 10.043615 1640.079498
 89.200000 -1.628322 0.852274 25.233135 57.139347
 89.400000 -1.204692 0.902626 26.633718 222.358476
 89.600000 -0.492911 0.950759 1.685886 1545.284608
 89.800000 -0.936277 1.679869 18.905200 1175.283614
 90.000000 -0.789676 1.895160 13.373452 1725.736006
 90.200000 -0.377837 1.937528 -0.000000 0.000000
 90.400000 -1.099297 2.251228 24.291442 846.163992
 90.600000 -0.780091 2.210507 12.998345 1740.376984
 90.800000 -0.595383 1.939659 5.727975 1415.634265
 91.000000 -1.010067 1.503779 21.425039 1135.232853
 91.200000 -1.672681 1.027977 24.965848 24.404968
 91.400000 -0.996319 0.232738 20.978968 1134.573893
 91.600000 -0.288303 -0.406970 -0.000000 0.000000
 91.800000 -0.512269 -0.446575 2.496354 1645.851213
 92.000000 -1.161220 -0.072764 25.861606 440.395339
 92.200000 -1.506059 0.977386 26.636946 165.079868
 92.400000 -1.037846 1.758255 22.382907 1087.731081
 92.600000 -0.389875 1.962079 -0.000000 0.000000
 92.800000 -0.588819 2.188527 5.559762 1441.114773
 93.000000 -0.718104 1.955572 10.486338 1635.944255
 93.200000 -0.345453 1.641799 -0.000000 0.000000
 93.400000 -1.108713 1.577768 24.586094 775.600886
 93.600000 -1.624233 0.892768 25.273561 63.094556
 93.800000 -1.293297 -0.204479 27.496856 28.894066
 94.000000 -0.464233 -0.595167 0.609989 1489.743064
 94.200000 -0.357613 -0.453546 -0.000000 0.000000
 94.400000 -0.533796 0.143121 3.464549 1686.824803
 94.600000 -1.613673 0.552635 25.366259 77.489539
 94.800000 -1.283372 1.292774 27.440314 38.047890
 95.000000 -0.674772 1.834980 8.854140 1448.078187
 95.200000 -0.634741 2.417632 7.400906 1360.558404
 95.400000 -1.093023 2.465684 24.155644 861.619691
 95.600000 -0.872154 1.592000 16.786647 1364.560043
 95.800000 -0.847604 1.100721 15.859686 1488.327488
 96.000000 -1.505640 0.888592 26.656967 163.318102
 96.200000 -0.958424 0.605414 19.811097 1116.652785
 96.400000 -1.006070 0.288022 21.395849 1098.387441
 96.600000 -1.281099 0.489849 27.429760 39.614135
 96.800000 -1.147250 1.174538 25.589242 516.690399
 97.000000 -1.506176 1.600652 26.657600 163.082824
 97.200000 -1.261726 0.971802 27.298666 63.751248
 97.400000 -1.448057 0.500300 27.308896 75.898870
 97.600000 -0.928716 0.472974 18.836953 1154.749538
 97.800000 -1.838358 1.126874 23.781635 120.849195
 98.000000 -1.687698 1.451099 24.902268 23.699524
 98.200000 -0.747504 1.120651 11.871453 1683.197312
 98.400000 -1.643717 1.090314 25.153511 46.463444
 98.600000 -1.938275 0.643004 22.846831 27.953120
 98.800000 -1.706507 0.412762 24.812225 23.659375
 99.000000 -0.599618 0.427688 6.231659 1420.393927
 99.200000 -1.615729 0.912487 25.379592 79.724513
 99.400000 -1.960290 1.344635 22.753949 7.152166
 99.600000 -1.525641 1.404542 26.436993 174.837241
 99.800000 -0.929730 0.857064 18.923329 1145.867777
 100.000000 -1.877662 0.787334 23.342003 110.073475
 100.200000 -1.202519 0.824723 26.952982 218.529191
 100.400000 -0.997915 1.230903 21.493666 1077.901778
 100.600000 -1.056535 1.685128 23.394196 998.478577
 100.800000 -0.792680 1.082906 14.074304 1701.190047
 101.000000 -1.188712 0.889129 26.735773 278.692137
 101.200000 -1.747186 0.892023 24.879807 40.899899
 101.400000 -1.084006 0.810582 24.255434 885.668591
 101.600000 -1.181571 1.167294 26.622155 312.728633
 101.800000 -1.438957 1.331781 27.712197 59.966909
 102.000000 -0.915114 0.638037 18.765870 1182.594480
 102.200000 -0.920443 0.052774 18.978267 1165.965659
 102.400000 -0.514840 -0.389500 3.168625 1957.631968
 102.600000 -0.321779 -0.369731 -0.000000 0.000000
 102.800000 -0.692970 -0.337954 10.102859 1438.393233
 103.000000 -1.082835 -0.040386 24.236780 885.479256
 103.200000 -0.288042 0.006584 -0.000000 0.000000
 103.400000 -0.700504 -0.364587 10.415693 1463.104214
 103.600000 -0.828722 -0.587351 15.615684 1604.082603
 103.800000 -0.433786 -0.098453 -0.019754 12.895729
 104.000000 -0.654732 0.376547 8.717007 1317.512349
 104.200000 -1.845794 0.863520 23.960271 129.217885
 104.400000 -2.402171 1.091133 25.542283 17.035606
 104.600000 -1.403385 1.374251 27.952922 16.308958
 104.800000 -1.149073 1.282896 26.006544 489.654888
 105.000000 -1.148058 1.555809 25.984013 495.822291
 105.200000 -1.266197 1.345430 27.689405 56.620956
 105.400000 -1.247703 1.021647 27.534161 86.525958
 105.600000 -1.869870 0.800047 23.684828 122.264881
 105.800000 -1.497688 0.651847 27.145018 155.162198
 106.000000 -0.863435 0.897130 17.026662 1438.739962
 106.200000 -1.337884 1.400508 28.029585 3.545658
 106.400000 -0.751447 1.054668 12.508993 1672.382306
 106.600000 -1.558973 0.459632 26.355013 163.450918
 106.800000 -1.156701 0.147795 26.196313 438.289327
 107.000000 -0.719104 0.859932 11.212850 1531.782731
 107.200000 -1.286690 1.791672 27.848298 33.493473
 107.400000 -1.949339 2.296065 23.019308 18.326779
 107.600000 -2.890721 3.028077 21.714223 550.041723
 107.800000 -2.754675 -3.119718 23.992075 122.874711
 108.000000 -2.408901 2.516258 25.511693 13.310105
 108.200000 -1.820841 2.358990 24.230568 120.473761
 108.400000 -1.892934 2.498128 23.428960 99.005941
 108.600000 -2.229083 2.799334 24.282401 46.116616
 108.800000 -3.096115 2.793485 14.796577 1723.318855
 109.000000 3.011285 3.024192 5.870630 3699.374874
 109.200000 -2.386872 2.747865 25.380511 25.783001
 109.400000 -1.785851 2.277469 24.583708 84.429995
 109.600000 -0.812912 1.891646 15.120989 1701.496762
 109.800000 -0.864643 1.331078 17.184604 1458.079407
 110.000000 -0.953727 1.202175 20.316707 1078.298830
 110.200000 -2.021489 0.984708 22.991191 11.897242
 110.400000 -1.534698 0.494817 26.719759 178.423846
 110.600000 -0.847713 0.647718 16.550897 1557.818829
 110.800000 -0.557473 0.557283 5.223873 1810.910032
 111.000000 -1.596431 0.981332 25.952677 116.551473
 111.200000 -1.319012 1.217251 28.045998 11.170925
 111.400000 -1.131757 1.179357 25.696047 574.042917
 111.600000 -1.749506 1.123741 24.877405 49.972347
 111.800000 -1.338256 0.875382 28.096082 3.434181
 112.000000 -0.700985 0.655702 10.632666 1412.732865
 112.200000 -1.322419 0.894053 28.069314 9.550930
 112.400000 -1.584756 1.105921 26.106512 134.831121
 112.600000 -0.998016 1.261368 21.821234 1002.697812
 112.800000 -1.464024 1.287211 27.610703 102.085637
 113.000000 -1.126003 0.750441 25.567746 603.927240
 113.200000 -1.364545 0.759447 28.143357 0.118564
 113.400000 -1.424412 1.274669 27.951474 38.753391
 113.600000 -1.053624 1.103728 23.569332 910.405094
 113.800000 -1.467648 0.743297 27.589335 107.818939
 114.000000 -1.345636 0.943840 28.134482 1.591821
 114.200000 -1.200560 1.146356 27.074705 223.078785
 114.400000 -1.616935 1.195152 25.797863 91.461915
 114.600000 -1.340143 0.882682 28.145408 2.978876
 114.800000 -1.460318 0.908954 27.684256 94.889792
 115.000000 -1.512549 1.100474 27.075722 170.166701
 115.200000 -1.434033 1.102745 27.933750 51.802741
 115.400000 -0.993412 0.479273 21.748719 997.109625
 115.600000 -0.984647 0.147175 21.471128 1009.001491
 115.800000 -0.442547 -0.043172 0.029709 908.608203
 116.000000 -0.685412 -0.170011 10.145879 1323.836374
 116.200000 -0.797703 -0.102513 14.631057 1753.111772
 116.400000 -0.464191 0.054512 0.992304 2088.511031
 116.600000 -0.987087 0.137308 21.573179 1002.851271
 116.800000 -1.445818 0.937088 27.869598 70.235597
 117.000000 -1.532168 1.637468 26.863909 182.499500
 117.200000 -1.663115 1.411508 25.451430 51.261327
 117.400000 -1.281759 1.038861 27.975601 41.906372
 117.600000 -1.394381 0.651803 28.192217 9.226906
 117.800000 -1.220569 1.043225 27.404132 157.823016
 118.000000 -1.514555 1.407186 27.126566 176.508676
 118.200000 -1.375517 1.094659 28.263579 1.344089
 118.400000 -1.298227 0.638675 28.098321 27.187183
 118.600000 -1.044564 0.664903 23.402336 912.579147
 118.800000 -1.525599 1.077184 27.006201 186.064791
 119.000000 -1.142170 1.060885 26.049946 508.102701
 119.200000 -1.369531 0.935205 28.303226 0.302646
 119.400000 -1.295734 0.722680 28.114773 30.045984
 119.600000 -1.352440 1.092788 28.299467 0.941189
 119.800000 -1.337845 1.219857 28.276378 4.762819
 120.000000 -1.472010 1.117034 27.713938 118.390581
 120.200000 -1.396086 0.753738 28.292908 9.677892
 120.400000 -1.378572 0.934586 28.331797 1.821737
 120.600000 -1.559265 1.072947 26.601899 187.420868
 120.800000 -1.060003 0.885289 23.911047 872.211414
 121.000000 -1.548024 0.956184 26.757305 194.036587
 121.200000 -1.500450 0.850429 27.449268 170.705921
 121.400000 -1.143520 1.215379 26.149472 502.327557
 121.600000 -1.483788 1.213453 27.658261 143.147410
 121.800000 -1.457732 0.942057 27.941310 93.345523
 122.000000 -1.168595 0.627178 26.672717 371.966133
 122.200000 -1.341887 0.979655 28.401248 4.542120
 122.400000 -1.358958 1.042962 28.425159 0.423310
 122.600000 -0.954189 0.647156 20.670083 1069.663239
 122.800000 -1.302016 0.603294 28.252533 28.007425
 123.000000 -1.299777 1.102032 28.240489 29.891755
 123.200000 -1.106866 1.132243 25.305760 693.285274
 123.400000 -1.458238 0.785070 28.035432 97.369061
 123.600000 -1.366718 0.759777 28.478701 0.000421
 123.800000 -1.078798 1.342470 24.534642 811.622344
 124.000000 -1.163742 1.728852 26.632441 399.366038
 124.200000 -0.773780 1.517810 13.763674 1749.139601
 124.400000 -0.920121 1.623030 19.570081 1210.812303
 124.600000 -1.027609 1.655350 23.041282 939.998238
 124.800000 -0.678357 1.227329 10.048675 1284.813109
 125.000000 -0.954870 1.027246 20.742046 1075.625102
 125.200000 -1.799620 0.733595 24.362652 113.062267
 125.400000 -2.031759 0.745118 22.882410 12.175047
 125.600000 -1.279737 0.893743 28.241655 56.644043
 125.800000 -0.537121 1.022586 4.549723 2196.308977
 126.000000 -0.784746 1.896631 14.240921 1774.807116
 126.200000 -0.795535 2.780589 14.713296 1786.145728
 126.400000 -0.822668 2.215161 15.855863 1745.441324
 126.600000 -0.495031 1.244125 2.507909 2456.841754
 126.800000 -1.531170 1.165605 27.218781 232.528400
 127.000000 -1.666399 0.540212 25.489336 75.778565
 127.200000 -0.956081 0.659126 20.863911 1081.595414
 127.400000 -1.616338 1.050468 26.018979 149.617526
 127.600000 -1.641144 1.232378 25.738008 108.928356
 127.800000 -1.169208 0.858974 26.861698 379.910502
 128.000000 -1.411931 0.654489 28.591146 23.004458
 128.200000 -1.618812 1.187966 26.008039 150.484428
 128.400000 -1.100266 1.398429 25.274783 723.674737
 128.600000 -1.166676 1.268063 26.841679 394.132079
 128.800000 -1.441809 0.663238 28.442778 72.329220
 129.000000 -1.303162 0.782352 28.527394 36.316354
 129.200000 -1.224623 1.283742 27.828084 172.905151
 129.400000 -1.297464 1.390033 28.534948 43.475094
 129.600000 -1.550187 1.000415 27.030381 254.728278
 129.800000 -1.200107 0.462750 27.472702 252.324681
 130.000000 -0.513014 0.234022 3.415056 2442.546343
 130.200000 -0.746581 -0.087364 12.748864 1648.569560
 130.400000 -0.461181 -0.760646 0.867023 2218.753894
 130.600000 -0.461511 -0.479502 0.882576 2223.185955
 130.800000 -0.685125 0.166549 10.390052 1318.392752
 131.000000 -1.153059 0.843119 26.627835 464.436196
 131.200000 -1.832742 1.400514 23.933484 138.090330
 131.400000 -1.461308 1.201333 28.407240 121.903999
 131.600000 -0.813273 0.742717 15.568269 1788.623400
 131.800000 -1.570964 0.761379 26.764762 253.846343
 132.000000 -1.250781 0.952687 28.218749 115.094196
 132.200000 -0.537030 0.880150 4.607888 2254.080700
 132.400000 -1.168545 1.560955 27.016121 392.400744
 132.600000 -1.498885 1.623435 27.965369 220.051944
 132.800000 -1.378379 0.691244 28.942018 0.418014
 133.000000 -0.788519 0.256063 14.539110 1801.481730
 133.200000 -0.342726 -0.298022 -0.000000 0.000000
 133.400000 -0.453329 -0.922915 0.511562 2204.893790
 133.600000 -0.619479 0.058640 8.079989 1373.282831
 133.800000 -0.756425 0.535424 13.212993 1706.701446
 134.000000 -1.710761 1.091615 25.141549 75.425426
 134.200000 -1.545467 1.166656 27.294842 289.642410
 134.400000 -0.884631 0.934551 18.527886 1442.423483
 134.600000 -1.830985 1.016176 23.923059 141.241746
 134.800000 -1.399587 1.116865 29.002065 9.919749
 135.000000 -1.109606 0.967950 25.712952 691.785649
 135.200000 -1.386423 1.030249 29.080262 2.146223
 135.400000 -1.692125 0.984009 25.321167 88.132070
 135.600000 -0.854367 0.750682 17.366227 1627.168598
 135.800000 -1.961154 1.168274 22.724691 12.142427
 136.000000 -1.612078 1.160246 26.250208 207.709347
 136.200000 -1.117376 0.780669 25.979205 658.821851
 136.400000 -1.411504 0.447139 29.052486 21.805038
 136.600000 -1.745223 0.555425 24.840838 88.994144
 136.800000 -1.097051 0.821540 25.438696 754.118780
 137.000000 -0.623981 1.123712 8.298247 1356.502287
 137.200000 -0.665742 2.067064 9.819714 1285.968266
 137.400000 -0.820549 2.452443 16.013280 1780.673969
 137.600000 -0.755634 2.196759 13.267117 1713.127842
 137.800000 -0.531351 1.652149 4.397131 2348.393629
 138.000000 -0.671001 1.392212 10.008630 1295.283487
 138.200000 -1.390991 1.439122 29.212496 3.555782
 138.400000 -1.735533 0.749985 24.942156 90.781944
 138.600000 -1.022604 0.354651 23.287549 974.356411
 138.800000 -1.049200 0.251506 24.107146 921.843280
 139.000000 -0.654212 0.051613 9.429735 1281.690351
 139.200000 -1.058398 0.401868 24.414183 900.313373
 139.400000 -1.449552 0.972994 28.915632 98.103440
 139.600000 -1.826879 1.387558 23.942556 150.913983
 139.800000 -1.502789 1.272563 28.214869 253.364546
 140.000000 -0.909817 0.652630 19.579245 1298.359278
 140.200000 -1.825091 0.583110 23.959741 153.212274
 140.400000 -1.816463 0.701456 24.065964 149.666476
 140.600000 -1.617000 1.199852 26.309297 223.974694
 140.800000 -0.476058 1.270358 1.662142 2496.338894
 141.000000 -0.814293 1.809945 15.823069 1793.259172
 141.200000 -0.468181 2.381091 1.280313 2419.947720
 141.400000 -0.771730 2.108793 14.041909 1774.138322
 141.600000 -0.782689 1.878469 14.505339 1800.202958
 141.800000 -0.496721 1.576625 2.718739 2599.163670
 142.000000 -1.095785 1.944211 25.559093 768.648692
 142.200000 -2.131166 2.184260 23.037897 23.119305
 142.400000 2.948580 3.022617 1.284030 3237.854251
 142.600000 2.984620 -2.344367 3.424953 3717.452466
 142.800000 -2.941525 2.985720 19.532749 846.111469
 143.000000 -2.167929 1.964281 23.215221 23.886104
 143.200000 -1.622248 1.926286 26.306373 226.212607
 143.400000 -0.457220 1.573395 0.771953 2289.400985
 143.600000 -0.765751 2.143811 13.843720 1753.797762
 143.800000 -0.596293 2.257382 7.386175 1594.463772
 144.000000 -1.090528 1.953261 25.471229 794.929183
 144.200000 -0.987569 1.297693 22.332971 1046.523053
 144.400000 -1.558396 0.754996 27.424301 338.659956
 144.600000 -1.371554 0.847103 29.464755 0.757848
 144.800000 -1.580643 1.389993 27.020339 316.524601
 145.000000 -1.558896 1.279878 27.415103 338.460930
 145.200000 -1.070036 0.493448 24.933846 878.156132
 145.400000 -0.759443 -0.007070 13.632536 1728.870330
 145.600000 -0.502231 -0.388549 3.066238 2631.893356
 145.800000 -0.490996 -0.280724 2.489152 2635.530020
 146.000000 -1.144442 0.251710 26.917154 526.407419
 146.200000 -1.383525 1.016552 29.540907 0.206729
 146.400000 -0.997802 1.460714 22.713076 1034.539902
 146.600000 -0.589693 1.404204 7.189449 1672.324519
 146.800000 -0.570583 1.911378 6.382039 1905.963777
 147.000000 -0.539308 2.336007 4.943672 2325.201829
 147.200000 -1.069856 2.324465 24.985025 883.701243
 147.400000 -1.781257 1.484898 24.486952 144.350959
 147.600000 -1.075330 0.352348 25.146845 864.054434
 147.800000 -0.503084 -0.396078 3.148645 2649.823536
 148.000000 -0.478770 -0.708795 1.897753 2599.653770
 148.200000 -0.561492 -0.382465 6.028939 2035.500634
 148.400000 -0.610455 0.103026 8.063898 1477.320320
 148.600000 -0.482966 -0.052162 2.131985 2640.201307
 148.800000 -0.756046 -0.315852 13.571593 1714.634906
 149.000000 -0.309857 -0.652328 -0.000000 0.000000
 149.200000 -0.770973 -0.120826 14.221768 1767.951183
 149.400000 -0.844022 0.245888 17.292000 1664.482544
 149.600000 -1.232972 0.819025 28.615241 169.800502
 149.800000 -1.216041 1.207200 28.380735 216.101704
 150.000000 -0.546199 1.095540 5.351087 2251.156660
 150.200000 -1.554726 1.428736 27.690548 364.530760
 150.400000 -1.814326 1.013527 24.058663 176.043231
 150.600000 -1.400568 0.472754 29.656985 6.519604
 150.800000 -0.308643 0.079632 -0.000000 0.000000
 151.000000 -0.251957 -0.471675 -0.000001 0.000000
 151.200000 -0.552751 -0.470266 5.720321 2168.852100
 151.400000 -0.400637 -0.024139 -0.000001 0.000000
 151.600000 0.969965 0.058032 -0.000000 0.000000
