#! FIELDS time phi psi ves.bias ves.force2
#! SET min_phi -pi
#! SET max_phi pi
#! SET min_psi -pi
#! SET max_psi pi
 0.000000 -1.498385 0.273949 27.215882 148.921278
 0.200000 -0.432207 -0.426718 1.307913 129.570135
 0.400000 -0.435327 -0.407553 1.343680 133.286721
 0.600000 -0.800711 0.007195 12.042865 1999.333532
 0.800000 -1.078155 0.576633 22.966258 1016.793653
 1.000000 -1.321280 0.991153 27.837379 37.676956
 1.200000 -0.953266 1.101288 18.696645 1469.899828
 1.400000 -1.196451 0.981031 26.285794 404.767289
 1.600000 -1.663975 0.920585 24.540508 227.616077
 1.800000 -0.823429 0.832114 13.406659 1845.233829
 2.000000 -1.284971 0.994209 27.600567 92.746444
 2.200000 -1.285314 0.907316 27.719175 88.217698
 2.400000 -1.099637 0.724597 23.905374 895.347796
 2.600000 -0.777589 0.522077 11.473342 1992.037073
 2.800000 -1.531199 0.778450 26.726075 196.464743
 3.000000 -1.262770 1.130712 27.474841 150.960954
 3.200000 -0.705469 1.001172 8.340246 1760.669055
 3.400000 -1.292776 1.246386 27.892579 83.948662
 3.600000 -1.380489 0.664413 28.245324 1.082509
 3.800000 -0.354327 -0.089142 0.432687 93.522926
 4.000000 -0.455529 -0.852121 1.611431 201.875153
 4.200000 -1.017033 -0.203851 21.379631 1221.462483
 4.400000 -0.884443 0.646627 16.300476 1749.140291
 4.600000 -1.788177 1.707121 23.043072 80.776350
 4.800000 -2.167311 2.455699 23.668348 49.029804
 5.000000 -2.531738 -2.877113 25.689174 6.366670
 5.200000 3.114889 2.693543 9.566371 2943.305734
 5.400000 -1.981938 2.538998 22.623364 12.594215
 5.600000 -1.588432 2.353973 26.049275 350.550288
 5.800000 -2.188178 2.330004 23.824519 61.318112
 6.000000 -2.939477 2.849271 19.849602 957.542437
 6.200000 -3.084364 3.079880 13.996830 2509.820713
 6.400000 -2.919576 2.632690 20.443443 847.941076
 6.600000 -2.184632 2.673213 23.827432 62.759134
 6.800000 -1.837334 2.529229 22.695994 26.519269
 7.000000 -1.926695 2.518954 22.508174 0.500060
 7.200000 -2.176836 2.469569 23.809957 66.084184
 7.400000 -2.247483 2.938706 24.409230 74.971863
 7.600000 -2.813042 2.610742 23.038664 387.605171
 7.800000 3.009737 2.710454 4.491416 1534.011160
 8.000000 3.055247 2.914174 6.480984 2288.562036
 8.200000 3.038641 2.518315 5.749939 2059.537921
 8.400000 -3.015295 2.783724 17.148369 1656.100042
 8.600000 -2.997091 2.991679 17.866655 1461.818505
 8.800000 -3.022983 2.543281 16.831432 1743.114609
 9.000000 -2.567424 2.823977 25.515137 9.893426
 9.200000 -2.795881 2.782335 23.360957 317.736474
 9.400000 3.007111 2.848115 4.456539 1597.436881
 9.600000 -2.976299 3.078655 18.686176 1240.369923
 9.800000 -3.004765 2.407828 17.631553 1515.138837
 10.000000 -2.259030 2.706375 24.639524 58.845045
 10.200000 -2.760360 2.719517 23.969438 220.049128
 10.400000 3.097756 2.748887 8.885138 2821.198731
 10.600000 -3.113293 2.942002 12.726008 2682.662475
 10.800000 -3.060631 2.908227 15.316513 2131.516028
 11.000000 -2.682050 2.646390 24.900524 83.037407
 11.200000 -2.344076 2.861491 25.199537 23.324086
 11.400000 -2.628348 2.631907 25.338203 34.035196
 11.600000 -2.918242 2.790317 20.650891 812.652039
 11.800000 -3.019622 2.899425 17.176529 1644.048595
 12.000000 3.090123 2.964074 8.597186 2789.148397
 12.200000 -2.491800 2.737599 25.693838 1.200913
 12.400000 -2.577922 2.593911 25.619082 9.391850
 12.600000 -2.820876 2.726591 23.019352 376.769067
 12.800000 3.033667 2.878127 5.852113 2215.626624
 13.000000 -3.120919 2.641663 12.544497 2690.104936
 13.200000 -2.636082 3.088548 25.405428 46.215182
 13.400000 -3.055510 2.576840 15.821452 1998.289203
 13.600000 3.070800 2.859745 7.804020 2705.006639
 13.800000 -2.998365 3.024799 18.168293 1400.770976
 14.000000 -2.848488 2.701804 22.507197 460.766393
 14.200000 -1.988019 2.654659 22.555726 8.590219
 14.400000 -1.669074 2.426634 24.388668 290.434922
 14.600000 -2.082700 1.752102 23.107617 71.388693
 14.800000 -1.565932 2.415601 26.364365 372.192638
 15.000000 -2.129224 2.711787 23.537442 95.893962
 15.200000 -3.071359 2.725554 15.342479 2173.539907
 15.400000 -2.948490 3.092177 20.082948 938.826117
 15.600000 -2.764064 2.888543 24.081364 218.371704
 15.800000 -2.788295 2.438534 23.706099 262.970305
 16.000000 -2.363500 3.062721 25.337026 26.450234
 16.200000 -2.613662 2.743366 25.721382 34.293991
 16.400000 -2.504395 2.666884 25.926741 3.083394
 16.600000 -2.569006 2.757680 25.908728 6.381993
 16.800000 -2.318837 2.921886 25.094560 35.563463
 17.000000 -2.769009 2.318423 24.054429 224.864331
 17.200000 -2.557568 2.857883 26.023962 2.797649
 17.400000 -2.710287 2.868127 24.902842 147.387767
 17.600000 3.117299 2.555529 10.662730 2943.576058
 17.800000 -2.468552 -3.060802 25.903495 14.414392
 18.000000 -2.209057 2.706545 24.277403 82.027642
 18.200000 -1.620891 2.014618 25.182751 367.546375
 18.400000 -1.760052 1.235587 23.136229 78.963346
 18.600000 -0.659825 0.478258 6.351817 1332.227992
 18.800000 -1.690751 0.668860 23.964819 225.743303
 19.000000 -1.531482 1.268951 26.864080 285.624687
 19.200000 -0.966000 1.126859 19.278960 1471.617860
 19.400000 -1.162959 0.943517 25.467903 562.826819
 19.600000 -1.972619 0.857806 22.534737 3.427186
 19.800000 -1.769010 0.534331 23.074469 67.613414
 20.000000 -0.303407 0.147703 -0.013598 0.091408
 20.200000 -0.755681 -0.334939 10.182815 1907.121774
 20.400000 -0.776382 -0.446458 11.095519 1976.151717
 20.600000 -0.738784 -0.203007 9.452007 1831.453526
 20.800000 -0.949424 0.516902 18.606277 1560.759478
 21.000000 -1.848741 1.212690 22.643759 10.926896
 21.200000 -1.132478 1.573230 24.629235 684.245162
 21.400000 -0.598342 1.582380 4.240500 935.925553
 21.600000 -0.882833 2.121550 15.815553 1881.212504
 21.800000 -0.776184 2.312742 11.072689 1955.791699
 22.000000 -0.711044 2.139518 8.290000 1661.701999
 22.200000 -0.594631 1.778560 4.145822 928.563188
 22.400000 -0.592581 1.594355 4.083564 916.384399
 22.600000 -0.631908 1.396232 5.348584 1157.901039
 22.800000 -1.283702 1.543672 27.527177 141.207804
 23.000000 -1.016982 0.810136 21.081740 1205.113874
 23.200000 -1.120472 0.012990 24.247613 724.854748
 23.400000 -0.666237 -0.573443 6.610171 1374.996075
 23.600000 -0.309840 -0.661119 -0.007842 0.027214
 23.800000 -0.657346 0.242441 6.283726 1320.933588
 24.000000 -1.681502 1.333108 24.158701 230.552647
 24.200000 -1.637212 1.874782 24.890900 304.045032
 24.400000 -1.939963 2.876271 22.532185 0.035284
 24.600000 -2.729793 2.923724 24.965426 185.670914
 24.800000 -3.115241 2.858568 13.601587 2625.255328
 25.000000 2.963833 2.845354 3.162696 1617.632403
 25.200000 -3.064034 2.842339 16.119554 2117.980169
 25.400000 -2.278509 2.980151 24.758393 75.125865
 25.600000 -1.944444 2.359452 22.536538 0.055398
 25.800000 -1.571907 2.053769 26.054240 311.361063
 26.000000 -1.914235 2.141194 22.546436 0.774984
 26.200000 -1.950303 2.832869 22.549275 0.160307
 26.400000 -3.087871 2.763252 15.012334 2349.747940
 26.600000 3.006601 2.939664 5.087356 2389.898050
 26.800000 -2.820199 -3.062780 23.603483 305.747077
 27.000000 -2.315222 2.366129 25.058244 68.984075
 27.200000 -1.615607 1.714315 25.272797 297.903620
 27.400000 -0.813349 0.978016 12.827857 1870.024738
 27.600000 -1.509611 0.776345 27.026602 202.451502
 27.800000 -1.275326 1.005529 27.323412 173.602250
 28.000000 -1.122207 1.031785 24.197206 706.584993
 28.200000 -1.256899 0.933532 27.051633 232.716359
 28.400000 -0.861026 0.468185 14.888901 1823.495814
 28.600000 -0.767484 0.093861 10.879155 1784.701096
 28.800000 -0.586758 -0.358448 4.054065 1003.354278
 29.000000 -0.667733 -0.533431 6.870815 1412.214097
 29.200000 -0.893404 -0.111860 16.266627 1727.032215
 29.400000 -1.224603 0.440348 26.500914 346.602035
 29.600000 -1.121145 0.945036 24.136540 710.515383
 29.800000 -1.299021 1.563603 27.597233 109.351677
 30.000000 -0.571160 1.575516 3.584802 938.863632
 30.200000 -1.212033 1.938576 26.266171 394.751622
 30.400000 -1.984847 2.105130 22.655705 2.950770
 30.600000 -2.516172 2.732294 26.433640 9.025589
 30.800000 2.853611 2.996397 -0.016829 18.498571
 31.000000 2.994545 2.907111 4.544551 2329.913304
 31.200000 -2.589050 2.680680 26.414002 15.366822
 31.400000 -2.737405 2.857956 24.915768 202.285429
 31.600000 -2.900126 -3.120150 21.992358 596.769494
 31.800000 -2.810712 2.792094 23.787325 282.164421
 32.000000 -2.059468 2.359201 22.899775 21.593864
 32.200000 -1.840150 2.478046 22.782543 15.145970
 32.400000 -2.306647 2.551280 24.931343 78.673340
 32.600000 -3.053775 3.096415 16.675223 1984.964417
 32.800000 3.093286 -3.051046 9.803366 2963.563938
 33.000000 -3.012362 2.637964 18.419427 1564.543103
 33.200000 -1.943818 2.768235 22.646677 0.245809
 33.400000 -1.777878 2.449179 23.158984 65.366807
 33.600000 -2.403861 2.288174 25.738445 60.829271
 33.800000 -2.801966 2.920912 23.951128 272.136033
 34.000000 2.929541 3.140420 1.791471 1274.137356
 34.200000 -2.498125 2.687520 26.355857 20.627728
 34.400000 -1.619370 1.935638 25.197485 250.165666
 34.600000 -0.574206 1.258315 3.758678 1048.215151
 34.800000 -1.812021 1.392372 22.942416 32.202646
 35.000000 -1.606086 0.901795 25.408553 254.308004
 35.200000 -0.455271 0.146549 0.611104 369.078400
 35.400000 0.092167 -0.831727 -0.000000 0.000000
