#! FIELDS time phi psi ves.bias ves.force2
#! SET min_phi -pi
#! SET max_phi pi
#! SET min_psi -pi
#! SET max_psi pi
 0.000000 -1.498385 0.273949 25.037724 141.910265
 0.200000 -1.486160 0.696986 25.179733 127.940678
 0.400000 -0.928185 1.407952 16.326959 1539.202680
 0.600000 -0.561747 1.974923 0.914201 1568.823237
 0.800000 -0.856516 2.468920 13.477908 1574.097600
 1.000000 -0.831075 2.095628 12.472674 1549.418937
 1.200000 -0.482463 1.731752 -0.000000 0.000000
 1.400000 -1.019066 1.375547 19.540723 1065.438551
 1.600000 -1.507718 0.538982 25.159724 130.331036
 1.800000 -1.763860 -0.026203 21.318538 71.603364
 2.000000 -1.651315 0.370013 22.935793 318.627924
 2.200000 -1.530911 1.167387 24.954122 149.158617
 2.400000 -0.637215 1.430045 4.709981 2443.846708
 2.600000 -0.610689 1.765084 3.401621 2390.407475
 2.800000 -0.504416 2.128697 -0.000086 0.000479
 3.000000 -0.505576 2.130457 -0.000115 0.000879
 3.200000 -0.704730 1.835131 8.105217 1844.275470
 3.400000 -1.125601 1.610925 22.592425 571.319265
 3.600000 -1.044927 0.924621 20.421666 917.479737
 3.800000 -1.874949 0.734042 21.108267 1.444166
 4.000000 -1.297434 0.805933 25.649769 91.551643
 4.200000 -1.306656 1.504622 25.704474 73.016368
 4.400000 -0.868868 1.817174 14.247875 1275.369420
 4.600000 -0.506000 1.982338 -0.000416 0.012965
 4.800000 -0.435165 1.892854 -0.000000 0.000000
 5.000000 -1.670114 2.065645 22.929174 284.212886
 5.200000 -2.338160 2.082027 23.437489 31.607008
 5.400000 -2.276284 3.128935 23.053543 47.085742
 5.600000 -3.090309 2.870317 12.641493 1767.546709
 5.800000 3.004815 2.619048 2.759167 2736.729124
 6.000000 -1.844885 2.847185 21.097671 4.083709
 6.200000 -1.999480 2.490703 21.327845 11.049436
 6.400000 -1.953807 2.116611 21.189353 7.506965
 6.600000 -1.802857 2.387956 21.263502 40.734128
 6.800000 -2.126594 2.814183 21.945330 46.000425
 7.000000 3.033864 2.696997 4.323535 3153.561959
 7.200000 2.959868 -3.069068 0.623908 1681.245861
 7.400000 -2.985323 2.871657 16.481437 1170.049027
 7.600000 -2.460523 2.679634 23.974428 14.130920
 7.800000 -1.990216 2.700478 21.313492 10.085351
 8.000000 -1.871182 2.466526 21.125174 0.566289
 8.200000 -2.422969 2.420156 23.796427 23.387134
 8.400000 -3.045280 3.015420 14.356614 1359.567595
 8.600000 3.060174 2.999496 5.804493 3293.707404
 8.800000 -3.020116 2.648531 15.262272 1241.203484
 9.000000 -2.585671 2.670039 24.072642 8.193870
 9.200000 -2.534945 2.841485 24.152439 0.284357
 9.400000 -2.678614 2.668326 23.548583 78.730305
 9.600000 3.089011 2.643224 7.491579 3141.240526
 9.800000 -2.025699 -3.012561 21.486489 20.952866
 10.000000 -1.721361 2.121317 22.209112 158.441713
 10.200000 -1.356094 0.734256 25.846252 10.057688
 10.400000 -0.569135 -0.314957 1.894666 2210.922491
 10.600000 0.180576 -0.739119 -0.000000 0.000000
