#! FIELDS time phi psi ves.bias ves.force2
#! SET min_phi -pi
#! SET max_phi pi
#! SET min_psi -pi
#! SET max_psi pi
 0.000000 -1.498385 0.273949 27.215882 148.921278
 0.200000 -1.006365 0.895532 20.518920 1303.759331
 0.400000 -1.603524 1.451195 25.621342 279.956029
 0.600000 -1.632057 1.221408 25.146659 270.025966
 0.800000 -0.975340 0.466422 19.373346 1424.228942
 1.000000 -0.884379 -0.283358 15.721225 1806.427511
 1.200000 -0.587254 -0.541570 4.005096 707.466421
 1.400000 -0.747858 0.063880 9.796617 1901.660357
 1.600000 -1.430058 1.268394 27.895357 19.234447
 1.800000 -1.369547 1.774326 28.008388 0.668929
 2.000000 -1.068090 1.729375 22.816740 1001.513628
 2.200000 -0.793960 1.372591 11.906956 2030.994845
 2.400000 -1.239328 0.996920 26.979122 255.878092
 2.600000 -1.291152 0.567001 27.657309 103.738014
 2.800000 -1.241020 0.764208 27.006020 249.869757
 3.000000 -1.116829 1.162661 24.249064 774.827566
 3.200000 -1.576684 1.363920 26.732115 239.825250
 3.400000 -1.080927 0.905682 23.271681 952.134539
 3.600000 -1.391158 0.748016 28.218535 0.504911
 3.800000 -1.041473 0.914713 22.010981 1090.942199
 4.000000 -0.807272 1.079868 12.597745 2089.442288
 4.200000 -0.828549 1.449823 13.594260 2075.230889
 4.400000 -1.939333 1.759889 22.528780 7.045959
 4.600000 -2.229074 2.552905 24.149986 83.550238
 4.800000 -2.581894 -3.052266 25.542134 13.860635
 5.000000 3.014268 2.713016 4.726516 1599.029848
 5.200000 -2.694108 2.670981 24.820296 91.460902
 5.400000 -1.888734 2.915399 22.441096 0.779445
 5.600000 -2.144041 2.164078 23.485272 46.494630
 5.800000 -1.559732 2.559716 27.071308 231.179281
 6.000000 -2.581769 2.451309 25.509931 13.031640
 6.200000 2.962140 3.051872 2.900780 796.767913
 6.400000 -3.045286 3.064552 15.872455 2020.098284
 6.600000 -3.140116 2.422436 11.084764 2931.286786
 6.800000 3.130791 2.982051 10.418886 2945.468440
 7.000000 -2.891867 -2.896420 21.212751 696.934864
 7.200000 -2.996239 2.545613 17.948697 1394.193605
 7.400000 -1.995976 2.485371 22.736798 20.894081
 7.600000 -1.651614 2.560231 25.414463 396.291704
 7.800000 -2.478075 2.290271 25.677358 0.070869
 8.000000 3.042250 3.040557 5.940504 2128.788759
 8.200000 2.963649 -2.833033 2.965965 890.253348
 8.400000 -2.944267 2.331062 19.746014 927.134206
 8.600000 -1.841995 2.300212 22.582226 30.304052
 8.800000 -1.294000 2.450552 28.107374 96.578473
 9.000000 -1.666041 2.422289 25.148379 398.846800
 9.200000 -2.411328 2.428136 25.580929 8.093047
 9.400000 -2.812775 3.014069 22.996109 384.451291
 9.600000 -2.836571 3.068508 22.508673 455.873497
 9.800000 3.016223 2.486954 4.935029 1782.959450
 10.000000 -2.368631 3.069721 25.407922 27.769660
 10.200000 -2.600863 2.552192 25.406300 19.208233
 10.400000 -2.602172 2.443148 25.400525 19.725168
 10.600000 -2.421650 -3.116070 25.619271 5.628756
 10.800000 -2.721591 2.844066 24.444519 151.497976
 11.000000 -3.028651 2.522956 16.815914 1682.088272
 11.200000 -3.122016 2.967830 12.487878 2719.244484
 11.400000 3.066458 2.990268 7.467853 2597.149826
 11.600000 -2.634001 2.584820 25.301886 41.332509
 11.800000 -1.735144 2.758737 23.835275 307.563359
 12.000000 -1.912647 2.452312 22.425566 2.444702
 12.200000 -2.322384 2.403076 25.137331 61.370483
 12.400000 -2.594306 2.942368 25.573985 19.217161
 12.600000 3.073027 3.054087 7.888684 2684.770513
 12.800000 -2.678415 2.687374 24.983344 98.997292
 13.000000 -1.995312 2.587792 22.729970 24.566780
 13.200000 -2.014700 2.407474 22.829082 27.844304
 13.400000 -1.958019 2.767996 22.558013 16.189247
 13.600000 -2.521183 2.747600 25.833521 1.012281
 13.800000 -3.119574 2.949450 12.772610 2665.556311
 14.000000 3.084340 -2.985828 8.561918 2781.746406
 14.200000 -3.108207 2.632246 13.412343 2537.687061
 14.400000 -2.303261 2.690565 25.021262 75.954049
 14.600000 -1.772278 2.741058 23.241796 187.743616
 14.800000 -2.098215 2.242357 23.322918 35.646845
 15.000000 -2.235341 2.490665 24.391164 88.374207
 15.200000 -2.036943 3.045276 23.010778 25.063475
 15.400000 -2.632706 2.229101 25.499333 58.158871
 15.600000 -2.548050 2.406224 25.897698 4.460325
 15.800000 -2.309120 -3.100078 25.110834 74.246325
 16.000000 -2.659032 2.787055 25.272350 92.593101
 16.200000 -3.105450 2.419461 13.661866 2491.798568
 16.400000 -3.019807 -3.093238 17.491252 1504.426416
 16.600000 2.934321 2.666386 2.242787 885.547970
 16.800000 -2.375070 2.785132 25.641483 32.200883
 17.000000 -1.535080 2.602933 27.416177 199.183953
 17.200000 -1.687044 1.930394 24.655540 361.105822
 17.400000 -1.771539 1.060146 23.267792 163.480889
 17.600000 -0.735427 0.352455 9.061657 1830.328291
 17.800000 -0.164833 -0.423884 -0.000385 0.000207
 18.000000 -0.775687 -0.686816 10.824289 1989.676895
 18.200000 -0.678107 -0.253597 6.698206 1475.300021
 18.400000 -0.767055 0.420238 10.411236 1960.833046
 18.600000 -0.780963 1.239790 11.030502 2002.494242
 18.800000 -2.178370 1.673875 24.020182 76.439343
 19.000000 -1.759790 2.808473 23.428249 190.167862
 19.200000 -2.467242 3.100265 26.079946 2.942945
 19.400000 2.968597 2.315416 3.434516 1472.635503
 19.600000 -2.682256 3.033121 25.134253 151.808756
 19.800000 -1.712788 3.116454 24.169129 305.414416
 20.000000 -2.245870 1.840435 24.693149 95.485125
 20.200000 -1.674619 1.959379 24.864170 359.386808
 20.400000 -0.187930 1.712070 -0.000882 0.000621
 20.600000 0.699421 0.615517 -0.000000 0.000000
 20.800000 1.049066 -1.119247 -0.000000 0.000000
