#! FIELDS time phi psi ves.bias ves.force2
#! SET min_phi -pi
#! SET max_phi pi
#! SET min_psi -pi
#! SET max_psi pi
 0.000000 -1.498385 0.273949 27.215882 148.921278
 0.200000 -0.530235 0.031615 2.751675 359.348036
 0.400000 -0.542721 -0.329512 2.996687 412.116445
 0.600000 -0.891951 -0.393124 16.041678 1775.436566
 0.800000 -0.788876 -0.589620 11.514169 1990.048840
 1.000000 -0.565339 0.141698 3.485066 525.491414
 1.200000 -0.733226 0.521819 9.481744 1883.363926
 1.400000 -1.713426 1.062943 23.825935 151.760126
 1.600000 -1.043303 1.269667 21.809711 1043.836799
 1.800000 -1.001097 1.274376 20.416802 1136.806961
 2.000000 -1.117907 1.128517 24.103593 826.058872
 2.200000 -1.403611 0.806561 28.025848 12.323683
 2.400000 -1.036283 0.487960 21.744429 1036.855444
 2.600000 -1.139810 0.594823 24.821303 701.436020
 2.800000 -0.798262 0.806376 12.507973 2089.514667
 3.000000 -1.556575 0.993489 26.296622 278.981791
 3.200000 -1.324054 1.092444 27.942194 35.505758
 3.400000 -1.169656 0.789383 25.766049 505.480546
 3.600000 -1.046835 0.331248 22.291657 1080.496362
 3.800000 -0.859317 0.455508 15.316631 1789.166991
 4.000000 -1.548450 0.814575 26.465864 285.819314
 4.200000 -1.483535 1.088562 27.496165 150.159185
 4.400000 -1.179734 1.211600 26.160306 400.686983
 4.600000 -1.449055 1.229493 27.853601 70.268757
 4.800000 -1.064252 0.555987 23.117719 1025.811897
 5.000000 -0.618720 -0.118351 5.169307 1048.554325
 5.200000 -0.675184 -0.437215 7.267114 1634.252955
 5.400000 -0.605345 -0.417366 4.758852 960.008099
 5.600000 -0.406896 0.010742 0.928842 129.946033
 5.800000 -1.329364 0.859980 28.081843 25.401925
 6.000000 -1.325944 1.220443 28.064085 28.588234
 6.200000 -0.926017 1.082071 18.231843 1638.589528
 6.400000 -1.343378 0.955183 28.217436 13.190322
 6.600000 -1.708859 0.809538 23.998263 168.010214
 6.800000 -1.233356 0.828179 27.290755 176.095884
 7.000000 -0.630643 1.080541 5.720217 1236.039303
 7.200000 -0.896432 1.573023 17.070920 1740.217117
 7.400000 -0.852019 1.541304 15.192500 1838.793355
 7.600000 -0.684317 1.200586 7.886508 1692.955085
 7.800000 -1.091736 1.175859 24.371969 880.412758
 8.000000 -1.743384 0.616829 23.591007 130.601835
 8.200000 -1.100354 0.405928 24.699354 806.591720
 8.400000 -0.857659 0.869515 15.546355 1814.172236
 8.600000 -0.854512 1.366416 15.412169 1821.208307
 8.800000 -0.807236 1.260011 13.366135 1921.938913
 9.000000 -0.921208 0.975188 18.201370 1678.216306
 9.200000 -1.573431 0.847848 26.339799 332.247921
 9.400000 -1.555093 0.881356 26.671007 318.141437
 9.600000 -0.672758 1.076438 7.620576 1668.663527
 9.800000 -1.564622 1.425442 26.499795 327.000313
 10.000000 -1.620207 1.349565 25.489555 317.858683
 10.200000 -1.356222 0.811995 28.524118 6.655881
 10.400000 -0.697603 -0.025395 8.745604 1838.329028
 10.600000 -0.443655 -0.593822 1.266321 225.501701
 10.800000 -0.398828 -0.483612 0.676281 131.600480
 11.000000 -1.020307 0.358951 22.318121 1283.679019
 11.200000 -1.151670 1.297748 26.140665 432.839119
 11.400000 -1.641952 1.592347 25.242879 290.101861
 11.600000 -2.006213 1.720639 22.450394 15.159735
 11.800000 -1.699903 1.910090 24.308275 228.937548
 12.000000 -1.688046 2.472235 24.490248 242.126475
 12.200000 -2.703951 2.748597 24.390584 105.418882
 12.400000 3.123572 -2.923948 9.700624 2928.376860
 12.600000 -3.122205 2.770840 11.722131 2860.426179
 12.800000 -3.116233 2.610989 12.040508 2822.272485
 13.000000 -2.606578 -3.140904 25.054606 18.089022
 13.200000 -2.748619 2.754613 23.810740 209.138510
 13.400000 -3.082352 2.298544 13.793435 2466.596863
 13.600000 3.019960 -3.111637 4.592952 1720.682425
 13.800000 3.013534 3.024880 4.330630 1612.109244
 14.000000 -3.116528 2.346775 12.035534 2801.444184
 14.200000 -2.679744 2.655316 24.555031 66.755294
 14.400000 -2.682778 3.036619 24.529879 70.681362
 14.600000 3.025955 2.671114 4.884980 1901.753053
 14.800000 -2.985510 2.903157 17.926703 1259.362718
 15.000000 2.926756 2.714694 1.627845 479.960140
 15.200000 -2.739621 2.884113 23.905941 189.351968
 15.400000 -2.559277 2.570948 25.139349 8.261830
 15.600000 -2.539262 2.655356 25.192576 5.932263
 15.800000 -2.670126 2.795306 24.628795 54.471442
 16.000000 -3.086709 2.756037 13.715400 2361.802435
 16.200000 -3.061554 3.052953 14.958387 1966.504375
 16.400000 -3.131698 2.667586 11.522147 2789.227254
 16.600000 -2.723952 2.984948 24.113106 152.709631
 16.800000 -2.487083 2.871532 25.300492 0.230368
 17.000000 -2.906521 2.378271 20.322475 752.720561
 17.200000 -2.425698 -2.975438 25.215647 15.761675
 17.400000 -3.076658 2.726388 14.353886 2090.737152
 17.600000 3.140955 2.612825 11.080196 2839.003118
 17.800000 -2.815228 -3.000800 22.552294 465.707681
 18.000000 2.932276 2.678479 1.676766 626.084214
 18.200000 -2.323406 2.847450 24.417030 106.482804
 18.400000 -2.115412 2.774641 22.712702 23.516627
 18.600000 -2.105719 2.453707 22.666558 21.865513
 18.800000 -2.338609 2.735941 24.570926 97.852749
 19.000000 -2.554111 2.875930 25.272196 7.149026
 19.200000 3.061004 2.601443 6.977989 2812.484156
 19.400000 -2.789600 3.126623 23.101832 386.811648
 19.600000 -2.707047 2.701693 24.379860 127.318831
 19.800000 -2.822664 2.488879 22.402653 507.430083
 20.000000 -2.803820 3.106988 22.812787 439.699901
 20.200000 3.045245 2.709579 6.234378 2696.073236
 20.400000 -2.577830 2.433056 25.288627 12.422222
 20.600000 -1.870047 2.762666 22.393702 39.040033
 20.800000 -2.170253 2.554938 22.961995 40.429034
 21.000000 -2.341321 2.650972 24.591167 108.455397
 21.200000 -2.341882 2.546429 24.602935 110.512241
 21.400000 -2.003845 2.781525 22.218636 6.639951
 21.600000 -2.434682 2.350981 25.337411 21.354780
 21.800000 -2.415049 2.883450 25.231661 37.786172
 22.000000 -2.355050 2.774156 24.738076 99.774653
 22.200000 -2.193744 2.619935 23.117437 59.426343
 22.400000 -1.853905 2.531867 22.477495 56.454292
 22.600000 -2.148441 2.560237 22.813588 33.628036
 22.800000 -2.800957 2.734818 22.973591 446.201405
 23.000000 2.980924 3.010464 3.291947 1700.857633
 23.200000 -2.580765 2.972001 25.404609 12.862414
 23.400000 -2.058276 2.264342 22.398393 14.559392
 23.600000 -1.741062 2.492917 23.768695 221.051972
 23.800000 -2.820584 2.496804 22.571484 524.388455
 24.000000 3.004547 -3.057620 4.360717 2227.356369
 24.200000 3.118389 -3.054568 10.503143 2922.260858
 24.400000 3.084259 2.141333 8.623623 3095.552730
 24.600000 -2.367328 2.764636 24.981783 90.774091
 24.800000 -2.030260 3.072961 22.303628 10.551276
 25.000000 -2.217042 2.299054 23.352722 85.526674
 25.200000 -2.063747 2.426349 22.436565 15.049383
 25.400000 -1.809455 2.846130 22.874154 114.046002
 25.600000 -2.578403 2.704380 25.478583 12.915180
 25.800000 3.062710 2.907195 7.502522 3077.245573
 26.000000 -3.121574 -2.942655 12.808118 2362.000367
 26.200000 -2.831918 2.376789 22.370183 576.719310
 26.400000 -1.864160 2.500221 22.420236 37.881562
 26.600000 -1.881580 2.559572 22.325568 22.255279
 26.800000 -2.371416 2.789233 25.101641 86.121191
 27.000000 2.984838 2.688818 3.558272 2019.904493
 27.200000 -2.943578 -3.039631 19.384456 840.426406
 27.400000 -2.948881 2.662553 19.230232 851.086428
 27.600000 -2.388590 2.688420 25.289235 65.066099
 27.800000 -1.632496 2.615756 25.502584 296.422244
 28.000000 -2.262821 2.189210 23.923551 130.921146
 28.200000 -2.039666 2.847797 22.399658 11.206086
 28.400000 -2.353166 2.937445 24.997523 106.166367
 28.600000 -2.279726 2.660153 24.156163 139.513382
 28.800000 -2.172557 2.465654 23.081007 57.649338
 29.000000 -1.827418 2.850770 22.730058 78.939657
 29.200000 -2.915698 2.518694 20.226077 794.931915
 29.400000 2.998792 2.981248 4.318869 2484.279886
 29.600000 -2.635503 -3.049571 25.298834 38.965976
 29.800000 -2.692593 2.353459 24.838750 104.202291
 30.000000 -2.154684 2.573917 22.990391 49.540821
 30.200000 -1.932696 2.949165 22.272108 0.995997
 30.400000 -2.307601 2.678041 24.607066 135.934926
 30.600000 -2.920592 2.527724 20.110308 802.977578
 30.800000 -2.926567 -2.859555 19.940457 812.958448
 31.000000 -3.080324 2.913130 14.905322 1637.066701
 31.200000 -2.053658 2.603463 22.502750 14.424812
 31.400000 -1.403414 2.346345 28.305416 6.494325
 31.600000 -1.877885 2.262339 22.450307 22.276066
 31.800000 -2.915151 2.555566 20.291524 794.092195
 32.000000 -2.811940 -2.910915 22.946467 492.014173
 32.200000 3.110633 2.547698 10.625465 2906.057868
 32.400000 -2.157014 2.448223 23.112432 61.738252
 32.600000 -1.689517 2.662788 24.517570 239.862903
 32.800000 -1.987646 2.321833 22.340728 2.610584
 33.000000 -2.805463 2.441115 23.112710 462.931853
 33.200000 3.084560 3.094654 9.239208 3165.240412
 33.400000 2.942476 2.759111 1.886456 1459.310156
 33.600000 -2.767474 2.672592 23.883889 311.068175
 33.800000 -2.217720 2.974647 23.720105 114.207314
 34.000000 -2.205419 2.417727 23.591503 104.319199
 34.200000 -1.978355 2.377239 22.370178 1.340982
 34.400000 -1.995911 2.827741 22.396905 3.516070
 34.600000 -2.546962 2.842595 25.839295 8.521476
 34.800000 2.938952 2.821933 1.759969 1428.272635
 35.000000 3.101142 2.977692 10.220566 2994.001660
 35.200000 -2.739471 2.634590 24.376616 213.206408
 35.400000 -2.268277 2.336256 24.398011 138.360938
 35.600000 -1.467873 2.910420 27.783041 94.136139
 35.800000 -2.180018 2.481806 23.434868 89.094763
 36.000000 -2.194317 2.504339 23.574167 100.716296
 36.200000 -2.106342 2.760160 22.901936 40.683891
 36.400000 -1.805134 2.748037 23.063241 87.298169
 36.600000 -2.742772 2.395296 24.354182 220.230665
 36.800000 -2.927403 2.934684 20.098488 832.564957
 37.000000 -2.935890 3.075519 19.852432 848.522813
 37.200000 -3.027555 2.316463 17.044712 1106.628452
 37.400000 -1.776505 2.761631 23.370363 118.898684
 37.600000 -2.130558 2.331916 23.112321 59.362188
 37.800000 -2.129204 2.558354 23.101932 58.453631
 38.000000 -2.515575 2.868021 25.987966 2.183313
 38.200000 2.950342 2.681840 2.250452 1885.372597
 38.400000 -2.582760 3.083562 25.810780 19.441930
 38.600000 -2.183787 2.584970 23.637941 99.828131
 38.800000 -1.807783 1.902514 23.077666 77.974557
 39.000000 -1.691539 1.585225 24.469927 212.248057
 39.200000 -0.664183 0.578248 7.018043 1680.573209
 39.400000 -0.823736 -0.090647 14.150630 2168.669297
 39.600000 -0.670379 -0.387993 7.273284 1712.992358
 39.800000 -0.724249 -0.487299 9.585844 1964.360205
 40.000000 -0.940618 0.230475 19.335973 1630.202202
 40.200000 -0.949774 0.780347 19.674802 1550.328570
 40.400000 -1.340438 1.428302 27.916573 30.003493
 40.600000 -1.521610 1.319217 27.045730 181.201462
 40.800000 -1.026727 0.545583 22.377566 942.218790
 41.000000 -0.685258 -0.295929 7.868934 1787.021822
 41.200000 -0.581789 -0.460851 3.841590 1192.930056
 41.400000 -0.679605 -0.242186 7.605982 1757.481189
 41.600000 -0.547234 0.236952 2.707014 962.695093
 41.800000 -1.193719 0.868555 26.148509 279.814441
 42.000000 -1.890818 1.124687 22.646750 12.294353
 42.200000 -1.314643 1.394670 27.686255 69.492252
 42.400000 -0.784917 0.992393 12.283641 2159.106149
 42.600000 -1.363078 0.929007 27.968050 9.795640
 42.800000 -1.822974 0.811412 23.035476 53.532843
 43.000000 -0.954752 0.930808 19.834523 1499.591154
 43.200000 -1.574574 1.310224 26.233781 244.230625
 43.400000 -1.668445 1.221061 24.778065 212.050339
 43.600000 -0.890747 0.770226 17.150225 1957.744871
 43.800000 -0.509210 -0.088261 1.578869 719.024568
 44.000000 -0.663761 -0.907517 6.934119 1663.447216
 44.200000 -0.751414 -0.389597 10.722828 2063.147463
 44.400000 -0.470055 0.579167 0.610051 472.561225
 44.600000 -1.915370 1.171140 22.636209 5.228768
 44.800000 -1.952530 1.395780 22.590232 0.033493
 45.000000 -0.709960 1.249319 8.878107 1890.006883
 45.200000 -0.970525 1.832590 20.381426 1355.247407
 45.400000 -0.645272 2.484121 6.194829 1559.228189
 45.600000 -0.838831 2.202907 14.769229 2151.560765
 45.800000 -1.239021 1.894223 26.745009 201.417128
 46.000000 -1.578231 1.268140 26.169657 245.905662
 46.200000 -0.710057 -0.228065 8.889585 1877.983985
 46.400000 -0.310007 -1.029215 -0.000094 0.000001
 46.600000 -0.677238 0.097082 7.497874 1717.546020
 46.800000 -1.525838 1.619842 26.949431 189.369486
 47.000000 -1.193589 2.450579 26.023286 278.033342
 47.200000 -0.827068 2.648538 14.229551 2161.729954
 47.400000 -0.803642 1.861813 13.138578 2168.992428
 47.600000 -0.951561 1.429709 19.646335 1489.623043
 47.800000 -1.396316 0.846709 27.949798 0.069560
 48.000000 -1.215047 0.492367 26.353331 240.113555
 48.200000 -0.730172 0.565019 9.797874 1963.542623
 48.400000 -1.060492 0.335319 23.183846 712.627672
 48.600000 -1.443527 0.789929 27.801930 35.326593
 48.800000 -1.373028 1.419490 27.916127 7.118087
 49.000000 -0.756328 1.123250 10.972371 2065.013116
 49.200000 -0.658233 0.685818 6.773594 1620.342914
 49.400000 -1.347880 0.433997 27.808092 31.354559
 49.600000 -1.271517 0.774978 27.113209 146.269515
 49.800000 -1.113971 1.367195 24.473167 477.594918
 50.000000 -1.068672 1.541559 23.394714 670.493188
 50.200000 -0.824189 1.493409 14.142119 2132.466159
 50.400000 -0.875657 1.289853 16.481876 1969.497822
 50.600000 -1.374301 1.154222 27.917797 7.614397
 50.800000 -1.674953 0.861843 24.686958 183.678532
 51.000000 -0.824095 0.336196 14.137768 2132.584224
 51.200000 -0.603537 0.046626 4.702459 1381.334909
 51.400000 -0.698694 -0.216716 8.509524 1824.542602
 51.600000 -0.458082 -0.562334 0.219927 562.402536
 51.800000 -0.806941 -0.254686 13.374455 2131.993472
 52.000000 -0.803162 0.202125 13.199965 2131.893855
 52.200000 -1.039829 0.355128 22.612666 837.201798
 52.400000 -1.054812 0.657196 23.034644 750.829263
 52.600000 -1.620125 1.144650 25.493141 251.141237
 52.800000 -0.871368 1.135910 16.331661 1952.707210
 53.000000 -1.048586 1.159176 22.862091 785.888489
 53.200000 -1.306609 0.932665 27.471958 91.375464
 53.400000 -1.358180 0.642599 27.852004 24.151572
 53.600000 -0.929939 0.514274 18.821670 1587.566424
 53.800000 -1.420324 0.859623 27.933394 6.498293
 54.000000 -0.986834 1.267797 20.938879 1185.178995
 54.200000 -1.002755 1.303854 21.484510 1072.453477
 54.400000 -0.984373 1.593374 20.865335 1198.061810
 54.600000 -1.297299 1.613876 27.387483 105.662571
 54.800000 -0.790662 0.959287 12.746386 2079.969386
 55.000000 -1.324355 0.358222 27.638514 67.387263
 55.200000 -0.911246 0.301524 18.111814 1684.201869
 55.400000 -0.535873 0.271571 2.399716 1112.286920
 55.600000 -0.972764 -0.068894 20.477241 1270.514510
 55.800000 -0.627017 -0.311540 5.747165 1554.809365
 56.000000 -0.433037 -0.210540 -0.010951 1.799921
 56.200000 -1.026792 0.106942 22.273213 908.873850
 56.400000 -1.221253 0.864911 26.457505 213.543333
 56.600000 -0.929348 1.589915 18.870818 1553.485903
 56.800000 -0.493352 1.896537 1.080709 828.438785
 57.000000 -0.558832 2.187420 3.213415 1270.548490
 57.200000 -1.233919 2.098706 26.654109 193.872440
 57.400000 -0.976778 1.768743 20.664823 1221.435382
 57.600000 -0.887255 1.175068 17.182092 1796.755948
 57.800000 -1.603344 0.880920 25.747216 281.823127
 58.000000 -1.476703 0.809200 27.632954 97.943952
 58.200000 -0.464425 0.786659 0.286058 745.256730
 58.400000 -1.715795 1.305820 24.138131 121.140478
 58.600000 -1.585623 1.188916 26.047595 291.651572
 58.800000 -0.834800 0.599536 14.928527 2006.535744
 59.000000 -0.588901 0.198960 4.395980 1447.605248
 59.200000 -0.725486 -0.373305 10.059134 1930.318454
 59.400000 -0.325247 -0.834293 -0.000003 0.000000
 59.600000 -0.399141 -0.622953 -0.000071 0.000059
 59.800000 -0.955190 0.314105 19.945239 1344.602808
 60.000000 -0.820455 1.015409 14.329019 2032.066678
 60.200000 -1.199588 1.934182 26.201774 251.740955
 60.400000 -0.501831 2.136831 1.374770 1003.334468
 60.600000 -0.890922 2.070583 17.456215 1742.794528
 60.800000 -0.649316 1.707446 6.884118 1671.810553
 61.000000 -0.872932 1.578403 16.694551 1840.199536
 61.200000 -1.244036 1.428970 26.869249 177.081060
 61.400000 -1.508777 0.751448 27.289691 186.061201
 61.600000 -1.113964 0.535555 24.614551 481.977284
 61.800000 -1.021928 0.984572 22.228287 904.949181
 62.000000 -1.430493 1.264748 28.002762 16.400859
 62.200000 -1.491447 1.013489 27.518874 141.913093
 62.400000 -1.240466 0.660748 26.846764 181.954741
 62.600000 -1.216154 0.580141 26.501737 221.997453
 62.800000 -1.513965 1.214261 27.224085 201.304645
 63.000000 -1.813322 1.536716 23.275100 50.005446
 63.200000 -1.279340 1.167991 27.351395 123.263531
 63.400000 -0.420235 0.060880 -0.000521 0.006526
 63.600000 -0.631835 -0.819320 6.339999 1637.440448
 63.800000 -0.452214 -0.538249 -0.013979 70.201542
 64.000000 -0.460675 0.167397 0.159688 828.522674
 64.200000 -0.725338 0.767779 10.323589 1907.680281
 64.400000 -2.001644 1.115026 22.591506 5.540734
 64.600000 -1.802753 1.484427 23.341894 54.923095
 64.800000 -0.803112 1.438591 13.798026 2033.384297
 65.000000 -0.530660 1.380052 2.454101 1332.668326
 65.200000 -1.084468 1.642656 24.029043 594.225572
 65.400000 -0.695548 1.449083 9.095065 1804.197138
 65.600000 -0.487857 1.395540 0.997150 1036.622102
 65.800000 -0.701618 2.478387 9.353575 1823.343546
 66.000000 -1.789665 2.351069 23.438170 60.821604
 66.200000 -2.311638 2.573459 25.159643 66.448475
 66.400000 -3.060337 2.862024 15.823186 1172.390171
 66.600000 2.918634 3.075506 0.395401 1784.329032
 66.800000 -3.087147 2.653467 14.870801 1368.755861
 67.000000 -2.187407 2.737512 24.009278 101.451017
 67.200000 -1.912922 2.442727 22.654306 17.485186
 67.400000 -1.892137 2.505948 22.751754 26.565199
 67.600000 -2.409733 2.711019 25.787118 19.966017
 67.800000 2.892999 2.658636 -0.002558 0.396176
 68.000000 2.990306 2.962108 4.039078 3501.785273
 68.200000 -2.661660 2.799171 25.147113 64.011781
 68.400000 -2.375497 2.567952 25.590698 36.512570
 68.600000 -2.236051 2.629164 24.471676 89.357841
 68.800000 -2.129606 2.750511 23.413052 96.286507
 69.000000 -2.666395 2.475713 25.108717 67.507678
 69.200000 -2.577970 2.871050 25.670656 24.693080
 69.400000 2.820111 2.729918 -0.000000 0.000000
 69.600000 -3.092142 2.909667 14.634267 1401.839799
 69.800000 -2.822825 2.953724 22.849751 504.874530
 70.000000 -2.783832 2.710398 23.637844 322.104860
 70.200000 -2.648007 2.458662 25.224843 56.131186
 70.400000 -2.930630 2.900595 19.882195 941.903535
 70.600000 -3.090929 2.962655 14.665057 1384.274466
 70.800000 -2.722242 2.888741 24.528703 139.083691
 71.000000 -1.910680 2.591863 22.648259 18.669933
 71.200000 -1.782635 2.338128 23.460804 64.929160
 71.400000 -2.048548 1.759566 22.727290 37.617518
 71.600000 -1.579728 2.543327 26.216338 325.671443
 71.800000 -2.259731 2.803822 24.680602 78.766434
 72.000000 2.981827 2.715356 3.497869 3418.550727
 72.200000 -2.590089 2.987669 25.588397 27.662113
 72.400000 -1.783166 2.585948 23.453836 64.508773
 72.600000 -1.824831 1.290946 23.142872 48.632125
 72.800000 -0.692769 0.035216 9.314612 1748.798976
 73.000000 -0.202355 -0.740701 -0.000507 0.000352
 73.200000 0.690449 -1.177843 -0.000000 0.000000
