#! FIELDS time phi psi ves.bias ves.force2
#! SET min_phi -pi
#! SET max_phi pi
#! SET min_psi -pi
#! SET max_psi pi
 0.000000 -1.498385 0.273949 25.037724 141.910265
 0.200000 -1.638817 0.501907 23.012541 248.973793
 0.400000 -1.743900 0.839349 21.592469 89.481861
 0.600000 -0.608281 1.191182 2.915372 2077.218576
 0.800000 -1.523809 2.072817 24.720342 169.746298
 1.000000 -2.404328 2.929219 24.096986 21.769183
 1.200000 -3.137134 -3.080997 10.742923 2373.512242
 1.400000 -2.889209 2.723817 19.923591 903.239417
 1.600000 -2.432314 2.750193 24.148082 17.537262
 1.800000 -1.998650 2.852930 21.614514 7.889266
 2.000000 -1.908215 2.366742 21.425783 1.408427
 2.200000 -1.956498 2.177732 21.658481 3.717331
 2.400000 -1.783153 2.809875 21.672003 32.816325
 2.600000 -2.300767 2.710043 23.547274 47.912123
 2.800000 -3.122528 2.567693 11.499475 2160.743510
 3.000000 3.094608 -3.052611 8.100965 3119.909022
 3.200000 2.987252 2.960994 2.093663 2566.567344
 3.400000 -2.852563 2.699229 20.945707 699.477774
 3.600000 -2.174921 2.826766 22.522232 69.925737
 3.800000 -1.977116 2.460299 21.880970 0.786921
 4.000000 -1.850942 2.266504 21.619420 2.544174
 4.200000 -1.812269 2.504792 21.716141 0.308523
 4.400000 -2.059534 2.845647 21.964308 0.186035
 4.600000 -3.113311 2.660220 12.091619 1909.422658
 4.800000 2.935741 3.058372 -0.023160 42.303663
 5.000000 -2.971179 2.884840 17.288208 1099.369462
 5.200000 -3.070601 2.767641 13.890852 1360.832606
 5.400000 -3.072841 2.705910 13.807979 1378.488309
 5.600000 3.126767 2.836013 10.191796 2547.692370
 5.800000 -2.917977 -3.106039 18.986869 988.463018
 6.000000 -2.893880 2.628889 19.729178 904.448090
 6.200000 -2.814176 2.675425 21.844085 482.720585
 6.400000 -2.957763 2.991708 17.781516 1010.399107
 6.600000 3.076449 2.710996 7.597743 3433.680492
 6.800000 -2.996075 2.873580 16.556822 1034.346134
 7.000000 -2.861057 2.936259 20.692184 728.861835
 7.200000 -2.793286 2.763589 22.331902 358.782919
 7.400000 -2.929343 2.843959 18.822351 945.033642
 7.600000 3.006664 2.781683 3.525592 3315.104701
 7.800000 -2.952841 2.808821 18.091904 984.032706
 8.000000 -3.084568 2.918677 13.685288 1469.864439
 8.200000 3.031784 2.777945 5.080157 3652.860385
 8.400000 -3.109030 3.096497 12.813136 1841.792433
 8.600000 -3.096738 2.660076 13.328568 1679.196106
 8.800000 -2.460169 2.841705 24.154259 6.012338
 9.000000 -2.011258 2.657035 22.030698 17.193931
 9.200000 -2.256918 2.298453 23.267870 81.192050
 9.400000 -2.453439 2.759014 24.109275 7.017023
 9.600000 -2.964853 2.970906 18.135691 1032.925885
 9.800000 3.122842 2.850131 10.515163 2748.356894
 10.000000 -2.538365 2.778246 24.286673 0.676852
 10.200000 -2.120963 2.404693 21.976223 32.940440
 10.400000 -2.104407 2.484364 21.897106 14.424238
 10.600000 -2.469118 2.805563 24.155511 6.918501
 10.800000 3.071412 2.631940 7.707132 3662.030420
 11.000000 3.095114 3.027049 9.108392 3305.977774
 11.200000 -2.760958 2.675254 23.080312 140.394289
 11.400000 -2.239161 2.606092 23.137647 94.940247
 11.600000 -1.922610 2.648935 22.277989 0.092384
 11.800000 -2.218976 2.522484 22.932598 110.157437
 12.000000 -2.281584 2.563231 23.498651 50.873480
 12.200000 -2.660926 2.950945 23.951514 35.225898
 12.400000 2.943387 2.882231 0.503826 2019.064168
 12.600000 -2.449505 2.873195 24.120351 7.371617
 12.800000 -1.999015 2.443202 22.084923 15.720366
 13.000000 -2.140491 2.313361 22.213322 62.754021
 13.200000 -2.093499 2.798808 22.011265 9.326673
 13.400000 -3.010781 2.820208 17.021336 1145.067682
 13.600000 -3.076271 -3.113136 14.690556 1463.361380
 13.800000 -2.905703 3.047429 20.354622 801.689495
 14.000000 -2.127205 2.488705 22.175447 43.604432
 14.200000 -1.667506 2.205755 22.271382 109.800681
 14.400000 -1.197811 2.353823 23.479550 390.687807
 14.600000 -0.570834 2.068749 0.859959 1399.783186
 14.800000 -0.951495 1.714319 16.526311 1443.077745
 15.000000 -1.253869 0.894257 24.450244 210.117659
 15.200000 -1.464249 0.570051 24.740347 83.661582
 15.400000 -1.194301 1.143746 23.372363 397.072505
 15.600000 -1.340056 1.878307 25.186356 11.330619
 15.800000 -0.799185 1.735952 10.407916 1604.973185
 16.000000 -0.571263 1.884292 0.855412 1389.158024
 16.200000 -0.751781 2.056280 8.458963 1671.509872
 16.400000 -0.957629 2.264900 16.682449 1417.942304
 16.600000 -0.738657 2.071548 7.919470 1709.322849
 16.800000 -0.879146 1.845018 13.586643 1629.797753
 17.000000 -0.514991 1.115480 -0.000080 0.000337
 17.200000 -0.891297 1.038956 14.068792 1630.298107
 17.400000 -1.617428 1.039039 22.736171 180.398401
 17.600000 -0.681322 0.440355 5.477390 1888.494348
 17.800000 -1.217361 0.416652 23.774066 326.297910
 18.000000 -0.750839 0.593108 8.408851 1668.914126
 18.200000 -1.688833 1.248798 21.914393 59.633337
 18.400000 -1.387584 1.837129 25.187632 5.450967
 18.600000 -1.235589 1.514106 24.083591 265.649198
 18.800000 -0.874880 1.153579 13.404953 1640.965950
 19.000000 -1.594152 0.983084 23.026621 202.169739
 19.200000 -0.557255 0.394575 0.337351 1378.477678
 19.400000 -1.556663 0.860454 23.561258 205.566868
 19.600000 -1.513120 0.821368 24.157823 164.714485
 19.800000 -1.161312 0.712455 22.660170 474.172503
 20.000000 -1.194536 0.940513 23.348604 384.530302
 20.200000 -1.637627 1.015024 22.420404 159.783671
 20.400000 -0.957413 0.887827 16.697219 1441.923149
 20.600000 -1.391541 0.830703 25.215431 6.426660
 20.800000 -1.313049 1.025526 25.027213 55.993326
 21.000000 -1.093103 0.922782 21.047017 679.120824
 21.200000 -1.333343 0.992135 25.187881 25.003944
 21.400000 -1.341179 0.894113 25.223055 15.818256
 21.600000 -0.959032 0.924824 16.770575 1441.265760
 21.800000 -1.680082 1.110326 21.951500 80.919354
 22.000000 -1.045107 0.987889 19.722009 915.157928
 22.200000 -1.247107 0.928307 24.331330 235.916971
 22.400000 -1.281245 0.948397 24.795158 136.876230
 22.600000 -1.293651 0.872849 24.931149 104.290470
 22.800000 -1.114748 0.714290 21.644519 601.199921
 23.000000 -1.822363 1.114021 21.765497 18.986377
 23.200000 -1.109417 1.397295 21.547690 625.934806
 23.400000 -1.505602 1.395172 24.395379 175.996102
 23.600000 -1.611655 0.959855 22.821087 215.117513
 23.800000 -0.923289 0.649987 15.416847 1620.448802
 24.000000 0.602642 -0.094774 -0.000000 0.000000
