#! FIELDS time phi psi ves.bias ves.force2
#! SET min_phi -pi
#! SET max_phi pi
#! SET min_psi -pi
#! SET max_psi pi
 0.000000 -1.498385 0.273949 21.102548 145.576228
 0.200000 -0.607246 0.471055 0.100035 829.234819
 0.400000 -1.665545 1.120834 18.583723 244.278724
 0.600000 -1.485798 1.390707 21.249505 127.096364
 0.800000 -1.236827 1.154858 21.084135 195.619027
 1.000000 -1.517823 0.775676 20.857149 173.142490
 1.200000 -1.541996 0.822893 20.748791 237.692065
 1.400000 -1.181880 1.163932 20.270188 364.822350
 1.600000 -1.912653 1.223613 16.773569 0.182710
 1.800000 -1.239077 1.128763 21.226690 204.587769
 2.000000 -1.261270 1.041219 21.522080 151.113527
 2.200000 -1.652950 1.138670 18.981257 291.639839
 2.400000 -1.196184 0.995234 20.621702 326.015345
 2.600000 -1.457664 1.045723 21.958804 84.679329
 2.800000 -1.750554 1.157315 17.576376 117.100844
 3.000000 -1.112348 0.964898 18.812252 637.936333
 3.200000 -1.583113 1.082863 20.373747 326.165006
 3.400000 -1.308199 0.900556 22.195519 80.003582
 3.600000 -1.301081 1.037130 22.129207 93.744619
 3.800000 -1.359073 1.005083 22.504876 9.331056
 4.000000 -0.934764 0.757221 13.093192 1374.770281
 4.200000 -1.773044 1.112004 17.402158 102.499191
 4.400000 -1.519016 1.058694 21.642590 245.743827
 4.600000 -0.858475 0.681291 10.198847 1522.179827
 4.800000 -1.166805 0.232598 20.113407 442.297197
 5.000000 -0.619459 0.020371 0.398556 1075.507957
 5.200000 -1.047350 0.097259 17.084920 982.194062
 5.400000 -1.844758 0.597737 16.856227 27.771393
 5.600000 -1.834910 1.361645 16.911284 35.020363
 5.800000 -1.401601 1.557000 22.870148 2.563201
 6.000000 -0.815859 1.656274 8.545317 1681.653993
 6.200000 -2.026951 2.526381 16.692196 14.613629
 6.400000 -2.817553 -3.025472 17.481502 380.058269
 6.600000 3.061642 -3.093730 2.363385 2318.514761
 6.800000 -3.087663 2.723660 9.093203 2028.353013
 7.000000 -1.964465 3.041891 16.555061 0.336122
 7.200000 -1.861866 2.419654 16.757574 26.353868
 7.400000 -2.230572 2.039594 18.125477 56.731298
 7.600000 -2.057474 2.506436 16.828655 30.924486
 7.800000 -2.157205 -3.042987 17.545770 65.318221
 8.000000 -2.915839 2.471774 15.075835 766.324225
 8.200000 -2.886608 2.928807 15.818378 661.126450
 8.400000 3.117271 2.993582 5.204364 2773.807319
 8.600000 -3.027590 2.614096 11.516448 1328.959361
 8.800000 -2.117715 2.692732 17.280716 55.254505
 9.000000 -1.911949 2.487340 16.604042 4.405796
 9.200000 -2.588222 2.390326 19.705308 10.096471
 9.400000 -2.709327 2.952311 18.933354 95.777982
 9.600000 3.045300 3.015472 1.594047 2045.999642
 9.800000 -2.600425 2.409514 19.662374 14.853450
 10.000000 -1.667900 2.507362 19.108323 351.639349
 10.200000 -1.991004 2.312664 16.684029 5.604524
 10.400000 -2.073292 2.770199 17.046023 37.968472
 10.600000 -3.011786 2.580457 12.123285 1180.653490
 10.800000 2.990263 2.941415 -0.004649 1.065106
 11.000000 -2.593292 2.810902 19.697912 13.617089
 11.200000 -1.950489 2.508061 16.668346 0.114121
 11.400000 -1.918648 1.993708 16.684724 1.867740
 11.600000 -1.929107 2.303595 16.673362 0.650449
 11.800000 -2.005007 2.978642 16.766267 10.480913
 12.000000 -3.102114 2.610073 8.519733 2202.859504
 12.200000 -2.296697 3.068330 18.541597 33.350739
 12.400000 -1.904811 2.463167 16.791279 3.496120
 12.600000 -1.803177 2.170091 17.270064 63.588321
 12.800000 -1.814506 2.389535 17.184406 51.181578
 13.000000 -2.158982 2.988647 17.724455 44.256744
 13.200000 -3.110788 2.661705 8.130317 2334.152905
 13.400000 -2.815335 2.951168 17.353300 334.355237
 13.600000 -2.406264 2.791223 19.253013 50.003397
 13.800000 -2.271567 2.299279 18.400022 28.773235
 14.000000 -1.938820 2.606430 16.873802 0.007944
 14.200000 -2.112362 2.774671 17.524527 33.407040
 14.400000 3.058318 2.562991 2.269446 2332.218580
 14.600000 -3.058627 2.913427 10.470004 1650.109617
 14.800000 -2.263475 2.911531 18.384166 27.870144
 15.000000 -2.250482 1.832177 18.315644 27.852491
 15.200000 -1.341281 2.320410 22.601744 53.023394
 15.400000 -0.460768 2.272245 -0.000000 0.000000
 15.600000 -0.904373 1.862434 11.932575 1450.755013
 15.800000 -1.299267 1.108629 22.209856 125.372465
 16.000000 -1.127010 0.411904 19.230388 576.036634
 16.200000 -0.604951 -0.199094 -0.021875 6.304394
 16.400000 -0.541321 -0.234876 -0.000003 0.000000
 16.600000 -1.288391 0.478401 22.068716 143.339474
 16.800000 -0.972856 1.336558 14.451473 1290.665619
 17.000000 -0.700972 2.268053 3.270596 1933.475665
 17.200000 -0.447193 2.519216 -0.000000 0.000000
 17.400000 -0.977774 1.836592 14.618660 1273.553597
 17.600000 -0.628356 0.703117 0.446998 1079.876427
 17.800000 -0.692047 -0.243688 2.879838 1854.638692
 18.000000 -0.549284 -0.642126 -0.000006 0.000000
 18.200000 -0.616858 0.003865 0.091760 811.646154
 18.400000 -1.560681 0.881684 21.048524 354.255946
 18.600000 -1.447236 1.427168 22.585875 45.533060
 18.800000 -1.227206 0.944534 21.174917 267.689513
 19.000000 -1.310187 0.409513 22.283700 100.617250
 19.200000 -0.756780 0.109708 5.860959 2033.280018
 19.400000 -0.635569 0.404805 0.734427 1160.316786
 19.600000 -1.384577 0.684344 22.732022 3.141550
 19.800000 -1.078662 1.254444 17.892737 809.296081
 20.000000 -1.035508 1.262813 16.584684 1027.869155
 20.200000 -1.114358 0.828168 18.863836 625.487544
 20.400000 -1.538760 0.765064 21.426992 303.513240
 20.600000 -1.094577 1.006152 18.351154 719.980726
 20.800000 -1.169089 1.136275 20.102493 415.894588
 21.000000 -1.469420 1.212373 22.392243 96.830410
 21.200000 -1.408704 0.814329 22.752661 2.193865
 21.400000 -0.804639 0.717155 8.014547 1794.332113
 21.600000 -1.498089 0.749088 22.073110 179.914244
 21.800000 -1.308444 0.891121 22.270131 105.907052
 22.000000 -1.138589 1.382571 19.468963 512.110281
 22.200000 -1.217818 1.407069 21.047970 282.985933
 22.400000 -1.115532 0.760124 18.960736 602.587553
 22.600000 -1.093972 0.429066 18.409713 706.570408
 22.800000 -0.762249 0.307869 6.189343 1984.319431
 23.000000 -0.998724 -0.105141 15.467194 1198.860556
 23.200000 -0.615094 -0.332651 0.149321 1029.091412
 23.400000 -0.734845 -0.098812 4.994366 2032.287365
 23.600000 -1.160646 0.433162 20.029855 425.280704
 23.800000 -1.176920 1.109466 20.355459 376.757913
 24.000000 -0.825268 1.384687 8.918714 1684.236861
 24.200000 -1.010563 1.210078 15.969351 1179.883074
 24.400000 -1.588061 0.849117 20.511770 434.329422
 24.600000 -1.327727 0.592933 22.547401 66.196385
 24.800000 -1.025054 1.089229 16.459309 1105.696539
 25.000000 -1.561186 1.712509 21.057144 384.042178
 25.200000 -1.786382 1.499073 17.346556 30.368773
 25.400000 -1.661378 1.262398 18.979599 385.850765
 25.600000 -0.791975 0.624325 7.593411 1807.450857
 25.800000 -1.754629 0.637993 17.582123 88.332306
 26.000000 -1.452978 0.909991 22.645569 63.133590
 26.200000 -0.872051 1.232958 10.865336 1521.902424
 26.400000 -0.623057 1.695220 0.501366 1131.698341
 26.600000 -1.080118 2.489561 18.280632 799.649907
 26.800000 -0.630286 2.384589 0.747381 1196.831340
 27.000000 -0.711169 1.598978 4.060657 2001.723909
 27.200000 -1.420011 1.043177 22.895729 12.439147
 27.400000 -1.716281 0.518511 18.033319 208.296487
 27.600000 -1.743539 0.543981 17.686449 120.575191
 27.800000 -1.012324 0.915651 16.184958 1219.615879
 28.000000 -1.165482 1.286512 20.373982 389.976130
 28.200000 -1.126622 1.193244 19.598135 538.168778
 28.400000 -1.260005 0.569416 21.968171 177.251663
 28.600000 -0.661984 0.176982 2.043097 1685.240282
 28.800000 -0.760869 0.111411 6.394875 1908.094641
 29.000000 -0.750340 -0.143296 5.932178 1952.702819
 29.200000 -0.610590 -0.242340 0.189760 1161.220026
 29.400000 -0.882296 0.294302 11.358960 1487.813864
 29.600000 -1.476182 0.809271 22.517046 131.476427
 29.800000 -1.621471 1.467072 19.856890 466.296456
 30.000000 -1.728736 1.693077 17.882636 173.711855
 30.200000 -1.735089 1.669354 17.815721 159.392743
 30.400000 -1.669490 1.318591 18.887350 379.319107
 30.600000 -0.885526 0.502220 11.512305 1475.135423
 30.800000 -0.614069 0.016253 0.359050 1197.168749
 31.000000 -0.527865 -0.340771 -0.000001 0.000000
 31.200000 -0.692514 0.013324 3.569888 1989.143833
 31.400000 -0.706144 0.324435 4.180496 2018.096096
 31.600000 -1.345969 0.660937 22.914435 29.458869
 31.800000 -1.255827 1.122607 22.048869 170.069954
 32.000000 -1.135324 1.123661 19.983168 492.370695
 32.200000 -1.159120 0.929465 20.538409 391.546572
 32.400000 -1.791291 0.884777 17.324311 39.889965
 32.600000 -1.268483 1.066651 22.255232 146.223265
 32.800000 -1.095049 1.222448 19.052752 725.727368
 33.000000 -1.155667 1.255747 20.469514 404.512859
 33.200000 -1.445288 0.872445 22.868963 57.887201
 33.400000 -0.814168 0.393103 8.903905 1499.141031
 33.600000 -0.851971 0.189943 10.343426 1421.405778
 33.800000 -0.897597 0.039392 12.069820 1458.448342
 34.000000 -0.786078 0.275157 7.794095 1632.709925
 34.200000 -1.250823 0.804990 22.131426 167.785562
 34.400000 -1.020718 1.239892 16.825850 1282.474666
 34.600000 -0.555767 1.311489 -0.000047 0.000059
 34.800000 -1.326125 1.499424 22.898538 48.312773
 35.000000 -1.307121 0.762072 22.748999 76.567579
 35.200000 -0.576015 -0.072946 -0.002403 0.232435
 35.400000 -0.554945 -0.236528 -0.000047 0.000061
 35.600000 -0.553488 -0.422126 -0.000037 0.000036
 35.800000 -0.573089 0.134322 -0.001338 0.071018
 36.000000 -1.535611 0.974423 21.736577 303.831799
 36.200000 -1.854251 1.295429 17.052251 2.777536
 36.400000 -1.397744 1.306414 23.176845 3.957439
 36.600000 -0.825684 0.588370 9.530421 1408.277973
 36.800000 -1.554634 0.581868 21.409507 350.411255
 37.000000 -1.720904 1.069140 18.149079 245.853067
 37.200000 -1.144452 1.451158 20.526279 444.712475
 37.400000 -0.849286 1.448728 10.464852 1366.092866
 37.600000 -1.178050 1.009039 21.180185 322.738561
 37.800000 -1.558594 0.486975 21.361119 355.869815
 38.000000 -1.417635 0.820208 23.142659 22.607574
 38.200000 -1.105940 1.351723 19.683846 655.187317
 38.400000 -0.592933 1.351634 0.029686 521.704276
 38.600000 -1.264636 1.374660 22.520397 141.498819
 38.800000 -1.774314 0.899085 17.485406 102.949886
 39.000000 -0.973916 0.284744 15.275256 1510.640527
 39.200000 -0.904019 -0.017991 12.606166 1451.073158
 39.400000 -0.677320 0.009194 3.494054 2074.744329
 39.600000 -1.474012 0.746447 22.743388 135.087753
 39.800000 -1.180568 1.601892 21.335805 313.287376
 40.000000 -0.615818 1.690789 0.879012 1408.916343
 40.200000 -0.986177 1.964470 15.857453 1488.812893
 40.400000 -1.449345 2.283194 23.027590 80.434152
 40.600000 -1.613080 2.221045 20.373502 433.990738
 40.800000 -2.536461 2.563286 19.078987 0.011394
 41.000000 3.018323 -2.823848 0.153880 1368.991851
 41.200000 3.091430 3.057100 3.296877 2416.043490
 41.400000 -2.267717 2.486714 17.807771 32.447219
 41.600000 -1.689997 2.144568 18.823109 371.336956
 41.800000 -1.067437 2.415560 18.774092 940.151434
 42.000000 -0.854742 2.204383 10.876824 1330.342265
 42.200000 -1.124580 2.125183 20.360380 541.206063
 42.400000 -1.800683 1.641565 17.254229 69.404170
 42.600000 -1.642428 0.980120 19.817776 439.807914
 42.800000 -0.997677 0.482498 16.400065 1446.159733
 43.000000 -0.572555 0.167553 -0.006715 1.797431
 43.200000 -1.278727 0.386421 22.947215 111.927372
 43.400000 -0.968747 0.744887 15.327905 1545.119729
 43.600000 -0.826585 1.725026 9.951326 1321.948408
 43.800000 -0.471547 2.137637 -0.000000 0.000000
 44.000000 -1.263418 2.379858 22.775481 140.062631
 44.200000 -2.372465 2.224354 18.238688 27.571254
 44.400000 -2.783536 2.993930 16.671948 228.642698
 44.600000 -3.131005 -3.140801 6.239842 2413.763185
 44.800000 -2.931532 2.449453 13.731921 673.175327
 45.000000 -1.916713 2.693404 16.815728 0.540344
 45.200000 -1.890206 2.626789 16.825091 3.003838
 45.400000 -2.361913 2.518860 18.143304 26.969274
 45.600000 -2.868139 2.785428 15.155172 412.534498
 45.800000 2.981700 -3.000027 -0.000098 0.000368
 46.000000 -2.675001 2.620132 18.048223 119.554749
 46.200000 -1.650113 2.323285 19.742065 434.619753
 46.400000 -1.975688 1.916214 16.733387 0.406811
 46.600000 -1.949609 2.379155 16.750711 0.490852
 46.800000 -2.606289 2.809475 18.614036 38.979679
 47.000000 3.027024 2.878945 0.392158 1437.762212
 47.200000 -2.386611 2.800778 18.197145 27.903036
 47.400000 -1.858559 2.405158 16.908893 14.472534
 47.600000 -2.078916 1.799909 16.702998 1.816966
 47.800000 -1.762948 1.865961 17.705375 182.342662
 48.000000 -1.868791 1.850247 16.873528 9.764891
 48.200000 -2.116837 1.935262 16.753516 9.436075
 48.400000 -2.324319 2.734873 17.842330 25.449607
 48.600000 -2.978205 -3.062407 12.274182 947.121771
 48.800000 -2.918504 2.824406 13.924124 608.267697
 49.000000 -2.151456 2.428109 16.888000 21.465174
 49.200000 -1.908982 2.444138 16.808616 3.082877
 49.400000 -2.261482 2.710458 17.481369 31.862792
 49.600000 -2.992121 2.815958 11.805582 1044.789041
 49.800000 -2.544006 -3.106216 18.722179 0.279573
 50.000000 -2.336167 2.468182 17.871489 24.756740
 50.200000 -2.083000 2.372301 16.635261 1.289224
 50.400000 -2.074957 2.699130 16.627755 0.539145
 50.600000 -2.651104 2.913861 18.114736 94.982900
 50.800000 -2.808522 3.069476 16.064581 259.976759
 51.000000 -2.568791 2.566167 18.653790 8.211473
 51.200000 -2.076308 2.637254 16.619849 0.497355
 51.400000 -2.426771 2.411675 18.287651 28.896398
 51.600000 -2.256693 3.051133 17.404522 31.439134
 51.800000 -3.078681 2.603204 8.494887 1857.695646
 52.000000 -2.985421 2.927844 11.962188 992.959973
 52.200000 -2.483258 2.872032 18.542157 15.099821
 52.400000 -2.366307 2.569390 17.948420 25.602996
 52.600000 -1.875698 2.511253 16.923911 9.267519
 52.800000 -2.365032 2.622304 17.941978 25.492604
 53.000000 -2.746383 2.832951 16.917968 182.985489
 53.200000 -2.968778 3.043414 12.424431 882.789384
 53.400000 -2.588820 2.528136 18.509135 24.610263
 53.600000 -2.751940 2.463978 16.816480 187.502146
 53.800000 -2.930653 2.902916 13.481970 666.735958
 54.000000 2.952939 2.956310 -0.000001 0.000000
 54.200000 -2.080150 2.622738 16.603491 0.510374
 54.400000 -1.417058 2.206212 23.529110 51.457987
 54.600000 -1.927562 1.588481 16.825253 3.735411
 54.800000 -1.811861 1.084144 17.268562 61.018367
 55.000000 -0.598982 0.489344 0.731609 1377.300401
 55.200000 -0.608316 -0.038177 1.101570 1536.331985
 55.400000 -1.006465 -0.099411 17.133874 1366.380602
 55.600000 -1.101319 -0.003149 20.165323 694.094574
 55.800000 -0.813893 0.376241 9.865775 1335.756105
 56.000000 -1.954286 1.378813 16.782481 4.409161
 56.200000 -1.719649 1.943011 18.462115 303.509580
 56.400000 -2.010537 2.774028 16.660687 4.635664
 56.600000 -3.121346 2.996722 6.464655 2248.756688
 56.800000 -2.994011 2.976055 11.578346 1049.337491
 57.000000 -2.341199 2.858325 17.781663 20.352015
 57.200000 -2.068970 2.370992 16.575555 0.031185
 57.400000 -2.104220 2.504393 16.606183 3.841425
 57.600000 -2.471134 2.688331 18.391848 19.709387
 57.800000 -3.109338 2.919018 7.012964 2144.317970
 58.000000 -2.965850 2.811324 12.426901 856.468284
 58.200000 -2.553571 2.702958 18.547381 1.257608
 58.400000 -2.296928 2.645423 17.564314 21.816597
 58.600000 -2.112545 2.877725 16.619957 6.081693
 58.800000 -2.715579 2.524855 17.229107 169.714129
 59.000000 -2.937122 3.010234 13.207898 691.662919
 59.200000 3.141399 2.944745 5.442499 2359.316310
 59.400000 -2.935398 2.534448 13.239769 682.131065
 59.600000 -2.239343 2.914550 17.267174 33.907198
 59.800000 -1.890395 2.707529 16.978533 6.911887
 60.000000 -2.189308 2.303007 16.965748 35.308537
 60.200000 -2.671249 2.474354 17.750382 126.416914
 60.400000 3.047980 -3.032265 1.081150 1634.007997
 60.600000 3.059416 2.681886 1.557347 1831.948453
 60.800000 -2.331386 2.317423 17.712730 15.724562
 61.000000 -1.749545 2.556177 18.013110 200.279668
 61.200000 -2.393134 2.603415 17.952850 18.437245
 61.400000 3.131117 2.548813 4.929722 2380.742184
 61.600000 -2.804547 -3.005914 15.905116 259.919319
 61.800000 -2.888830 2.611359 14.332752 473.407176
 62.000000 -2.299670 2.557595 17.584403 18.004259
 62.200000 -1.853821 2.812110 17.139000 15.635039
 62.400000 -2.484713 2.470129 18.360054 16.691650
 62.600000 3.119625 2.855940 4.366715 2381.703054
 62.800000 -2.781710 -2.988457 16.256993 231.729217
 63.000000 -2.720405 2.400446 17.132220 178.810635
 63.200000 -2.140201 2.331812 16.719225 19.827001
 63.400000 -1.906496 2.900841 16.994871 6.528058
 63.600000 -2.723920 2.604142 17.085495 183.326741
 63.800000 3.092260 2.819086 3.046441 2248.272479
 64.000000 -2.703782 -2.861999 17.351363 164.811646
 64.200000 3.049937 2.345405 1.161642 1671.665621
 64.400000 -2.280062 2.487476 17.513181 19.691396
 64.600000 -1.851491 2.870686 17.176271 15.573370
 64.800000 -2.567231 2.386619 18.469505 3.290890
 65.000000 -2.773592 2.981046 16.376805 227.645149
 65.200000 -3.058305 3.057330 9.181596 1609.044866
 65.400000 3.035346 2.489362 0.589992 1442.264216
 65.600000 -2.477478 2.992969 18.284403 19.815840
 65.800000 -1.990426 3.084343 16.768708 12.134160
 66.000000 -2.474691 2.059211 18.271908 20.364207
 66.200000 -2.020515 2.273316 16.677358 9.444048
 66.400000 -1.750592 2.821169 18.013186 174.851909
 66.600000 -2.801199 2.695690 15.950178 264.418291
 66.800000 -2.780830 3.017650 16.273032 239.167344
 67.000000 -2.601142 2.878400 18.344897 25.750219
 67.200000 -2.922068 2.544636 13.534100 609.502204
 67.400000 -2.843628 2.954857 15.215873 344.538228
 67.600000 -2.954859 2.872288 12.673991 774.151514
 67.800000 -3.071553 2.772030 8.657079 1733.362622
 68.000000 -2.793264 3.022922 16.081262 255.859947
 68.200000 -2.957382 2.545227 12.610786 786.878994
 68.400000 -2.752114 2.695668 16.721179 212.829325
 68.600000 -2.632284 2.874878 18.148092 62.849193
 68.800000 -2.963886 2.738674 12.426214 824.351325
 69.000000 -2.905491 2.863670 13.937998 539.661315
 69.200000 -2.674682 2.899790 17.753490 124.142402
 69.400000 -2.791931 2.501546 16.133178 256.307780
 69.600000 -2.813111 2.766058 15.784420 287.365612
 69.800000 -2.863900 2.974090 14.850907 399.902792
 70.000000 -2.899939 2.718114 14.081290 519.306899
 70.200000 -2.567477 2.781842 18.453424 0.915989
 70.400000 -2.662195 2.692147 17.907340 102.778277
 70.600000 -2.806069 2.859230 15.930107 276.470003
 70.800000 -3.015502 2.815108 10.833222 1193.779575
 71.000000 -2.836153 2.803852 15.407050 331.658582
 71.200000 -2.640523 2.863359 18.132905 66.290568
 71.400000 -2.873925 2.699545 14.704686 432.571457
 71.600000 -2.841264 2.967644 15.346253 344.544921
 71.800000 -2.894909 2.985102 14.251186 504.051470
 72.000000 -2.819895 2.718544 15.729566 300.901541
 72.200000 -2.684352 2.948053 17.736114 128.566144
 72.400000 -2.791142 2.941063 16.254450 256.789883
 72.600000 -3.061486 2.797037 9.141610 1655.946992
 72.800000 -2.731852 2.933575 17.136054 188.748061
 73.000000 -2.518174 2.921856 18.380204 12.690543
 73.200000 -2.519955 2.500268 18.384771 13.909318
 73.400000 -2.169344 2.983517 16.897312 40.528592
 73.600000 -2.571440 2.756942 18.479326 0.200389
 73.800000 -3.022155 2.712706 10.662308 1284.703171
 74.000000 -2.818697 2.945402 15.847618 302.624846
 74.200000 -2.920851 2.624416 13.755838 634.422731
 74.400000 -2.877210 2.701532 14.770719 458.706628
 74.600000 -2.544756 3.010008 18.469566 5.168392
 74.800000 -2.873203 2.374987 14.855904 445.275882
 75.000000 -2.247319 2.843509 17.397130 29.135302
 75.200000 -2.447555 2.792328 18.030184 24.095240
 75.400000 -2.598654 2.452769 18.483992 7.655277
 75.600000 -2.754611 2.756890 16.977844 208.620036
 75.800000 -2.794745 2.917404 16.363454 262.992489
 76.000000 3.062884 2.716787 1.731157 1947.775420
 76.200000 3.135475 2.977683 5.220365 2438.115046
 76.400000 -2.709987 2.831707 17.634815 148.945672
 76.600000 -2.516467 2.599191 18.391486 21.271870
 76.800000 -2.065049 2.854748 16.562766 1.783447
 77.000000 -2.363838 2.629040 17.741871 4.128314
 77.200000 -2.730228 2.553987 17.435509 171.277909
 77.400000 -2.872293 -3.109441 15.041131 464.452436
 77.600000 3.082882 2.842755 2.649066 2233.900409
 77.800000 -3.049483 2.699000 9.696294 1601.728818
 78.000000 -2.448041 2.887397 18.032114 25.843993
 78.200000 -2.407594 2.575261 17.859568 12.114857
 78.400000 -2.484377 2.698129 18.236144 32.512326
 78.600000 -2.645648 2.936598 18.358384 46.814190
 78.800000 -3.037205 2.883662 10.199701 1494.842732
 79.000000 -2.772026 2.943830 16.912975 225.282406
 79.200000 -2.360344 2.700663 17.744626 3.726536
 79.400000 -2.160006 2.539543 16.810482 41.975256
 79.600000 -2.176985 2.608559 16.925863 49.648005
 79.800000 -2.353178 2.917134 17.731128 3.403107
 80.000000 3.113448 2.834211 4.148415 2465.608592
 80.200000 3.128943 2.848567 4.928153 2483.974040
 80.400000 -2.392601 3.006620 17.827202 8.175506
 80.600000 -2.009121 2.285600 16.708935 21.513218
 80.800000 -1.826775 2.190161 17.331336 12.806174
 81.000000 -2.095877 2.462525 16.531497 2.618331
 81.200000 -2.569688 3.064914 18.651664 2.457163
 81.400000 -2.952107 2.959287 13.183879 895.173554
 81.600000 -2.571248 2.747002 18.653995 2.017216
 81.800000 -1.982096 2.522514 16.835350 24.033182
 82.000000 -2.204650 2.378216 17.138424 52.149573
 82.200000 -2.342930 2.973305 17.732252 3.143024
 82.400000 3.067883 2.605468 1.981011 2074.878192
 82.600000 -3.135696 2.917186 5.875291 2431.481114
 82.800000 -2.545424 2.990103 18.610066 14.181888
 83.000000 -2.267119 2.495403 17.525605 19.629339
 83.200000 -1.685389 2.308813 18.751966 299.254019
 83.400000 -2.112345 2.314803 16.583023 11.929784
 83.600000 -2.657340 2.961582 18.480554 46.964736
 83.800000 3.127207 3.063422 4.881979 2503.107840
 84.000000 -2.435572 2.629058 18.019953 24.474403
 84.200000 -1.952144 2.383501 16.969705 18.583317
 84.400000 -1.788224 2.584004 17.485882 40.774051
 84.600000 -2.522527 2.748962 18.544461 29.428678
 84.800000 -2.855251 2.929279 15.785768 452.322757
 85.000000 -2.799003 3.056047 16.845462 274.865447
 85.200000 -2.913591 2.701427 14.422910 730.126705
 85.400000 -2.301846 3.065150 17.685941 6.532428
 85.600000 -2.398302 2.566475 17.890497 10.364928
 85.800000 -2.325344 2.557382 17.736467 3.370217
 86.000000 -2.358240 3.040042 17.793431 3.339602
 86.200000 -2.878386 2.826799 15.360700 566.494968
 86.400000 -2.969489 3.031718 12.789494 1061.774014
 86.600000 3.078625 2.701863 2.522245 2254.238049
 86.800000 -2.493128 2.744638 18.411862 40.747501
 87.000000 -2.573154 2.415536 18.791288 3.737744
 87.200000 -2.418617 2.892398 18.012989 17.769017
 87.400000 -2.779337 2.737203 17.321393 228.041213
 87.600000 3.050514 2.760262 1.257767 1821.116937
 87.800000 -2.440357 2.990551 18.116242 27.664526
 88.000000 -2.365733 2.570800 17.854826 4.013886
 88.200000 -2.359951 2.408300 17.871495 3.587725
 88.400000 -2.214733 3.118057 17.303814 56.123973
 88.600000 -2.718057 2.618215 18.163567 115.523933
 88.800000 -3.104788 2.691135 7.457923 2215.450903
 89.000000 -3.101398 -3.053239 7.616906 2184.082940
 89.200000 3.101593 2.763526 3.675680 2482.295350
 89.400000 -2.089897 2.773041 16.532244 3.342966
 89.600000 -1.870048 2.528307 17.181238 2.688498
 89.800000 -2.581081 2.286522 18.889912 2.063043
 90.000000 -2.650210 -3.133618 18.756461 27.627483
 90.200000 -3.130845 3.017979 6.233748 2435.346054
 90.400000 -2.776279 2.534179 17.523700 218.226571
 90.600000 -2.079876 2.779797 16.519581 0.780946
 90.800000 -2.102720 2.617783 16.567007 10.635395
 91.000000 -2.397867 2.684169 18.023838 9.711949
 91.200000 -2.816343 3.032237 16.913461 334.387931
 91.400000 -3.070446 3.028481 9.073283 1897.839838
 91.600000 -2.285591 2.649913 17.786918 14.369153
 91.800000 -1.934501 2.437324 17.013042 13.128551
 92.000000 -2.346703 2.374565 17.938523 3.212613
 92.200000 -2.583924 2.984538 18.979145 1.957499
 92.400000 3.140175 2.988957 5.664983 2510.093499
 92.600000 3.094726 2.572539 3.378545 2461.208503
 92.800000 -2.654488 2.955970 18.842648 27.267264
 93.000000 -2.624256 2.686454 18.958914 5.915878
 93.200000 -2.651192 2.688463 18.899278 22.867987
 93.400000 -2.319731 2.908564 17.946807 5.154496
 93.600000 -2.320081 2.781321 17.947598 5.103175
 93.800000 -2.291457 2.361840 17.865824 12.800147
 94.000000 -2.186198 3.035327 17.161983 75.662048
 94.200000 -2.449656 2.764440 18.361586 29.144488
 94.400000 -2.797677 2.470126 17.388184 278.007721
 94.600000 -2.493362 3.120532 18.624194 39.814037
 94.800000 -2.514767 2.847490 18.756811 35.870502
 95.000000 -2.475375 2.529389 18.511472 37.985968
 95.200000 -1.993953 2.828217 16.733117 21.339424
 95.400000 -2.238934 2.731463 17.648240 51.830530
 95.600000 -2.579256 2.454507 19.075273 4.543989
 95.800000 -2.296970 3.072705 17.952109 11.094178
 96.000000 -2.522857 2.739932 18.838533 33.509807
 96.200000 -2.371247 2.517943 18.148127 4.045343
 96.400000 -2.146988 2.803467 16.884661 63.820856
 96.600000 -2.329948 2.755033 18.072497 3.930045
 96.800000 -3.050307 2.687494 10.031036 1727.915894
 97.000000 -3.037188 3.116522 10.567364 1616.582992
 97.200000 3.106536 2.780135 4.044540 2560.200526
 97.400000 -2.984747 2.680999 12.567371 1253.804919
 97.600000 -2.806205 2.986865 17.384256 315.176177
 97.800000 -2.997622 2.704128 12.104259 1334.639553
 98.000000 -2.729304 2.753676 18.475611 119.238623
 98.200000 -2.748742 3.011958 18.298430 156.107499
 98.400000 -2.580070 2.673457 19.202846 4.991607
 98.600000 -2.289977 2.644384 18.031681 15.277910
 98.800000 -2.052970 2.666856 16.542771 0.759400
 99.000000 -2.462363 2.686090 18.578157 34.807518
 99.200000 -2.684955 2.810451 18.981295 52.810223
 99.400000 -2.411267 3.078561 18.369080 12.922892
 99.600000 -2.519461 2.415422 18.975457 36.786504
 99.800000 -1.815078 2.791343 17.161071 6.820350
 100.000000 -2.301074 2.555898 18.105696 10.862862
 100.200000 -2.477554 2.808501 17.865245 40.500247
 100.400000 -2.745767 2.889800 17.551534 151.943830
 100.600000 -2.427534 2.897046 17.587816 19.887825
 100.800000 -2.194630 2.603057 16.517662 93.882756
 101.000000 -1.968695 2.578732 15.939175 17.569841
 101.200000 -2.166787 2.561277 16.277568 92.502359
 101.400000 -2.451562 2.781744 17.760933 32.046007
 101.600000 -2.992742 2.842776 11.500889 1325.432686
 101.800000 -2.636266 -3.131379 18.459886 8.338886
 102.000000 -2.262951 2.503281 17.116047 36.727637
 102.200000 -1.937353 2.100853 16.065868 9.273098
 102.400000 -1.666873 2.419680 17.730849 303.159414
 102.600000 -2.209267 2.804444 16.728908 90.922422
 102.800000 -3.009384 3.079506 10.914847 1437.423482
 103.000000 3.095831 2.933257 2.707294 2541.243048
 103.200000 -2.972269 2.526482 12.296741 1213.731838
 103.400000 -2.485656 3.070608 18.079529 44.950831
 103.600000 -1.865206 2.857581 16.179410 0.296899
 103.800000 -2.035843 1.640070 15.733804 3.243946
 104.000000 -1.692770 0.915945 17.287065 238.099953
 104.200000 -0.602776 -0.126877 -0.025658 6.154358
 104.400000 -0.665251 -0.610438 2.181362 1697.709062
 104.600000 -0.576907 -0.180672 -0.000072 0.000294
 104.800000 -0.613239 0.112397 0.149200 1394.091107
 105.000000 -1.320081 0.777630 21.859662 10.892997
 105.200000 -1.770810 1.344866 16.399695 39.726440
 105.400000 -1.131491 1.160965 19.001459 568.772916
 105.600000 -1.429971 0.800510 21.406902 95.647754
 105.800000 -1.559989 0.797541 19.611055 292.692101
 106.000000 -1.434821 1.198333 21.358522 103.315748
 106.200000 -1.058149 0.975778 17.012489 895.675080
 106.400000 -1.519469 0.949609 20.249834 229.886691
 106.600000 -1.516665 0.810248 20.292146 225.645495
 106.800000 -1.354428 1.035767 21.837022 2.508906
 107.000000 -1.494905 1.171933 20.606876 193.066980
 107.200000 -1.513454 0.848252 20.326326 219.383765
 107.400000 -1.013009 0.538437 15.548835 1148.078308
 107.600000 -1.018572 0.541177 15.736071 1117.033626
 107.800000 -1.380548 0.863276 21.732623 23.520937
 108.000000 -1.629910 1.186263 18.322334 341.056342
 108.200000 -1.344905 1.119682 21.808261 0.049041
 108.400000 -1.277791 0.768980 21.499625 88.811839
 108.600000 -1.491553 0.820661 20.628160 185.703281
 108.800000 -1.488383 1.052956 20.671079 180.994977
 109.000000 -1.421230 1.024130 21.433544 79.370483
 109.200000 -1.510496 0.875863 20.356973 214.156140
 109.400000 -1.312748 0.945595 21.728681 19.902030
 109.600000 -1.381751 1.176541 21.702384 23.678824
 109.800000 -1.639676 0.857873 18.124843 337.786406
 110.000000 -1.154164 0.825684 19.439663 490.401761
 110.200000 -1.102359 0.936328 18.172285 681.302008
 110.400000 -1.397216 1.041701 21.613487 42.442168
 110.600000 -1.588262 0.849202 19.071184 329.674020
 110.800000 -0.949301 0.697556 13.192782 1427.681918
 111.000000 -1.013635 0.731855 15.515049 1146.859435
 111.200000 -1.462491 0.871920 21.001418 141.155263
 111.400000 -1.558374 1.085594 19.600016 291.906728
 111.600000 -0.934315 0.835873 12.604918 1461.581502
 111.800000 -1.595009 0.928816 18.947433 339.245162
 112.000000 -1.441994 0.925015 21.230712 109.385985
 112.200000 -0.930850 0.911283 12.454685 1471.126906
 112.400000 -1.285243 1.230187 21.532175 75.365539
 112.600000 -1.598705 0.958902 18.882770 345.321807
 112.800000 -0.682841 0.592931 2.785867 1676.485260
 113.000000 -1.389724 0.422280 21.662970 31.438172
 113.200000 -0.994996 0.597646 14.825293 1251.316578
 113.400000 -1.213568 1.346171 20.571662 304.559771
 113.600000 -0.888859 1.209410 10.819616 1483.817985
 113.800000 -1.338193 0.770938 21.789752 1.099667
 114.000000 -1.528350 0.679960 20.105358 244.173108
 114.200000 -1.314039 1.281563 21.724833 21.229346
 114.400000 -1.155925 1.424985 19.416345 493.589789
 114.600000 -0.979998 1.237085 14.277428 1329.384710
 114.800000 -1.587559 0.962137 19.099103 338.134764
 115.000000 -1.481546 0.764487 20.783421 168.890409
 115.200000 -1.372572 0.825081 21.755493 12.175742
 115.400000 -1.704496 1.194718 16.995240 216.286186
 115.600000 -0.924719 0.826673 12.178773 1497.951711
 115.800000 -1.312069 0.946387 21.719139 24.353385
 116.000000 -1.737144 0.976485 16.577978 114.984844
 116.200000 -1.492490 0.857263 20.658135 185.215272
 116.400000 -0.914512 0.634056 11.773367 1514.144170
 116.600000 -1.730905 0.861432 16.640936 135.618608
 116.800000 -1.352969 1.039595 21.806670 0.819863
 117.000000 -0.734385 0.863848 4.801716 1605.002977
 117.200000 -1.388749 0.796619 21.700392 28.725530
 117.400000 -1.773113 0.889647 16.262469 37.277903
 117.600000 -0.843137 1.101914 8.994746 1473.081545
 117.800000 -1.466926 1.307500 20.995994 144.550128
 118.000000 -1.741583 1.006681 16.521341 106.990077
 118.200000 -1.177573 0.568122 19.872572 432.848863
 118.400000 -0.706273 0.220786 3.627256 1639.869737
 118.600000 -0.818399 -0.205752 8.030465 1468.030029
 118.800000 -0.572243 -0.286612 -0.000018 0.000015
 119.000000 -0.842896 0.204921 8.970579 1480.905360
 119.200000 -1.472383 1.028375 20.950484 152.113656
 119.400000 -1.446608 1.571277 21.246639 112.429973
 119.600000 -1.630523 1.541362 18.328149 375.366952
 119.800000 -1.703974 1.032716 17.010962 231.377488
 120.000000 -0.821363 0.484503 8.132352 1472.627587
 120.200000 -0.819844 0.179059 8.063362 1476.352694
 120.400000 -0.814122 -0.176717 7.843551 1475.910089
 120.600000 -0.852201 -0.009550 9.310523 1499.688994
 120.800000 -0.791165 0.180726 6.960246 1488.796133
 121.000000 -1.619245 0.941575 18.563151 375.757060
 121.200000 -1.442681 1.625622 21.309769 104.722681
 121.400000 -0.977942 1.460965 14.170720 1350.847499
 121.600000 -1.286178 1.104272 21.571636 82.066035
 121.800000 -1.867906 0.722188 16.075961 0.408371
 122.000000 -1.445995 0.441747 21.275456 109.761529
 122.200000 -0.933245 0.631750 12.470506 1510.408696
 122.400000 -1.388808 0.938053 21.747603 27.186503
 122.600000 -1.570863 1.090009 19.502830 317.845126
 122.800000 -1.371392 0.949136 21.820600 9.798676
 123.000000 -1.388711 0.745506 21.748109 27.072373
 123.200000 -1.704917 1.241645 17.030176 242.860337
 123.400000 -1.363874 0.920680 21.854465 4.453600
 123.600000 -0.798494 0.717231 7.226987 1486.603801
 123.800000 -1.896850 0.889098 16.076244 0.057283
 124.000000 -1.407233 1.042167 21.648961 50.799612
 124.200000 -1.373547 1.287381 21.843391 10.882331
 124.400000 -1.293880 1.159177 21.662499 66.473866
 124.600000 -1.681122 0.899529 17.440330 318.402913
 124.800000 -1.378920 0.855315 21.823875 15.696153
 125.000000 -1.305639 1.106655 21.748071 40.925589
 125.200000 -1.925331 1.350917 16.054554 0.593391
 125.400000 -1.474760 1.099152 21.015944 151.657730
 125.600000 -0.880571 0.721915 10.399627 1535.962478
 125.800000 -1.872945 0.850319 16.050988 0.284162
 126.000000 -1.640343 1.034230 18.229346 386.455877
 126.200000 -0.887366 1.099459 10.664831 1542.915140
 126.400000 -1.284570 1.394177 21.604654 93.887681
 126.600000 -1.089634 0.717958 17.739851 743.736937
 126.800000 -0.973217 0.209138 13.985547 1370.607383
 127.000000 -0.564524 -0.233649 -0.000003 0.000000
 127.200000 -0.699677 -0.087865 3.293391 1626.190730
 127.400000 -1.576114 0.850610 19.504830 329.367345
 127.600000 -1.666744 1.578941 17.752327 361.006414
 127.800000 -1.711808 2.399660 16.968411 234.595969
 128.000000 -2.815225 3.021048 17.201803 428.639991
 128.200000 3.080219 -3.117394 2.187337 2409.017458
 128.400000 -2.802391 2.683120 17.466815 379.799550
 128.600000 -2.639203 2.697084 19.395021 11.648582
 128.800000 -1.943814 2.898446 16.016230 2.165456
 129.000000 -2.215562 2.450653 17.236928 124.127927
 129.200000 -2.056498 2.506115 15.862689 2.444903
 129.400000 -2.338234 2.725057 18.065074 8.544692
 129.600000 -2.566315 2.792528 19.350367 22.194141
 129.800000 3.132608 2.703150 4.853704 2642.232828
 130.000000 -2.882227 3.046669 15.600199 758.019687
 130.200000 -3.046230 2.795780 9.833205 1829.913029
 130.400000 -3.029015 2.662920 10.554944 1687.706937
 130.600000 -2.834624 3.060660 16.803412 515.842562
 130.800000 -2.883674 2.665622 15.566994 767.461861
 131.000000 -2.306801 2.668356 17.962071 18.795621
 131.200000 -1.963821 2.551016 15.966100 3.882501
 131.400000 -2.466651 2.368485 18.656513 55.510696
 131.600000 -2.496093 3.057061 18.887497 65.063117
 131.800000 2.995276 2.919860 -0.000007 0.000003
 132.000000 -2.414618 2.686678 18.335468 22.348579
 132.200000 -1.898379 2.443795 16.022046 0.009004
 132.400000 -2.061764 2.272985 15.868579 4.760724
 132.600000 -2.749351 2.646313 18.413841 218.648685
 132.800000 3.044989 -3.033589 0.577420 1872.459568
 133.000000 -3.106492 2.618258 7.081072 2377.604831
 133.200000 -2.669225 2.853059 19.311972 48.491749
 133.400000 -2.293647 2.887831 17.921714 28.979512
 133.600000 -2.099468 2.523703 16.029804 40.765845
 133.800000 -2.217620 2.117993 17.277705 126.558610
 134.000000 -2.065110 2.685316 15.876912 6.529833
 134.200000 -2.659815 2.722037 19.387140 34.915593
 134.400000 3.070637 2.773291 1.753913 2264.706746
 134.600000 -2.863849 3.064442 16.127143 664.340759
 134.800000 -3.014305 2.515754 11.173087 1578.461788
 135.000000 -2.930625 2.756579 14.185203 1041.739542
 135.200000 -3.057996 -3.081470 9.353308 1936.717708
 135.400000 3.135507 2.529928 5.032802 2628.614196
 135.600000 -2.279167 2.906085 17.848396 43.832629
 135.800000 -1.885887 2.594128 16.007143 0.080511
 136.000000 -2.106399 2.202551 16.087936 51.067091
 136.200000 -2.292580 2.527086 17.936321 31.210410
 136.400000 -2.440137 3.132055 18.537389 39.541447
 136.600000 3.095871 2.497224 3.013529 2544.367500
 136.800000 -2.398212 3.053935 18.322330 16.232837
 137.000000 -2.166773 2.480911 16.688632 138.628125
 137.200000 -1.988228 2.347096 15.918406 3.190579
 137.400000 -1.992818 2.602141 15.910290 3.047101
 137.600000 -2.537093 2.756245 19.286510 48.592188
 137.800000 3.036563 2.751863 0.253072 1982.552535
 138.000000 -2.542694 3.107339 19.324628 44.005646
 138.200000 -2.078509 2.513545 15.957103 16.298018
 138.400000 -1.817772 1.904336 16.047922 8.949476
 138.600000 -1.681835 2.021110 17.608101 358.457296
 138.800000 -1.874653 2.211720 15.995479 0.098105
 139.000000 -2.482864 2.934373 18.878099 63.262803
 139.200000 3.035155 2.936899 0.211730 1961.998640
 139.400000 -2.725142 2.826563 18.837001 159.982509
 139.600000 -2.288230 2.642569 17.932830 37.181959
 139.800000 -2.056669 2.517267 15.906111 3.246871
 140.000000 -2.414790 2.630452 18.440965 24.685030
 140.200000 -2.649714 2.800232 19.514827 22.126470
 140.400000 -2.908694 3.058200 14.928967 925.651858
 140.600000 -3.011158 2.841689 11.342168 1557.916163
 140.800000 -2.327401 2.877234 18.131227 14.732140
 141.000000 -2.075535 2.428195 15.971000 13.310045
 141.200000 -1.911326 2.177536 16.017845 0.099454
 141.400000 -1.840410 2.659157 16.002110 1.058216
 141.600000 -2.425830 2.766869 18.533663 31.277082
 141.800000 3.030107 2.702855 0.032303 847.740396
 142.000000 -3.041660 3.035280 10.102198 1790.702314
 142.200000 -3.096046 2.782027 7.663417 2271.307473
 142.400000 -2.637089 2.833084 19.590728 10.297659
 142.600000 -1.973966 2.879308 15.991428 1.768279
 142.800000 -2.046349 2.197969 15.933772 0.794989
 143.000000 -2.049713 1.982249 15.937220 1.346829
 143.200000 -1.845670 2.639728 16.003043 0.342444
 143.400000 -2.225761 2.885327 17.423568 117.860381
 143.600000 3.051053 2.592897 0.943836 1945.929339
 143.800000 -2.898556 3.096221 15.261063 872.381114
 144.000000 -3.069592 2.822264 8.900897 2029.201931
 144.200000 -2.945636 2.596503 13.777840 1145.863804
 144.400000 -2.076170 2.994141 16.027095 12.374717
 144.600000 -2.275622 2.371997 17.890386 54.443095
 144.800000 -2.183052 2.453384 16.936447 139.052096
 145.000000 -2.122657 2.927753 16.303469 69.188997
 145.200000 -2.165785 2.668515 16.745544 127.435607
 145.400000 -2.422039 2.410592 18.575765 29.483025
 145.600000 -1.841645 3.019857 16.016677 0.516503
 145.800000 -2.672324 2.496884 19.440294 52.567916
 146.000000 -3.049207 2.705320 9.822153 1848.014126
 146.200000 -3.138762 -3.019299 5.601635 2581.110087
 146.400000 3.131534 2.683460 4.943619 2626.320436
 146.600000 -2.625773 2.609756 19.665237 3.517058
 146.800000 -2.277852 2.951149 17.928234 53.200411
 147.000000 -2.388134 2.598555 18.433478 16.113007
 147.200000 -2.236284 2.705212 17.570463 106.436626
 147.400000 -2.017781 2.802582 16.023522 0.663662
 147.600000 -2.225390 2.416260 17.454755 118.919461
 147.800000 -2.238912 2.638953 17.597373 103.168071
 148.000000 -2.225330 2.884052 17.454103 118.982006
 148.200000 -2.439725 2.710832 18.729711 38.803223
 148.400000 -2.394915 2.776252 18.496721 18.101499
 148.600000 -2.384046 2.896507 18.452352 15.418190
 148.800000 -2.473346 2.682966 18.962085 55.839482
 149.000000 -2.231240 2.737184 17.533948 112.346051
 149.200000 -1.945295 2.769972 16.116589 0.000019
 149.400000 -2.295100 2.358632 18.091743 37.930506
 149.600000 -2.111638 2.679618 16.299052 48.485586
 149.800000 -2.260615 2.790222 17.835993 75.733281
 150.000000 -2.738081 2.540342 18.783936 190.782610
 150.200000 -2.886003 2.903640 15.694300 804.221166
 150.400000 -2.881082 -3.134391 15.832645 776.797504
 150.600000 -2.841425 2.462707 16.858289 568.107437
 150.800000 -2.244982 2.755841 17.712434 96.248529
 151.000000 -2.028551 2.809300 16.073862 0.052014
 151.200000 -2.383091 2.208926 18.520198 15.531869
 151.400000 -2.361130 2.618426 18.437273 13.664502
 151.600000 -1.983936 3.079596 16.126865 0.729767
 151.800000 -2.460032 2.261231 18.932367 47.862792
 152.000000 -1.955975 2.512907 16.142379 0.024428
 152.200000 -1.825133 2.871024 16.052426 2.889373
 152.400000 -2.469055 2.484974 19.019638 50.859510
 152.600000 -3.138034 2.650036 5.716794 2571.166020
 152.800000 2.975715 -2.919724 -0.000000 0.000000
 153.000000 -3.112067 2.634834 7.012160 2393.081620
 153.200000 -2.492222 2.723578 19.210911 54.447082
 153.400000 -1.910872 2.720304 16.137026 2.518597
 153.600000 -1.791436 2.339399 16.177634 34.452026
 153.800000 -2.093675 2.296532 16.279449 25.973807
 154.000000 -1.983478 2.821618 16.165718 0.476763
 154.200000 -2.899114 2.711262 15.357316 880.868513
 154.400000 -2.796774 2.763066 17.862585 370.683859
 154.600000 -2.306869 2.880885 18.270905 30.875707
 154.800000 -1.961020 2.465626 16.196174 0.001305
 155.000000 -1.887570 2.064828 16.107787 3.850371
 155.200000 -1.630449 2.169367 18.676062 402.896584
 155.400000 -2.479793 2.703155 19.162741 51.150250
 155.600000 -3.039192 -3.116003 10.356764 1742.961076
 155.800000 -2.777939 2.655245 18.217571 303.068304
 156.000000 -1.986496 2.453664 16.209926 0.344307
 156.200000 -1.036478 2.261376 15.957600 984.273578
 156.400000 -0.427957 1.907394 -0.000000 0.000000
 156.600000 -0.893519 1.574137 10.674177 1631.791353
 156.800000 -1.291563 0.935805 21.657318 95.832729
 157.000000 -0.938077 0.082849 12.453208 1533.494814
 157.200000 -0.935783 -0.467896 12.349294 1541.678750
 157.400000 -0.693144 -0.283804 2.677645 1506.593423
 157.600000 -0.704441 0.471151 3.118475 1536.844785
 157.800000 -1.004825 1.499565 14.904496 1172.132786
 158.000000 -0.760877 1.715473 5.350834 1571.772242
 158.200000 -0.647025 1.723301 0.947009 1232.536623
 158.400000 -1.044428 2.212353 16.176311 940.684627
 158.600000 -0.821022 2.232908 7.726391 1595.654172
 158.800000 -1.030625 2.339424 15.744679 1016.388955
 159.000000 -0.763774 1.993600 5.451409 1572.384530
 159.200000 -0.884104 1.824637 10.257958 1637.993538
 159.400000 -0.753850 1.466107 5.048644 1571.668022
 159.600000 -0.904968 0.975263 11.100610 1620.042366
 159.800000 -1.356521 0.541965 21.929320 0.170782
 160.000000 -1.345559 0.949235 21.925081 1.441727
 160.200000 -1.179415 1.484431 19.695579 508.737972
 160.400000 -0.874628 1.194622 9.867389 1638.266885
 160.600000 -1.566643 0.924467 19.847004 280.095529
 160.800000 -1.520819 0.846099 20.545425 190.604809
 161.000000 -0.918363 1.227828 11.630487 1592.590056
 161.200000 -1.673988 1.536750 17.776222 390.476886
 161.400000 -1.824766 1.385320 16.075523 0.682476
 161.600000 -1.030423 0.672387 15.708432 1013.960524
 161.800000 -1.121659 0.376869 18.294838 651.385495
 162.000000 -0.952682 0.326610 12.968876 1465.459263
 162.200000 -0.735072 0.427895 4.283741 1569.347506
 162.400000 -1.698519 0.776718 17.306416 328.771926
 162.600000 -1.527448 1.350412 20.443936 200.885139
 162.800000 -0.808738 0.892286 7.208342 1588.299753
 163.000000 -0.833677 0.874877 8.205457 1609.891052
 163.200000 -1.712274 0.950724 17.064530 280.763473
 163.400000 -1.452942 0.641858 21.337984 99.294906
 163.600000 -1.117439 1.031977 18.172916 661.165118
 163.800000 -1.667339 1.784459 17.903592 399.969312
 164.000000 -2.390463 2.116406 18.811210 17.671079
 164.200000 -2.013988 -2.943160 16.373224 0.013540
 164.400000 -2.966669 3.000589 13.209573 1265.244718
 164.600000 -2.734165 2.559482 18.944667 175.230943
 164.800000 -2.010961 2.711825 16.373626 0.021534
 165.000000 -1.823335 2.572588 16.083002 0.658107
 165.200000 -2.482152 2.280898 19.345762 43.034937
 165.400000 -2.342866 3.014530 18.647760 18.527668
 165.600000 -2.907680 2.739854 15.169683 937.306067
 165.800000 -2.976194 2.644470 12.870497 1317.597286
 166.000000 -2.256404 2.966441 18.089149 84.704405
 166.200000 -2.228883 2.361860 17.827977 114.228466
 166.400000 -1.566183 2.048861 19.837896 276.368736
 166.600000 -1.655620 1.966597 18.137849 408.659253
 166.800000 -1.673927 1.716520 17.771515 388.362067
 167.000000 -1.807448 2.178156 16.115692 7.659465
 167.200000 -1.798106 2.684637 16.150913 16.647495
 167.400000 -2.500731 2.970734 19.490913 40.365323
 167.600000 -3.060600 2.769834 9.527115 1889.070199
 167.800000 3.140718 2.816028 5.651570 2559.295884
 168.000000 -2.749145 2.656244 18.747424 212.117332
 168.200000 -2.388927 2.712525 18.880317 17.412355
 168.400000 -2.272959 2.709954 18.274898 65.548530
 168.600000 -2.056293 2.770097 16.468772 2.937030
 168.800000 -2.420284 2.366441 19.022558 24.744919
 169.000000 -1.934456 2.982581 16.369589 5.617119
 169.200000 -2.452725 2.599611 19.216075 34.899707
 169.400000 -2.655337 2.770865 19.718326 34.462564
 169.600000 -2.698277 2.965582 19.376811 99.424769
 169.800000 3.052713 2.848688 1.296481 2032.653587
 170.000000 -3.068719 2.909829 9.181318 1956.808983
 170.200000 3.100800 2.798327 3.639748 2576.284152
 170.400000 -3.040968 2.900468 10.377223 1729.253284
 170.600000 3.017267 2.881813 -0.027446 1.910630
 170.800000 -2.693945 2.730138 19.422480 91.910369
 171.000000 -2.035648 2.630191 16.479263 0.478343
 171.200000 -1.994734 2.738997 16.481129 0.105577
 171.400000 -2.218984 2.470248 17.798872 120.276315
 171.600000 -2.679919 2.599324 19.552336 69.066501
 171.800000 -3.061653 3.060940 9.505859 1891.826510
 172.000000 -2.672590 2.928879 19.610717 58.054099
 172.200000 -1.830986 2.367718 16.111317 0.164937
 172.400000 -1.893593 2.324896 16.276343 13.723752
 172.600000 -1.936384 2.765766 16.417366 6.681453
 172.800000 -2.632136 2.770240 19.844822 13.308806
 173.000000 2.974762 2.776801 -0.000001 0.000000
 173.200000 -3.096131 2.822918 7.966696 2191.416875
 173.400000 -2.395191 2.789564 18.994143 18.372525
 173.600000 -2.344398 2.191828 18.783837 19.161693
 173.800000 -1.768725 2.628810 16.348690 71.739752
 174.000000 -2.169614 2.745373 17.283718 112.735209
 174.200000 -2.728811 2.391658 19.051170 160.416537
 174.400000 -2.871726 2.967593 16.261419 728.444112
 174.600000 -3.006443 3.074813 11.790544 1491.040968
 174.800000 -2.684434 2.479186 19.527321 76.839315
 175.000000 -1.684982 2.571079 17.555296 357.768636
 175.200000 -1.784591 2.558462 16.242363 33.691944
 175.400000 -2.203036 2.402834 17.685688 124.849972
 175.600000 -2.560642 2.795096 19.884781 8.577028
 175.800000 2.962783 2.781187 -0.000000 0.000000
 176.000000 -2.390412 2.626311 19.007786 17.824607
 176.200000 -1.517379 2.553682 20.523819 176.767346
 176.400000 -2.141380 2.250607 17.058412 79.466760
 176.600000 -2.465965 2.544481 19.408967 35.207027
 176.800000 3.015959 2.976681 -0.027791 0.295238
 177.000000 3.036593 2.982885 0.671016 1768.976700
 177.200000 -2.730230 2.779373 19.051110 162.621677
 177.400000 -2.421457 2.700802 19.181562 24.273449
 177.600000 -2.168027 2.946106 17.337466 109.827515
 177.800000 -2.363656 2.591559 18.929597 16.973039
 178.000000 -2.362133 2.651120 18.923316 17.067163
 178.200000 -2.718273 3.026264 19.203907 137.617145
 178.400000 3.069222 2.624083 2.169059 2303.891721
 178.600000 -2.934699 2.975238 14.391265 1093.397334
 178.800000 3.005935 2.569031 -0.004438 1.313605
 179.000000 -2.713701 2.792924 19.256655 128.631222
 179.200000 -2.355590 2.662924 18.930979 17.782240
 179.400000 -2.285127 2.388900 18.546585 53.321081
 179.600000 -2.021156 2.638285 16.616830 0.406452
 179.800000 -2.154011 2.615166 17.233534 95.183257
 180.000000 -2.474474 2.664143 19.509481 35.141446
 180.200000 -2.777176 2.695924 18.376002 287.589330
 180.400000 -3.085409 2.963160 8.534868 2070.136058
 180.600000 3.038694 2.630473 0.805453 1808.365958
 180.800000 -2.808786 2.905961 17.790345 405.920485
 181.000000 -2.280456 2.596178 18.531749 57.529449
 181.200000 -2.006516 2.513699 16.635446 0.470096
 181.400000 -2.007582 2.675282 16.636175 0.465821
 181.600000 -2.413227 2.549490 19.214903 22.082272
 181.800000 3.115877 2.808830 4.544304 2601.310777
 182.000000 -2.699094 3.080874 19.435926 102.567528
 182.200000 -3.043528 2.486147 10.377147 1717.776426
 182.400000 -2.938025 2.806087 14.314894 1111.071128
 182.600000 -2.824694 -3.043164 17.474236 477.300151
 182.800000 -3.140141 2.276787 5.935621 2510.831925
 183.000000 -2.385532 2.790179 19.111276 17.499673
 183.200000 -2.149806 2.850247 17.277891 91.409351
 183.400000 -2.250927 2.125993 18.340577 87.332913
 183.600000 -1.782522 2.453914 16.288253 32.288799
 183.800000 -1.945801 2.698674 16.569461 7.243196
 184.000000 -2.761700 2.619043 18.653958 239.485225
 184.200000 -3.103008 2.877774 7.775947 2216.712103
 184.400000 2.980409 2.922003 -0.000011 0.000006
 184.600000 -2.684697 2.597192 19.599112 79.655146
 184.800000 -2.482628 2.585774 19.643996 33.379701
 185.000000 -1.923720 2.685703 16.508258 13.265618
 185.200000 -2.153973 2.499420 17.364292 97.038911
 185.400000 -2.042112 2.668839 16.733133 2.860042
 185.600000 -2.293658 2.670427 18.725216 43.916083
 185.800000 -2.631392 2.740743 19.958358 17.019829
 186.000000 -3.002105 2.803249 12.060662 1447.247886
 186.200000 -2.827964 -3.092514 17.445726 490.340103
 186.400000 -2.819258 2.634577 17.634338 449.009773
 186.600000 -2.575731 2.748728 20.052625 1.129251
 186.800000 -2.451757 2.828738 19.501184 30.272074
 187.000000 -2.346022 2.763827 19.023257 18.367053
 187.200000 -2.404989 2.580030 19.286453 19.506385
 187.400000 -2.141367 3.010159 17.294726 84.080992
 187.600000 -2.262585 2.592171 18.537722 72.192166
 187.800000 -2.305045 2.451841 18.841460 34.405202
 188.000000 -1.972972 2.867597 16.669140 3.395762
 188.200000 -2.003864 2.656694 16.726393 1.632035
 188.400000 -2.390299 2.420413 19.243698 16.738520
 188.600000 -2.387174 2.851177 19.230983 16.382804
 188.800000 -2.853264 2.978581 16.875529 621.885370
 189.000000 -2.751402 2.682813 18.858675 209.095789
 189.200000 -2.009531 2.870084 16.747562 1.852098
 189.400000 -1.805504 2.265605 16.212319 3.742675
 189.600000 -2.071118 2.088036 16.884271 14.531755
 189.800000 -1.960447 2.620619 16.662465 6.036336
 190.000000 -2.110387 2.980442 17.094681 48.656854
 190.200000 -2.965868 2.536914 13.453710 1255.559587
 190.400000 -2.858001 -3.050574 16.780586 648.139995
 190.600000 3.069868 2.878956 2.363900 2354.992021
 190.800000 -3.082380 2.625136 8.811185 2018.848229
 191.000000 -3.094633 2.981135 8.253171 2130.094721
 191.200000 3.122571 2.948151 5.036953 2601.676997
 191.400000 -3.034796 2.446729 10.856284 1640.405015
 191.600000 -2.398742 3.126477 19.341374 16.762759
 191.800000 -2.967035 2.772970 13.426699 1260.521374
 192.000000 -3.058755 2.894633 9.860962 1816.861082
 192.200000 -3.111823 2.907989 7.479385 2287.244527
 192.400000 3.030476 2.754827 0.607028 1730.933720
 192.600000 -2.831206 2.997157 17.447757 501.605317
 192.800000 3.069916 2.704031 2.394818 2364.934424
 193.000000 -2.971534 2.919592 13.283300 1282.059886
 193.200000 3.054736 2.806876 1.688340 2153.781156
 193.400000 -2.839283 2.810054 17.276927 540.436068
 193.600000 -2.550668 2.882833 20.094750 7.593439
 193.800000 -2.535685 2.462825 20.045998 13.845777
 194.000000 -2.200090 2.857331 18.077473 122.589421
 194.200000 -2.554287 2.594621 20.118419 5.932504
 194.400000 -2.671124 2.790505 19.808987 61.524357
 194.600000 -3.063041 2.858161 9.740423 1852.037896
 194.800000 -2.869581 3.110699 16.537956 706.006141
 195.000000 -2.588984 2.554174 20.154644 0.199267
 195.200000 -2.293722 2.666803 18.971609 38.015985
 195.400000 -1.791454 2.708020 16.265502 12.985103
 195.600000 -2.108866 2.462868 17.219459 53.559530
 195.800000 -2.032673 2.505529 16.876478 5.307405
 196.000000 -2.203730 2.890896 18.167657 121.635205
 196.200000 -2.535507 2.730017 20.094210 12.682222
 196.400000 -3.110151 2.544997 7.645821 2282.720531
 196.600000 -3.106928 3.121176 7.799286 2252.935005
 196.800000 -2.990758 2.708380 12.669499 1374.540114
 197.000000 -2.953965 2.495432 13.984660 1182.454545
 197.200000 -2.300632 2.956941 19.058172 32.106413
 197.400000 -2.258539 2.440102 18.763329 70.495629
 197.600000 -2.110636 2.358979 17.279140 58.097326
 197.800000 -1.709753 2.785471 17.053194 230.991241
 198.000000 -2.109144 2.578466 17.267853 56.344141
 198.200000 -2.300909 2.580272 19.084836 31.562136
 198.400000 -2.601859 2.818802 20.190754 3.544725
 198.600000 3.081117 2.775248 3.052041 2526.817191
 198.800000 -3.067216 2.668470 9.654017 1890.325656
 199.000000 -2.572151 3.098475 20.206889 0.576582
 199.200000 -2.972828 2.520098 13.390982 1270.993764
 199.400000 -2.928660 2.890229 14.890606 1033.618158
 199.600000 -2.867167 2.964668 16.685162 674.340244
 199.800000 3.033773 2.583993 0.843476 1813.976008
 200.000000 -2.653522 2.724134 19.982290 42.754762
 200.200000 -2.805790 2.906915 18.640967 365.461974
 200.400000 3.124326 2.587926 5.869205 2646.549708
 200.600000 -2.991724 2.945213 13.288856 1369.256350
 200.800000 -2.983983 2.889979 13.573073 1327.330656
 201.000000 3.061775 2.608108 2.693892 2317.380370
 201.200000 -2.616421 3.011499 20.743669 11.340393
 201.400000 -2.339264 2.709330 19.890291 15.084442
 201.600000 -2.099934 2.569414 17.840034 50.263878
 201.800000 -1.881893 2.583076 16.986548 23.532791
 202.000000 -2.022964 2.740218 17.495526 6.765579
 202.200000 -2.388360 2.584398 20.085863 13.262005
 202.400000 -2.672350 2.707816 20.426708 65.737348
 202.600000 -3.073714 2.980844 10.033778 1953.860851
 202.800000 3.077894 2.821005 3.521888 2535.444536
 203.000000 -2.413783 2.687427 20.184312 17.153107
 203.200000 -1.765438 2.434319 16.942881 49.499032
 203.400000 -1.747817 2.237794 17.090697 94.567933
 203.600000 -2.034974 2.598725 17.555156 9.692472
 203.800000 -2.504133 2.819807 20.634039 20.934027
 204.000000 3.105641 2.882287 4.966199 2696.856461
 204.200000 3.119283 2.892312 5.695823 2697.160604
 204.400000 3.094139 3.011899 4.389332 2672.749868
 204.600000 3.099729 2.693688 4.678954 2693.988598
 204.800000 -2.550647 2.907591 20.810459 4.351401
 205.000000 -2.239738 2.362622 19.314156 90.369161
 205.200000 -1.987724 2.522103 17.447830 8.181149
 205.400000 -1.923468 2.661067 17.206267 22.965873
 205.600000 -2.180941 2.716189 18.705746 126.978143
 205.800000 -2.843916 2.620330 17.905568 522.896227
 206.000000 3.127569 3.062902 6.149944 2676.729688
 206.200000 -2.888055 2.963828 16.805139 763.383234
 206.400000 -2.519663 2.450651 20.744482 14.672547
 206.600000 -1.713700 2.453578 17.476792 197.396299
 206.800000 -1.638274 2.544970 18.752859 333.891595
 207.000000 -2.197479 2.453371 18.912914 124.578879
 207.200000 -2.759411 2.794627 19.482849 208.771266
 207.400000 3.129323 3.016206 6.288826 2683.995536
 207.600000 -3.073381 2.755507 10.184686 1955.119771
 207.800000 -2.501489 2.694673 20.683035 20.003607
 208.000000 -2.147625 2.718652 18.383245 108.841530
 208.200000 -1.860002 2.581663 16.896840 20.011335
 208.400000 -1.912296 2.247391 17.167215 27.382088
 208.600000 -1.825238 2.538228 16.785222 2.649685
 208.800000 -2.354455 2.723198 20.079423 12.277240
 209.000000 3.073346 2.841751 3.405152 2550.423703
 209.200000 -2.815724 2.896685 18.551990 382.037924
 209.400000 -2.549043 2.781394 20.872403 3.822488
 209.600000 -2.233044 2.611608 19.352596 95.863434
 209.800000 -2.252477 2.594231 19.531705 74.094156
 210.000000 -2.127223 2.704745 18.220716 88.370790
 210.200000 -2.166657 2.671326 18.651891 123.911376
 210.400000 -2.144877 2.451467 18.416420 108.165164
 210.600000 -2.059149 2.744708 17.757143 23.083118
 210.800000 -2.018962 2.574247 17.600870 10.539928
 211.000000 -2.268897 2.565068 19.685644 55.967743
 211.200000 -2.324852 2.737972 20.026120 17.411916
 211.400000 -2.790132 2.728810 19.040290 287.452693
 211.600000 3.124022 2.869059 6.102845 2739.365517
 211.800000 3.088553 2.809346 4.240720 2711.894758
 212.000000 -2.707438 2.805379 20.167824 114.006028
 212.200000 -2.556438 2.916838 20.922593 1.733305
 212.400000 -2.819209 2.700586 18.518937 390.267923
 212.600000 -3.014260 2.932309 12.747274 1464.450522
 212.800000 3.054683 2.777904 2.548402 2327.947434
 213.000000 -3.074184 2.706144 10.279949 1967.018523
 213.200000 -2.974294 2.881266 14.233203 1217.731651
 213.400000 -2.921585 2.974342 15.957270 924.707531
 213.600000 3.141245 2.546832 7.045357 2651.988726
 213.800000 3.038717 2.866750 1.817230 2039.558706
 214.000000 -2.726777 2.952692 19.969204 142.798442
 214.200000 -2.854036 2.483861 17.798625 546.534903
 214.400000 -2.706153 2.769525 20.211844 111.336268
 214.600000 -2.609099 3.123800 20.897995 10.153250
 214.800000 -3.001375 2.364434 13.285346 1371.605910
 215.000000 -2.837472 3.081692 18.170962 465.884600
 215.200000 3.141058 2.814048 7.092366 2668.136225
 215.400000 -2.869203 2.891206 17.451520 623.979352
 215.600000 -2.001583 2.716296 17.609469 12.591521
 215.800000 -1.802111 2.235262 16.776525 0.475520
 216.000000 -1.701004 1.779465 17.578293 210.805272
 216.200000 -1.802993 1.969777 16.776422 0.257228
 216.400000 -1.787359 1.987976 16.801053 7.158891
 216.600000 -1.945511 2.573753 17.392192 22.975431
 216.800000 -2.354796 2.889955 20.228264 10.409652
 217.000000 2.937297 2.598671 -0.000008 0.000001
 217.200000 -2.969527 3.006409 14.497498 1173.099224
 217.400000 -2.934725 2.690036 15.639810 983.168420
 217.600000 -3.036900 2.710647 11.999132 1612.734304
 217.800000 -2.728991 3.110761 19.994167 142.526122
 218.000000 3.057041 2.441713 2.755375 2430.321075
 218.200000 -3.092336 2.867545 9.633153 2162.105982
 218.400000 3.024994 2.998433 1.293947 1800.044152
 218.600000 3.086223 2.645376 4.272692 2780.759611
 218.800000 -2.872885 2.928362 17.419395 637.209634
 219.000000 -3.122865 2.853100 8.158269 2504.269548
 219.200000 -3.035532 3.070798 12.115051 1593.925436
 219.400000 -2.950218 2.641195 15.194990 1060.339931
 219.600000 -2.425901 2.744723 20.516714 16.130963
 219.800000 -2.248915 2.737178 19.717025 72.067225
 220.000000 -2.239030 2.611505 19.629889 83.434474
 220.200000 -2.009154 2.462331 17.686958 15.910120
 220.400000 -2.106479 2.497480 18.259669 76.238906
 220.600000 -2.014944 2.705492 17.710250 16.510901
 220.800000 -2.338982 2.565644 20.238347 11.667043
 221.000000 -2.649681 2.775030 20.760304 41.756105
 221.200000 3.024092 2.822550 1.308671 1820.042823
 221.400000 2.993326 2.952256 0.109918 1140.046381
 221.600000 -2.592166 2.812039 21.010760 3.319123
 221.800000 -2.143681 2.633387 18.645915 114.825231
 222.000000 -1.569804 2.346983 19.648878 227.305170
 222.200000 -1.995610 2.136479 17.656808 16.997952
 222.400000 -2.012857 2.524899 17.728313 17.778269
 222.600000 -2.314108 2.971313 20.175372 18.064766
 222.800000 -2.595640 2.707757 21.013437 4.562564
 223.000000 -3.062384 2.674220 11.098568 1826.299033
 223.200000 3.000370 3.026147 0.402764 1410.555431
 223.400000 -3.000974 2.765859 13.548484 1330.228163
 223.600000 -2.454656 2.536290 20.696737 19.663478
 223.800000 -1.764360 2.898077 16.895633 30.448630
 224.000000 -1.842250 2.300055 16.870167 15.649019
 224.200000 -2.131450 2.138053 18.584251 105.133838
 224.400000 -1.758509 2.739273 16.930281 39.589557
 224.600000 -2.134259 2.819330 18.613227 107.651089
 224.800000 -2.627005 2.560956 20.923452 22.337504
 225.000000 -3.033006 2.724002 12.364088 1551.407692
 225.200000 2.972439 3.076960 -0.005571 1.225967
 225.400000 -2.996441 2.656117 13.768238 1294.249980
 225.600000 -2.391497 2.812554 20.477046 11.035543
 225.800000 -2.412459 2.656342 20.550757 13.890640
 226.000000 -2.548781 2.661511 21.059085 2.008563
 226.200000 -2.724504 3.067422 20.157476 122.855718
 226.400000 -3.031608 2.859387 12.478176 1532.647354
 226.600000 -2.349914 2.775584 20.361982 10.055572
 226.800000 -1.912110 2.539720 17.269516 36.323734
 227.000000 -1.741860 2.412159 17.052787 71.479699
 227.200000 -2.144044 2.374989 18.782969 114.970361
 227.400000 -2.444326 2.918059 20.712233 18.474773
 227.600000 -2.964500 2.934600 14.927625 1108.163788
 227.800000 -3.099071 2.873537 9.605519 2234.469232
 228.000000 -1.996677 2.955462 17.719933 21.486814
 228.200000 -1.802834 2.094278 16.802629 0.001041
 228.400000 -1.536536 1.280560 19.976080 171.230440
 228.600000 -0.822398 0.294117 7.142958 1708.061083
 228.800000 -0.701048 -0.477232 2.319457 1342.922335
 229.000000 -0.725096 -0.459439 3.223403 1476.393388
 229.200000 -0.900337 0.182885 10.326804 1633.661931
 229.400000 -0.952444 0.565872 12.365685 1407.956410
 229.600000 -1.586756 1.020526 19.244046 232.124262
 229.800000 -1.288534 1.239512 20.915505 121.745246
 230.000000 -0.949501 0.841638 12.254937 1423.880569
 230.200000 -1.266352 0.851573 20.610143 201.863789
 230.400000 -0.677158 0.806532 1.427093 1159.591393
 230.600000 -1.135188 1.120735 17.904856 616.809950
 230.800000 -1.225143 0.989752 19.919003 364.124143
 231.000000 -1.189845 0.617572 19.190661 483.875624
 231.200000 -1.205583 0.861794 19.504690 434.552780
 231.400000 -1.733207 1.290339 17.125030 83.873860
 231.600000 -1.324095 0.921507 21.165469 31.873753
 231.800000 -0.850953 0.318222 8.255430 1714.322304
 232.000000 -1.113252 -0.244874 17.325114 666.565233
 232.200000 -0.478046 -0.387601 -0.000000 0.000000
 232.400000 -0.678438 0.372445 1.428140 1163.598844
 232.600000 -1.711680 1.298999 17.346988 134.060525
 232.800000 -1.531616 1.647308 19.966524 160.798802
 233.000000 -0.855081 1.773334 8.404969 1711.296674
 233.200000 -0.806247 1.592263 6.365009 1697.563762
 233.400000 -0.723844 1.695448 3.061157 1465.804687
 233.600000 -1.205715 1.654959 19.463995 433.708196
 233.800000 -1.188227 1.323376 19.088180 488.969558
 234.000000 -1.523823 0.748125 20.048417 150.919438
 234.200000 -0.964975 0.620210 12.712869 1328.401519
 234.400000 -1.218380 0.646107 19.700292 388.639140
 234.600000 -1.172992 1.091697 18.723563 531.159979
 234.800000 -0.739226 1.357128 3.639378 1536.908171
 235.000000 -0.646921 1.817896 0.377466 972.182943
 235.200000 -0.599598 2.283927 -0.000232 0.001710
 235.400000 -1.102898 2.419889 16.968468 696.356695
 235.600000 -0.694690 1.976027 1.941884 1287.674812
 235.800000 -0.909115 1.536236 10.553290 1590.186457
 236.000000 -0.954023 1.019948 12.289385 1386.159404
 236.200000 -1.597449 0.647234 18.989624 228.541996
 236.400000 -0.467843 0.299005 -0.000000 0.000000
 236.600000 -1.386467 0.624297 21.140356 7.572790
 236.800000 -1.277797 1.115547 20.634365 158.802423
 237.000000 -0.920237 1.179018 10.978181 1544.101970
 237.200000 -1.242395 1.111089 20.086315 294.722179
 237.400000 -1.468360 0.774122 20.592279 89.043390
 237.600000 -1.110022 0.879766 17.118263 679.571504
 237.800000 -1.283422 1.009778 20.684444 139.030655
 238.000000 -1.010572 0.787202 14.231107 1065.012498
 238.200000 -1.222371 0.627962 19.704694 371.866119
 238.400000 -1.130269 0.655417 17.620020 633.079166
 238.600000 -1.410597 0.966708 21.011018 27.047316
 238.800000 -1.130349 0.997083 17.622044 632.895807
 239.000000 -1.223898 0.864551 19.734029 366.126726
 239.200000 -1.353586 0.970871 21.114486 2.170551
 239.400000 -1.201374 0.899418 19.266921 445.401352
 239.600000 -1.099318 0.833494 16.805448 710.110580
 239.800000 -1.648585 1.056887 18.176316 229.058060
 240.000000 -1.001897 0.795874 13.910643 1111.278779
 240.200000 -1.531021 1.008337 19.866407 155.514574
 240.400000 -1.450968 0.917527 20.709020 69.314671
 240.600000 -0.850698 0.679129 8.106865 1703.342075
 240.800000 -1.316558 0.766939 20.948622 46.968363
 241.000000 -1.119579 0.859773 17.323137 660.376803
 241.200000 -1.244793 1.119960 20.073914 282.319125
 241.400000 -1.644723 0.985242 18.218802 228.858651
 241.600000 -0.658300 0.451795 0.616322 991.703078
 241.800000 -1.371718 0.769720 21.094624 0.775726
 242.000000 -1.233143 1.014115 19.870429 328.031235
 242.200000 -1.099594 1.100547 16.780329 714.977192
 242.400000 -1.234661 1.008365 19.889002 321.030579
 242.600000 -1.505256 0.783522 20.153270 127.192067
 242.800000 -1.079071 0.869223 16.220315 776.119740
 243.000000 -1.272128 1.267182 20.476784 176.422259
 243.200000 -1.465596 1.343853 20.552803 84.722377
 243.400000 -1.238335 0.565914 19.946601 305.627476
 243.600000 -0.801924 0.108586 6.050740 1709.331277
 243.800000 -0.786453 -0.263722 5.412632 1691.516204
 244.000000 -0.697364 0.105108 1.908428 1315.147967
 244.200000 -0.852840 0.474311 8.148576 1701.537097
 244.400000 -1.452437 0.946440 20.661901 70.385228
 244.600000 -1.390857 1.234921 21.029143 9.481436
 244.800000 -0.837963 0.766408 7.533618 1714.562761
 245.000000 -1.441579 0.665259 20.749009 58.429813
 245.200000 -1.120786 0.954378 17.316301 664.730604
 245.400000 -1.104257 1.186086 16.883345 708.100523
 245.600000 -1.599330 1.132174 18.873703 224.746471
 245.800000 -1.153030 0.656805 18.121868 583.835560
 246.000000 -1.028455 0.689577 14.696829 985.857751
 246.200000 -1.240716 0.753185 19.968913 293.819805
 246.400000 -1.252504 1.061524 20.162870 247.964483
 246.600000 -1.241801 1.313297 19.987453 289.588425
 246.800000 -1.320356 0.893777 20.919560 39.472468
 247.000000 -1.458081 0.711160 20.604159 76.928882
 247.200000 -1.086758 0.652156 16.401326 764.216707
 247.400000 -1.174783 0.815178 18.629749 523.881987
 247.600000 -1.548634 1.184183 19.581591 179.624294
 247.800000 -1.031165 0.939336 14.767597 979.196190
 248.000000 -1.549931 0.873987 19.564175 181.067465
 248.200000 -1.261009 0.986883 20.288190 213.201598
 248.400000 -1.295911 1.081617 20.715796 96.247457
 248.600000 -1.485646 0.934445 20.331605 108.968150
 248.800000 -0.846698 0.556112 7.860567 1710.419753
 249.000000 -0.868899 0.332610 8.774578 1676.236793
 249.200000 -1.705286 0.711024 17.334202 125.509525
 249.400000 -0.779920 1.096193 5.080408 1704.241677
 249.600000 -0.885798 1.321623 9.455297 1637.922182
 249.800000 -0.735069 1.809744 3.260271 1566.901713
 250.000000 -0.865972 1.814260 8.647101 1682.828946
 250.200000 -0.905158 2.359255 10.226764 1578.456078
 250.400000 -1.061007 2.356497 15.662282 864.903495
 250.600000 -0.899839 2.301076 10.014841 1596.012455
 250.800000 -0.826029 1.938929 6.989322 1731.592651
 251.000000 -0.662621 1.659365 0.614798 1032.749747
 251.200000 -0.826616 1.799633 7.010078 1734.118643
 251.400000 -1.123344 1.982678 17.381068 668.636342
 251.600000 -0.722695 2.138723 2.753285 1512.322110
 251.800000 -0.940147 1.942251 11.583692 1438.215005
 252.000000 -0.612596 1.794431 -0.000386 0.005501
 252.200000 -0.706750 1.786602 2.134765 1412.479372
 252.400000 -0.848618 2.046032 7.922379 1713.523966
 252.600000 -0.546914 2.127621 -0.000000 0.000000
 252.800000 -1.612659 2.052596 18.612430 235.254051
 253.000000 -1.986031 1.679802 17.752011 40.949773
 253.200000 -1.418863 2.102446 20.877013 33.483322
 253.400000 -1.502398 2.180671 20.132059 132.685629
 253.600000 -2.093753 2.622519 18.578708 91.968422
 253.800000 -2.975023 2.863619 14.982222 1099.031536
 254.000000 -2.769545 3.077318 19.803167 170.719814
 254.200000 -2.178943 2.513925 19.471081 106.751062
 254.400000 -1.678417 2.139693 17.626299 177.074635
 254.600000 -1.636979 1.668103 18.223417 230.357567
 254.800000 -1.050774 1.130410 15.355312 914.122955
 255.000000 -0.674611 0.188001 0.966240 1143.382255
 255.200000 -0.933638 -0.648724 11.329312 1462.233178
 255.400000 -0.995801 -0.227417 13.585373 1167.698106
 255.600000 -0.765004 0.507997 4.436297 1707.179220
 255.800000 -2.163771 1.415914 19.314488 112.942619
 256.000000 -2.133626 2.396631 18.991719 113.532264
 256.200000 -1.804254 -2.981570 16.766803 0.421973
 256.400000 -2.621229 2.576975 21.068694 20.832492
 256.600000 -3.120343 2.267627 9.060376 2553.067015
 256.800000 -2.575392 -2.891602 21.209728 2.285120
 257.000000 -2.134163 -3.093182 19.000518 113.805729
 257.200000 -2.221927 1.980587 19.885290 70.902487
 257.400000 -1.336354 1.577431 20.968501 15.721771
 257.600000 -0.599860 0.648609 -0.000021 0.000013
 257.800000 -1.026171 0.152043 14.588292 1025.066910
 258.000000 -1.598493 0.227955 18.795751 234.508824
 258.200000 -1.680487 0.948390 17.575716 171.076212
 258.400000 -0.809551 1.550750 6.292092 1758.048822
 258.600000 -0.666967 2.424723 0.675578 1090.267368
 258.800000 -1.514607 2.632709 19.971095 151.676705
 259.000000 -2.701102 2.268322 20.532875 74.287837
 259.200000 -2.590152 3.021457 21.174730 6.571132
 259.400000 -3.113908 3.073182 9.400827 2469.824429
 259.600000 -2.878774 2.492791 17.797274 591.388269
 259.800000 -1.860362 2.676175 16.934155 26.381834
 260.000000 -0.950764 2.503032 11.970641 1383.550602
 260.200000 -0.560326 1.656131 -0.000000 0.000000
 260.400000 -1.272767 1.290493 20.423684 161.734606
 260.600000 -1.126045 0.310845 17.462294 662.181888
 260.800000 -0.852116 -0.216600 8.067256 1706.848132
 261.000000 -0.898119 -0.388469 9.936915 1587.406681
 261.200000 -0.655323 0.036282 0.268223 1144.169059
 261.400000 -0.815312 0.453016 6.534784 1757.890004
 261.600000 -1.518194 1.131954 19.916336 158.600365
 261.800000 -1.693587 1.557641 17.396150 142.852116
 262.000000 -1.373462 1.260454 21.011922 0.643184
 262.200000 -0.724062 0.112425 2.752832 1579.238244
 262.400000 -0.791356 -0.586966 5.530383 1765.883425
 262.600000 -0.617268 -0.423389 -0.000386 0.006039
 262.800000 -0.883990 0.491904 9.370801 1626.033915
 263.000000 -1.365760 1.160735 21.012007 0.025538
 263.200000 -1.382947 1.041582 20.994752 3.619457
 263.400000 -1.040410 0.675341 15.035572 970.654635
 263.600000 -1.632132 0.916076 18.244776 232.953192
 263.800000 -0.896485 1.037795 9.873208 1585.288539
 264.000000 -0.819249 1.194441 6.705485 1753.503539
 264.200000 -1.356717 1.734764 21.001645 1.789048
 264.400000 -1.881439 1.739399 17.029430 35.304993
 264.600000 -1.678829 2.285865 17.569068 171.483007
 264.800000 -2.282037 2.675457 20.290064 25.175864
 265.000000 -2.846912 2.934061 18.523692 428.191980
 265.200000 -3.124779 2.949729 8.875115 2630.042476
 265.400000 2.985439 2.898445 0.221038 1287.299881
 265.600000 -2.339299 2.778036 20.521120 11.932490
 265.800000 -1.702581 2.438571 17.278210 122.633885
 266.000000 -1.700636 2.180665 17.299930 126.753362
 266.200000 -1.861423 2.279870 16.910201 25.801374
 266.400000 -1.908189 2.719676 17.187910 42.249385
 266.600000 -2.047462 2.727503 18.175149 69.978315
 266.800000 -2.563050 2.342382 21.201413 0.523000
 267.000000 -2.412947 3.074343 20.785632 15.931690
 267.200000 -2.927594 2.797536 16.514221 831.912944
 267.400000 3.085048 2.666124 4.890569 3052.525481
 267.600000 -3.119604 3.048342 9.145169 2559.898169
 267.800000 -3.045130 2.954417 12.513903 1602.000450
 268.000000 -2.656059 2.674868 20.853146 40.498734
 268.200000 -2.283481 2.873995 20.294737 24.438456
 268.400000 -1.926545 2.637337 17.303262 44.765018
 268.600000 -1.943940 2.242358 17.420388 45.791113
 268.800000 -1.706343 2.319446 17.231292 113.987601
 269.000000 -2.288835 2.420246 20.320578 22.210931
 269.200000 -2.662478 2.862107 20.805171 44.238500
 269.400000 3.127026 2.950509 7.224789 2981.133614
 269.600000 -2.809280 2.778228 19.220928 272.209275
 269.800000 -2.236731 2.848298 20.007330 55.028617
 270.000000 -1.861582 2.376516 16.903896 25.573466
 270.200000 -1.531112 2.329288 19.721826 179.177942
 270.400000 -1.902403 2.259992 17.140976 41.149627
 270.600000 -1.901935 2.879170 17.137977 41.040905
 270.800000 -2.353626 2.902678 20.569100 11.716703
 271.000000 -2.704361 2.593067 20.483221 73.892036
 271.200000 -2.858758 2.973863 18.274620 477.682764
 271.400000 -2.868914 3.082312 18.047003 527.519854
 271.600000 -2.810212 2.780024 19.205652 273.985045
 271.800000 -2.691431 2.777847 20.587840 63.388776
 272.000000 -2.589591 2.748227 21.142572 6.560515
 272.200000 -2.777954 2.578793 19.689189 180.089293
 272.400000 -2.499720 3.011821 21.113824 7.967423
 272.600000 -2.825658 2.486559 18.939697 330.353697
 272.800000 -2.282119 2.975394 20.287183 25.277402
 273.000000 -2.462978 2.569620 20.987641 15.099954
 273.200000 -2.537028 2.618658 21.185579 0.732127
 273.400000 -2.487545 2.988026 21.077662 10.726526
 273.600000 3.039108 2.657663 2.497976 2386.795046
 273.800000 -3.119060 2.917039 9.197300 2547.609899
 274.000000 -2.642775 -3.033297 20.918776 31.962213
 274.200000 -1.677663 2.492551 17.560098 168.057520
 274.400000 -1.362272 1.156222 20.976935 0.543087
 274.600000 -1.017399 -0.213186 14.287954 1079.373465
 274.800000 -0.388120 -0.710557 -0.000000 0.000000
 275.000000 -0.818639 0.123700 6.692725 1751.666209
 275.200000 -1.619496 1.259608 18.395897 234.392458
 275.400000 -1.721019 2.534736 17.076128 80.834381
 275.600000 -2.717320 -3.120528 20.370872 84.061908
 275.800000 2.839614 2.708312 -0.000009 0.000000
 276.000000 -2.147700 2.822092 19.165240 113.675043
 276.200000 -1.504903 2.299128 20.032956 146.295580
 276.400000 -1.658678 1.185151 17.812376 198.116420
 276.600000 -0.737386 0.197385 3.278548 1699.676549
 276.800000 -0.610994 -0.401358 -0.000049 0.000096
 277.000000 -1.030465 -0.056492 14.705117 1021.482359
 277.200000 -0.924766 0.530506 10.966597 1466.685328
 277.400000 -1.312112 1.548745 20.759596 55.127290
 277.600000 -1.796894 2.055796 16.726720 0.061937
 277.800000 -2.220032 2.903874 19.870135 69.404210
 278.000000 -2.419683 -3.122681 20.819297 16.369357
 278.200000 -2.908122 2.510765 17.086634 730.085529
 278.400000 -2.272688 2.792417 20.233030 30.546854
 278.600000 -2.058298 2.702258 18.264997 77.996371
 278.800000 -1.914469 2.547447 17.212681 42.820693
 279.000000 -1.753664 2.451197 16.843755 27.335074
 279.200000 -1.852016 2.478606 16.853743 19.591732
 279.400000 -2.330563 2.780941 20.489896 13.629651
 279.600000 2.960117 2.775710 -0.006959 1.442698
 279.800000 -2.705933 2.964695 20.477747 72.865171
 280.000000 -2.400994 2.215322 20.746614 15.105207
 280.200000 -1.775784 2.549481 16.758297 6.946167
 280.400000 -1.668732 2.555557 17.671111 179.549015
 280.600000 -1.890254 2.473284 17.057841 36.836057
 280.800000 -2.324973 2.347906 20.469279 14.401824
 281.000000 -2.085670 2.908167 18.520050 94.292088
 281.200000 -2.653183 2.631560 20.866845 37.267262
 281.400000 3.133177 2.620409 7.603974 2903.732229
 281.600000 2.990877 -3.030207 0.496970 1266.015072
 281.800000 3.128523 2.650231 7.352250 2946.016045
 282.000000 -2.332894 2.655799 20.499509 13.682230
 282.200000 -2.142117 2.548738 19.104360 112.363684
 282.400000 -1.885323 2.777698 17.029197 35.155646
 282.600000 -2.480795 2.438489 21.067454 11.970413
 282.800000 -2.616698 2.623198 21.058555 17.747807
 283.000000 -3.001074 -3.115106 14.201404 1234.909522
 283.200000 -2.867949 3.096426 18.097999 522.674794
 283.400000 -2.291556 2.388224 20.330804 22.834954
 283.600000 -1.738978 2.311885 16.936948 47.779371
 283.800000 -1.242385 2.406107 19.893900 258.791370
 284.000000 -0.907424 2.314326 10.282237 1514.252566
 284.200000 -0.923235 1.662176 10.888500 1459.811509
 284.400000 -1.530742 1.517398 19.668652 176.589398
 284.600000 -1.454780 0.628401 20.521548 76.478122
 284.800000 -0.868570 -0.126624 8.738586 1628.551194
 285.000000 -0.780776 -0.525923 5.086921 1797.026308
 285.200000 -0.888225 -0.046275 9.523021 1569.335653
 285.400000 -0.757478 0.529099 4.099648 1782.680586
 285.600000 -1.540880 1.145033 19.527383 187.328647
 285.800000 -1.502138 1.070513 20.024168 140.556404
 286.000000 -0.999381 0.791673 13.642911 1155.781701
 286.200000 -1.616428 0.808595 18.417612 225.459712
 286.400000 -1.079766 1.413773 16.154362 816.693310
 286.600000 -0.725471 2.010698 2.764616 1676.840394
 286.800000 -0.869104 2.728193 8.759200 1621.927979
 287.000000 -1.173068 2.355148 18.532251 497.207740
 287.200000 -0.720183 1.782486 2.549116 1651.482336
 287.400000 -0.927459 1.503248 11.042477 1436.413108
 287.600000 -0.803274 1.121567 6.042405 1777.822847
 287.800000 -1.575057 0.636814 19.034451 216.048685
 288.000000 -1.512343 0.609322 19.892680 152.985572
 288.200000 -0.934333 0.985690 11.301205 1409.255109
 288.400000 -0.699925 1.805827 1.742432 1509.436940
 288.600000 -0.836410 2.548795 7.429515 1705.348464
 288.800000 -0.635566 2.286884 -0.005029 1.161686
 289.000000 -0.768284 1.355589 4.562399 1803.032763
 289.200000 -1.492712 0.450388 20.117899 126.693313
 289.400000 -1.761494 0.004320 16.808859 18.848372
 289.600000 -1.613495 0.236301 18.457888 224.263607
 289.800000 -1.164155 1.289682 18.317193 525.182349
 290.000000 -0.602397 1.947285 -0.000004 0.000001
 290.200000 -1.111512 2.609357 17.011867 700.609968
 290.400000 -2.179260 2.513278 19.489166 99.191986
 290.600000 -3.093416 2.723872 10.479250 2169.630800
 290.800000 -3.104985 -2.858841 9.930647 2328.139433
 291.000000 -2.961046 2.620171 15.543491 998.320205
 291.200000 -2.466281 2.639758 21.019705 13.980545
 291.400000 -1.818035 2.789865 16.740544 3.007804
 291.600000 -1.821937 2.377899 16.748011 4.370576
 291.800000 -1.655651 1.887129 17.845047 192.792571
 292.000000 -1.561755 1.955999 19.221642 203.500507
 292.200000 -1.619937 1.997173 18.363303 221.005541
 292.400000 -2.181771 2.571020 19.510793 97.598575
 292.600000 -2.710941 3.061487 20.444319 78.880977
 292.800000 -3.105503 2.873966 9.908229 2334.493626
 293.000000 -2.344533 2.652134 20.552203 13.578287
 293.200000 -1.781228 2.371882 16.746465 4.599990
 293.400000 -1.563980 2.202985 19.189220 203.849199
 293.600000 -1.800439 2.366213 16.725697 0.001931
 293.800000 -2.370314 2.553749 20.645718 13.349880
 294.000000 -2.791720 -2.963718 19.514378 216.326021
 294.200000 -2.952428 2.887003 15.812579 948.711036
 294.400000 -2.539938 2.675272 21.197331 0.445163
 294.600000 -1.907169 2.738997 17.160568 43.233449
 294.800000 -1.675455 2.544916 17.585909 163.039043
 295.000000 -2.061367 2.265777 18.308107 78.132436
 295.200000 -1.894383 2.469577 17.079326 39.212187
 295.400000 -1.937324 2.863989 17.366077 48.248206
 295.600000 -2.429402 2.430833 20.871974 15.913931
 295.800000 -2.618240 2.848488 21.055724 17.818645
 296.000000 -3.066767 2.906866 11.674201 1827.569588
 296.200000 -3.022297 2.837140 13.447662 1384.360927
 296.400000 -2.433625 2.898972 20.888888 15.887295
 296.600000 -2.391483 2.639574 20.724276 14.220039
 296.800000 -2.320830 2.790110 20.460400 16.425165
 297.000000 -2.317973 2.923158 20.448727 16.952893
 297.200000 -2.689760 2.630075 20.619190 61.808386
 297.400000 -2.855912 2.876809 18.352366 459.668218
 297.600000 2.974057 2.867319 0.019006 357.890938
 297.800000 -2.981997 2.918207 14.865911 1107.555884
 298.000000 -2.466201 2.559881 21.017055 13.555453
 298.200000 -1.877043 2.382974 16.979765 31.719887
 298.400000 -1.389024 2.491835 20.827541 4.736014
 298.600000 -2.004475 2.368402 17.851920 56.287213
 298.800000 -2.868387 2.707391 18.076266 518.542232
 299.000000 -2.755725 -2.729146 19.982207 137.604053
 299.200000 -2.585078 2.670933 21.163889 4.852482
 299.400000 -2.387828 1.690589 20.716596 14.198598
 299.600000 -1.327317 1.743207 20.723314 30.498122
 299.800000 -0.839639 1.578617 7.604189 1669.123666
 300.000000 -2.095272 1.667196 18.627298 94.281059
 300.200000 -2.688150 2.253612 21.429773 61.081903
 300.400000 -2.821335 -2.794067 19.823975 313.131732
 300.600000 2.984078 2.964744 1.146235 1037.023468
 300.800000 -2.209392 2.405589 20.559701 78.243911
 301.000000 -0.826370 2.321295 7.856562 1711.217255
 301.200000 -0.938386 1.765080 12.224217 1342.874957
 301.400000 -1.347740 1.342052 21.589811 8.485555
 301.600000 -1.531642 0.620093 20.413785 166.523676
 301.800000 -0.629425 -0.173030 0.089147 697.566922
 302.000000 -1.128212 0.085018 18.179719 641.764946
 302.200000 -1.344666 0.679454 21.571583 11.051283
 302.400000 -1.827564 1.463443 17.568239 5.857763
 302.600000 -0.979310 1.548550 13.677780 1200.984128
 302.800000 -0.958567 1.380949 12.948125 1273.095321
 303.000000 -1.285522 1.632082 21.148888 119.363767
 303.200000 -1.619548 0.896570 19.165374 212.434462
 303.400000 -0.678816 -0.093476 1.706148 1373.362640
 303.600000 -0.551421 -0.802773 -0.000005 0.000000
 303.800000 -0.800113 -0.185125 6.754873 1790.019906
 304.000000 -1.001021 0.252348 14.410335 1119.584581
 304.200000 -1.424890 0.670064 21.441122 32.925201
 304.400000 -1.825214 1.243218 17.560172 4.788372
 304.600000 -0.831338 1.186495 8.058338 1687.152906
 304.800000 -1.479915 0.926859 20.998541 101.625360
 305.000000 -1.637801 0.583352 18.899871 202.434130
 305.200000 -1.486414 0.485184 20.927993 109.691089
 305.400000 -0.914798 0.926993 11.331976 1402.627784
 305.600000 -1.878426 1.642357 17.777784 31.781200
 305.800000 -1.789096 2.323320 17.542950 1.983203
 306.000000 -1.965378 2.949375 18.356492 51.003929
 306.200000 -2.473423 2.568447 21.837844 12.674881
 306.400000 -3.130451 2.781248 9.444035 2660.891316
 306.600000 -2.782268 -2.923929 20.418477 195.268741
 306.800000 3.038622 2.568001 3.371085 2323.776284
 307.000000 -3.001568 2.591462 14.983860 1232.448727
 307.200000 -2.106264 -3.061246 19.509784 96.572026
 307.400000 -2.073010 2.211724 19.195888 81.217709
 307.600000 -1.578134 1.711336 19.759137 203.719713
 307.800000 -0.743794 0.575956 4.345913 1839.644688
 308.000000 -0.607400 -0.134915 -0.004532 0.583041
 308.200000 -0.840256 -0.257247 8.424161 1642.715294
 308.400000 -0.844050 0.272072 8.577562 1628.524019
 308.600000 -1.541887 1.108058 20.256623 174.024920
 308.800000 -1.698783 1.524850 18.116221 117.348379
 309.000000 -1.236817 0.854799 20.422224 270.020779
 309.200000 -0.805444 0.084683 6.988072 1767.954753
 309.400000 -0.704861 -0.513729 2.709704 1655.844013
 309.600000 -0.886216 -0.248681 10.237833 1475.584450
 309.800000 -1.029492 0.806457 15.296576 1006.664892
 310.000000 -1.576853 1.380139 19.774435 202.061835
 310.200000 -1.359767 1.203245 21.544810 2.757100
 310.400000 -0.783727 0.194850 6.069973 1830.853014
 310.600000 -0.397796 -0.455515 -0.000002 0.000000
 310.800000 -0.618687 -0.352481 -0.022498 5.713022
 311.000000 -0.944868 0.129866 12.416615 1292.193014
 311.200000 -1.398809 0.905855 21.513096 7.995371
 311.400000 -1.912742 1.813184 17.983851 43.284189
 311.600000 -1.716119 2.638902 17.941363 86.454737
 311.800000 -2.150224 3.029293 19.934751 103.065407
 312.000000 3.041012 2.508711 3.478266 2363.251908
 312.200000 -3.017009 3.007424 14.409730 1346.599643
 312.400000 -2.918001 2.881826 17.577909 758.910177
 312.600000 -2.963585 2.575624 16.228994 998.252412
 312.800000 -2.350679 3.042547 21.334854 15.315694
 313.000000 -2.798444 2.516272 20.154061 239.905272
 313.200000 -2.714826 2.630506 21.167614 88.830405
 313.400000 -2.609201 3.018015 21.872063 13.931037
 313.600000 -2.964387 2.665961 16.200924 1001.818020
 313.800000 -3.078458 3.049881 11.923379 1981.514514
 314.000000 -2.837250 3.133915 19.474354 374.615531
 314.200000 -2.549121 2.486742 21.977167 0.032924
 314.400000 -2.041438 2.322415 18.903054 64.638630
 314.600000 -1.790158 2.484461 17.542475 1.839172
 314.800000 -2.115628 2.634016 19.569821 97.106841
 315.000000 -3.007258 2.924891 14.758565 1271.743163
 315.200000 3.096958 3.110799 6.412970 3007.772452
 315.400000 -3.094846 2.777927 11.170585 2196.972642
 315.600000 -3.072975 2.716240 12.161594 1914.688571
 315.800000 -2.811546 2.947954 19.930560 280.964357
 316.000000 3.128303 2.650486 8.124330 2905.081104
 316.200000 -3.095162 2.933112 11.154717 2201.895248
 316.400000 -3.108302 2.901706 10.525949 2377.864028
 316.600000 3.114162 2.726036 7.354802 2987.791490
 316.800000 -2.795256 2.902537 20.188731 232.093474
 317.000000 -2.548212 2.723121 21.972770 0.076714
 317.200000 -2.749654 2.557571 20.795225 134.875987
 317.400000 -2.623571 2.879342 21.807740 21.008191
 317.600000 -2.991475 2.753389 15.306122 1161.014513
 317.800000 -2.924343 2.864042 17.389610 786.531367
 318.000000 -2.466825 2.816303 21.778576 14.574761
 318.200000 -2.480426 2.516552 21.825988 12.458865
 318.400000 -2.383765 2.746276 21.436331 15.913959
 318.600000 -2.968170 2.722745 16.075155 1019.293048
 318.800000 3.067603 2.864560 4.823799 2801.109327
 319.000000 -2.969349 2.814416 16.037445 1026.021695
 319.200000 -2.647540 2.530429 21.683008 35.717114
 319.400000 -2.179794 2.890947 20.180643 94.159708
 319.600000 -1.779577 2.642371 17.561142 6.660048
 319.800000 -1.790018 2.153277 17.540116 2.107434
 320.000000 -1.682508 2.133693 18.304731 144.284597
 320.200000 -2.022197 2.605160 18.728457 56.936175
 320.400000 -2.379820 2.875273 21.411293 16.216394
 320.600000 3.129776 2.807262 8.205068 2892.399250
 320.800000 3.101308 2.938940 6.653403 3010.614765
 321.000000 -2.505118 2.880748 21.902217 7.399990
 321.200000 -1.976429 2.070471 18.394901 49.016534
 321.400000 -0.772323 1.391617 5.608892 1857.840411
 321.600000 -1.399543 1.255469 21.438286 6.366210
 321.800000 -1.495176 0.551796 20.779290 110.404627
 322.000000 -0.907284 0.227441 11.010262 1357.977036
 322.200000 -0.653230 0.044365 0.757611 1129.118743
 322.400000 -1.332696 0.327050 21.340302 28.863063
 322.600000 -1.051994 1.189383 15.895773 908.156321
 322.800000 -0.772047 2.079658 5.596908 1858.382438
 323.000000 -0.699614 2.417516 2.499918 1665.521796
 323.200000 -0.840854 2.288022 8.463206 1589.314325
 323.400000 -0.583747 1.578634 -0.000050 0.000052
 323.600000 -1.328469 1.105129 21.307006 34.907805
 323.800000 -1.369903 0.398499 21.446556 0.754321
 324.000000 -0.621895 -0.011551 -0.025240 4.422215
 324.200000 -0.926913 0.350966 11.712519 1292.684398
 324.400000 -1.170698 0.868440 18.985582 482.686956
 324.600000 -1.210358 1.311335 19.794752 351.935005
 324.800000 -0.653493 1.159679 0.762726 1139.173464
 325.000000 -1.423107 1.307250 21.328969 23.180766
 325.200000 -1.396307 0.737861 21.415341 4.242757
 325.400000 -0.960126 0.402656 12.881164 1202.013419
 325.600000 -1.016324 0.506721 14.762265 1033.197321
 325.800000 -1.344453 0.932989 21.368986 15.799172
 326.000000 -1.377513 1.232124 21.434584 0.001192
 326.200000 -0.678252 1.131927 1.653505 1462.663699
 326.400000 -1.391722 1.128289 21.417253 2.353338
 326.600000 -0.963944 0.338959 13.008999 1189.705596
 326.800000 -0.686923 -0.355406 1.990664 1559.427304
 327.000000 -0.926808 -0.595047 11.702340 1286.321314
 327.200000 -0.795514 -0.008974 6.611171 1778.581789
 327.400000 -0.798853 0.553917 6.751715 1764.663555
 327.600000 -1.724075 1.228904 17.866255 74.097183
 327.800000 -1.220192 1.452676 19.954036 317.950091
 328.000000 -1.140258 1.439263 18.265256 584.326293
 328.200000 -1.778431 1.003518 17.550757 7.981702
 328.400000 -0.595431 0.204974 -0.000257 0.001886
 328.600000 -0.716481 -0.079777 3.210761 1806.201096
 328.800000 -0.988527 -0.145936 13.835918 1117.821989
 329.000000 -0.567871 0.056944 -0.000005 0.000000
 329.200000 -0.819417 0.491062 7.612578 1666.944961
 329.400000 -1.420849 0.730521 21.312491 19.687844
 329.600000 -1.001124 0.872565 14.249640 1079.150701
 329.800000 -1.448442 0.894619 21.155171 47.671100
 330.000000 -1.340549 0.684979 21.323502 20.316809
 330.200000 -0.907849 0.734238 11.012995 1321.970200
 330.400000 -1.040992 1.104149 15.516048 946.014548
 330.600000 -1.655067 1.079046 18.648653 180.403584
 330.800000 -0.652636 0.389695 0.727767 1153.453764
 331.000000 -1.522635 0.578379 20.445557 138.608195
 331.200000 -1.018787 0.972628 14.817429 1022.374441
 331.400000 -1.068092 1.225824 16.325598 846.514925
 331.600000 -0.793367 1.143357 6.540113 1781.983193
 331.800000 -1.513138 1.047254 20.554129 127.023460
 332.000000 -0.860609 0.605035 9.250934 1475.731304
 332.200000 -1.557043 0.618191 20.013058 174.855424
 332.400000 -1.472807 0.924352 20.958726 75.965739
 332.600000 -0.841961 1.160505 8.529012 1552.103472
 332.800000 -0.897267 1.464145 10.628156 1345.577870
 333.000000 -1.211631 1.334451 19.771668 341.216724
 333.200000 -1.041943 0.738965 15.541455 942.859335
 333.400000 -1.097356 0.391773 17.146693 736.010127
 333.600000 -0.648284 0.169176 0.580609 1125.266891
 333.800000 -0.951279 -0.141303 12.556628 1207.349466
 334.000000 -0.750036 -0.147867 4.684700 1901.075115
 334.200000 -0.935802 0.193131 12.016857 1241.679646
 334.400000 -1.435799 1.131868 21.224628 32.239731
 334.600000 -1.925974 2.022456 17.994302 42.569304
 334.800000 -2.072236 3.019446 19.055723 72.738709
 335.000000 -2.823154 2.870251 19.684195 319.817802
 335.200000 -2.893395 2.594502 18.176371 620.949581
 335.400000 -1.844761 2.939037 17.558236 10.768637
 335.600000 -1.311527 2.096929 21.110319 65.078448
 335.800000 -1.590557 1.021886 19.554207 198.460975
 336.000000 -0.592086 -0.109813 -0.000121 0.000400
 336.200000 -0.432253 -0.609196 -0.000001 0.000000
 336.400000 -0.687428 -0.167900 2.032365 1613.063712
 336.600000 -1.109462 0.495289 17.470606 687.560784
 336.800000 -1.143264 1.291106 18.315564 564.436747
 337.000000 -0.790749 1.473135 6.458880 1790.641038
 337.200000 -0.690636 1.728369 2.165646 1650.722558
 337.400000 -1.307790 2.208843 21.070037 72.305825
 337.600000 -1.668009 2.586657 18.474019 167.817083
 337.800000 -2.410344 2.627746 21.439339 21.338395
 338.000000 2.874867 2.882664 -0.006398 0.000001
 338.200000 -2.924874 3.083778 17.330832 777.859608
 338.400000 -2.550318 2.632039 21.932804 0.322322
 338.600000 -2.143423 2.708992 19.686102 95.527443
 338.800000 -1.659194 2.670685 18.589455 178.735645
 339.000000 -2.174594 2.131942 19.989312 91.775981
 339.200000 -1.755013 2.582463 17.625599 31.579786
 339.400000 -2.119009 2.625765 19.442530 90.513348
 339.600000 -2.386754 2.637074 21.317005 20.096361
 339.800000 -2.849772 2.706611 19.148627 420.897232
 340.000000 3.090147 2.927179 6.004916 2977.296423
 340.200000 -2.839213 3.055795 19.355538 378.618009
 340.400000 -2.530015 2.501158 21.898206 3.571780
 340.600000 -2.090136 2.447960 19.169866 79.196161
 340.800000 -1.801009 2.639928 17.479950 0.474360
 341.000000 -1.884002 2.592818 17.711553 28.951926
 341.200000 -2.294174 2.465464 20.874796 28.668362
 341.400000 -2.802330 2.738435 20.003310 254.163465
 341.600000 3.037877 2.910261 3.279952 2284.522158
 341.800000 -2.935038 2.907770 17.029076 831.106259
 342.000000 -2.646446 2.640436 21.649031 36.446272
 342.200000 -2.364397 2.925672 21.196433 19.604142
 342.400000 -2.343657 2.647096 21.104626 19.847513
 342.600000 -2.595616 2.580695 21.868568 7.070549
 342.800000 -2.307262 3.042095 20.934612 25.017123
 343.000000 -2.942713 2.555362 16.801875 871.521074
 343.200000 -2.665466 2.705672 21.516177 51.069803
 343.400000 -2.236007 3.046908 20.484128 57.902688
 343.600000 -2.586455 2.520800 21.887682 4.043882
 343.800000 -2.404283 2.718550 21.373390 22.317917
 344.000000 -2.623884 2.981004 21.762587 21.445173
 344.200000 -3.108265 2.684354 10.468194 2377.179885
 344.400000 -2.909615 -3.137895 17.722141 700.604281
 344.600000 -2.876011 2.628286 18.556746 536.992331
 344.800000 -2.432582 2.658968 21.507678 23.656378
 345.000000 -2.119299 2.919498 19.412942 88.836195
 345.200000 -1.887027 2.641675 17.710968 29.360766
 345.400000 -1.945375 2.115745 18.069515 43.294975
 345.600000 -1.675185 2.594941 18.371460 158.523285
 345.800000 -2.149978 2.598510 19.700189 93.193600
 346.000000 -2.849564 2.735713 19.132506 419.985447
 346.200000 3.015330 2.996091 2.244643 1762.072885
 346.400000 -2.786713 2.902546 20.226579 212.719063
 346.600000 -2.075494 2.324244 19.008614 71.115689
 346.800000 -1.366219 2.004362 21.327211 3.361731
 347.000000 -0.882734 1.459141 10.129938 1353.399273
 347.200000 -1.689124 1.677392 18.197732 136.799056
 347.400000 -1.769605 1.019164 17.541497 16.549689
 347.600000 -0.758604 0.214853 5.127459 1911.040095
 347.800000 -0.858801 -0.457094 9.237170 1439.235900
 348.000000 -0.595017 -0.215185 -0.000151 0.000708
 348.200000 -0.749405 0.171706 4.727878 1929.062104
 348.400000 -1.396915 0.879820 21.321646 2.257817
 348.600000 -1.812498 1.479938 17.463189 0.134351
 348.800000 -0.920869 1.496446 11.504332 1250.005343
 349.000000 -1.562513 1.466397 19.923893 179.220093
 349.200000 -1.586833 1.118201 19.587445 196.558086
 349.400000 -0.661208 0.170664 1.040625 1343.947803
 349.600000 -0.588743 -0.087843 -0.000050 0.000066
 349.800000 -0.811639 -0.043104 7.387323 1669.413240
 350.000000 -0.593032 -0.093811 -0.000102 0.000314
 350.200000 -1.080178 0.199149 16.668329 793.194623
 350.400000 -0.935059 0.688066 12.003728 1217.840589
 350.600000 -1.327555 1.654867 21.147992 39.721378
 350.800000 -0.880349 1.544670 10.047866 1351.174071
 351.000000 -0.631983 1.057920 0.039453 563.483901
 351.200000 -1.405960 1.269677 21.290887 5.733672
 351.400000 -1.741337 0.726416 17.696875 50.353512
 351.600000 -0.801625 0.367465 6.985359 1720.404760
 351.800000 -1.086349 0.694216 16.840820 767.688406
 352.000000 -1.340162 0.989123 21.213356 23.761805
 352.200000 -1.534506 1.113943 20.273315 148.755397
 352.400000 -0.894416 1.100718 10.565329 1303.938949
 352.600000 -1.702722 1.033274 18.042231 113.419308
 352.800000 -1.085728 0.955525 16.824715 769.427017
 353.000000 -1.607541 1.058016 19.289488 201.991292
 353.200000 -1.005838 0.931940 14.401236 1060.760590
 353.400000 -1.716792 1.001897 17.901411 89.706343
 353.600000 -1.325845 1.098738 21.122149 42.463103
 353.800000 -1.049925 0.452345 15.787877 911.625490
 354.000000 -0.737903 0.187423 4.249287 1942.422973
 354.200000 -1.171379 0.307200 18.917621 441.929613
 354.400000 -0.985488 0.922251 13.732085 1114.477049
 354.600000 -1.785958 1.332538 17.483216 6.004214
 354.800000 -1.054552 1.155036 15.929427 893.656600
 355.000000 -1.196508 0.896817 19.420592 361.006643
 355.200000 -1.573205 0.663980 19.769495 184.936731
 355.400000 -1.614600 0.814693 19.190903 200.469479
 355.600000 -0.777991 1.303776 6.012750 1838.744657
 355.800000 -1.224767 1.527392 19.922241 275.368256
 356.000000 -0.631720 0.658325 0.035877 544.819458
 356.200000 -1.239871 0.155711 20.161235 232.055845
 356.400000 -0.571205 -0.061661 -0.000003 0.000000
 356.600000 -0.691933 0.302976 2.274559 1740.587592
 356.800000 -1.401366 0.781858 21.283366 3.388881
 357.000000 -1.050381 1.250371 15.810142 910.139790
 357.200000 -1.103849 1.454212 17.326100 690.869108
 357.400000 -1.474932 0.929482 20.888383 71.454702
 357.600000 -0.820163 0.333428 7.776399 1602.652404
 357.800000 -0.761552 0.048134 5.314937 1906.550770
 358.000000 -0.833196 -0.019834 8.292268 1531.778260
 358.200000 -0.665551 0.059209 1.228004 1445.786471
 358.400000 -0.831042 0.139445 8.214542 1540.410825
 358.600000 -1.034764 0.504613 15.338667 969.591448
 358.800000 -1.439454 1.173117 21.136196 30.603068
 359.000000 -1.366279 1.371441 21.276496 3.877058
 359.200000 -0.829981 0.624274 8.180111 1542.747429
 359.400000 -1.281706 0.460613 20.710919 125.055122
 359.600000 -1.053363 0.729953 15.912396 899.285779
 359.800000 -1.467157 1.322303 20.949074 61.389950
 360.000000 -0.843082 0.902502 8.688968 1475.772135
 360.200000 -1.085022 0.275944 16.832247 767.316485
 360.400000 -0.783499 0.082995 6.287112 1805.952648
 360.600000 -0.624123 -0.030644 -0.026715 2.911715
 360.800000 -0.979570 0.093836 13.554267 1131.082991
 361.000000 -0.673824 0.473568 1.558769 1565.091704
 361.200000 -1.356042 1.286512 21.245939 9.821153
 361.400000 -1.361851 1.136302 21.262257 6.173904
 361.600000 -1.101836 0.236224 17.293010 694.756005
 361.800000 -0.690737 -0.344465 2.255319 1755.354801
 362.000000 -0.966869 -0.062418 13.130688 1156.752850
 362.200000 -1.366579 0.683650 21.272538 3.854789
 362.400000 -1.581690 1.565782 19.658322 186.268422
 362.600000 -0.736904 1.319347 4.275053 1962.505754
 362.800000 -1.033377 1.147990 15.319476 976.640951
 363.000000 -1.542402 0.815823 20.171905 152.781591
 363.200000 -0.904627 0.450583 10.981221 1259.630357
 363.400000 -1.400072 0.424226 21.277261 2.786469
 363.600000 -1.560243 1.233176 19.944994 169.992526
 363.800000 -0.832149 0.993086 8.300598 1520.003624
 364.000000 -0.750665 0.953272 4.894657 1944.701824
 364.200000 -1.512613 0.898711 20.519219 118.381002
 364.400000 -1.063800 0.598776 16.255028 854.153572
 364.600000 -1.243912 0.846540 20.221298 214.304887
 364.800000 -1.481875 1.194323 20.824844 79.798108
 365.000000 -0.999074 1.182537 14.231226 1086.046963
 365.200000 -1.413095 1.167016 21.249628 9.025076
 365.400000 -1.281133 0.687799 20.704056 125.034577
 365.600000 -0.828944 0.578107 8.196060 1533.290949
 365.800000 -1.532796 0.913556 20.290098 142.329808
 366.000000 -1.339196 1.169300 21.179032 25.462319
 366.200000 -0.976177 1.050040 13.483275 1140.109005
 366.400000 -0.918034 0.485036 11.479355 1232.095248
 366.600000 -1.324379 0.543162 21.094395 44.701836
 366.800000 -1.176108 1.202053 19.045502 405.213080
 367.000000 -1.186331 1.763627 19.247110 373.062569
 367.200000 -0.602620 1.938390 -0.000565 0.012838
 367.400000 -0.991752 2.264233 14.014840 1106.606817
 367.600000 -0.592474 2.101106 -0.000081 0.000215
 367.800000 -0.614340 2.015710 -0.006167 1.515025
 368.000000 -0.733260 1.876557 4.164125 1979.142736
 368.200000 -0.576414 1.696604 -0.000006 0.000001
 368.400000 -1.359084 2.036523 21.265143 7.953071
 368.600000 -1.846546 2.328037 17.444629 5.849352
 368.800000 -2.191265 2.951856 19.873257 79.476873
 369.000000 -2.996810 2.707913 14.939490 1207.418270
 369.200000 -2.772462 3.116575 20.299130 180.269646
 369.400000 -2.511989 2.731056 21.725019 7.996904
 369.600000 -2.338112 2.232709 20.886388 28.282089
 369.800000 -1.592121 2.207123 19.520934 190.809310
 370.000000 -0.550809 2.128496 -0.000000 0.000000
 370.200000 -0.665319 1.915463 1.287093 1515.953669
 370.400000 -0.675757 1.430539 1.702566 1650.364997
 370.600000 -1.566401 1.167588 19.869937 175.249883
 370.800000 -1.139131 0.420041 18.278694 526.882165
 371.000000 -0.323601 -0.330247 -0.000000 0.000000
 371.200000 -0.028001 -0.844129 -0.000000 0.000000
 371.400000 1.151994 -1.378923 -0.000000 0.000000
