#! FIELDS time phi psi ves.bias ves.force2
#! SET min_phi -pi
#! SET max_phi pi
#! SET min_psi -pi
#! SET max_psi pi
 0.000000 -1.498385 0.273949 21.102548 145.576228
 0.200000 -1.223860 1.076757 20.894779 231.460344
 0.400000 -0.643842 1.491391 1.331510 1338.411805
 0.600000 -0.585770 2.015851 -0.005635 0.989999
 0.800000 -0.994722 2.483458 15.085505 1183.190163
 1.000000 -0.692166 2.144361 3.262578 1799.048341
 1.200000 -0.707821 1.764811 4.446295 1945.909838
 1.400000 -1.147069 1.261467 19.485367 446.120782
 1.600000 -1.596896 0.357516 19.605519 303.207335
 1.800000 -1.954820 0.051692 16.689733 4.240892
 2.000000 -1.733915 0.290876 17.493513 132.899467
 2.200000 -1.166474 1.207481 19.889028 360.027544
 2.400000 -0.777738 2.201311 7.499545 1576.063485
 2.600000 -1.442365 2.862969 21.845925 67.247596
 2.800000 -3.050251 2.324960 10.911622 1554.146422
 3.000000 -3.005973 -3.110589 12.542605 1192.941677
 3.200000 -3.109226 2.940082 8.369209 2237.938077
 3.400000 -2.989400 2.385219 13.058356 1067.769119
 3.600000 -1.664281 2.889413 18.519956 222.760389
 3.800000 -1.253241 2.386565 21.264957 150.836942
 4.000000 -1.541772 1.410196 20.586818 272.717012
 4.200000 -0.788971 0.079104 8.034511 1530.743320
 4.400000 -0.559366 -0.638091 -0.000263 0.002110
 4.600000 0.517141 -1.011608 -0.000000 0.000000
