#! FIELDS time phi psi ves.bias ves.force2
#! SET min_phi -pi
#! SET max_phi pi
#! SET min_psi -pi
#! SET max_psi pi
 0.000000 -1.498385 0.273949 27.215882 148.921278
 0.200000 -0.585538 -0.007145 3.973220 646.831867
 0.400000 -0.822647 -0.035238 13.022984 1987.512031
 0.600000 -0.710007 -0.286549 8.120654 1634.931774
 0.800000 -0.848750 -0.435585 14.179484 1931.837039
 1.000000 -0.693388 -0.163376 7.461732 1507.511403
 1.200000 -0.816954 0.160102 13.176213 1715.168959
 1.400000 -1.367839 0.998323 28.096988 0.136109
 1.600000 -0.860034 1.472518 14.938351 1625.624810
 1.800000 -0.660574 1.556395 6.830716 1348.536921
 2.000000 -0.941168 2.322298 18.104213 1419.226742
 2.200000 -1.974659 2.722568 22.722652 11.798138
 2.400000 -3.100350 2.614234 13.366706 2676.455597
 2.600000 3.085747 3.049328 8.156187 2725.016481
 2.800000 3.070303 2.621654 7.363850 2531.707009
 3.000000 -3.119612 2.700004 12.353468 2848.531151
 3.200000 -2.803002 2.915295 23.407658 372.226501
 3.400000 -3.086018 2.485951 14.205922 2265.867519
 3.600000 -3.006460 2.775033 17.601355 1432.833858
 3.800000 3.030855 2.918541 5.731577 2058.566294
 4.000000 -2.794354 3.015810 23.570610 338.195005
 4.200000 -2.303661 2.559743 24.860725 85.945289
 4.400000 -1.965433 2.466218 22.641774 10.139374
 4.600000 -1.917487 2.667207 22.539625 0.860809
 4.800000 -2.482068 2.796107 25.823015 0.025325
 5.000000 -3.061986 2.933258 15.447486 1903.521085
 5.200000 2.969804 2.806124 3.511341 1241.106233
 5.400000 -2.481695 2.809618 25.793990 0.202808
 5.600000 -1.803071 2.468722 22.840926 35.453696
 5.800000 -1.817182 2.058084 22.764279 24.121805
 6.000000 -2.018354 2.424037 22.892842 15.714557
 6.200000 -2.198268 2.975961 24.000143 73.346728
 6.400000 -3.038245 2.834664 16.558148 1588.964748
 6.600000 -3.030702 2.883159 16.855932 1527.932204
 6.800000 -2.215109 3.075861 24.148099 80.851889
 7.000000 -2.099903 1.978435 23.310531 30.155060
 7.200000 -1.570224 1.577685 25.816390 292.467566
 7.400000 -1.015660 0.863336 20.659153 1115.805927
 7.600000 -1.756055 0.763592 23.222267 76.735002
 7.800000 -0.969374 0.892699 19.083454 1201.148918
 8.000000 -0.899776 1.458754 16.604833 1343.966862
 8.200000 -1.089979 1.994350 23.016430 939.863503
 8.400000 -0.780085 2.398146 11.926702 1726.682506
 8.600000 -0.887023 2.086513 16.130831 1374.213653
 8.800000 -0.734863 1.699131 10.020274 1808.858572
 9.000000 -0.613427 1.520096 5.150269 1214.327321
 9.200000 -1.063846 1.733915 22.193910 986.094023
 9.400000 -0.664744 1.501160 7.140456 1626.960393
 9.600000 -0.624461 1.236515 5.585377 1337.310083
 9.800000 -1.246147 1.150684 27.021110 346.610567
 10.000000 -1.524164 0.668737 26.565460 258.221840
 10.200000 -0.958853 0.510811 18.760631 1191.794530
 10.400000 -1.248173 0.731923 27.056633 336.516011
 10.600000 -1.386364 1.026182 28.107534 13.021812
 10.800000 -0.803258 0.841691 12.955373 1626.876992
 11.000000 -1.355412 0.874525 28.144433 1.702379
 11.200000 -1.648613 0.848330 24.564107 236.911209
 11.400000 -0.834484 0.778351 14.237467 1540.942687
 11.600000 -1.487155 1.144426 27.146989 202.721720
 11.800000 -1.285844 0.961138 27.657193 166.506149
 12.000000 -0.909167 0.604526 17.062909 1326.332726
 12.200000 -0.941245 0.234365 18.276835 1247.280586
 12.400000 -1.074207 0.198924 22.626812 915.943857
 12.600000 -0.464875 0.564562 1.466344 262.894075
 12.800000 -1.848759 1.123589 22.754111 0.444456
 13.000000 -1.395497 1.180904 28.117834 22.737584
 13.200000 -0.680268 0.329170 7.955822 1671.414243
 13.400000 -0.590673 -0.376002 4.579055 1110.850560
 13.600000 -0.683950 -0.676029 8.106615 1684.201477
 13.800000 0.128887 -0.263693 -0.000000 0.000000
