#! FIELDS time phi psi ves.bias ves.force2
#! SET min_phi -pi
#! SET max_phi pi
#! SET min_psi -pi
#! SET max_psi pi
 0.000000 -1.498385 0.273949 27.215882 148.921278
 0.200000 -0.536515 0.292830 2.872814 385.047720
 0.400000 -1.799689 0.784372 23.103314 44.390999
 0.600000 -2.032949 1.083884 23.096960 22.888335
 0.800000 -1.268735 0.854338 27.352489 152.686173
 1.000000 -1.009637 0.714295 20.636783 1291.250210
 1.200000 -1.676615 0.966643 24.505468 249.624287
 1.400000 -0.729691 0.568359 9.174155 1630.878344
 1.600000 -0.953522 0.538272 18.544069 1555.262862
 1.800000 -1.525729 0.993792 26.991873 188.853610
 2.000000 -1.409616 1.528973 27.975194 7.629706
 2.200000 -0.767425 1.108386 10.760014 1795.183931
 2.400000 -0.712841 0.877905 8.505766 1590.944659
 2.600000 -1.617556 0.946430 25.708554 348.427093
 2.800000 -2.036775 0.750031 23.235742 21.535743
 3.000000 -0.908122 0.777135 16.732256 1699.525949
 3.200000 -1.195977 1.062923 26.341324 361.641925
 3.400000 -1.133138 1.156908 24.897762 723.378487
 3.600000 -1.280138 0.863911 27.534618 96.243709
 3.800000 -0.945081 0.432033 18.264859 1640.217383
 4.000000 -1.767395 0.654563 23.415337 103.605183
 4.200000 -1.091934 1.226211 23.847404 1049.275399
 4.400000 -0.637402 1.443426 5.863669 1181.445684
 4.600000 -0.732815 1.736560 9.486096 1652.458935
 4.800000 -0.855701 2.518859 14.602282 1739.646286
 5.000000 -0.705447 2.311435 8.389369 1553.803794
 5.200000 -1.041065 1.865133 22.141383 1409.069999
 5.400000 -0.804186 1.027671 12.602579 1707.046864
 5.600000 -0.851806 -0.111167 14.559333 1669.707299
 5.800000 -0.646448 -0.676001 6.268681 1321.559637
 6.000000 -0.551342 -0.509417 3.281449 668.565784
 6.200000 -0.898183 0.435480 16.517100 1612.369133
 6.400000 -1.577100 1.379575 26.542412 276.387908
 6.600000 -1.784163 1.728417 23.311148 90.435855
 6.800000 -1.912375 1.795262 22.763627 0.190583
 7.000000 -1.839773 1.867398 22.913617 23.249076
 7.200000 -1.879319 2.460970 22.804812 4.934612
 7.400000 -2.528970 2.867285 25.570827 6.560902
 7.600000 -3.107870 3.034608 12.744092 2746.943468
 7.800000 -3.034763 2.707601 16.256044 1849.603810
 8.000000 3.068181 2.828586 7.021065 2509.632353
 8.200000 -2.515170 -3.134265 25.564713 3.756421
 8.400000 -2.604342 2.558843 25.248551 23.324547
 8.600000 -2.199110 2.318824 23.855903 35.354564
 8.800000 -2.070072 2.835531 23.224224 20.056075
 9.000000 -2.159324 2.818875 23.639146 25.313796
 9.200000 -2.842869 2.348787 22.274220 518.138060
 9.400000 -2.832034 3.120279 22.515625 474.991867
 9.600000 2.976865 2.714116 3.214545 1044.231919
 9.800000 3.130120 2.729251 10.373158 2958.100164
 10.000000 -2.329557 2.956693 24.844959 73.826413
 10.200000 -2.340951 2.467237 24.944239 75.384205
 10.400000 -1.984240 2.270696 22.875901 8.851577
 10.600000 -1.907360 2.630694 22.804188 2.098431
 10.800000 -2.257971 2.762036 24.240243 57.154617
 11.000000 -2.964045 2.478874 18.890696 1109.965095
 11.200000 2.968092 -3.133788 2.936385 991.292251
 11.400000 -2.831815 2.833718 22.529155 470.553198
 11.600000 -2.500940 2.391106 25.644835 2.741481
 11.800000 -1.908650 2.698123 22.826490 1.779995
 12.000000 -2.193466 2.706335 23.863207 29.771659
 12.200000 3.093149 2.516906 8.517305 2818.561455
 12.400000 3.051595 -3.120515 6.384811 2393.824991
 12.600000 -3.010676 2.890204 17.214137 1485.020501
 12.800000 -2.755627 2.621145 23.892362 194.230774
 13.000000 -2.037683 3.018714 23.154716 21.589045
 13.200000 -2.100549 2.487831 23.492288 22.380615
 13.400000 -2.099632 2.315943 23.487945 22.427671
 13.600000 -2.145908 2.922898 23.702918 21.391199
 13.800000 -2.601285 2.811869 25.242297 34.397235
 14.000000 -3.081362 2.690508 14.222085 2212.562519
 14.200000 3.090538 3.129754 8.547194 2813.759389
 14.400000 -3.083851 2.831896 14.148594 2200.839425
 14.600000 -2.845629 2.558790 22.248234 532.228696
 14.800000 -2.644255 2.938201 24.970045 45.961754
 15.000000 2.978882 2.636594 3.357368 1323.692386
 15.200000 -2.764823 2.962485 23.795206 214.826937
 15.400000 -2.669684 2.773740 24.800116 56.401673
 15.600000 -3.128422 2.683623 12.040548 2624.382576
 15.800000 2.945270 2.995263 2.261459 870.439681
 16.000000 -2.854969 2.990356 22.043133 578.106434
 16.200000 -2.935627 2.513162 19.861881 931.997336
 16.400000 -2.646988 3.123185 24.977408 41.508095
 16.600000 -2.972897 2.718767 18.671379 1117.660077
 16.800000 -2.596683 3.030507 25.277667 31.334444
 17.000000 -2.731112 2.853593 24.272632 126.541109
 17.200000 -3.043618 2.708243 16.125953 1652.855277
 17.400000 -3.096598 3.105998 13.795963 2238.258524
 17.600000 2.975237 2.874716 3.310399 1449.706797
 17.800000 -2.923739 2.726721 20.279322 885.189055
 18.000000 -2.446807 2.995673 25.707263 4.872212
 18.200000 -2.556513 2.554088 25.534769 19.322481
 18.400000 -2.618753 2.702775 25.225061 29.483483
 18.600000 -2.837084 2.899943 22.624134 502.528305
 18.800000 3.078193 2.915754 8.263678 2875.090539
 19.000000 -2.922765 2.837098 20.379607 870.886814
 19.200000 -2.673973 2.664156 24.950093 49.540401
 19.400000 -2.685309 2.674471 24.867000 58.350363
 19.600000 -2.849780 2.770796 22.385212 554.337181
 19.800000 -2.947670 2.704504 19.695059 965.022673
 20.000000 3.027093 3.007148 5.691203 2424.826373
 20.200000 3.118470 2.625145 10.623609 2888.164912
 20.400000 -2.346772 3.015427 25.133879 74.205579
 20.600000 -1.874152 2.525785 22.895219 4.866784
 20.800000 -1.883405 2.011252 22.878698 1.862496
 21.000000 -1.893989 1.566507 22.869333 0.165478
 21.200000 -0.860358 1.028180 14.854495 1423.833755
 21.400000 -1.270232 0.508366 27.276718 63.472797
 21.600000 -0.866958 0.337856 15.103955 1433.433215
 21.800000 -1.559823 1.073229 26.436289 197.931098
 22.000000 -0.948172 1.422272 18.279723 1635.783003
 22.200000 -0.900360 1.264878 16.360665 1504.971378
 22.400000 -1.136949 1.268160 25.156610 655.770318
 22.600000 -1.839329 0.844657 23.020498 26.314730
 22.800000 -0.786336 0.442489 12.047250 1450.834389
 23.000000 -0.952541 0.465687 18.433128 1644.668335
 23.200000 -1.130880 0.496563 24.977098 707.246186
 23.400000 -1.017417 0.684428 21.060514 1604.490021
 23.600000 -0.791091 1.032108 12.226971 1449.786923
 23.800000 -1.376160 1.346047 27.692147 0.640652
 24.000000 -0.932181 0.710815 17.606890 1585.524632
 24.200000 -1.366120 0.636579 27.661835 2.250980
 24.400000 -0.844573 0.461437 14.249073 1411.679876
 24.600000 -0.883599 0.605916 15.724536 1458.844633
 24.800000 -1.261165 0.930138 27.140427 74.852516
 25.000000 -1.463180 1.129189 27.412833 49.563883
 25.200000 -0.832660 0.892928 13.813398 1425.663674
 25.400000 -1.567868 1.031056 26.225470 200.912589
 25.600000 -1.278071 0.964205 27.270106 52.653004
 25.800000 -0.986380 0.886857 19.840290 1667.762260
 26.000000 -1.276680 1.004420 27.259944 54.137649
 26.200000 -1.486565 0.805792 27.216313 87.749764
 26.400000 -0.727381 0.614916 9.712713 1641.106809
 26.600000 -1.544656 0.782099 26.541661 180.865557
 26.800000 -1.388070 1.049891 27.676464 0.015044
 27.000000 -0.877646 0.954024 15.547612 1470.631329
 27.200000 -1.424367 1.339929 27.631337 11.365927
 27.400000 -1.361390 0.959371 27.667633 3.702918
 27.600000 -1.391678 0.905990 27.691827 0.159675
 27.800000 -1.305952 1.303097 27.463138 28.698062
 28.000000 -1.358478 1.185632 27.661737 4.517060
 28.200000 -1.428844 0.910793 27.650497 15.294447
 28.400000 -1.377859 0.914363 27.728277 0.462991
 28.600000 -1.254089 1.368069 27.132498 82.081083
 28.800000 -1.444216 1.311497 27.578556 29.756237
 29.000000 -1.102859 0.927101 24.289240 937.048763
 29.200000 -1.698976 0.916098 24.312531 171.716628
 29.400000 -0.785386 0.808512 12.037967 1601.763408
 29.600000 -0.279381 0.937079 -0.002172 0.000161
 29.800000 -1.147167 1.439648 25.527259 547.142096
 30.000000 -2.077391 1.316788 23.689139 20.729968
 30.200000 -1.852709 1.656963 22.867430 15.724339
 30.400000 -0.460081 1.618131 0.577365 350.986593
 30.600000 -0.496777 1.958650 1.359559 576.628736
 30.800000 -0.974343 2.257560 19.550241 1659.294216
 31.000000 -1.584964 2.182271 25.991246 241.889021
 31.200000 -2.227885 2.193014 24.089884 18.432079
 31.400000 3.078494 2.941855 8.969759 3079.033564
 31.600000 2.896879 -2.836437 0.666075 693.548552
 31.800000 3.028277 2.666258 6.203108 2892.991096
 32.000000 -1.962742 2.308102 22.974871 29.970806
 32.200000 -0.658985 2.075182 6.783979 1653.559257
 32.400000 -0.847267 1.550354 14.532174 1568.970752
 32.600000 -1.466409 0.701202 27.591990 75.512152
 32.800000 -1.890346 0.360978 22.752992 0.132080
 33.000000 -1.364399 -0.023046 27.935010 2.288474
 33.200000 -1.667538 0.912201 24.734167 211.954015
 33.400000 -0.718328 1.771736 9.240835 1781.340213
 33.600000 -0.384258 2.020413 -0.003868 0.046178
 33.800000 -0.676471 2.337517 7.485627 1716.623882
 34.000000 -1.040442 1.572977 22.283406 1453.825092
 34.200000 -0.661573 0.502348 6.864893 1673.730563
 34.400000 -1.021130 -0.016788 21.561675 1550.732119
 34.600000 -1.340391 -0.076927 27.967164 11.396908
 34.800000 -0.845002 0.605052 14.485908 1602.255881
 35.000000 -0.843884 1.766243 14.441123 1603.556018
 35.200000 -0.891560 2.470581 16.377138 1591.631138
 35.400000 -0.670293 2.559308 7.227169 1714.914682
 35.600000 -0.674390 1.660300 7.397202 1728.959639
 35.800000 -0.862677 0.709355 15.225212 1594.550239
 36.000000 -1.389411 0.288548 28.082437 0.703064
 36.200000 -0.712574 0.442347 9.030184 1819.785636
 36.400000 -1.334012 0.934968 28.039065 14.988494
 36.600000 -1.819596 1.187571 22.995384 52.156350
 36.800000 -1.273241 0.940486 27.669053 69.742696
 37.000000 -1.280555 0.875754 27.728020 60.495049
 37.200000 -1.606792 0.982807 25.713347 275.068564
 37.400000 -0.964446 0.957756 19.385987 1620.914795
 37.600000 -0.818535 0.657304 13.532827 1677.189588
 37.800000 -1.247891 0.617716 27.472612 114.729687
 38.000000 -1.799794 1.040207 23.150355 76.829878
 38.200000 -0.962175 1.196442 19.336897 1603.346674
 38.400000 -0.876742 1.154950 15.931788 1587.734169
 38.600000 -1.058787 1.157352 23.093448 1304.707673
 38.800000 -1.824190 1.039670 22.953512 51.255188
 39.000000 -1.232248 0.745032 27.331250 156.518561
 39.200000 -0.949329 0.712975 18.865707 1585.928217
 39.400000 -1.271617 0.896237 27.788517 79.613752
 39.600000 -1.564294 0.956303 26.462811 276.818260
 39.800000 -1.344923 0.916415 28.226831 9.103225
 40.000000 -1.298454 1.064789 27.998406 45.566705
 40.200000 -1.926178 1.010248 22.668122 5.303273
 40.400000 -1.463901 0.787116 27.902122 97.726398
 40.600000 -0.733100 0.567615 10.040711 1889.970307
 40.800000 -1.393812 0.918180 28.312185 3.304068
 41.000000 -1.430361 1.087121 28.169709 36.310265
 41.200000 -0.724920 1.071772 9.716790 1903.167127
 41.400000 -0.967916 1.313872 19.702243 1567.802161
 41.600000 -0.939793 1.271461 18.587938 1569.511444
 41.800000 -1.201932 0.955068 26.988570 275.504815
 42.000000 -1.297909 0.879257 28.087756 50.231373
 42.200000 -1.111401 1.052862 24.944516 862.068253
 42.400000 -1.189420 1.070406 26.801296 335.275195
 42.600000 -1.008038 0.838179 21.332692 1498.790767
 42.800000 -0.974008 0.839251 19.999752 1558.347167
 43.000000 -1.310930 0.991369 28.224455 38.390183
 43.200000 -1.244349 0.967340 27.676269 148.536182
 43.400000 -0.826064 0.676267 14.123509 1727.026944
 43.600000 -1.451246 0.896436 28.164645 81.507990
 43.800000 -1.017780 0.995949 21.757460 1457.662643
 44.000000 -0.753695 1.601199 11.030297 1910.500596
 44.200000 -0.709820 2.237726 9.127034 1926.207447
 44.400000 -0.625726 2.456395 5.561151 1613.586654
 44.600000 -0.845426 1.720482 14.968180 1692.384297
 44.800000 -1.088691 0.728628 24.323018 1031.055904
 45.000000 -1.592953 0.017566 26.130071 286.939039
 45.200000 -1.458040 -0.038127 28.204520 102.960881
 45.400000 -0.674889 0.747061 7.640481 1852.798836
 45.600000 -1.001438 1.966863 21.226987 1486.626705
 45.800000 -0.757800 2.389779 11.279576 1929.965201
 46.000000 -0.977718 2.308441 20.304676 1532.572590
 46.200000 -0.707565 1.993738 9.102510 1947.340985
 46.400000 -0.661697 1.861280 7.107387 1817.555376
 46.600000 -0.957918 1.892919 19.582290 1543.181782
 46.800000 -0.566605 2.307122 3.339930 1287.959434
 47.000000 -0.850697 2.073323 15.294978 1692.333923
 47.200000 -0.544458 1.869354 2.584857 1158.391667
 47.400000 -1.002606 1.485674 21.373230 1457.752504
 47.600000 -1.109805 0.971662 25.086153 864.597992
 47.800000 -2.012073 0.525274 22.914933 44.212135
 48.000000 -1.672455 0.321948 24.932647 233.514293
 48.200000 -1.798625 1.000298 23.212819 133.705091
 48.400000 -0.729224 1.265566 10.155692 1976.909263
 48.600000 -0.705960 1.801407 9.123468 1954.936124
 48.800000 -0.854452 2.134600 15.570856 1698.794005
 49.000000 -0.892332 2.266523 17.110065 1609.740068
 49.200000 -0.914358 2.219805 18.053306 1571.843826
 49.400000 -0.924099 1.856209 18.438620 1557.709962
 49.600000 -0.914706 1.701435 18.067131 1571.310915
 49.800000 -0.786349 1.232554 12.737693 1910.137073
 50.000000 -1.083933 0.993782 24.363450 1033.718694
 50.200000 -1.596275 0.654543 26.263483 303.493244
 50.400000 -1.541734 1.064758 27.217195 293.329306
 50.600000 -1.247500 1.129697 28.046485 165.642420
 50.800000 -1.049153 0.958432 23.237239 1228.178894
 51.000000 -1.300784 0.778721 28.596531 60.890173
 51.200000 -1.809928 0.863408 23.091875 131.327091
 51.400000 -0.930715 0.848948 18.835733 1540.373767
 51.600000 -0.775196 1.244968 12.364598 1951.471745
 51.800000 -0.660067 1.936918 7.274209 1850.239168
 52.000000 -1.429093 2.947693 28.735806 52.082827
 52.200000 -2.609606 2.694729 25.248253 8.799120
 52.400000 2.993028 2.919020 4.053741 2857.555158
 52.600000 -2.072272 2.973218 23.132033 24.133543
 52.800000 -1.973636 2.142042 22.544797 25.476989
 53.000000 -1.982909 1.470473 22.594156 31.114549
 53.200000 -1.119393 1.027149 25.588646 770.958633
 53.400000 -0.648166 0.224043 6.868626 1824.457370
 53.600000 -0.655699 -0.703895 7.191448 1848.629283
 53.800000 -0.323294 -0.591346 -0.000005 0.000000
 54.000000 -0.701717 0.141327 9.202881 1961.536267
 54.200000 -1.441650 0.801309 28.748260 80.739676
 54.400000 -1.790142 1.706715 23.358633 175.428520
 54.600000 -1.745789 2.353930 23.983310 216.540629
 54.800000 -2.553990 3.013199 25.313141 1.772402
 55.000000 -2.787457 3.055220 23.559412 325.883018
 55.200000 -2.718177 2.489802 24.516579 108.038970
 55.400000 -1.880142 2.606349 22.473228 29.829326
 55.600000 -2.307804 2.496543 23.997813 80.463990
 55.800000 -2.427921 2.768062 25.052065 37.214009
 56.000000 2.959272 2.624467 2.258723 2263.273389
 56.200000 3.054625 3.023405 7.430486 3299.599606
 56.400000 -2.575798 2.811560 25.224743 3.910142
 56.600000 -2.107315 2.248852 23.179201 10.147045
 56.800000 -1.709737 2.213056 24.581129 238.645638
 57.000000 -1.648765 2.462707 25.551128 271.650063
 57.200000 -3.057976 2.816402 15.852290 1500.379004
 57.400000 3.083864 -3.102545 9.080147 3147.046710
 57.600000 -2.964880 2.925825 19.029477 928.821162
 57.800000 -2.788323 2.401792 23.473465 327.869100
 58.000000 -2.149196 2.940752 23.262615 3.069253
 58.200000 -2.480675 2.633716 25.207863 4.720387
 58.400000 -2.759543 2.686296 23.929693 219.625488
 58.600000 -2.707964 3.023381 24.546577 85.360807
 58.800000 3.079393 2.706283 8.820723 3175.976814
 59.000000 -2.918664 2.932748 20.361157 787.696029
 59.200000 -2.674571 2.881237 24.789459 39.835317
 59.400000 3.129897 2.574800 11.538386 2613.641849
 59.600000 -2.305587 3.111675 23.903705 75.853860
 59.800000 -2.725724 2.480332 24.354156 120.807226
 60.000000 -2.528409 2.630281 25.227330 0.244628
 60.200000 -2.557163 2.959756 25.188931 2.329989
 60.400000 3.035678 2.635343 6.302971 3317.560491
 60.600000 -3.137258 2.991203 12.327494 2391.445537
 60.800000 2.973788 2.866123 2.874480 2647.328707
 61.000000 3.114200 2.751367 10.710643 2800.493242
 61.200000 -2.016646 2.797952 22.604751 41.540927
 61.400000 -1.924543 2.235511 22.268359 0.868592
 61.600000 -2.265035 1.601624 23.565622 37.203001
 61.800000 -1.715028 1.497963 24.601000 246.771945
 62.000000 -1.011033 0.800054 22.288366 1289.219047
 62.200000 -0.715309 0.135167 10.175322 1950.259980
 62.400000 -0.547536 -0.340902 3.015123 1600.825857
 62.600000 -0.359945 -0.715090 -0.000000 0.000000
 62.800000 -0.549317 -0.160232 3.086451 1610.499454
 63.000000 -0.816749 0.427839 14.642498 1862.263239
 63.200000 -0.812176 0.645665 14.476972 1878.019493
 63.400000 -1.471631 1.098163 28.634539 156.325761
 63.600000 -0.661642 1.036953 7.858014 1880.219383
 63.800000 -1.461858 0.961845 28.751600 130.863742
 64.000000 -1.234661 0.693793 28.227255 213.973074
 64.200000 -0.841031 0.425637 15.747042 1795.050875
 64.400000 -1.209523 0.569513 27.839773 298.959263
 64.600000 -0.969933 0.465225 20.862719 1382.957511
 64.800000 -0.923371 0.771011 19.091844 1513.261877
 65.000000 -1.628353 1.128139 26.055464 290.491810
 65.200000 -1.730182 1.035041 24.419737 248.574723
 65.400000 -0.858819 0.716302 16.530903 1740.839165
 65.600000 -1.362923 0.702169 29.300873 1.445599
 65.800000 -1.549138 1.100804 27.469669 308.266050
 66.000000 -0.847235 1.020848 16.044713 1782.096025
 66.200000 -1.245402 1.094250 28.427247 183.196620
 66.400000 -1.367908 0.838227 29.326305 0.372523
 66.600000 -0.909604 0.459841 18.633816 1562.402873
 66.800000 -0.840938 0.329066 15.813063 1813.789360
 67.000000 -0.665227 -0.134435 8.100591 1882.630225
 67.200000 -0.456777 -0.473769 -0.024223 6.331562
 67.400000 -0.692847 -0.233672 9.331841 1913.743836
 67.600000 -0.636724 0.124147 6.896916 1858.362757
 67.800000 -0.477855 0.242788 0.448037 1168.761266
 68.000000 -1.715907 0.757727 24.673799 256.368992
 68.200000 -1.712888 1.182637 24.734122 259.808251
 68.400000 -1.373681 1.105988 29.374465 0.009296
 68.600000 -0.604557 0.788811 5.549484 1846.452802
 68.800000 -1.758874 0.966999 23.998400 250.293472
 69.000000 -1.878028 0.997240 22.436180 64.666953
 69.200000 -1.042771 0.576082 23.622124 1094.962429
 69.400000 -1.001475 0.502236 22.207474 1248.130005
 69.600000 -0.815326 0.258528 14.810169 1922.969191
 69.800000 -1.175424 0.638918 27.281464 439.378730
 70.000000 -1.289359 1.229912 28.991704 86.469876
 70.200000 -1.290458 1.401791 29.025155 84.602323
 70.400000 -0.715407 1.022826 10.416131 1928.679860
 70.600000 -2.006101 1.086667 22.380996 32.396187
 70.800000 -1.819455 0.560891 23.105869 191.715092
 71.000000 -0.806535 0.205564 14.458358 1951.140377
 71.200000 -0.783937 -0.169839 13.486180 1987.219797
 71.400000 -0.830830 -0.354692 15.559283 1901.639246
 71.600000 -0.464937 -0.274381 0.010214 355.332943
 71.800000 -0.598394 0.127924 5.384781 1869.898858
 72.000000 -0.713941 0.016108 10.381246 1922.094808
 72.200000 -0.530528 0.114687 2.503441 1752.728456
 72.400000 -0.697338 -0.212679 9.690361 1886.783621
 72.600000 -0.354370 -0.622230 -0.000000 0.000000
 72.800000 -0.176656 -0.348457 -0.002802 0.000106
 73.000000 -0.789314 -0.086821 13.758276 1989.950973
 73.200000 -0.833315 0.195736 15.742206 1916.372302
 73.400000 -0.706658 0.398690 10.130262 1890.866376
 73.600000 -1.236105 0.689638 28.442884 212.442216
 73.800000 -1.317013 1.213888 29.297034 42.013013
 74.000000 -0.587408 1.241432 4.995517 1887.028207
 74.200000 -0.997957 1.516149 22.280384 1210.629102
 74.400000 -0.998634 1.416386 22.303928 1208.159310
 74.600000 -1.463369 1.082037 28.983817 132.324838
 74.800000 -1.538946 0.640889 27.849126 308.091888
 75.000000 -1.493076 0.908665 28.594706 212.231314
 75.200000 -0.691192 1.131969 9.535342 1842.661869
 75.400000 -1.229219 1.279851 28.383103 234.263002
 75.600000 -1.134706 0.805823 26.474333 626.047981
 75.800000 -1.686482 0.814343 25.250402 276.935109
 76.000000 -1.207831 1.064226 28.032309 306.392530
 76.200000 -0.833686 1.337082 15.886976 1954.676964
 76.400000 -1.134120 1.496174 26.487158 624.981829
 76.600000 -0.892648 1.367344 18.407463 1680.835954
 76.800000 -1.202707 1.070985 27.965240 324.242568
 77.000000 -1.687404 0.934784 25.245548 279.134261
 77.200000 -1.261793 0.873984 28.873832 144.190409
 77.400000 -1.349743 1.325005 29.543981 8.784882
 77.600000 -0.844226 0.933955 16.396981 1931.510200
 77.800000 -1.536760 0.699064 27.963586 313.429152
 78.000000 -1.488935 0.816013 28.737720 203.018319
 78.200000 -1.048875 0.982551 24.143814 983.967115
 78.400000 -0.833623 1.057631 15.970818 1984.957516
 78.600000 -1.301021 1.038922 29.294111 66.500747
 78.800000 -1.358485 0.717841 29.591013 3.973476
 79.000000 -1.344758 0.889415 29.552727 12.760608
 79.200000 -1.076789 1.377191 25.040916 866.398326
 79.400000 -1.058533 1.267781 24.492116 940.448475
 79.600000 -1.484802 0.761964 28.861093 193.039883
 79.800000 -1.404857 0.710548 29.584903 14.700629
 80.000000 -1.180408 1.058474 27.635420 402.454225
 80.200000 -1.256768 1.248227 28.909452 152.484551
 80.400000 -1.627580 0.829358 26.345308 339.747260
 80.600000 -1.174064 0.574549 27.550884 425.246277
 80.800000 -0.678002 0.432910 9.137262 1788.868558
 81.000000 -0.633868 0.051170 7.274372 1799.040019
 81.200000 -0.534860 -0.497532 2.954194 2008.072256
 81.400000 -0.458174 -0.494433 -0.024089 9.462850
 81.600000 -0.558597 -0.019762 4.021123 2017.415939
 81.800000 -1.054882 0.463308 24.487888 949.838319
 82.000000 -1.051456 0.673287 24.381925 963.403197
 82.200000 -2.009510 1.123538 22.197397 27.253161
 82.400000 -1.541078 1.501473 28.035516 342.014786
 82.600000 -0.799576 0.598983 14.572127 2096.652369
 82.800000 -0.589767 -0.424194 5.449825 1938.870992
 83.000000 -0.627258 -0.790861 7.070331 1805.830494
 83.200000 -0.721572 0.068524 11.098424 1885.336136
 83.400000 -0.915606 1.332324 19.687141 1610.158011
 83.600000 -0.724778 2.133705 11.237884 1897.778026
 83.800000 -0.586118 2.296543 5.332084 1959.712706
 84.000000 -0.523644 2.073175 2.511101 2028.805544
 84.200000 -1.186682 1.375822 27.972730 359.020149
 84.400000 -1.188143 0.437257 28.000296 353.316991
 84.600000 -0.476881 -0.543785 0.520798 1672.453805
 84.800000 0.354944 -1.035336 -0.000000 0.000000
