#! FIELDS time phi psi ves.bias ves.force2
#! SET min_phi -pi
#! SET max_phi pi
#! SET min_psi -pi
#! SET max_psi pi
 0.000000 -1.498385 0.273949 23.369432 70.063852
 0.200000 -0.774908 0.405575 9.016015 1749.784717
 0.400000 -1.416143 1.188820 23.893322 16.395855
 0.600000 -1.480657 1.352231 23.510830 57.394745
 0.800000 -1.016014 0.830823 17.972896 1034.383339
 1.000000 -1.242954 0.412716 23.207032 172.221046
 1.200000 -1.100847 0.646155 20.778473 620.264146
 1.400000 -1.518840 1.207807 23.430092 134.499668
 1.600000 -0.901206 1.272710 13.996626 1455.667823
 1.800000 -1.253910 1.491487 23.475380 138.641155
 2.000000 -1.258581 0.821575 23.529631 131.102170
 2.200000 -0.850417 0.325609 12.057470 1550.854272
 2.400000 -0.652167 -0.196798 3.325153 2224.094756
 2.600000 -0.919980 -0.425949 14.785636 1529.573877
 2.800000 -0.728501 -0.231333 6.937787 2108.760265
 3.000000 -0.774470 0.263745 8.972846 1814.778071
 3.200000 -1.679468 0.994961 21.223311 174.268477
 3.400000 -1.319829 1.407788 24.453822 51.290336
 3.600000 -1.152542 1.558377 22.080061 391.952548
 3.800000 -1.684465 1.420185 21.157621 171.328866
 4.000000 -1.155454 0.657938 22.137404 383.311994
 4.200000 -1.314113 0.280503 24.530864 61.182222
 4.400000 -0.808475 0.747957 10.484974 1514.334862
 4.600000 -0.628671 2.044132 2.555432 2128.654475
 4.800000 -0.729927 2.624947 7.257649 1933.337603
 5.000000 -0.643812 2.118321 3.261502 2212.704689
 5.200000 -0.589382 1.337416 0.954258 1789.450189
 5.400000 -1.324008 0.837328 24.704722 47.678001
 5.600000 -1.800535 0.509331 19.816585 75.428567
 5.800000 -1.719220 0.473705 20.707851 162.082465
 6.000000 -0.642025 1.178329 3.340193 2231.809839
 6.200000 -0.561316 2.131045 -0.021250 69.682507
 6.400000 -1.157001 2.765940 22.318973 395.712152
 6.600000 -0.634343 2.116233 3.149999 2240.296522
 6.800000 -0.552657 1.241517 -0.008032 4.469959
 7.000000 -1.685552 0.824544 21.186174 182.913471
 7.200000 -1.574734 0.187409 22.786211 224.045024
 7.400000 -1.658965 0.385516 21.571287 193.008237
 7.600000 -1.284288 1.130019 24.442702 148.628110
 7.800000 -0.539521 1.913424 -0.000444 0.018214
 8.000000 -0.868517 2.683446 12.827654 1469.541898
 8.200000 -0.617731 2.255992 2.721100 2238.524430
 8.400000 -0.496434 1.051295 -0.000000 0.000000
 8.600000 -1.156774 0.253801 22.364921 385.376128
 8.800000 -1.276356 0.169554 24.372720 169.541143
 9.000000 -0.688264 -0.009714 6.000587 1938.069128
 9.200000 -0.914520 0.095225 14.713782 1679.347311
 9.400000 -0.594672 0.227283 1.800282 2157.501378
 9.600000 -1.461837 0.624336 24.427650 139.645728
 9.800000 -1.678054 1.245698 21.443650 196.010465
 10.000000 -0.994924 1.067684 17.941457 1402.840967
 10.200000 -1.299739 0.998788 24.742193 100.537457
 10.400000 -1.792883 0.960132 19.929753 135.174145
 10.600000 -1.060455 0.735913 20.164422 817.533209
 10.800000 -0.629532 0.639919 3.606672 2268.805332
 11.000000 -1.023159 0.744504 19.001942 1140.140134
 11.200000 -1.871764 0.838923 19.242231 25.966121
 11.400000 -1.594163 1.112744 22.753412 174.760156
 11.600000 -0.816673 1.117072 11.011550 1226.968889
 11.800000 -0.755257 1.482064 8.915286 1185.022510
 12.000000 -1.197721 2.190922 23.238971 343.361922
 12.200000 -2.076589 2.554839 19.719059 52.535731
 12.400000 2.970940 2.881653 0.070960 1074.612972
 12.600000 -3.134087 3.059723 9.092557 2746.914552
 12.800000 3.013726 2.675536 1.862174 2158.961462
 13.000000 -2.766075 2.836828 21.072179 240.033179
 13.200000 -2.418410 -3.068685 22.270531 36.469347
 13.400000 -2.510715 2.376141 22.655203 2.987761
 13.600000 -2.165906 2.521084 20.384094 70.154738
 13.800000 -1.931421 2.940723 19.069813 0.000386
 14.000000 -2.931524 2.367521 17.152257 918.641071
 14.200000 -3.006459 3.107198 14.650973 1269.282431
 14.400000 3.024672 -2.958123 2.352231 2406.699182
 14.600000 -2.425457 2.291426 22.296188 34.131652
 14.800000 -1.168678 1.333261 22.705206 400.847535
 15.000000 -1.200739 0.633720 23.331490 360.006519
 15.200000 -1.643903 0.331087 22.279240 212.448304
 15.400000 -2.107254 0.763025 19.826565 58.509092
 15.600000 -1.272084 1.004736 24.517246 172.469283
 15.800000 -0.986126 1.235588 17.860017 1404.926320
 16.000000 -1.145641 1.895289 22.228479 430.299910
 16.200000 -0.769122 1.936733 9.586999 1003.021561
 16.400000 -0.511946 1.984538 -0.000010 0.000011
 16.600000 -0.921592 2.179777 15.270869 1788.772390
 16.800000 -0.531457 1.892478 -0.007986 5.983331
 17.000000 -1.591011 1.918299 23.019721 145.492311
 17.200000 -2.329269 1.659495 21.574988 59.218828
 17.400000 -1.993807 -3.101926 19.154593 10.530135
 17.600000 -2.254330 3.096339 20.978219 67.709514
 17.800000 -2.979300 2.228979 15.508306 1062.892539
 18.000000 -2.832331 2.805345 19.610124 496.683823
 18.200000 3.051979 -3.006576 3.715763 2918.089846
 18.400000 -2.895519 2.573915 17.998263 750.472955
 18.600000 -2.019187 2.509426 19.256024 18.155796
 18.800000 -1.088712 2.566948 21.004330 541.216256
 19.000000 -0.726190 2.109793 8.278438 1103.659133
 19.200000 -1.066692 1.358575 20.478576 635.732997
 19.400000 -1.595514 0.825391 23.033296 142.109839
 19.600000 -1.066530 0.540356 20.474484 636.668210
 19.800000 -1.596792 0.973078 23.018017 143.702753
 20.000000 -1.933465 1.370287 19.052157 0.002720
 20.200000 -1.609378 1.395075 22.887212 161.270760
 20.400000 -0.698505 0.825420 7.392035 1315.603410
 20.600000 -1.747360 0.581270 20.664189 287.441681
 20.800000 -1.400935 0.769819 24.889077 34.604097
 21.000000 -0.612537 1.057935 3.684844 2402.859143
 21.200000 -0.545681 1.695296 0.421153 2387.496077
 21.400000 -0.744160 2.431714 8.951751 997.171505
 21.600000 -1.163747 2.533800 22.598404 395.595661
 21.800000 -2.167151 2.065764 20.153125 61.365725
 22.000000 -2.210813 2.254398 20.507588 69.596319
 22.200000 -1.955121 2.957951 19.046569 2.196567
 22.400000 -2.183448 2.616724 20.258709 64.948817
 22.600000 -2.922086 2.290481 17.179488 822.597853
 22.800000 -2.808036 -3.045778 19.987708 381.352571
 23.000000 -2.792324 2.874446 20.281734 320.337888
 23.200000 -2.154389 2.294491 20.020130 54.676298
 23.400000 -1.735973 2.586801 20.902543 332.299954
 23.600000 -2.700996 2.457416 21.492254 90.838878
 23.800000 2.979832 -3.046732 0.243526 1689.765738
 24.000000 3.065064 2.885447 4.353702 3096.658084
 24.200000 -2.993779 2.350103 14.935918 1107.382883
 24.400000 -2.398664 2.915758 21.994693 43.727023
 24.600000 -2.537898 2.689528 22.372366 2.835196
 24.800000 -2.809836 2.445610 19.953664 383.686186
 25.000000 -2.443112 3.113235 22.242502 19.383878
 25.200000 -3.111634 2.686352 10.181414 2416.824492
 25.400000 -2.897996 2.781905 17.840898 771.484464
 25.600000 -2.714385 2.965311 21.338047 99.131036
 25.800000 -3.016567 2.389584 14.144605 1245.436880
 26.000000 -2.655871 3.051817 21.818165 46.120169
 26.200000 -2.965694 2.901925 15.838183 994.615622
 26.400000 -3.000126 2.693794 14.715954 1142.668234
 26.600000 -2.794704 2.873225 20.267595 316.297765
 26.800000 -3.090083 2.739254 11.209663 2073.949229
 27.000000 -2.662832 2.850844 21.766097 46.803712
 27.200000 -2.245043 2.854992 20.677064 76.939150
 27.400000 -2.051813 2.422473 19.363751 21.307232
 27.600000 -2.002633 2.382775 19.161867 12.566492
 27.800000 -1.861055 2.715615 19.199885 43.106951
 28.000000 -2.575039 2.580450 22.226288 13.716939
 28.200000 3.068419 2.953300 4.553942 3177.739450
 28.400000 -3.121311 3.034876 9.735242 2572.624119
 28.600000 -3.107614 2.789158 10.414805 2350.601953
 28.800000 -2.742506 2.884705 21.093537 137.507401
 29.000000 -2.554023 3.061759 22.286500 7.745891
 29.200000 -2.717005 2.523816 21.378459 85.897910
 29.400000 -2.464385 2.855078 22.305984 7.344881
 29.600000 -2.285163 2.807637 21.014916 86.077036
 29.800000 -2.589428 2.465333 22.161550 16.807638
 30.000000 -2.413462 2.909186 22.081212 36.082136
 30.200000 -2.897987 2.896769 17.959169 795.891038
 30.400000 2.964813 2.679507 -0.014325 8.618256
 30.600000 -2.737446 2.879738 21.192185 121.918931
 30.800000 -3.085882 2.620731 11.473403 2022.941619
 31.000000 -3.006737 2.851465 14.571088 1187.084844
 31.200000 3.085786 2.981735 5.577301 3323.590051
 31.400000 -3.138028 2.486976 8.925828 2869.745723
 31.600000 -2.274261 2.977905 20.902226 91.248491
 31.800000 -2.006391 2.461163 19.194854 13.510715
 32.000000 -1.772931 2.304460 20.193367 291.826003
 32.200000 -1.881215 2.266714 19.044385 11.885314
 32.400000 -2.262945 2.869247 20.791632 91.218073
 32.600000 -3.083725 2.672358 11.640604 1993.868851
 32.800000 -3.020787 2.903575 14.147230 1276.248395
 33.000000 -2.515681 2.845034 22.420890 0.598298
 33.200000 -2.759302 2.541675 20.999485 173.824768
 33.400000 -2.878113 3.097979 18.594909 709.096144
 33.600000 2.909427 2.883988 -0.000000 0.000000
 33.800000 -2.703225 2.570221 21.584736 66.086033
 34.000000 -2.121477 2.740330 19.694848 29.418624
 34.200000 -2.384489 2.435076 21.949602 64.642374
 34.400000 -2.468652 2.835948 22.412912 6.769637
 34.600000 -2.862428 2.759847 19.039058 639.160388
 34.800000 2.933712 2.887862 -0.000008 0.000003
 35.000000 -2.452642 2.958024 22.361865 14.235454
 35.200000 -1.747288 2.364487 20.575536 355.085588
 35.400000 -2.038259 1.840242 19.330078 12.612156
 35.600000 -1.641005 2.300547 22.544731 232.287484
 35.800000 -2.128749 2.664626 19.718013 29.979326
 36.000000 2.975343 3.005407 0.061574 1087.832462
 36.200000 -2.984318 -3.052758 15.525229 1057.488955
 36.400000 -2.287478 2.443496 21.043350 108.961333
 36.600000 -1.943814 1.737106 19.064543 4.116021
 36.800000 -0.767406 1.146918 9.563383 917.628629
 37.000000 -1.837104 0.871211 19.296943 68.448661
 37.200000 -1.807407 0.450249 19.602299 148.668401
 37.400000 -1.708955 0.499087 21.291970 384.079284
 37.600000 -0.687347 1.215745 7.036133 1231.157391
 37.800000 -1.084749 1.974502 20.663065 500.733739
 38.000000 -0.592738 2.364513 2.980060 2404.075763
 38.200000 -1.095948 2.240959 20.887143 473.158881
 38.400000 -1.078346 1.937691 20.495249 522.369747
 38.600000 -0.561712 1.331751 1.448596 2387.233731
 38.800000 -1.172684 1.588842 22.486698 415.696638
 39.000000 -1.834444 1.205411 19.337931 67.095012
 39.200000 -1.513549 0.515290 23.698106 42.455928
 39.400000 -0.842543 0.454726 12.032458 1465.574929
 39.600000 -0.779885 0.537280 9.876716 960.258420
 39.800000 -1.919584 1.045448 19.102488 0.878734
 40.000000 -1.834570 1.633227 19.351440 64.047135
 40.200000 -0.791116 1.738485 10.215664 1025.637156
 40.400000 -0.674635 1.687328 6.538747 1355.331348
 40.600000 -0.861223 1.829216 12.754438 1629.703844
 40.800000 -1.468962 1.683381 23.972086 48.460855
 41.000000 -1.297620 0.685725 24.451754 61.584735
 41.200000 -0.561139 -0.200661 1.441176 2352.746332
 41.400000 1.092216 -1.186099 -0.000000 0.000000
