#! FIELDS time phi psi ves.bias ves.force2
#! SET min_phi -pi
#! SET max_phi pi
#! SET min_psi -pi
#! SET max_psi pi
 0.000000 -1.498385 0.273949 25.037724 141.910265
 0.200000 -1.655953 1.011112 22.744136 240.287941
 0.400000 -1.069954 1.330516 21.170444 780.824554
 0.600000 -0.834812 1.626419 12.619828 1552.478540
 0.800000 -0.966240 1.978501 17.785045 1381.668099
 1.000000 -1.129030 2.162545 22.694000 571.174787
 1.200000 -0.718646 2.349928 8.207646 1928.360908
 1.400000 -0.738081 1.970607 9.047359 1807.632259
 1.600000 -0.836766 1.617615 13.025281 1542.882727
 1.800000 -1.888014 1.070459 21.251904 0.602479
 2.000000 -1.587995 0.432017 23.822198 194.196184
 2.200000 -0.560492 0.005571 1.070999 1744.577085
 2.400000 -0.530428 -0.414500 -0.026092 12.817759
 2.600000 -0.971586 -0.427153 18.213123 1275.836527
 2.800000 -0.558293 -0.133560 0.979600 1711.047376
 3.000000 -0.574741 -0.137834 1.683741 1950.317356
 3.200000 -1.425240 0.522612 25.736533 65.078089
 3.400000 -1.211812 1.302743 24.366999 364.336051
 3.600000 -0.662512 1.863944 6.016119 2179.081184
 3.800000 -0.473292 2.385146 -0.000000 0.000000
 4.000000 -1.389553 2.398858 25.955979 15.963781
 4.200000 -2.308165 1.562150 23.309663 36.884025
 4.400000 -1.822478 1.544126 21.305933 15.172358
 4.600000 -0.508577 0.770615 -0.001114 0.091094
 4.800000 -0.769412 0.507427 10.625575 1406.043995
 5.000000 -2.090766 0.406738 21.811482 30.311113
 5.200000 -1.979659 0.521027 21.373182 9.538829
 5.400000 -1.415271 0.417357 25.845830 50.813526
 5.600000 -0.789055 0.842126 11.431029 1343.472611
 5.800000 -1.313745 1.476676 25.855476 61.880285
 6.000000 -1.975215 1.451574 21.359597 9.158042
 6.200000 -1.583730 1.514104 23.947129 169.845170
 6.400000 -1.349555 1.048272 26.056386 4.946807
 6.600000 -1.463813 0.734885 25.429459 118.890630
 6.800000 -1.209279 0.954539 24.336557 367.329071
 7.000000 -1.048154 1.217545 20.795901 727.461955
 7.200000 -1.435611 1.014686 25.762306 80.034715
 7.400000 -1.318985 0.542630 25.952462 53.150685
 7.600000 -1.213268 0.629180 24.455730 357.888718
 7.800000 -1.301839 1.187124 25.804315 99.234717
 8.000000 -1.187130 1.270209 23.947445 395.373778
 8.200000 -0.543187 0.918006 0.788853 1779.694884
 8.400000 -1.798361 1.148627 21.404620 38.318367
 8.600000 -1.772465 0.981097 21.595940 73.239314
 8.800000 -0.822915 0.648702 12.795507 1326.626645
 9.000000 -1.865696 1.000195 21.192328 0.158312
 9.200000 -1.388274 1.154042 26.230921 15.687128
 9.400000 -0.508820 0.760604 -0.003393 0.823665
 9.600000 -0.960013 0.765519 18.062351 1363.599162
 9.800000 -2.084877 0.871571 21.750485 16.320581
 10.000000 -2.095048 0.901375 21.792783 18.333013
 10.200000 -0.690815 0.599708 7.810470 1893.006643
 10.400000 -1.030765 0.851035 20.477719 882.502691
 10.600000 -1.214453 1.036883 24.739719 365.063602
 10.800000 -1.322022 0.971601 26.223227 41.549240
 11.000000 -1.292268 0.914565 25.960877 123.190440
 11.200000 -1.629725 1.117789 23.462695 196.133677
 11.400000 -0.975913 1.052113 18.728928 1267.357283
 11.600000 -1.547579 0.995485 24.601289 187.616328
 11.800000 -0.906847 0.836491 16.111669 1533.735584
 12.000000 -1.662925 0.989917 22.998522 193.124920
 12.200000 -1.429483 1.078832 26.140162 91.430769
 12.400000 -0.991592 0.687378 19.333879 1163.454303
 12.600000 -1.084405 0.882913 22.042716 618.170441
 12.800000 -1.507177 0.990806 25.208255 179.980834
 13.000000 -1.194679 0.684183 24.513068 420.885622
 13.200000 -1.099516 0.912872 22.490607 581.424846
 13.400000 -1.350204 1.213737 26.606889 1.676734
 13.600000 -1.068151 0.893374 21.701414 694.813017
 13.800000 -0.992189 0.487557 19.407087 1178.156972
 14.000000 -1.107779 0.393685 22.687970 560.115176
 14.200000 -0.758312 0.729557 10.544489 1405.702350
 14.400000 -1.762326 1.263172 21.810868 113.674936
 14.600000 -1.558086 1.006255 24.642780 203.947263
 14.800000 -0.870736 0.691561 14.775216 1546.275072
 15.000000 -1.603786 0.880560 23.984751 210.774293
 15.200000 -1.454888 1.011676 26.110877 138.384757
 15.400000 -1.055349 0.980729 21.556189 824.206645
 15.600000 -1.560624 1.025572 24.669995 209.267940
 15.800000 -1.478908 0.952310 25.812057 169.566523
 16.000000 -1.170691 0.694003 24.373504 456.860226
 16.200000 -1.441693 0.726658 26.354298 113.692037
 16.400000 -1.337523 1.075084 26.833814 8.556440
 16.600000 -1.095866 0.999573 22.763937 657.473887
 16.800000 -1.621188 0.907536 23.845136 232.555389
 17.000000 -1.548330 0.641730 24.937504 215.006511
 17.200000 -0.858700 0.811336 14.341079 1548.989432
 17.400000 -1.537761 1.252835 25.194183 218.946782
 17.600000 -1.328888 0.886860 26.896148 17.576592
 17.800000 -0.787835 0.483839 11.645126 1388.878171
 18.000000 -0.990248 0.325238 19.568643 1358.076367
 18.200000 -0.810236 0.145927 12.492865 1424.886570
 18.400000 -0.706194 0.020195 8.455857 1770.998412
 18.600000 -0.550079 -0.451893 1.231372 1834.192836
 18.800000 -0.403015 -0.713637 -0.000000 0.000000
 19.000000 -0.507718 -0.586415 -0.007162 3.122252
 19.200000 -0.651407 -0.018055 6.021681 2200.235153
 19.400000 -1.249874 0.639160 26.319188 210.039676
 19.600000 -1.353771 1.206883 27.132827 0.207394
 19.800000 -1.594550 1.324962 24.466836 272.065737
 20.000000 -1.062111 0.908512 22.134903 917.807582
 20.200000 -1.628760 0.959518 23.944102 295.695464
 20.400000 -1.488444 0.961351 26.196277 185.555564
 20.600000 -1.156727 0.990963 24.690931 491.870353
 20.800000 -1.590422 1.163756 24.600271 287.140450
 21.000000 -0.999005 0.650027 20.068292 1388.861993
 21.200000 -0.835895 0.018021 13.521071 1525.383703
 21.400000 -0.514255 -0.505394 -0.023338 38.739836
 21.600000 -0.294206 -0.687092 -0.000000 0.000000
 21.800000 -0.606124 -0.103894 3.918114 2280.425535
 22.000000 -0.932755 0.679155 17.471673 1721.227805
 22.200000 -0.918469 1.730065 16.914882 1755.747517
 22.400000 -0.472806 2.246323 -0.000003 0.000000
 22.600000 -0.819344 2.381527 12.892984 1489.997666
 22.800000 -0.781523 1.999423 11.451010 1435.530882
 23.000000 -0.499789 1.381950 -0.002932 0.588493
 23.200000 -1.374404 1.490074 27.449290 3.718954
 23.400000 -2.099614 0.795615 21.365439 22.221314
 23.600000 -0.807057 0.203593 12.460774 1477.867527
 23.800000 -0.943283 0.244452 18.014347 1727.676536
 24.000000 -0.674020 -0.096376 7.162978 1938.687796
 24.200000 -0.804188 -0.355471 12.390709 1485.641566
 24.400000 -0.299050 -0.295986 -0.000000 0.000000
 24.600000 -0.131874 -0.415102 -0.000000 0.000000
 24.800000 -0.670899 -0.306266 7.071840 1937.696238
 25.000000 -0.809189 0.190584 12.583851 1496.701444
 25.200000 -0.838472 0.154622 13.782991 1598.923023
 25.400000 -0.705053 0.116584 8.576141 1679.060240
 25.600000 -0.557681 -0.038165 1.938416 1957.563612
 25.800000 -0.918957 0.011653 17.114650 1771.769932
 26.000000 -0.758605 -0.263879 10.687717 1473.017062
 26.200000 -0.571243 -0.136577 2.641424 2085.557841
 26.400000 -0.802292 0.081501 12.424334 1501.177337
 26.600000 -0.545541 0.053988 1.498465 1849.421211
 26.800000 -0.728995 -0.167298 9.599324 1545.333195
 27.000000 -0.761204 -0.687728 10.846543 1469.446527
 27.200000 -0.827648 -0.296283 13.483808 1572.864767
 27.400000 -0.937735 0.334631 18.026546 1713.919032
 27.600000 -1.587180 1.173103 25.001083 381.926727
 27.800000 -1.858196 1.868608 20.884628 35.255554
 28.000000 -1.784674 2.624393 21.542704 142.794730
 28.200000 3.049277 3.134214 3.937216 2931.483979
 28.400000 -2.913101 2.765413 17.664900 967.164141
 28.600000 -2.970617 2.690422 15.846959 1031.829271
 28.800000 -2.680740 2.898758 22.422461 46.822005
 29.000000 3.090377 2.697482 6.226236 3169.980503
 29.200000 3.093390 2.838006 6.344818 3164.655911
 29.400000 -2.941009 3.041128 16.753755 994.966510
 29.600000 -3.070246 2.533128 12.297248 1657.368029
 29.800000 -2.406722 2.983741 22.716184 22.590864
 30.000000 -2.574120 2.705376 22.831448 6.762864
 30.200000 -2.834613 2.615949 19.884063 678.279682
 30.400000 -3.048840 3.058432 13.111049 1424.631177
 30.600000 3.117894 2.871331 7.677999 3015.365246
 30.800000 -2.965088 2.671363 15.964575 1019.288359
 31.000000 -1.923607 2.986252 20.575326 2.875414
 31.200000 -2.001083 2.137687 20.597138 8.597736
 31.400000 -1.964166 1.894665 20.525587 0.730156
 31.600000 -1.715272 2.260318 22.557001 299.754387
 31.800000 -2.235529 2.885715 21.669875 21.528062
 32.000000 3.094377 2.686088 6.347789 3166.153568
 32.200000 -3.022490 3.027769 14.027845 1212.419141
 32.400000 -2.713938 2.706753 22.016406 100.956870
 32.600000 -2.376358 2.657670 22.429054 35.494329
 32.800000 -2.244677 2.686257 21.675865 22.044607
 33.000000 -2.936847 2.653021 16.814528 984.210134
 33.200000 3.032265 3.027970 2.911559 2626.772851
 33.400000 -3.139568 2.982302 9.006895 2698.917772
 33.600000 3.053162 2.594652 4.017818 2958.308159
 33.800000 -2.552769 3.100984 22.781750 3.850994
 34.000000 -2.569399 2.617722 22.744801 6.089752
 34.200000 -2.445469 2.678815 22.701423 12.447564
 34.400000 -2.298226 3.019952 21.893906 30.038654
 34.600000 -3.101364 2.589148 10.876149 2087.978453
 34.800000 -3.039453 2.916592 13.399927 1326.909714
 35.000000 -2.883460 3.030317 18.418636 885.979120
 35.200000 -3.097433 2.617851 11.057568 2025.070550
 35.400000 -2.280848 2.875138 21.778568 25.138815
 35.600000 -2.502169 2.333933 22.806387 0.446031
 35.800000 -2.324830 2.547656 22.016911 33.655608
 36.000000 -2.392511 3.097005 22.421026 32.785978
 36.200000 3.009818 2.348606 1.820326 2181.363931
 36.400000 -2.210157 2.990009 21.450076 21.220568
 36.600000 -1.960022 2.503996 20.435310 0.257708
 36.800000 -2.019780 2.327668 20.514653 9.248576
 37.000000 -1.962528 2.413946 20.434238 0.121303
 37.200000 -2.083460 2.994944 20.777928 28.875125
 37.400000 -3.021195 2.561824 14.055962 1195.365661
 37.600000 -2.867418 2.966625 18.855375 800.635328
 37.800000 -2.806354 2.932411 20.415711 494.373210
 38.000000 3.141544 2.508262 8.914152 2708.630378
 38.200000 -2.196474 2.934082 21.386073 23.415449
 38.400000 -2.103299 2.551943 20.881046 32.248027
 38.600000 -2.278644 1.782498 21.766424 22.957716
 38.800000 -1.824760 1.955896 21.043824 77.576692
 39.000000 -1.757374 2.513280 21.804330 194.756231
 39.200000 -2.887545 2.730487 18.281124 855.583879
 39.400000 3.046115 -2.851430 3.666482 2886.213966
 39.600000 2.952933 2.822964 -0.007541 2.790603
 39.800000 -2.480808 2.486885 22.756611 4.866697
 40.000000 -1.710982 2.623693 22.521767 320.093202
 40.200000 -2.247278 2.474823 21.627832 20.716857
 40.400000 3.031561 2.780825 2.916385 2654.368594
 40.600000 3.070897 -3.034051 5.045565 3121.997297
 40.800000 -3.120144 2.655399 10.006044 2360.699463
 41.000000 -2.759363 2.338595 21.280634 252.952306
 41.200000 -1.743853 3.070182 21.943249 225.978068
 41.400000 -2.122762 2.343066 20.981578 33.712302
 41.600000 -2.469601 1.912498 22.714186 8.457987
 41.800000 -1.811664 2.520587 21.128978 84.503159
 42.000000 -2.105831 3.052446 20.883958 32.481128
 42.200000 -3.127164 2.460626 9.696493 2437.268096
 42.400000 -2.851829 -3.043205 19.280850 698.950377
 42.600000 3.051183 2.489796 4.007103 2968.596658
 42.800000 -2.800935 2.405702 20.493612 438.404636
 43.000000 -2.293032 2.934733 21.844202 22.732077
 43.200000 -2.898694 2.452394 17.962072 874.014910
 43.400000 2.988496 2.847722 0.944989 1784.860811
 43.600000 -2.946811 3.012765 16.497199 970.232959
 43.800000 -3.097304 2.548039 11.121430 1964.727142
 44.000000 -2.747721 2.910209 21.423881 206.206222
 44.200000 3.008380 2.825365 1.865237 2272.962366
 44.400000 -3.073755 2.711195 12.148738 1634.591209
 44.600000 -2.886844 2.934097 18.315871 833.050034
 44.800000 3.121268 2.728826 7.973109 2893.764775
 45.000000 -2.682375 2.768850 22.134904 68.601259
 45.200000 -2.632892 2.649923 22.462090 31.217746
 45.400000 -2.527676 2.711498 22.793195 0.169402
 45.600000 -2.607699 2.755917 22.588757 20.027909
 45.800000 -2.983087 2.738618 15.385553 1024.473186
 46.000000 -2.799877 3.023381 20.507157 417.040220
 46.200000 -3.077514 2.809464 12.082849 1644.656457
 46.400000 -3.075602 2.804357 12.160107 1621.374686
 46.600000 -2.705298 2.987467 21.914594 100.569255
 46.800000 -2.897965 2.570662 18.020320 854.341916
 47.000000 -2.761590 2.980947 21.200132 246.258268
 47.200000 -2.938608 2.909084 16.832435 932.222371
 47.400000 3.012689 2.881098 2.161532 2475.989765
 47.600000 -2.499687 3.017407 22.796486 1.995451
 47.800000 -2.593767 2.667096 22.666664 15.398081
 48.000000 -2.296844 2.697959 21.860745 23.039675
 48.200000 -2.466987 2.717199 22.723981 11.575024
 48.400000 -2.558583 2.824410 22.788984 4.266250
 48.600000 -2.796952 2.853975 20.596420 389.034256
 48.800000 3.007832 2.787801 1.945962 2401.706147
 49.000000 -2.309753 3.041419 21.921676 24.258993
 49.200000 -2.196724 2.255165 21.373327 29.504305
 49.400000 -1.898922 2.221234 20.587604 10.539877
 49.600000 -1.992680 2.388108 20.455184 0.460987
 49.800000 -2.340494 2.996859 22.086254 28.778254
 50.000000 2.980653 2.759821 0.722105 1789.079124
 50.200000 2.996482 2.834380 1.443867 2194.509052
 50.400000 -2.718309 2.849958 21.819683 122.784834
 50.600000 -2.433137 2.632942 22.600595 24.132811
 50.800000 -2.242304 2.640473 21.612473 23.437661
 51.000000 -2.433934 2.789028 22.604500 23.886753
 51.200000 -2.843947 2.767089 19.617077 603.765308
 51.400000 -3.106989 3.054373 11.063306 2032.825793
 51.600000 -2.877903 3.011344 18.731428 752.347704
 51.800000 -2.074060 2.386867 20.675791 22.226495
 52.000000 -1.578347 2.082072 25.101930 453.026231
 52.200000 -1.798131 1.926072 21.115621 70.859298
 52.400000 -2.362980 2.223679 22.236951 29.499377
 52.600000 -2.703693 3.097692 22.000527 97.945662
 52.800000 2.955109 2.682249 -0.021248 11.973777
 53.000000 -2.613733 2.591472 22.650174 24.391877
 53.200000 -1.860621 2.855248 20.725947 18.226647
 53.400000 -2.388502 2.245720 22.391164 30.134655
 53.600000 -2.070685 2.483935 20.655835 21.468418
 53.800000 -2.241578 2.930069 21.656870 25.286690
 54.000000 -2.808369 2.672766 20.463971 422.637243
 54.200000 -3.068354 2.941263 12.801063 1469.115644
 54.400000 2.957590 2.846997 -0.027745 0.636378
 54.600000 -2.434604 2.561408 22.650779 22.703131
 54.800000 -1.997206 2.491595 20.461174 0.433569
 55.000000 -2.188554 2.691672 21.379730 38.391433
 55.200000 -2.845807 2.649706 19.660058 600.239057
 55.400000 3.006058 3.030123 2.034211 2588.252454
 55.600000 -3.028340 2.820117 14.267560 1128.904647
 55.800000 -2.534233 2.512168 22.911079 0.212048
 56.000000 -1.869447 2.499002 20.686438 12.994311
 56.200000 -1.933538 2.707392 20.517649 3.088165
 56.400000 -2.731490 2.641252 21.754796 143.583877
 56.600000 3.050995 3.048548 4.542749 3355.450521
 56.800000 -2.982495 2.934238 15.769487 960.588396
 57.000000 -2.718512 2.534115 21.902947 118.106352
 57.200000 -2.280078 2.772506 21.938936 23.258917
 57.400000 -2.108950 2.870681 20.892504 39.460212
 57.600000 -2.710815 2.375254 22.001194 103.869539
 57.800000 -2.928696 2.851152 17.430705 877.139855
 58.000000 -3.035111 -3.105660 14.108954 1154.483551
 58.200000 -3.056749 2.547662 13.387978 1316.805334
 58.400000 -2.114740 2.938418 20.938844 42.273541
 58.600000 -1.873520 2.351247 20.667323 9.060991
 58.800000 -1.774590 2.240976 21.231529 95.554832
 59.000000 -2.151747 2.569944 21.191700 49.040306
 59.200000 -2.489928 2.920062 22.925684 4.437207
 59.400000 -2.820886 2.939395 20.337692 467.609443
 59.600000 -2.610576 2.745039 22.755558 21.963018
 59.800000 -2.933685 2.335709 17.344588 879.521179
 60.000000 -2.832161 2.956693 20.086783 523.258939
 60.200000 3.128861 3.042074 9.148665 2818.920660
 60.400000 -2.899982 2.483542 18.358734 805.149168
 60.600000 -1.981380 2.812146 20.508880 0.000345
 60.800000 -2.066193 2.659592 20.695406 20.883564
 61.000000 -2.610409 2.441557 22.774730 21.663568
 61.200000 -2.845056 3.019500 19.849310 581.307872
 61.400000 -3.120391 3.123526 10.882871 2191.650710
 61.600000 -2.946512 2.745475 17.032666 898.193219
 61.800000 -2.089047 2.659051 20.827089 32.805978
 62.000000 -1.999625 2.351005 20.529052 0.758327
 62.200000 -2.022103 2.767101 20.576722 4.265436
 62.400000 -2.941473 2.752121 17.218894 892.572734
 62.600000 2.971531 2.951238 0.542154 1923.676042
 62.800000 3.091021 2.802403 7.106821 3386.653212
 63.000000 -3.100104 2.597770 11.829154 1844.381517
 63.200000 -2.904724 3.048243 18.333194 819.656860
 63.400000 -2.952243 2.848512 16.930839 910.260049
 63.600000 -2.973269 2.825920 16.291673 938.441859
 63.800000 -2.890255 2.723450 18.741790 773.919277
 64.000000 -2.765100 2.767343 21.477519 220.467444
 64.200000 -3.077052 2.973521 12.846372 1515.135900
 64.400000 -2.706653 2.940784 22.204459 88.282962
 64.600000 -2.842594 2.621378 20.022019 560.265263
 64.800000 -2.626511 2.896816 22.774186 26.862994
 65.000000 -2.857952 2.917961 19.646440 635.693087
 65.200000 -3.110303 2.667582 11.498655 1998.063541
 65.400000 -2.691561 3.111719 22.367533 68.075507
 65.600000 -2.657125 2.659828 22.618996 41.438756
 65.800000 -2.975591 2.628662 16.309875 952.431599
 66.000000 -2.713886 3.075045 22.167024 95.382762
 66.200000 3.129603 2.627615 9.427052 2793.900282
 66.400000 -2.977363 2.757653 16.303447 963.863562
 66.600000 -2.869266 3.022143 19.466885 687.135749
 66.800000 3.077863 2.535429 6.497229 3521.051887
 67.000000 -2.841374 2.974395 20.160323 547.918088
 67.200000 -2.993253 2.797092 15.860158 997.797872
 67.400000 3.023055 2.414475 3.297721 3249.731967
 67.600000 -2.569869 -3.041199 23.039240 4.782473
 67.800000 -2.635954 2.683677 22.791526 26.850810
 68.000000 -2.866266 2.186546 19.605388 671.683932
 68.200000 -2.520104 2.787878 23.092052 0.427215
 68.400000 -2.759055 2.810909 21.782431 176.648571
 68.600000 3.018912 2.720916 3.099376 3205.352323
 68.800000 2.959645 3.042926 0.134631 1857.680977
 69.000000 -3.109935 2.570584 11.658903 1986.275221
 69.200000 -2.257837 2.720705 22.043015 28.133751
 69.400000 -2.012754 2.700465 20.638297 3.044930
 69.600000 -2.018946 2.505032 20.650022 4.179244
 69.800000 -2.520158 2.645755 23.107030 0.475841
 70.000000 -2.713616 3.050234 22.323831 78.956934
 70.200000 -2.967221 2.814203 16.833523 972.615060
 70.400000 -2.344094 2.652267 22.465090 21.106697
 70.600000 -2.074140 2.509151 20.854248 25.187645
 70.800000 -2.083523 2.569902 20.903541 30.061095
 71.000000 -2.108437 2.881495 21.053707 42.464988
 71.200000 -2.773922 2.683055 21.719856 208.031375
 71.400000 3.111329 3.043871 8.700101 3135.410346
 71.600000 3.085628 -3.056512 7.214562 3520.075349
 71.800000 2.990813 2.620894 1.683156 2646.856142
 72.000000 -1.915854 2.848966 20.617630 0.094553
 72.200000 -1.807785 2.254193 20.761895 16.687223
 72.400000 -1.996764 1.835318 20.645636 1.526434
 72.600000 -1.851622 1.568774 20.652655 1.592233
 72.800000 -0.660106 1.366511 6.855552 1413.366306
 73.000000 -1.652257 1.489504 22.842915 478.450701
 73.200000 -1.774134 0.631786 20.939426 56.867878
 73.400000 -1.536017 0.322758 25.290859 305.928539
 73.600000 -0.727058 0.169812 9.268319 1307.612088
 73.800000 -1.421614 0.824319 26.557168 25.426985
 74.000000 -1.337927 1.224610 26.666143 6.236891
 74.200000 -0.597896 0.862938 4.357034 1657.778270
 74.400000 -1.715286 1.168832 21.594345 235.524004
 74.600000 -1.884094 0.992114 20.630146 0.015584
 74.800000 -1.137783 0.900440 23.817293 641.369458
 75.000000 -0.987200 1.075831 19.211750 1247.841667
 75.200000 -1.384615 1.637655 26.622291 2.885200
 75.400000 -0.805573 1.243943 12.135048 1500.463997
 75.600000 -0.890245 1.090327 15.499982 1592.094749
 75.800000 -1.513215 1.323226 25.601688 222.650116
 76.000000 -2.102626 0.690661 21.080451 38.959857
 76.200000 -1.388947 0.259345 26.586484 4.222399
 76.400000 -0.616792 0.158942 5.068870 1571.896063
 76.600000 -0.413216 -0.247194 -0.000000 0.000000
 76.800000 -2.046182 -0.115484 20.810513 12.437670
 77.000000 -2.595708 0.528453 23.116329 7.397462
 77.200000 -1.702071 1.171920 21.755604 281.184498
 77.400000 -0.466944 1.449983 -0.000445 0.014520
 77.600000 -0.714794 2.289284 8.714227 1307.622819
 77.800000 -1.097866 2.437126 22.657524 806.952847
 78.000000 -0.336783 2.121925 -0.000000 0.000000
 78.200000 -1.258500 1.480225 25.971168 132.206379
 78.400000 -1.341098 0.500412 26.525657 5.487298
 78.600000 -1.830806 0.035027 20.663476 2.332097
 78.800000 -2.045023 0.379755 20.825009 11.533427
 79.000000 -1.545886 0.951665 24.981535 340.372247
 79.200000 -0.803912 1.347709 11.984820 1494.098539
 79.400000 -0.870676 1.656175 14.624439 1597.445059
 79.600000 -0.638187 2.019048 5.841483 1472.433332
 79.800000 -0.659436 2.419086 6.646369 1399.383085
 80.000000 -1.057953 2.230709 21.425284 961.202962
 80.200000 -0.689128 1.699326 7.724482 1332.275249
 80.400000 -1.330031 1.679956 26.439530 11.740403
 80.600000 -0.981819 1.495115 18.870986 1267.254114
 80.800000 -0.692009 1.000291 7.829564 1328.396556
 81.000000 -0.972375 0.877458 18.532115 1307.466350
 81.200000 -1.702251 0.989904 21.689467 272.680889
 81.400000 -1.464703 0.777005 26.039243 85.770939
 81.600000 -0.895920 0.796467 15.612510 1565.208867
 81.800000 -1.454032 1.112067 26.131940 65.918240
 82.000000 -1.436973 1.065191 26.255446 40.685171
 82.200000 -1.121261 0.826203 23.194678 700.441500
 82.400000 -1.566655 0.629369 24.497956 406.515369
 82.600000 -1.654923 1.113140 22.578762 447.677341
 82.800000 -1.002055 1.285073 19.555367 1173.123880
 83.000000 -0.708278 1.085399 8.395950 1321.511452
 83.200000 -1.425776 1.274396 26.283053 27.153615
 83.400000 -1.844195 0.927980 20.632097 0.053528
 83.600000 -0.874985 0.453099 14.769760 1590.482522
 83.800000 -1.130290 0.514611 23.414670 659.675326
 84.000000 -1.149634 0.638509 23.895076 573.792263
 84.200000 -1.370147 1.077461 26.414193 0.036762
 84.400000 -1.422704 0.955644 26.283031 23.631664
 84.600000 -0.868202 0.514379 14.497081 1592.036290
 84.800000 -1.151036 0.293285 23.916575 565.170112
 85.000000 -0.539084 0.077855 1.854340 1546.000410
 85.200000 -0.843115 0.305620 13.495913 1584.945699
 85.400000 -1.667920 0.736332 22.275485 406.408440
 85.600000 -1.440665 1.462320 26.172096 43.205151
 85.800000 -0.806321 1.715789 12.043660 1522.049747
 86.000000 -0.479104 1.926662 -0.010710 5.686959
 86.200000 -1.070352 2.287462 21.717462 898.203211
 86.400000 -0.644958 2.166372 6.002806 1438.574905
 86.600000 -0.742645 1.948588 9.619866 1380.145543
 86.800000 -0.954210 1.503406 17.827961 1360.198287
 87.000000 -1.047780 0.883739 21.024984 984.517965
 87.200000 -1.229226 0.370225 25.403829 218.888266
 87.400000 -0.480634 0.447508 -0.015511 9.290734
 87.600000 -1.221781 0.854975 25.290321 246.385041
 87.800000 -1.667755 1.176851 22.255138 407.529342
 88.000000 -1.531035 1.076428 25.112932 283.019605
 88.200000 -1.291978 0.936020 26.081945 55.506058
 88.400000 -1.755874 1.020661 20.931333 78.053648
 88.600000 -0.781037 0.728545 11.073350 1482.750710
 88.800000 -1.184836 0.916631 24.621929 396.798751
 89.000000 -1.405622 0.927660 26.316017 8.967553
 89.200000 -1.225219 0.801020 25.323276 227.954823
 89.400000 -1.441896 0.984991 26.141809 41.909950
 89.600000 -1.612518 1.079885 23.444176 507.134013
 89.800000 -0.955169 1.071963 17.880258 1346.730777
 90.000000 -1.621756 1.142673 23.236011 507.196855
 90.200000 -1.330378 0.768008 26.276761 13.786130
 90.400000 -0.534182 0.209229 1.655971 1470.205417
 90.600000 -0.859529 -0.190015 14.184329 1599.237854
 90.800000 -0.516934 -0.675251 1.004491 1378.312928
 91.000000 -0.465365 -0.273209 -0.000395 0.010861
 91.200000 -1.110053 0.509140 22.860568 721.594223
 91.400000 -1.533505 1.390435 25.065006 296.872115
 91.600000 -1.687353 1.770781 21.846214 334.819363
 91.800000 -1.867906 2.274271 20.587766 0.763846
 92.000000 -2.453140 2.973075 23.003640 15.509987
 92.200000 2.898051 2.898222 -0.000000 0.000000
 92.400000 -2.528413 2.798697 23.180287 0.618984
 92.600000 -1.964088 2.456163 20.692333 1.336364
 92.800000 -1.844265 2.174430 20.568780 0.000001
 93.000000 -1.813324 2.523866 20.598605 4.509626
 93.200000 -3.079887 2.644024 13.545024 1469.900767
 93.400000 -3.013641 -3.038145 15.869254 1093.378754
 93.600000 -2.127181 2.567558 21.223551 36.862230
 93.800000 -1.475797 1.792700 25.863815 105.436778
 94.000000 -1.253504 0.548158 25.680056 135.046847
 94.200000 -0.549425 -0.649623 2.257930 1496.695577
 94.400000 -0.657782 -0.750395 6.430718 1404.306404
 94.600000 -0.803260 0.211705 11.953302 1572.702246
 94.800000 -1.627101 1.326477 23.101340 511.271095
 95.000000 -1.967782 1.907196 20.688439 1.433054
 95.200000 -1.987264 2.799278 20.708972 1.985598
 95.400000 -2.756148 2.940087 22.383933 99.599694
 95.600000 3.065509 2.894019 6.546259 3824.545159
 95.800000 2.859813 3.054206 -0.000000 0.000000
 96.000000 -2.638387 2.913474 23.019209 7.721034
 96.200000 -2.291154 2.491182 22.174539 25.523852
 96.400000 -2.112174 2.478820 21.119002 30.602154
 96.600000 -2.039534 2.799791 20.812461 7.937553
 96.800000 -2.563291 2.558258 23.147663 0.439476
 97.000000 -3.039309 3.011977 15.021110 1174.427419
 97.200000 2.965216 -3.097057 0.738593 2245.919545
 97.400000 -2.751484 2.588196 22.431225 87.215816
 97.600000 -1.754473 2.217807 20.898916 84.266392
 97.800000 -1.692708 2.139526 21.737047 315.230199
 98.000000 -2.099141 2.177668 21.049203 25.520619
 98.200000 -2.274783 2.823641 22.072878 26.751756
 98.400000 -2.986418 3.136352 16.785766 1062.921614
 98.600000 -2.692812 2.808541 22.818996 20.090094
 98.800000 -1.716041 2.520068 21.356850 216.163825
 99.000000 -0.620362 1.876998 5.008630 1443.590242
 99.200000 -0.762042 1.469084 10.324120 1499.928698
 99.400000 -1.115361 1.398156 23.003912 675.821767
 99.600000 -1.523799 0.925996 25.227968 259.976329
 99.800000 -1.698158 0.635531 21.640455 292.528923
 100.000000 -1.734616 0.825629 21.106852 145.383209
 100.200000 -1.179631 1.226724 24.164603 389.162574
 100.400000 -1.242015 1.606205 25.178534 162.558154
 100.600000 -1.144846 1.821068 23.415112 542.738048
 100.800000 -0.606091 1.256572 4.146636 1453.741700
 101.000000 -0.647349 0.898855 5.702393 1392.392958
 101.200000 -1.678362 0.808777 21.698587 378.333737
 101.400000 -1.787743 0.758501 20.351462 24.230317
 101.600000 -0.903796 0.798503 15.677419 1540.008623
 101.800000 -1.552810 1.313264 24.406739 370.461423
 102.000000 -1.827120 1.224893 20.238429 1.241683
 102.200000 -1.106215 0.648129 22.454910 711.787563
 102.400000 -1.182525 0.611234 24.224217 373.603711
 102.600000 -0.730773 1.038143 8.813424 1434.911959
 102.800000 -1.170677 1.468909 23.987616 424.554369
 103.000000 -0.838314 1.101362 13.056003 1642.783015
 103.200000 -1.380545 1.023965 25.999348 0.003574
 103.400000 -1.515647 0.945847 25.057896 224.379526
 103.600000 -1.192287 0.827004 24.413965 330.616063
 103.800000 -1.167602 1.100290 23.931682 435.506802
 104.000000 -1.390749 1.087008 25.994286 0.878371
 104.200000 -1.225581 0.678703 24.963729 206.145578
 104.400000 -0.984341 0.674280 18.693272 1222.719452
 104.600000 -1.561353 1.036653 24.262924 401.032810
 104.800000 -1.667064 1.253736 21.947481 422.960338
 105.000000 -1.453390 0.867464 25.755522 51.822668
 105.200000 -0.750057 0.341105 9.558028 1492.482281
 105.400000 -0.808178 0.328033 11.854646 1621.225067
 105.600000 -0.785557 -0.077312 10.949446 1578.712538
 105.800000 -0.890193 -0.136954 15.163811 1577.454920
 106.000000 -0.646491 -0.071157 5.669879 1388.598102
 106.200000 -0.512062 0.068882 0.613079 1324.388849
 106.400000 -1.755122 0.805393 20.607170 89.006277
 106.600000 -1.553687 1.418204 24.439445 372.151992
 106.800000 -0.946996 1.078505 17.364921 1379.849729
 107.000000 -1.375714 0.816276 26.014176 0.227008
 107.200000 -1.931963 0.701452 20.323424 1.926828
 107.400000 -1.193559 0.636987 24.475029 318.100146
 107.600000 -0.734156 0.708379 8.956854 1465.744389
 107.800000 -1.753482 1.297972 20.629169 95.027411
 108.000000 -1.717412 0.966373 21.073566 221.254285
 108.200000 -0.843094 0.744241 13.303119 1654.606006
 108.400000 -1.966578 0.973775 20.369240 1.874885
 108.600000 -1.230987 1.100821 25.070669 184.288756
 108.800000 -1.125606 1.063654 23.024809 621.093088
 109.000000 -1.360746 1.015089 26.010217 2.961181
 109.200000 -1.462692 0.871375 25.733272 65.442993
 109.400000 -1.316890 0.769814 25.865042 27.040769
 109.600000 -1.403086 1.087550 26.017883 3.142266
 109.800000 -1.436420 1.033664 25.905416 25.733900
 110.000000 -0.908142 0.800026 15.924886 1526.029138
 110.200000 -1.543204 0.965051 24.687272 328.162062
 110.400000 -1.050965 0.904862 20.962269 948.648283
 110.600000 -0.671887 0.899749 6.620296 1385.490365
 110.800000 -1.764140 1.250383 20.566249 71.452880
 111.000000 -1.746293 0.954998 20.738985 119.306943
 111.200000 -0.821538 0.644016 12.459175 1667.175957
 111.400000 -1.675884 0.527407 21.857424 396.298507
 111.600000 -1.754035 0.915925 20.671545 97.719770
 111.800000 -1.372874 1.288844 26.060829 0.694166
 112.000000 -0.858038 1.188448 13.949339 1654.373643
 112.200000 -1.837014 1.128168 20.270143 1.361918
 112.400000 -1.317252 0.931405 25.907736 27.635601
 112.600000 -0.747387 0.357915 9.493124 1528.770325
 112.800000 -0.788659 -0.446665 11.134067 1628.836311
 113.000000 -0.752965 -0.452802 9.711725 1543.365222
 113.200000 -0.434033 0.208223 -0.000000 0.000000
 113.400000 -1.419670 0.700857 26.039696 11.162867
 113.600000 -2.012004 1.219944 20.418962 3.469229
 113.800000 -1.394333 2.106165 26.093311 0.888706
 114.000000 -0.531262 2.235441 1.354800 1361.817363
 114.200000 -0.540444 2.116350 1.699989 1386.092115
 114.400000 -1.323290 1.847876 25.967495 23.551708
 114.600000 -1.453609 1.118704 25.880346 50.577708
 114.800000 -1.140277 0.169894 23.460891 544.915821
 115.000000 -0.283638 -0.070662 -0.000000 0.000000
 115.200000 0.182692 -0.729721 -0.000000 0.000000
