#! FIELDS time phi psi ves.bias ves.force2
#! SET min_phi -pi
#! SET max_phi pi
#! SET min_psi -pi
#! SET max_psi pi
 0.000000 -1.498385 0.273949 21.102548 145.576228
 0.200000 -1.254402 0.735015 21.314869 150.212302
 0.400000 -0.824617 1.366564 8.824539 1535.327024
 0.600000 -0.557208 1.874487 -0.000048 0.000048
 0.800000 -0.956957 2.374944 13.756185 1286.067999
 1.000000 -1.042689 2.273140 16.666208 979.095461
 1.200000 -0.984151 1.740798 14.894728 1038.971704
 1.400000 -0.939772 1.092416 13.436855 1119.594842
 1.600000 -1.729846 0.658535 17.532932 171.173027
 1.800000 -1.864765 0.357136 16.657360 1.013839
 2.000000 -1.194402 0.490660 20.490769 333.439231
 2.200000 -1.247384 1.382427 21.373064 132.156358
 2.400000 -1.149547 2.013189 19.694596 511.122899
 2.600000 -0.560462 2.075461 -0.000153 0.000567
 2.800000 -0.637431 2.179313 1.265472 1364.226669
 3.000000 -1.056250 1.904354 17.202859 901.121209
 3.200000 -0.741729 1.182219 5.907798 2042.777682
 3.400000 -1.523238 0.756343 20.940482 156.215298
 3.600000 -1.646868 0.516241 18.933734 321.009905
 3.800000 -1.502685 0.896141 21.180808 118.588525
 4.000000 -0.917487 1.333818 12.797148 1155.569918
 4.200000 -0.725558 1.786386 5.229043 2080.790587
 4.400000 -0.917424 2.006775 12.857859 1158.610068
 4.600000 -0.726600 2.358813 5.276596 2079.924541
 4.800000 -1.087210 2.270181 18.313579 835.650353
 5.000000 -0.703133 1.924106 4.207801 2051.137832
 5.200000 -0.724990 1.685362 5.394084 2083.018193
 5.400000 -1.081570 1.655893 18.232500 859.338238
 5.600000 -1.452278 0.924440 21.632885 39.634781
 5.800000 -1.016540 0.219960 16.214206 1040.576947
 6.000000 -0.857206 0.386640 10.855169 1308.047311
 6.200000 -1.495071 0.655818 21.334728 81.528865
 6.400000 -1.372206 1.257061 21.988069 4.739259
 6.600000 -0.920015 1.433317 13.086699 1104.768874
 6.800000 -1.938311 1.224884 16.591774 0.244196
 7.000000 -1.619069 0.705864 19.586397 336.147112
 7.200000 -0.621926 0.236796 1.205878 1428.514076
 7.400000 -0.610289 -0.231431 0.780505 1247.011483
 7.600000 -0.663654 -0.390371 2.935227 1965.321024
 7.800000 -0.979776 0.141168 15.111680 1099.281890
 8.000000 -0.945989 0.545366 13.993137 1090.772990
 8.200000 -2.100276 1.243501 16.907362 51.585579
 8.400000 -1.866577 2.050291 16.627241 6.127111
 8.600000 -1.031094 2.759140 16.860780 1044.967330
 8.800000 -0.810543 2.220776 9.463597 1382.300445
 9.000000 -0.580720 1.165086 -0.019962 48.792275
 9.200000 -1.531680 0.739098 21.105713 148.478183
 9.400000 -1.737595 0.554107 17.562916 192.666493
 9.600000 -1.369789 0.933339 22.065037 1.618484
 9.800000 -1.022340 1.325122 16.634411 1049.825752
 10.000000 -1.155914 1.374890 20.337125 432.648469
 10.200000 -1.173315 0.430237 20.729649 333.350346
 10.400000 -0.608910 -0.164636 1.035892 1407.989719
 10.600000 -0.671441 -0.257522 3.706875 2124.153872
 10.800000 -0.703934 0.116253 5.214222 2138.389564
 11.000000 -1.215806 0.430153 21.383625 157.526360
 11.200000 -1.362641 1.060567 22.087646 0.552570
 11.400000 -1.149573 1.561963 20.338405 443.810494
 11.600000 -1.038134 1.161209 17.286117 1028.289017
 11.800000 -1.582760 0.646757 20.426764 294.607772
 12.000000 -1.273001 0.599861 21.918886 28.497625
 12.200000 -1.015214 1.119703 16.619137 1090.914023
 12.400000 -1.543852 1.325721 21.065467 183.653178
 12.600000 -1.331870 0.773435 22.137682 0.675925
 12.800000 -1.111486 0.407717 19.518314 661.525054
 13.000000 -1.296954 0.671963 22.069969 10.154398
 13.200000 -1.452682 1.516990 21.953813 26.612752
 13.400000 -1.819529 2.106727 16.761149 33.272145
 13.600000 -2.375453 2.898601 18.760393 43.390546
 13.800000 3.030947 2.959145 0.718878 1567.818684
 14.000000 -3.047978 2.719289 10.355264 1565.178743
 14.200000 -2.154754 2.793305 17.075397 76.493962
 14.400000 -2.218037 2.443210 17.629037 69.074339
 14.600000 -2.040579 2.505845 16.372776 6.285158
 14.800000 -2.288470 2.684417 18.150478 43.675292
 15.000000 -2.743882 2.814752 18.188182 148.562337
 15.200000 3.080362 2.839289 2.893208 2441.122787
 15.400000 3.135760 2.843623 5.720511 2601.608874
 15.600000 -2.593461 2.706449 19.347332 15.469989
 15.800000 -2.030669 2.842533 16.349097 4.160812
 16.000000 -2.048461 2.515920 16.395869 10.444180
 16.200000 -1.991299 2.525914 16.314206 0.003714
 16.400000 -2.243315 2.803422 17.807618 50.005716
 16.600000 -2.524478 2.851760 19.402772 1.940942
 16.800000 3.127940 2.520664 5.326958 2623.244399
 17.000000 -2.932522 3.107797 14.125855 867.917394
 17.200000 -2.678568 2.954288 18.749469 70.887053
 17.400000 -2.134517 2.335738 16.950675 64.851902
 17.600000 -1.685190 2.219355 18.464198 410.672153
 17.800000 -2.267996 2.368290 17.969192 37.322589
 18.000000 -2.650297 2.903406 18.969218 50.731935
 18.200000 3.079232 3.047837 2.856428 2449.530395
 18.400000 -2.825527 2.472146 16.755044 404.582795
 18.600000 -2.072436 2.806538 16.555906 27.722656
 18.800000 -1.863181 2.581657 16.477401 8.797108
 19.000000 -2.193786 2.420301 17.464793 62.281003
 19.200000 -2.591070 2.640360 19.253105 14.300663
 19.400000 -2.866755 -3.089467 15.819556 585.985192
 19.600000 -2.866449 2.868401 15.826953 584.618425
 19.800000 -2.314290 2.522456 18.227141 28.248898
 20.000000 -1.680737 2.467838 18.549489 427.980136
 20.200000 -2.162780 2.163685 17.257743 64.068923
 20.400000 -2.345690 3.119197 18.400667 30.295785
 20.600000 -3.118516 2.822188 7.187968 2298.489791
 20.800000 -2.799400 2.666472 17.204497 300.796487
 21.000000 -2.432873 2.829724 18.930457 38.254136
 21.200000 -2.014969 2.845890 16.434932 4.189791
 21.400000 -2.109624 2.363414 16.869855 48.913109
 21.600000 -1.996559 2.476929 16.404927 1.535478
 21.800000 -2.092872 2.851468 16.758550 39.282236
 22.000000 -2.751348 2.712556 17.923813 166.362537
 22.200000 -3.102894 2.929708 7.943882 2102.013264
 22.400000 3.134033 3.128765 5.691585 2596.562474
 22.600000 -2.092915 2.524070 16.823613 39.685137
 22.800000 -1.575910 2.142800 20.675915 310.206273
 23.000000 -2.053393 1.624577 16.611897 18.888004
 23.200000 -1.626493 1.849164 19.668885 442.029615
 23.400000 -1.766948 1.868714 17.091789 135.043449
 23.600000 -1.912350 2.228849 16.427785 0.093351
 23.800000 -2.206760 2.886912 17.692986 42.955344
 24.000000 -2.955841 2.888188 13.339286 911.719411
 24.200000 -2.766366 3.010025 17.703628 194.029735
 24.400000 -2.340887 2.762992 18.399690 25.747069
 24.600000 -2.226703 2.249225 17.846262 31.445443
 24.800000 -1.871637 2.651154 16.488316 2.739172
 25.000000 -2.270306 2.719147 18.068444 22.031407
 25.200000 -3.034589 2.851931 10.748641 1318.139120
 25.400000 3.133285 3.074883 5.678225 2594.098701
 25.600000 -2.507404 2.845357 19.258109 4.598158
 25.800000 -2.265816 2.283996 18.058400 20.048387
 26.000000 -1.796473 2.828068 16.847485 63.316100
 26.200000 -2.217916 2.621705 17.848518 25.623798
 26.400000 -2.904152 2.559125 14.821805 743.459556
 26.600000 3.020794 -3.079582 0.299625 1629.127313
 26.800000 -3.038208 2.764382 10.617372 1339.188409
 27.000000 -2.366973 2.433882 18.539903 32.376395
 27.200000 -1.482899 2.645908 21.718974 61.639808
 27.400000 -1.979704 2.394098 16.665016 5.731381
 27.600000 -3.012191 2.582791 11.540235 1143.416087
 27.800000 3.031620 -2.807502 0.749187 1665.534645
 28.000000 3.032324 2.898436 0.777974 1679.122021
 28.200000 -2.053904 2.200146 16.990345 23.961309
 28.400000 -1.438621 2.155043 21.965760 22.901253
 28.600000 -0.898099 2.005116 12.739334 1077.607591
 28.800000 -0.699949 1.827277 5.335689 2084.538748
 29.000000 -0.683075 1.830394 4.560163 2129.793305
 29.200000 -0.988590 2.006583 15.777287 1191.712149
 29.400000 -0.653608 1.963697 3.201290 2026.467299
 29.600000 -0.651338 1.903689 3.099308 2010.881987
 29.800000 -0.813385 2.121188 9.896476 1215.998078
 30.000000 -0.912445 2.177890 13.183728 1102.518917
 30.200000 -0.685736 2.225200 4.683823 2089.991008
 30.400000 -0.836068 2.086222 10.655004 1116.271027
 30.600000 -0.569188 1.751516 -0.015626 83.661865
 30.800000 -0.565746 1.668406 -0.027738 0.345834
 31.000000 -0.924452 1.918294 13.566086 1124.351048
 31.200000 -0.569990 1.915042 0.005167 267.712252
 31.400000 -0.864804 1.913375 11.599284 1064.598575
 31.600000 -0.936329 1.758314 13.962324 1144.857414
 31.800000 -0.601784 1.310708 1.084984 1409.374993
 32.000000 -1.524689 1.058074 21.214052 128.236125
 32.200000 -1.647344 0.774091 19.174593 386.516069
 32.400000 -1.141984 0.768848 20.305414 466.993699
 32.600000 -1.034280 1.295034 17.300479 1074.092284
 32.800000 -1.804363 1.886689 16.880235 40.486922
 33.000000 -2.113488 2.661570 17.466287 29.991262
 33.200000 -2.916025 3.035799 14.465413 783.860070
 33.400000 -3.097829 2.821480 8.317222 1915.701097
 33.600000 -2.017173 2.717636 17.008794 17.528962
 33.800000 -1.678720 2.236966 18.565551 359.407018
 34.000000 -1.962070 2.223279 16.813848 8.339424
 34.200000 -1.850039 2.771830 16.709785 3.474173
 34.400000 -2.778946 2.816624 17.454677 209.080845
 34.600000 -2.754693 2.863608 17.776289 147.365929
 34.800000 -2.186149 2.770407 17.850438 12.584915
 35.000000 -2.141039 2.466658 17.661926 22.630320
 35.200000 -2.316349 2.873955 18.215711 14.196658
 35.400000 -2.891556 2.737537 15.107372 699.770783
 35.600000 -3.077616 2.791903 9.177545 1628.416869
 35.800000 -2.945075 2.796820 13.605864 860.799934
 36.000000 -2.411208 2.675891 18.752464 46.757072
 36.200000 -2.406337 2.231921 18.717089 45.881073
 36.400000 -2.247743 2.772735 18.042150 4.171742
 36.600000 -3.120988 2.891080 7.290990 2214.204164
 36.800000 -2.939998 3.040688 13.751160 845.737113
 37.000000 -2.639827 2.566329 18.785865 48.149374
 37.200000 -2.320507 2.380923 18.243271 14.446900
 37.400000 -1.902362 2.920342 16.733196 2.463166
 37.600000 -2.339531 2.512935 18.323888 21.899796
 37.800000 -2.648002 2.695808 18.722016 51.394433
 38.000000 3.048643 3.001102 1.592004 2143.923727
 38.200000 3.133601 2.931900 5.911793 2565.922940
 38.400000 -2.314577 2.799767 18.234394 12.298234
 38.600000 -1.906176 2.506864 16.751801 3.347214
 38.800000 -1.804310 2.178579 16.910044 38.637595
 39.000000 -1.879780 2.067765 16.720261 0.234113
 39.200000 -1.877572 3.015090 16.743880 0.229123
 39.400000 -2.908039 2.678606 14.671155 754.619780
 39.600000 -3.077054 -3.128809 9.237516 1609.149163
 39.800000 -2.679631 2.804428 18.478103 63.618656
 40.000000 -2.480919 2.357153 19.169491 14.769168
 40.200000 -1.799222 2.680275 16.966419 40.758324
 40.400000 -2.193998 2.568847 17.982233 7.624825
 40.600000 -2.621235 2.666839 18.902830 41.989445
 40.800000 3.138706 3.068082 6.190370 2512.874546
 41.000000 -2.550904 2.794575 19.232613 5.288760
 41.200000 -2.138015 2.305646 17.794586 19.129695
 41.400000 -1.831776 2.449993 16.838335 7.374255
 41.600000 -2.141754 2.576083 17.810773 18.350453
 41.800000 -3.109285 2.895443 7.883034 2042.695845
 42.000000 3.125798 -3.035898 5.544949 2638.448090
 42.200000 3.096933 2.810567 4.052412 2741.777324
 42.400000 -1.962374 2.676984 17.030626 11.352677
 42.600000 -1.785029 2.234268 17.096851 58.356429
 42.800000 -1.803832 2.115330 16.974104 29.602613
 43.000000 -1.996791 2.484086 17.156361 15.472247
 43.200000 -2.241023 2.944310 18.129667 3.403330
 43.400000 3.109525 2.674103 4.726255 2742.384867
 43.600000 -2.972561 3.080512 12.833806 910.599174
 43.800000 -2.594938 2.730836 19.074692 30.057647
 44.000000 -2.249564 2.436725 18.145288 3.318652
 44.200000 -1.888799 2.568161 16.919289 2.131631
 44.400000 -2.320143 2.428375 18.334848 12.671977
 44.600000 -2.612874 2.973927 18.970685 40.478581
 44.800000 2.995102 2.957688 -0.004218 1.015231
 45.000000 -2.915146 2.926705 14.513107 771.566604
 45.200000 -2.236092 2.746264 18.158226 3.798447
 45.400000 -2.221350 2.418012 18.128044 4.692389
 45.600000 -2.022389 2.788192 17.344523 15.027001
 45.800000 -2.452671 2.716626 19.092959 29.521945
 46.000000 3.020737 2.769465 0.436736 1696.851566
 46.200000 -2.695850 -3.088509 18.349498 72.409560
 46.400000 -1.932652 2.726504 17.095114 6.467624
 46.600000 -1.837449 1.894825 16.982621 1.642736
 46.800000 -1.266006 0.929385 21.494107 34.061787
 47.000000 -0.439968 -0.627148 -0.000000 0.000000
 47.200000 -0.429787 -0.844715 -0.000000 0.000000
 47.400000 -1.222986 0.774418 21.103453 116.963102
 47.600000 -1.738549 2.239569 17.619212 140.204992
 47.800000 -2.988906 -3.065245 12.396348 951.693072
 48.000000 3.006022 3.002655 -0.026032 13.096207
 48.200000 -2.070097 2.300928 17.601273 17.621725
 48.400000 -1.249351 2.220419 21.313712 59.761620
 48.600000 -0.379039 1.971347 -0.000000 0.000000
 48.800000 -0.917275 1.887664 13.215537 1098.434339
 49.000000 -0.806720 1.845274 9.559222 1170.208694
 49.200000 -0.383625 1.527916 -0.000000 0.000000
 49.400000 -1.431164 1.920095 21.337169 16.815524
 49.600000 -2.000849 1.644093 17.386449 7.063245
 49.800000 -1.902034 2.357471 17.151927 4.569815
 50.000000 -2.130782 2.810242 17.887228 21.121172
 50.200000 -2.917255 3.046511 14.524619 759.082955
 50.400000 -2.895693 3.062195 15.103656 680.665953
 50.600000 -2.080642 2.819468 17.675287 16.905579
 50.800000 -2.062871 2.125808 17.605692 13.764695
 51.000000 -1.789598 2.120173 17.222554 23.757897
 51.200000 -1.977754 2.487024 17.410120 4.292089
 51.400000 -2.898523 2.814675 15.036650 687.857608
 51.600000 -2.953200 -3.042370 13.510731 856.848405
 51.800000 -2.920876 2.683876 14.433034 767.900924
 52.000000 -2.365493 2.630861 18.644525 21.356297
 52.200000 -2.054011 2.864660 17.625715 9.222818
 52.400000 -2.139124 2.563486 17.964876 20.001795
 52.600000 -2.595179 2.704266 19.100130 34.315188
 52.800000 2.993254 2.980743 -0.004068 0.957312
 53.000000 -2.570847 3.003395 19.223235 17.513317
 53.200000 -2.494510 2.511579 19.289610 6.422919
 53.400000 -2.322728 2.769724 18.515982 7.488667
 53.600000 -2.746971 2.800599 17.830061 120.238100
 53.800000 -3.095940 2.744801 8.632604 1840.896363
 54.000000 -2.499361 -3.026081 19.300967 4.600103
 54.200000 -2.790030 2.504392 17.285533 210.935684
 54.400000 -2.541932 2.916012 19.325494 2.643245
 54.600000 -2.970592 2.974457 13.038768 899.360167
 54.800000 -3.126740 2.625823 7.244187 2283.917528
 55.000000 -2.302563 2.925913 18.488723 4.647075
 55.200000 -2.078574 2.524692 17.761366 10.193451
 55.400000 -2.278340 2.016802 18.460323 3.786253
 55.600000 -2.103545 2.476124 17.850619 15.410206
 55.800000 -2.417596 -2.978698 18.958824 30.415534
 56.000000 3.033979 2.538451 1.087077 1949.158251
 56.200000 -1.973536 2.648240 17.597023 2.105382
 56.400000 -1.608550 2.462511 19.559295 232.556559
 56.600000 -2.570291 2.106885 19.275963 16.585723
 56.800000 -3.014972 3.094938 11.682744 1071.406622
 57.000000 3.141183 -3.101115 6.519340 2486.689514
 57.200000 -2.762649 2.404865 17.664384 146.717829
 57.400000 -1.457325 2.609172 20.950340 21.939886
 57.600000 -1.084826 2.190005 18.184893 648.837087
 57.800000 -1.869739 1.196785 17.364489 9.579064
 58.000000 -1.725065 -0.332707 17.773926 132.982701
 58.200000 -0.501900 -0.874739 -0.000004 0.000000
 58.400000 -0.968213 0.441731 14.706124 1071.511318
 58.600000 -1.466260 1.571168 20.874378 23.869963
 58.800000 -2.055186 2.097138 17.776565 4.064171
 59.000000 -2.422050 3.093521 19.025376 28.101386
 59.200000 -2.947482 2.994466 13.792358 833.789390
 59.400000 -2.701627 2.569486 18.316896 89.646675
 59.600000 -2.190180 2.731599 18.305026 16.781072
 59.800000 -2.538177 2.636009 19.393483 1.285478
 60.000000 -3.129021 2.549952 7.186488 2316.605603
 60.200000 -2.983074 -3.017901 12.748736 947.651722
 60.400000 -3.117469 2.642159 7.740640 2156.960177
 60.600000 -2.890418 2.472190 15.353326 617.267295
 60.800000 -2.197184 -3.126274 18.352941 15.913371
 61.000000 -2.444528 2.696639 19.164952 25.278060
 61.200000 -3.059526 2.257293 10.190766 1424.197608
 61.400000 3.069572 -3.085279 2.850813 2614.340820
 61.600000 2.962818 2.974602 -0.000007 0.000002
 61.800000 -2.431250 2.404271 19.109952 26.102595
 62.000000 -1.290897 2.496810 21.155230 10.712381
 62.200000 -0.540170 1.930548 -0.002229 0.185321
 62.400000 -1.053936 1.389838 17.215121 752.401949
 62.600000 -1.649620 0.417463 18.846566 257.651082
 62.800000 -0.735836 -0.018910 6.738214 1424.133050
 63.000000 -1.604309 0.240373 19.544315 202.536220
 63.200000 -1.861538 0.623440 17.451274 16.242548
 63.400000 -1.313453 1.213135 21.147290 0.964655
 63.600000 -0.857923 1.648475 10.925252 1102.103817
 63.800000 -1.469554 2.444736 20.707319 21.159657
 64.000000 -2.549881 2.959791 19.422413 4.683398
 64.200000 3.138591 -3.125105 6.504697 2545.211397
 64.400000 -2.898834 2.748981 15.204435 631.258187
 64.600000 -2.983479 2.593479 12.827177 939.021991
 64.800000 -2.562902 3.122841 19.394891 11.456123
 65.000000 -3.097531 2.581723 8.723142 1891.679418
 65.200000 -2.592367 2.889525 19.268676 34.610325
 65.400000 -2.672925 2.830265 18.623841 86.778242
 65.600000 -2.740722 2.656459 17.948922 118.140590
 65.800000 -2.400497 3.064803 19.003137 20.196368
 66.000000 3.039345 2.536424 1.419495 2142.139727
 66.200000 -2.401948 2.884910 19.019820 20.509049
 66.400000 -2.254618 2.653068 18.640275 6.035702
 66.600000 -2.645035 2.333183 18.894049 75.690509
 66.800000 -2.463981 3.067069 19.320069 19.956705
 67.000000 3.128801 2.893349 6.047404 2671.227702
 67.200000 -2.749422 2.667465 17.876898 129.666147
 67.400000 -1.945675 2.805723 17.823113 4.857978
 67.600000 -1.844270 2.252504 17.425492 14.747257
 67.800000 -2.013835 2.259405 17.888075 0.108308
 68.000000 -1.967620 2.767293 17.860224 1.474130
 68.200000 -2.735186 2.944318 18.047886 118.541011
 68.400000 -2.950512 2.825019 13.883666 808.519434
 68.600000 -2.903082 2.856800 15.158499 631.709582
 68.800000 -3.034218 2.516963 11.274125 1199.117504
 69.000000 -2.591431 3.090764 19.340929 33.610352
 69.200000 -2.430270 2.858513 19.203839 26.040439
 69.400000 -2.508558 2.559819 19.526438 3.737363
 69.600000 -2.468218 2.849727 19.391205 20.059404
 69.800000 -2.514783 2.924763 19.536831 1.963129
 70.000000 -3.034354 2.675185 11.291562 1198.850072
 70.200000 -2.997198 2.812598 12.532514 977.507316
 70.400000 -2.827278 3.023097 16.821893 310.249086
 70.600000 -2.718818 2.629744 18.265314 111.427448
 70.800000 -1.995429 2.789813 17.931807 0.129688
 71.000000 -2.121731 2.444590 18.134879 17.146336
 71.200000 -2.344262 2.582302 18.899219 6.281710
 71.400000 -2.868914 2.872153 16.018116 480.514896
 71.600000 3.107306 3.029109 5.003400 2872.725007
 71.800000 -2.870200 2.930262 15.989831 486.147860
 72.000000 -2.374830 2.828005 18.992685 13.326195
 72.200000 -2.247925 2.534160 18.711767 8.530754
 72.400000 -2.411366 2.600058 19.172912 24.541183
 72.600000 -3.108807 3.108938 8.400511 2084.046473
 72.800000 3.067882 2.795477 2.913454 2724.311536
 73.000000 -3.085149 2.830455 9.433845 1740.190681
 73.200000 -2.691861 2.811018 18.625792 104.296974
 73.400000 -2.863302 2.602331 16.181372 456.203982
 73.600000 -2.824480 2.762638 16.933484 302.524286
 73.800000 -2.903465 2.890414 15.246734 627.522435
 74.000000 -2.949760 2.813789 14.009426 797.057327
 74.200000 -2.744282 2.827642 18.092046 134.252781
 74.400000 -2.914501 2.678172 14.993574 671.031975
 74.600000 -2.824391 2.841974 16.963776 303.009412
 74.800000 -2.923582 2.782019 14.755351 705.253219
 75.000000 -2.829283 2.734670 16.877421 320.270272
 75.200000 -2.549856 2.945953 19.699647 2.617749
 75.400000 -2.734517 2.561646 18.242196 125.114798
 75.600000 -2.621432 2.849150 19.345035 60.401379
 75.800000 -2.928196 2.811939 14.669814 725.751713
 76.000000 -3.090553 2.818596 9.283631 1823.467284
 76.200000 -2.680421 2.959949 18.854530 97.689930
 76.400000 -2.531408 2.637435 19.738332 0.126980
 76.600000 -2.420917 2.648937 19.303064 27.454305
 76.800000 -2.535564 2.975241 19.738972 0.002454
 77.000000 -3.084487 2.740894 9.565293 1746.153573
 77.200000 -2.920626 3.029138 14.954077 705.036778
 77.400000 -2.090667 2.741652 18.085454 7.017924
 77.600000 -2.140148 2.325239 18.275964 23.475908
 77.800000 -2.105108 2.574657 18.129194 11.577062
 78.000000 -2.690971 2.970167 18.796053 101.576309
 78.200000 3.016518 2.760586 0.542667 1770.943120
 78.400000 -2.294654 2.944856 18.920488 4.569607
 78.600000 -2.271090 2.476715 18.865746 6.638873
 78.800000 -2.465288 2.378963 19.588642 26.716867
 79.000000 -2.306167 -2.996464 18.944680 4.343282
 79.200000 -2.987004 2.655903 13.117315 958.139257
 79.400000 -3.075423 2.893714 10.014485 1650.880566
 79.600000 -2.875485 3.010983 16.152536 518.224790
 79.800000 -2.604745 2.639836 19.626156 39.462685
 80.000000 -2.554298 2.630304 19.830373 2.568813
 80.200000 -2.448002 3.117385 19.553971 32.718507
 80.400000 -2.832520 2.697364 17.080140 336.022761
 80.600000 -3.019701 2.740983 12.098649 1134.501634
 80.800000 -2.710941 3.094131 18.725263 111.111512
 81.000000 -3.074265 2.459182 10.088303 1645.808985
 81.200000 -2.702620 2.797807 18.862197 106.972792
 81.400000 -2.355149 2.956185 19.130323 10.493928
 81.600000 -2.639363 2.176853 19.463269 70.130288
 81.800000 -2.129284 2.730364 18.259060 21.480699
 82.000000 -2.332401 2.890957 19.064890 6.588845
 82.200000 -2.717867 2.690372 18.753435 115.252557
 82.400000 -2.893112 2.930490 15.867654 602.867315
 82.600000 -2.684944 3.123376 19.093219 98.430071
 82.800000 -3.077622 2.422470 10.007749 1707.061772
 83.000000 -2.918135 2.760292 15.226283 710.148108
 83.200000 -2.598139 -3.088356 19.849974 28.754614
 83.400000 -2.977754 2.484696 13.555942 940.227755
 83.600000 -2.358754 2.882802 19.194654 12.316812
 83.800000 -2.302360 2.721231 19.036840 6.159360
 84.000000 -2.697794 2.461691 19.020707 104.123529
 84.200000 -2.661222 3.097527 19.433289 81.610214
 84.400000 -3.032970 2.904575 11.782509 1255.890826
 84.600000 -2.697920 2.790902 19.079760 103.393631
 84.800000 -2.120950 2.928207 18.238070 19.029679
 85.000000 -2.358117 2.467561 19.221821 12.708643
 85.200000 -2.412812 2.710827 19.502880 31.000890
 85.400000 -2.782339 2.959985 18.148174 199.973604
 85.600000 -3.095221 3.009350 9.341218 1992.310945
 85.800000 -2.600014 2.820808 19.937995 26.621808
 86.000000 -2.507763 2.663727 20.012454 11.836684
 86.200000 -2.584084 2.709750 20.061276 12.597938
 86.400000 3.025261 2.931403 0.992447 1987.583807
 86.600000 3.028220 2.692791 1.125606 2063.174226
 86.800000 -2.540016 2.908820 20.122785 0.608014
 87.000000 -1.893578 2.435541 17.631600 45.759333
 87.200000 -1.555056 2.289203 19.524610 67.869907
 87.400000 -1.601661 2.288002 19.038307 157.699911
 87.600000 -1.950203 2.439449 17.923071 12.672952
 87.800000 -2.451980 2.812013 19.795834 37.791168
 88.000000 2.994877 2.980492 -0.023540 10.048166
 88.200000 3.056183 2.862166 2.516453 2702.805481
 88.400000 -2.107037 2.597685 18.207812 15.069818
 88.600000 -2.012203 2.008212 18.039815 0.591767
 88.800000 -1.476234 2.529178 19.919823 12.945442
 89.000000 -1.609940 2.696194 18.904491 173.601382
 89.200000 -2.466274 2.472318 19.943542 37.751802
 89.400000 -3.120912 2.725590 8.237112 2446.739431
 89.600000 3.057660 -2.946990 2.606566 2737.815031
 89.800000 -2.820483 2.653314 17.745624 323.674346
 90.000000 -2.111902 2.352072 18.235459 17.492048
 90.200000 -1.475242 2.442063 19.862023 12.003363
 90.400000 -0.609687 2.383704 1.398134 1174.382976
 90.600000 -0.973074 1.876046 13.948517 971.209863
 90.800000 -1.150608 1.215767 18.480458 391.147940
 91.000000 -1.460003 0.598718 19.913314 10.871831
 91.200000 -0.774647 0.227753 7.320566 1150.987671
 91.400000 -0.778312 0.192967 7.444731 1145.011396
 91.600000 -1.509987 0.721951 19.697892 21.412040
 91.800000 -1.419910 1.264919 20.014468 11.047329
 92.000000 -1.185431 1.333217 19.080980 280.403186
 92.200000 -1.406549 1.018501 20.028447 10.813849
 92.400000 -1.075231 0.422753 16.727884 603.592238
 92.600000 -1.363454 0.428133 20.158473 6.027641
 92.800000 -1.239743 1.057041 19.791306 107.602563
 93.000000 -0.863440 1.869276 10.275077 1132.512522
 93.200000 -0.859409 2.185266 10.117868 1132.269700
 93.400000 -0.617382 2.460292 1.610213 1199.415683
 93.600000 -1.163990 1.969290 18.633761 351.318962
 93.800000 -1.018601 0.943297 15.207450 789.606932
 94.000000 -1.349375 0.268403 20.160946 2.875860
 94.200000 -0.602453 0.149261 1.090045 1072.942364
 94.400000 -1.487673 0.733509 19.724626 12.862854
 94.600000 -1.300090 1.177691 20.122241 7.123133
 94.800000 -1.001584 0.901446 14.694312 849.063739
 95.000000 -1.510426 0.930855 19.632809 20.988665
 95.200000 -1.130338 0.794018 17.904189 453.019631
 95.400000 -1.518957 0.849705 19.575423 26.148025
 95.600000 -1.429234 1.186623 19.892805 9.549404
 95.800000 -1.328699 1.410522 20.135346 0.025768
 96.000000 -1.543357 1.199683 19.428414 49.391598
 96.200000 -0.969465 0.645469 13.683499 956.181351
 96.400000 -1.467549 0.642414 19.764551 9.627771
 96.600000 -1.250493 1.098682 19.796268 81.307442
 96.800000 -1.047126 1.518967 15.902924 685.075192
 97.000000 -1.112998 1.418465 17.501859 501.535178
 97.200000 -1.529716 0.782423 19.498670 35.643476
 97.400000 -0.906166 0.269689 11.622892 1109.732893
 97.600000 -1.072858 0.637396 16.539278 608.942207
 97.800000 -1.283458 1.404089 20.004314 22.238439
 98.000000 -1.270050 1.192932 19.929681 41.343207
 98.200000 -1.369341 0.633457 20.037910 5.508579
 98.400000 -1.104804 0.684320 17.284234 523.860729
 98.600000 -1.353379 1.386250 20.070344 2.779861
 98.800000 -1.270476 1.122243 19.919783 41.111985
 99.000000 -1.458792 0.645104 19.782708 8.854113
 99.200000 -0.903348 0.522521 11.497198 1115.425840
 99.400000 -1.315159 1.005190 20.083108 1.585172
 99.600000 -1.123879 1.037167 17.698732 475.640310
 99.800000 -1.511275 0.826859 19.590766 23.396674
 100.000000 -1.452691 0.605170 19.802572 8.777061
 100.200000 -0.979836 0.828046 15.326994 919.652942
 100.400000 -1.536573 1.094556 20.832054 47.644872
 100.600000 -1.012012 0.731691 16.271876 805.622208
 100.800000 -1.531531 0.830880 20.865752 41.844877
 101.000000 -1.259435 1.111331 21.227198 63.671401
 101.200000 -1.545780 1.318699 20.750613 62.879571
 101.400000 -1.405253 1.033450 21.337502 8.363956
 101.600000 -1.632334 0.988965 19.711711 232.042556
 101.800000 -1.508796 1.064883 20.985212 24.599374
 102.000000 -1.654406 1.324011 19.370133 241.763893
 102.200000 -1.130193 1.015153 19.180206 465.466905
 102.400000 -1.830108 0.881907 18.298378 43.542289
 102.600000 -1.417934 0.784644 21.301851 8.411115
 102.800000 -1.165434 1.008400 19.896106 358.439256
 103.000000 -1.745585 1.029380 18.229692 37.899676
 103.200000 -1.022050 0.815824 16.482760 780.693254
 103.400000 -1.465149 0.771268 21.164050 11.069762
 103.600000 -1.048141 0.846801 17.191314 696.128525
 103.800000 -1.737618 1.149507 18.250537 57.023012
 104.000000 -1.069838 1.024229 17.750265 632.339698
 104.200000 -1.605154 1.048514 20.057739 202.204616
 104.400000 -1.408232 1.083568 21.344670 7.640259
 104.600000 -1.229573 0.979461 20.886255 147.249445
 104.800000 -1.702198 1.093831 18.584693 164.268012
 105.000000 -1.245046 0.822425 21.058710 102.959597
 105.200000 -1.362442 0.616589 21.461528 2.375852
 105.400000 -1.399494 1.079627 21.381297 6.763941
 105.600000 -1.310788 1.044995 21.455499 5.108681
 105.800000 -1.631337 1.239623 19.645928 253.965208
 106.000000 -1.111911 0.532129 18.733114 525.038756
 106.200000 -1.291462 0.248881 21.395440 20.004121
 106.400000 -1.287148 0.533491 21.375057 24.785130
 106.600000 -1.299854 1.382213 21.428960 12.426913
 106.800000 -1.644503 1.932926 19.417455 269.469036
 107.000000 -1.960470 2.584798 19.119007 17.259267
 107.200000 -1.922813 2.981370 18.882742 47.147770
 107.400000 -2.806082 2.540529 19.797047 329.264887
 107.600000 -3.018071 2.762139 14.124539 1216.028377
 107.800000 -2.726534 -2.966779 20.987380 148.037537
 108.000000 3.104807 2.371116 6.658677 3208.885726
 108.200000 -2.131664 2.821133 19.615544 37.312667
 108.400000 -1.876232 2.577569 18.480638 76.327834
 108.600000 -1.826310 2.376356 18.083138 39.678368
 108.800000 -1.823676 2.318324 18.066904 36.275284
 109.000000 -1.808861 2.700550 17.990526 17.803416
 109.200000 -2.589139 2.613727 22.012110 2.022764
 109.400000 -3.130553 3.064607 9.266411 2737.575847
 109.600000 3.051479 2.876227 3.679972 2707.858092
 109.800000 2.945415 2.540015 -0.022604 8.434646
 110.000000 -2.612161 3.007569 21.952367 14.002129
 110.200000 -2.994039 2.709004 14.923373 1064.612600
 110.400000 -2.655938 3.094732 21.706319 55.920749
 110.600000 3.068363 2.754445 4.576292 3011.330510
 110.800000 3.030527 2.846391 2.631122 2205.270592
 111.000000 -2.771953 2.974693 20.382525 238.121779
 111.200000 -2.358969 2.496456 20.792384 20.448564
 111.400000 -1.716498 2.377842 18.246172 130.082329
 111.600000 -1.790043 2.633821 17.873731 1.992877
 111.800000 -2.224615 2.639146 20.195452 38.851661
 112.000000 -3.008963 2.445859 14.425397 1153.191282
 112.200000 -2.939485 -3.026644 16.594232 840.807469
 112.400000 -3.089956 2.869035 11.251616 2071.809331
 112.600000 -2.099793 2.627811 19.362327 21.750946
 112.800000 -1.795311 2.373709 17.863988 5.073882
 113.000000 -1.661742 2.570988 19.033122 287.208018
 113.200000 -2.159859 2.448972 19.710135 51.111924
 113.400000 -2.417576 2.818849 21.113167 48.600612
 113.600000 3.074860 2.930049 4.925651 3110.792227
 113.800000 -2.826277 2.956470 19.432386 415.164538
 114.000000 -2.664721 2.571560 21.654816 62.855010
 114.200000 -2.010401 2.654057 19.075961 3.803773
 114.400000 -1.713632 2.575075 18.228317 141.775046
 114.600000 -1.898597 2.373085 18.548334 65.300684
 114.800000 -2.082361 2.584415 19.250363 14.077207
 115.000000 -2.546508 2.784449 21.961821 10.533033
 115.200000 3.124765 2.813835 7.749244 3123.990496
 115.400000 -3.116941 3.086711 9.962510 2527.117688
 115.600000 3.098027 2.609154 6.233332 3258.588609
 115.800000 -3.137573 2.684674 8.891150 2860.480828
 116.000000 -2.762213 3.127784 20.569788 218.746274
 116.200000 2.998979 2.589161 1.269631 1350.139270
 116.400000 -3.048349 2.795406 13.005455 1489.023725
 116.600000 -2.609682 -3.049898 21.968525 8.752051
 116.800000 3.067968 2.427398 4.540937 3045.664958
 117.000000 -2.511040 2.988232 21.785760 37.432900
 117.200000 -1.990529 2.836533 18.985113 6.677136
 117.400000 -1.929835 1.979141 18.724832 39.594357
 117.600000 -1.414208 1.435430 21.462952 5.029465
 117.800000 -1.502333 0.818760 21.118392 41.094187
 118.000000 -1.498415 0.768172 21.142899 37.206045
 118.200000 -1.244812 1.343945 20.999093 118.902005
 118.400000 -1.619814 1.341091 19.688216 298.316338
 118.600000 -1.086193 0.527190 17.958394 657.650916
 118.800000 -0.781437 0.132915 8.101466 1240.563277
 119.000000 -0.842001 -0.225487 10.213302 1202.713688
 119.200000 -0.847739 0.061380 10.380820 1203.161457
 119.400000 -0.935086 0.593943 13.386434 1138.059106
 119.600000 -1.678216 1.276660 18.659551 264.729588
 119.800000 -1.648205 1.367452 19.176014 316.890825
 120.000000 -0.944681 0.621266 13.708753 1118.395815
 120.200000 -1.182189 0.316891 20.070832 327.405615
 120.400000 -1.205206 0.480284 20.459234 243.775256
 120.600000 -1.524581 1.067580 20.963616 75.091751
 120.800000 -1.226863 1.370007 20.770299 171.335918
 121.000000 -1.095364 1.300548 18.166975 637.017142
 121.200000 -1.436936 0.499984 21.426821 7.500230
 121.400000 -0.718317 -0.071667 5.739012 1340.819172
 121.600000 -1.017181 0.295989 15.982570 911.426180
 121.800000 -1.325494 0.866002 21.496942 5.607777
 122.000000 -1.389384 1.510829 21.519496 1.371100
 122.200000 -1.153061 1.303097 19.493877 439.255493
 122.400000 -1.502045 0.993287 21.147279 44.884878
 122.600000 -1.255219 0.757143 21.090854 94.641193
 122.800000 -1.014944 0.647104 15.899382 925.158250
 123.000000 -1.613017 1.062823 19.778976 303.046342
 123.200000 -1.096252 1.157333 18.167281 647.685159
 123.400000 -1.204694 1.313319 20.447812 248.478427
 123.600000 -1.605787 1.002430 19.897480 292.812920
 123.800000 -0.845402 0.142016 10.200570 1211.220434
 124.000000 -0.563606 -0.242076 0.621518 514.810404
 124.200000 -0.774679 -0.387917 7.694928 1272.870938
 124.400000 -0.772106 -0.058762 7.603081 1276.773883
 124.600000 -1.101262 0.421957 18.291538 634.316255
 124.800000 -1.377244 0.953538 21.559898 0.274162
 125.000000 -1.007198 1.379164 15.636342 962.353210
 125.200000 -0.860758 1.323691 10.699888 1212.708589
 125.400000 -1.523013 1.103154 21.008834 83.210872
 125.600000 -0.838505 0.313369 9.924041 1218.850370
 125.800000 -0.769245 -0.180381 7.480336 1286.646040
 126.000000 -0.512655 -0.317283 -0.014440 1.103766
 126.200000 -0.920805 0.110336 12.768841 1178.205207
 126.400000 -1.204828 0.909800 20.455731 250.909834
 126.600000 -1.360936 1.721154 21.587662 0.166909
 126.800000 -0.845689 1.730960 10.161757 1219.038276
 127.000000 -0.772589 1.900698 7.583176 1286.644487
 127.200000 -0.901176 2.112474 12.082514 1199.096303
 127.400000 -1.309927 2.345203 21.491555 17.451369
 127.600000 -0.680424 2.207702 4.181722 1355.696676
 127.800000 -0.855627 1.994369 10.498021 1217.595308
 128.000000 -0.671910 1.835569 3.869424 1333.797711
 128.200000 -1.343332 1.772734 21.597351 2.689707
 128.400000 -1.599717 1.280648 19.973538 305.488655
 128.600000 -0.761747 -0.063757 7.170955 1313.407061
 128.800000 -0.756243 -0.455460 6.971127 1323.399985
 129.000000 -0.893849 -0.335504 11.822502 1203.734505
 129.200000 -0.771374 0.272772 7.513762 1299.084786
 129.400000 -1.429704 1.221885 21.562408 6.377741
 129.600000 -1.768327 1.301125 17.586653 5.953249
 129.800000 -1.032466 0.937392 16.378569 891.371046
 130.000000 -1.372268 0.582286 21.634544 0.002035
 130.200000 -1.361970 0.727061 21.646317 0.459685
 130.400000 -1.224512 1.303664 20.754067 189.918774
 130.600000 -1.170306 1.586626 19.845274 383.655175
 130.800000 -0.859348 0.654255 10.615051 1214.941124
 131.000000 -1.387542 0.393879 21.646440 0.389493
 131.200000 -0.731533 0.193698 6.042719 1383.852650
 131.400000 -0.843299 0.661040 10.051989 1221.596638
 131.600000 -1.788774 1.246243 17.537614 1.125580
 131.800000 -1.622216 1.004687 19.540801 362.794886
 132.000000 -0.902828 0.786503 12.123894 1198.730324
 132.200000 -1.967818 1.046203 18.625514 14.340770
 132.400000 -1.406289 1.098833 21.666828 2.119136
 132.600000 -0.793025 0.694623 8.278339 1271.402672
 132.800000 -1.357555 0.631776 21.678269 1.202872
 133.000000 -1.755074 1.000831 17.585757 24.980540
 133.200000 -0.798256 1.234415 8.463569 1265.647622
 133.400000 -1.307976 1.555183 21.549435 24.902339
 133.600000 -1.777679 1.520502 17.506859 0.807732
 133.800000 -1.338993 0.941436 21.662957 5.895081
 134.000000 -1.081651 0.489447 17.786310 716.523169
 134.200000 -1.795309 0.487319 17.505793 3.740782
 134.400000 -1.665009 1.073395 18.701518 337.549218
 134.600000 -0.592082 1.267457 1.088673 788.001923
 134.800000 -1.092426 2.098302 18.076507 676.436959
 135.000000 -0.893284 2.350670 11.792678 1207.041232
 135.200000 -0.685696 2.241824 4.286214 1433.988740
 135.400000 -1.244006 1.821586 21.037023 140.852479
 135.600000 -1.243789 0.865773 21.034451 141.423279
 135.800000 -0.749161 -0.335741 6.681494 1374.625793
 136.000000 -0.588258 -0.651777 0.963555 751.661852
 136.200000 -1.127331 0.189768 18.949895 544.496617
 136.400000 -1.414712 1.265780 21.730420 3.879800
 136.600000 -0.848826 1.919536 10.250351 1221.120754
 136.800000 -0.863229 2.278884 10.753097 1215.974933
 137.000000 -0.888459 2.514784 11.631626 1208.785302
 137.200000 -0.599963 2.140393 1.267060 884.948101
 137.400000 -0.617653 1.552491 1.819621 1064.814147
 137.600000 -1.404829 1.257618 21.766628 2.088934
 137.800000 -0.564937 -0.115995 0.334012 591.520561
 138.000000 -0.747610 -0.614554 6.628623 1390.301124
 138.200000 -0.663388 -0.253112 3.429807 1401.024527
 138.400000 -1.173610 0.774255 19.952244 373.020200
 138.600000 -1.537421 1.687454 20.932656 163.539411
 138.800000 -1.809600 1.982315 17.501084 12.794335
 139.000000 -1.770456 2.729942 17.473525 6.230626
 139.200000 -2.716083 2.932856 21.140662 110.500937
 139.400000 3.100856 2.857150 6.319041 3414.494404
 139.600000 3.071812 2.994520 4.632093 3260.626390
 139.800000 2.992238 2.695189 0.812868 1222.540359
 140.000000 -2.372625 3.009414 20.475245 37.690446
 140.200000 -1.876489 2.696129 17.893771 56.641969
 140.400000 -1.680337 2.164695 18.398012 291.695013
 140.600000 -1.729080 1.911990 17.723202 100.830259
 140.800000 -1.698351 2.473401 18.109177 221.748345
 141.000000 -2.014722 2.719507 18.574962 5.937307
 141.200000 -2.589704 3.086222 21.774540 0.052296
 141.400000 -3.124021 2.659313 9.565895 2681.667002
 141.600000 3.121192 -3.067833 7.483845 3284.891703
 141.800000 3.065226 2.726156 4.240735 3174.061590
 142.000000 -2.768551 2.738833 20.441395 241.641015
 142.200000 -2.638290 2.852988 21.667770 15.814646
 142.400000 -2.347193 2.738929 20.268788 28.894681
 142.600000 -2.222854 2.503270 19.623169 40.023239
 142.800000 -2.115062 2.787063 18.902663 32.551343
 143.000000 -2.288628 2.622894 19.982680 22.933848
 143.200000 -2.712929 2.813200 21.132826 102.706800
 143.400000 -2.975383 2.940842 15.338417 915.749570
 143.600000 3.045734 2.874472 3.162202 2787.733465
 143.800000 -2.763234 2.943924 20.503631 225.612316
 144.000000 -2.707611 2.540903 21.185470 93.432791
 144.200000 -2.255786 2.907370 19.777123 29.773494
 144.400000 -2.161208 2.499516 19.162870 48.072561
 144.600000 -2.081963 2.439775 18.702261 17.848200
 144.800000 -2.012531 2.739395 18.489417 6.173614
 145.000000 -2.350075 2.750615 20.252460 30.786000
 145.200000 -2.553387 2.776031 21.644769 12.259365
 145.400000 -2.531864 3.027100 21.550999 26.789221
 145.600000 -2.259705 2.676715 19.782048 28.941440
 145.800000 -2.310457 2.571750 20.035585 23.583205
 146.000000 -1.881155 2.925713 17.858746 49.144193
 146.200000 -2.176239 2.519722 19.237740 48.439201
 146.400000 -2.182935 2.604380 19.284310 48.239546
 146.600000 -2.451362 2.919587 20.960097 68.363624
 146.800000 -2.405674 2.745817 20.594311 56.244990
 147.000000 -2.318638 2.518935 20.064625 24.834116
 147.200000 -1.746177 2.760420 17.556896 51.666777
 147.400000 -1.837238 2.446582 17.547562 29.191050
 147.600000 -1.924232 2.217979 18.107967 32.741025
 147.800000 -1.958223 2.545785 18.275172 16.905364
 148.000000 -1.968452 2.914586 18.314923 13.458426
 148.200000 -2.405690 2.596214 20.584148 56.500569
 148.400000 -2.442199 2.681999 20.873449 67.056166
 148.600000 -2.154763 2.940583 19.067647 45.273928
 148.800000 -2.537786 2.577780 21.549240 21.515635
 149.000000 -2.087136 2.766199 18.678918 19.878760
 149.200000 -2.276923 2.537855 19.829783 27.637798
 149.400000 -2.131353 2.778932 18.906861 37.921206
 149.600000 -2.625536 2.544061 21.630457 6.863633
 149.800000 -2.416437 2.992742 20.667028 60.379816
 150.000000 -2.494048 2.707098 21.279340 51.085039
 150.200000 -2.215417 2.418908 19.463932 42.455031
 150.400000 -1.925250 2.556476 18.078582 31.423166
 150.600000 -1.873146 2.665758 17.747447 44.068326
 150.800000 -2.346114 2.631151 20.193490 33.088681
 151.000000 -2.707749 2.830296 21.127482 90.383096
 151.200000 -2.736508 2.983460 20.805219 151.624071
 151.400000 2.955773 2.465429 -0.012886 2.642812
 151.600000 -2.426594 3.017539 20.753388 62.524586
 151.800000 -2.598041 2.676230 21.652393 0.160557
 152.000000 -2.142499 2.506126 18.968220 41.600317
 152.200000 -2.297041 2.814664 19.928874 28.045843
 152.400000 -2.502678 2.723973 21.335659 41.731661
 152.600000 -2.871470 2.623275 18.154410 674.418197
 152.800000 2.985044 3.111706 0.423696 1123.465213
 153.000000 -3.039802 2.839770 13.164888 1269.232041
 153.200000 -2.459298 2.599956 21.022799 61.124532
 153.400000 -2.139966 2.660591 18.946923 40.955771
 153.600000 -1.978124 2.641219 18.281382 12.459327
 153.800000 -2.067821 2.438136 18.570104 15.313956
 154.000000 -2.270690 2.711730 19.786262 30.623372
 154.200000 -2.505259 2.755485 21.352532 37.816536
 154.400000 2.985793 2.765353 0.424527 1145.743432
 154.600000 -2.936872 2.943147 16.331794 815.801583
 154.800000 -2.303091 2.564545 19.961293 29.037691
 155.000000 -2.103508 2.285715 18.734637 27.908365
 155.200000 -1.610267 2.534158 19.624967 364.753707
 155.400000 -2.234533 2.568012 19.576359 37.666373
 155.600000 -2.650418 2.736361 21.488999 21.269551
 155.800000 3.036593 2.863542 2.570280 2595.698148
 156.000000 -3.092410 2.807922 11.031846 2047.353204
 156.200000 -2.438949 2.708829 20.875451 61.853503
 156.400000 -1.657620 2.590922 18.720075 326.819886
 156.600000 -1.844745 2.316464 17.532626 26.572572
 156.800000 -1.846964 2.439137 17.544209 27.897238
 157.000000 -1.845542 2.720003 17.536757 27.054533
 157.200000 -2.255103 2.603090 19.701282 33.328914
 157.400000 -2.595590 2.680941 21.615369 0.220063
 157.600000 -2.890277 3.094319 17.602705 741.342485
 157.800000 -3.017314 2.688075 13.884575 1059.229001
 158.000000 -2.743924 2.771973 20.676227 170.496982
 158.200000 -2.172198 3.059855 19.172066 46.063718
 158.400000 -2.404961 2.421372 20.620011 56.916256
 158.600000 -2.069375 2.596054 18.571461 18.716872
 158.800000 -2.195850 2.775207 19.331897 44.666695
 159.000000 -2.557813 2.672025 21.576512 5.594453
 159.200000 -2.905879 2.835227 17.153688 776.743092
 159.400000 3.025166 2.988184 1.972342 2271.274226
 159.600000 -2.931841 2.812361 16.421444 811.551312
 159.800000 -2.404271 2.669328 20.621018 56.782290
 160.000000 -2.016047 2.750374 18.371102 11.664893
 160.200000 -2.007470 2.520077 18.337557 12.299499
 160.400000 -2.263176 2.445971 19.756991 31.670287
 160.600000 -2.354384 3.114805 20.277305 40.647200
 160.800000 -2.793838 2.892807 19.869688 358.063769
 161.000000 3.095039 2.782655 5.839673 3524.968559
 161.200000 3.034336 3.115202 2.406494 2555.312286
 161.400000 -3.001975 2.774579 14.345559 961.217094
 161.600000 -2.519499 2.658814 21.437092 23.197446
 161.800000 -2.039029 2.860106 18.451066 14.888761
 162.000000 -1.960131 2.471892 18.151528 19.007528
 162.200000 -2.169900 2.520659 19.185202 45.724460
 162.400000 -2.372685 2.754855 20.412689 46.808433
 162.600000 -2.926186 3.009351 16.563713 805.964306
 162.800000 -3.009887 3.013187 14.094017 1000.641515
 163.000000 3.105401 2.740863 6.445785 3505.900447
 163.200000 -3.061834 2.925339 12.283759 1509.085822
 163.400000 3.054995 2.928020 3.496468 3097.375982
 163.600000 2.919062 2.658308 -0.000125 0.000037
 163.800000 -1.872933 2.970495 17.670468 33.211358
 164.000000 -1.716483 2.258137 17.800904 122.215504
 164.200000 -1.703181 1.639149 17.954921 162.518726
 164.400000 -1.434084 0.892631 21.829131 25.769985
 164.600000 -0.818739 -0.177780 9.175095 1236.929501
 164.800000 -0.597529 -0.654983 0.754852 958.925218
 165.000000 -0.628425 -0.037684 1.801322 1332.817609
 165.200000 -1.484441 1.099632 21.438817 103.175049
 165.400000 -1.662845 1.612617 18.553133 282.873871
 165.600000 -1.553741 1.692497 20.510677 266.169346
 165.800000 -1.332091 1.079015 21.826289 25.808889
 166.000000 -0.823973 0.172400 9.350993 1224.140615
 166.200000 -0.747664 -0.214469 6.537661 1521.442837
 166.400000 -0.682900 -0.424331 3.916220 1687.895939
 166.600000 -0.755665 0.115675 6.847721 1482.411846
 166.800000 -1.613574 1.063380 19.434376 345.829978
 167.000000 -1.559731 1.559422 20.401057 279.778559
 167.200000 -1.180102 1.037174 19.963770 342.026829
 167.400000 -1.409413 0.639681 21.912660 7.246171
 167.600000 -1.216031 0.701195 20.578345 246.532916
 167.800000 -1.356544 1.174048 21.912181 7.337076
 168.000000 -1.452023 1.195384 21.705449 49.403739
 168.200000 -1.230191 0.923245 20.786078 212.654653
 168.400000 -1.372903 0.818495 21.941742 1.116243
 168.600000 -1.524146 1.011579 20.934620 197.338876
 168.800000 -1.108335 0.781283 18.427668 585.942071
 169.000000 -1.365006 1.016599 21.930187 3.495398
 169.200000 -1.432271 1.118734 21.823391 26.065914
 169.400000 -1.364554 1.133626 21.931026 3.729082
 169.600000 -1.704561 0.992470 17.934284 149.497025
 169.800000 -1.100004 0.942222 18.217514 621.461424
 170.000000 -1.514931 1.105700 21.055859 176.628993
 170.200000 -1.610687 1.215222 19.465517 338.969111
 170.400000 -1.294009 0.942952 21.543186 81.942570
 170.600000 -1.416201 0.745832 21.895157 12.064265
 170.800000 -1.241567 0.858675 20.943295 188.164364
 171.000000 -1.516786 1.112833 21.028895 182.372669
 171.200000 -1.182322 0.900626 19.992267 338.932631
 171.400000 -1.445573 0.914256 21.751703 43.339261
 171.600000 -1.434154 0.914723 21.820110 29.117745
 171.800000 -1.334636 1.232644 21.836509 25.439272
 172.000000 -1.509944 1.110270 21.118974 167.512254
 172.200000 -1.246890 0.728750 21.026387 178.449463
 172.400000 -1.571442 0.873677 20.170000 304.046045
 172.600000 -1.107314 1.015599 18.389495 599.237708
 172.800000 -1.629272 1.303684 19.120795 328.597153
 173.000000 -1.416892 0.875057 21.905624 13.308294
 173.200000 -1.046578 0.548288 16.742862 877.888193
 173.400000 -0.937078 0.012505 13.165831 1176.087394
 173.600000 -0.509128 -0.180962 -0.000011 0.000001
 173.800000 -0.582581 0.079465 0.129903 841.272807
 174.000000 -1.590626 0.657824 19.827211 329.978301
 174.200000 -1.441682 1.548966 21.798998 40.752612
 174.400000 -0.693914 1.452479 4.281778 1744.414274
 174.600000 -0.667517 1.896480 3.183459 1696.283618
 174.800000 -0.937415 2.289905 13.170865 1177.062071
 175.000000 -0.645679 2.121593 2.301160 1553.250611
 175.200000 -1.048356 1.981608 16.792234 876.777421
 175.400000 -1.602015 1.242530 19.617200 338.095966
 175.600000 -0.868026 0.123503 10.792841 1159.690965
 175.800000 -0.779966 -0.140776 7.705607 1375.878985
 176.000000 -0.769855 -0.067102 7.327052 1428.225845
 176.200000 -1.491334 0.733531 21.362170 133.773532
 176.400000 -1.327660 1.633714 21.854901 33.508946
 176.600000 -0.893465 1.624837 11.655885 1164.842134
 176.800000 -0.899349 1.800930 11.856829 1167.727413
 177.000000 -0.565376 1.759087 -0.011868 3.281147
 177.200000 -0.719857 1.870381 5.343573 1698.231794
 177.400000 -0.693289 2.000974 4.235525 1764.753636
 177.600000 -0.722545 2.078797 5.454167 1686.816502
 177.800000 -0.935344 2.052817 13.088889 1177.565177
 178.000000 -0.954829 1.925390 13.756517 1167.925076
 178.200000 -0.756199 1.780217 6.804554 1513.630584
 178.400000 -0.763121 1.900787 7.072058 1473.637498
 178.600000 -1.800564 2.087772 17.352623 0.003274
 178.800000 -2.364460 2.447623 20.372381 44.246481
 179.000000 -2.899469 -3.079050 17.194164 768.085338
 179.200000 2.959167 2.761611 -0.002996 0.257004
 179.400000 -2.686818 2.703172 21.112155 52.089971
 179.600000 -1.870998 2.866412 17.551346 23.986263
 179.800000 -1.844795 2.170081 17.436833 13.828275
 180.000000 -1.684015 1.554780 18.199406 209.934709
 180.200000 -1.298373 1.001754 21.683860 79.399576
 180.400000 -1.229194 0.527056 20.840874 231.941933
 180.600000 -1.213905 0.463059 20.598586 270.898971
 180.800000 -1.423224 1.156619 21.949334 23.319578
 181.000000 -1.649619 1.370399 18.747915 296.043643
 181.200000 -1.135268 0.978394 19.066559 511.808503
 181.400000 -1.274821 0.513254 21.456471 127.094845
 181.600000 -1.355852 0.405354 22.033050 7.335225
 181.800000 -1.181475 0.937902 20.028093 362.036705
 182.000000 -1.219744 1.192410 20.699896 257.896355
 182.200000 -1.201991 0.932426 20.410932 307.069308
 182.400000 -1.439992 0.740198 21.869340 46.623309
 182.600000 -1.242973 0.876328 21.062349 201.905837
 182.800000 -1.301581 1.298075 21.737603 74.848811
 183.000000 -1.377120 1.252508 22.078705 0.058089
 183.200000 -1.140694 0.567971 19.198507 497.952726
 183.400000 -0.856179 0.388411 10.411201 1147.974027
 183.600000 -1.286703 0.636366 21.615928 104.564556
 183.800000 -1.128391 1.170987 18.917986 542.511371
 184.000000 -1.114117 1.578214 18.577283 597.732096
 184.200000 -0.728536 1.286223 5.710469 1706.602420
 184.400000 -1.356782 0.940811 22.090341 6.136982
 184.600000 -1.279164 0.460525 21.557085 121.558187
 184.800000 -0.602055 0.395132 0.596862 1112.726196
 185.000000 -1.678771 0.802717 18.277181 223.575807
 185.200000 -1.420485 1.135386 22.025896 25.521356
 185.400000 -0.697917 1.187723 4.418355 1832.008616
 185.600000 -1.755873 1.295920 17.456255 33.958776
 185.800000 -1.603566 0.796706 19.576482 339.165608
 186.000000 -0.754073 0.638654 6.744075 1556.667673
 186.200000 -1.578851 0.726738 20.030129 325.944039
 186.400000 -1.557418 1.227454 20.408995 296.786886
 186.600000 -0.863091 1.453147 10.658335 1140.693554
 186.800000 -1.210495 1.440465 20.616864 298.024126
 187.000000 -1.542020 1.000345 20.668018 268.430259
 187.200000 -0.789477 0.269395 8.100646 1349.199784
 187.400000 -0.695834 -0.370065 4.325072 1853.997441
 187.600000 -0.650870 -0.498688 2.407881 1709.192505
 187.800000 -0.512617 -0.181325 -0.000002 0.000000
 188.000000 -1.064553 0.431291 17.280223 823.627502
 188.200000 -1.251780 1.190651 21.299121 192.983926
 188.400000 -0.807792 1.234195 8.769902 1262.643951
 188.600000 -1.105773 1.412081 18.402895 650.146119
 188.800000 -1.541254 0.566419 20.691955 270.253987
 189.000000 -1.398361 0.399739 22.162833 7.741004
 189.200000 -0.675384 0.625607 3.440844 1863.303068
 189.400000 -1.558455 1.057354 20.407320 303.045012
 189.600000 -1.212424 1.077483 20.701894 302.027859
 189.800000 -1.183174 0.910239 20.159809 386.629110
 190.000000 -1.240421 0.718855 21.155679 224.882233
 190.200000 -1.121076 0.950108 18.803070 599.373899
 190.400000 -1.231777 1.080498 21.044813 251.220842
 190.600000 -1.138370 0.776598 19.214964 536.223924
 190.800000 -1.516612 0.891920 21.094832 222.318360
 191.000000 -1.265434 1.035289 21.526338 161.028652
 191.200000 -1.396014 1.047898 22.232879 7.791829
 191.400000 -1.360688 0.832027 22.254774 2.483753
 191.600000 -1.079627 0.768154 17.728994 772.827635
 191.800000 -1.667574 1.035445 18.463280 258.478429
 192.000000 -1.230957 1.067951 21.057609 256.560323
 192.200000 -0.921599 0.515708 12.667970 1141.836151
 192.400000 -1.503972 0.401424 21.298975 198.632991
 192.600000 -1.894885 0.467678 17.528371 24.366834
 192.800000 -0.850186 0.725035 10.266428 1142.773689
 193.000000 -1.190749 1.458392 20.368074 378.167170
 193.200000 -0.999284 1.381707 15.284623 1078.393781
 193.400000 -1.680929 0.979950 18.263254 226.794664
 193.600000 -1.072140 0.686414 17.536344 814.445681
 193.800000 -1.331994 0.934354 22.215809 25.565513
 194.000000 -1.408840 0.998426 22.231364 20.772933
 194.200000 -1.046096 1.012371 16.778844 925.752097
 194.400000 -1.433782 1.051488 22.101850 56.917202
 194.600000 -1.922869 0.956447 17.646784 27.923228
 194.800000 -1.198781 0.720026 20.569264 361.674782
 195.000000 -0.960366 0.802661 13.991602 1140.857399
 195.200000 -1.605959 0.978304 19.579525 348.673419
 195.400000 -1.582297 0.952261 20.020133 341.204627
 195.600000 -1.128258 0.826650 19.053069 599.948598
 195.800000 -1.645042 1.112006 18.864119 311.243635
 196.000000 -1.206169 1.200338 20.731816 342.456994
 196.200000 -1.494131 1.051113 21.488263 186.862837
 196.400000 -1.483563 1.082724 21.627986 162.905600
 196.600000 -0.861046 0.779793 10.663834 1125.837015
 196.800000 -0.947973 0.852483 13.586448 1146.109366
 197.000000 -1.879981 1.101322 17.412177 18.556137
 197.200000 -1.359604 1.090169 22.420026 1.665627
 197.400000 -1.157377 1.068876 19.773682 506.608982
 197.600000 -1.930714 1.194331 17.649492 27.915966
 197.800000 -1.545840 1.112526 20.695489 297.060254
 198.000000 -0.607841 0.494379 0.656614 1275.654377
 198.200000 -1.725518 0.610469 17.709701 113.100391
 198.400000 -1.861092 0.819621 17.321481 10.942552
 198.600000 -1.083271 1.029946 17.913677 789.320488
 198.800000 -1.548624 1.281855 20.659388 303.487706
 199.000000 -1.577749 0.833683 20.135061 341.046438
 199.200000 -1.005758 0.482077 15.548007 1074.700558
 199.400000 -0.937929 0.424350 13.271551 1144.571379
 199.600000 -1.762227 0.807188 17.403852 38.638472
 199.800000 -1.615184 1.318559 19.447119 349.421558
 200.000000 -0.714653 1.209614 5.159385 1908.298921
 200.200000 -1.132432 1.519570 18.737088 605.882051
 200.400000 -0.992545 1.423290 14.618084 1106.891721
 200.600000 -0.709628 0.766048 4.436937 1942.542318
 200.800000 -1.595117 0.369377 19.331401 353.161396
 201.000000 -2.080358 0.496645 17.973274 41.756546
 201.200000 -1.682654 0.468506 17.791892 234.054558
 201.400000 -0.606774 0.913501 0.052862 917.239617
 201.600000 -1.102557 1.975692 17.988866 722.180880
 201.800000 -0.896389 2.693679 11.390496 1121.876530
 202.000000 -1.133787 2.237674 18.792152 603.703303
 202.200000 -0.986978 1.198669 14.462702 1122.511117
 202.400000 -1.665781 0.426924 18.073646 277.398649
 202.600000 -1.752257 0.059818 16.985592 59.469371
 202.800000 -1.634275 0.537042 18.627072 334.719542
 203.000000 -1.153157 1.284009 19.278169 537.507785
 203.200000 -0.796984 1.449402 8.009319 1341.916854
 203.400000 -0.768727 1.945492 6.938508 1539.778103
 203.600000 -1.497941 2.095869 21.049473 209.467943
 203.800000 -2.583038 2.518055 20.653824 0.629567
 204.000000 -3.128677 -3.048979 8.380235 2816.108210
 204.200000 -2.988065 3.035065 13.812454 842.032973
 204.400000 -3.039723 2.453287 12.204564 1167.401287
 204.600000 -2.817914 2.881720 18.388295 487.736075
 204.800000 -2.802890 3.095967 18.707002 412.864045
 205.000000 -2.660803 2.729745 20.407921 27.585461
 205.200000 -2.218973 2.786180 18.810382 32.110361
 205.400000 -1.749491 2.443350 17.032701 69.523400
 205.600000 -1.969576 2.271508 17.285708 28.831143
 205.800000 -1.749187 2.680253 17.035235 70.137890
 206.000000 -2.346234 2.815579 19.522086 39.793733
 206.200000 -2.901160 2.851865 16.233323 767.393443
 206.400000 -3.028862 3.013618 12.540141 1063.592147
 206.600000 -2.216093 2.934212 18.783988 32.596837
 206.800000 -1.856838 2.134152 16.781232 5.977859
 207.000000 -1.703355 1.596303 17.553420 185.532438
 207.200000 -1.282478 0.626128 21.703145 126.569200
 207.400000 -0.931316 0.098198 12.647443 1154.797556
 207.600000 0.321154 -0.720386 -0.000000 0.000000
