#! FIELDS time phi psi ves.bias ves.force2
#! SET min_phi -pi
#! SET max_phi pi
#! SET min_psi -pi
#! SET max_psi pi
 0.000000 -1.498385 0.273949 27.215882 148.921278
 0.200000 -0.560633 0.557758 3.378518 499.955063
 0.400000 -1.541412 1.310594 26.625099 226.802541
 0.600000 -1.411618 0.973724 27.931486 15.300161
 0.800000 -0.811604 0.497988 12.529938 1997.949309
 1.000000 -1.081861 0.166774 23.083972 1000.527833
 1.200000 -0.827613 0.334840 13.389297 1916.571549
 1.400000 -0.828796 0.330669 13.441084 1913.663105
 1.600000 -1.593390 0.511392 25.957823 247.932025
 1.800000 -1.655766 1.127086 24.968725 244.665176
 2.000000 -0.812081 1.268257 12.706370 1947.656875
 2.200000 -0.481781 1.382741 1.848631 239.896026
 2.400000 -0.815160 2.011762 13.001911 1916.329713
 2.600000 -0.754431 2.361686 10.326800 1918.191510
 2.800000 -0.935438 2.348602 17.974674 1483.115669
 3.000000 -0.935837 1.913293 17.990049 1481.697211
 3.200000 -0.858420 1.503841 15.101415 1717.478562
 3.400000 -1.102485 1.110661 23.795219 947.274296
 3.600000 -1.712239 0.714948 24.223723 196.905792
 3.800000 -0.945110 0.299587 18.475623 1339.436875
 4.000000 -0.648037 0.133133 6.206643 1301.669744
 4.200000 -0.743026 -0.006856 10.259525 2002.335472
 4.400000 -0.600845 -0.408269 4.749480 919.338886
 4.600000 -0.478679 -0.489563 1.929709 286.390577
 4.800000 -0.618121 -0.329862 5.293145 1063.974047
 5.000000 -0.615836 0.016386 5.218961 1044.211691
 5.200000 -1.006730 0.307518 20.759377 1066.931430
 5.400000 -1.156909 0.984442 25.337359 699.121298
 5.600000 -0.942602 1.449823 18.606479 1209.979432
 5.800000 -0.747543 1.576553 10.717924 1911.582597
 6.000000 -1.081371 1.847221 23.141192 960.596396
 6.200000 -0.706088 1.941752 9.215907 1725.910841
 6.400000 -0.700365 2.080271 8.979019 1700.748481
 6.600000 -0.581342 1.952807 4.626395 959.424706
 6.800000 -0.944504 1.990884 18.761359 1172.063133
 7.000000 -0.537676 1.804986 3.373460 696.399211
 7.200000 -0.488558 1.923047 2.237518 517.033179
 7.400000 -0.872774 2.074466 16.303975 1432.817467
 7.600000 -0.475037 1.992789 1.941274 444.206886
 7.800000 -0.942555 2.137400 18.808906 1161.749980
 8.000000 -0.632258 1.989373 6.613569 1363.824523
 8.200000 -0.644528 1.879583 7.389420 1489.156331
 8.400000 -0.774740 1.750681 12.616601 1640.041045
 8.600000 -0.714863 2.058000 10.183432 1641.097413
 8.800000 -0.676412 1.942781 8.639014 1577.593166
 9.000000 -0.623396 2.033688 6.584277 1411.774404
 9.200000 -1.075446 2.052291 23.127303 826.109225
 9.400000 -0.414112 1.763846 0.786666 205.285704
 9.600000 -0.607836 1.840044 6.310345 1475.241522
 9.800000 -0.567416 1.882716 4.800987 1296.136718
 10.000000 -0.773664 2.078420 12.826728 1513.919748
 10.200000 -0.941556 2.069458 19.090066 1093.246463
 10.400000 -0.861963 2.078393 16.338752 1284.646170
 10.600000 -0.745354 1.880521 12.029416 1442.981073
 10.800000 -0.470031 1.799483 1.849163 618.003436
 11.000000 -1.014064 2.087232 21.378105 906.967617
 11.200000 -0.658564 2.023757 8.959321 1632.015158
 11.400000 -0.758930 2.080656 12.817249 1351.645005
 11.600000 -0.895899 1.995119 17.689851 1165.510298
 11.800000 -1.032808 1.864927 21.992640 823.189147
 12.000000 -0.780818 1.503336 13.616895 1319.520646
 12.200000 -1.310142 1.072977 27.881062 57.712190
 12.400000 -1.473421 0.636327 27.469600 109.743186
 12.600000 -0.846180 0.571904 16.137336 1204.819252
 12.800000 -1.405791 0.974107 27.994985 21.510157
 13.000000 -1.640076 1.392547 25.071198 275.153424
 13.200000 -1.138364 1.026951 24.885047 573.431619
 13.400000 -1.296034 0.648445 27.749261 92.173057
 13.600000 -1.065315 0.820143 23.044519 695.266964
 13.800000 -0.987826 1.382498 20.884699 874.983470
 14.000000 -1.520503 1.373679 26.893504 179.205647
 14.200000 -1.539851 0.660620 26.644365 212.822191
 14.400000 -0.499077 0.034654 2.939098 1283.017489
 14.600000 -0.447925 -0.274556 1.378354 614.407052
 14.800000 -0.859384 -0.359581 16.865018 1143.571449
 15.000000 -0.488073 -0.425955 2.556492 1134.896740
 15.200000 -0.307432 -0.200488 -0.022843 0.050696
 15.400000 -0.866563 0.241082 17.227815 1123.885911
 15.600000 -1.740221 0.937561 23.412267 201.025850
 15.800000 -1.334720 1.561153 28.022875 22.543801
 16.000000 -0.805600 1.418259 15.177160 1136.453843
 16.200000 -1.191131 1.191613 26.141732 384.064745
 16.400000 -1.479261 0.801149 27.502068 122.645304
 16.600000 -1.112223 0.515150 24.433747 546.440452
 16.800000 -1.557940 1.084105 26.419556 252.883425
 17.000000 -1.512358 1.618521 27.093833 182.254614
 17.200000 -1.750723 1.903823 23.236521 188.347817
 17.400000 -1.819091 2.473891 22.453840 80.682959
 17.600000 -2.717142 2.893198 23.980693 119.499619
 17.800000 3.078477 2.975700 7.084625 2635.365565
 18.000000 -3.055091 2.574799 14.860770 2112.566498
 18.200000 -2.710488 2.948317 24.010348 107.149510
 18.400000 -2.858424 2.616105 21.466257 579.688768
 18.600000 3.093629 2.952621 7.848840 2785.380524
 18.800000 3.077882 2.667833 7.029169 2624.969268
 19.000000 -2.472500 2.980386 25.098763 0.291437
 19.200000 -1.713804 2.556221 23.772718 255.176357
 19.400000 -2.021269 1.778878 22.086565 19.028995
 19.600000 -1.976336 1.585092 21.935267 5.008131
 19.800000 -0.988616 0.941470 21.416025 829.514511
 20.000000 -1.754121 0.998813 23.174522 185.418743
 20.200000 -1.764798 0.634399 23.042125 162.618288
 20.400000 -1.802643 0.675830 22.608776 102.558199
 20.600000 -1.028594 1.226931 22.571356 709.918192
 20.800000 -1.235305 1.463183 26.956846 225.569488
 21.000000 -0.853961 0.612529 17.275022 1053.994876
 21.200000 -1.516932 0.309669 27.261824 201.100078
 21.400000 -1.467817 0.700163 27.839913 83.961706
 21.600000 -1.119153 1.372636 24.810208 479.976287
 21.800000 -0.985567 1.575433 21.424087 826.168808
 22.000000 -0.972955 1.400184 21.057846 860.230312
 22.200000 -1.393929 0.894106 28.218948 0.091839
 22.400000 -1.523956 0.764176 27.205117 216.789840
 22.600000 -0.902422 1.063639 18.954202 1002.360356
 22.800000 -1.640574 1.464528 25.124183 356.388557
 23.000000 -1.795936 1.270698 22.736635 113.856100
 23.200000 -0.933528 0.841208 19.983565 947.769739
 23.400000 -1.471827 0.955677 27.886371 83.605157
 23.600000 -0.930264 0.709299 19.882901 954.296020
 23.800000 -1.626231 1.026886 25.446687 369.042505
 24.000000 -1.369073 1.112478 28.209588 7.013666
 24.200000 -1.057032 1.039072 23.511555 625.078280
 24.400000 -1.400464 0.886440 28.269195 0.251795
 24.600000 -1.310621 0.745597 27.903506 68.041442
 24.800000 -1.212051 0.932584 26.706844 248.964354
 25.000000 -1.642537 1.144360 25.198639 369.192690
 25.200000 -1.185197 0.904782 26.310308 301.956585
 25.400000 -1.289943 0.691586 27.747421 97.685375
 25.600000 -1.430803 0.845696 28.255038 13.613574
 25.800000 -1.005425 1.234558 22.212735 768.954363
 26.000000 -1.524784 1.532879 27.388238 208.601276
 26.200000 -1.539524 0.964740 27.239643 249.613752
 26.400000 -0.788533 0.182104 15.440507 1121.470392
 26.600000 -0.217579 -0.384379 -0.004572 0.004041
 26.800000 1.274371 -1.188594 -0.000000 0.000000
