#! FIELDS time phi psi ves.bias ves.force2
#! SET min_phi -pi
#! SET max_phi pi
#! SET min_psi -pi
#! SET max_psi pi
 0.000000 -1.498385 0.273949 27.215882 148.921278
 0.200000 -1.700155 1.115520 24.112916 181.913674
 0.400000 -1.273505 1.375098 27.410063 138.855203
 0.600000 -0.694186 1.194196 7.492737 1513.883591
 0.800000 -1.674421 1.401407 24.478828 222.070352
 1.000000 -0.959856 0.512298 18.782702 1486.683972
 1.200000 -0.643703 -0.263337 5.692258 1111.650877
 1.400000 -0.558989 -0.744819 3.327361 518.298156
 1.600000 -0.865647 -0.151697 15.001170 1796.370944
 1.800000 -1.128219 0.563411 24.550883 898.633521
 2.000000 -1.056690 1.053022 22.213616 1197.509510
 2.200000 -1.672375 1.359496 24.872641 308.325009
 2.400000 -1.076595 0.937882 23.000344 1123.068810
 2.600000 -1.247222 0.404078 27.161930 173.920417
 2.800000 -0.648941 -0.235395 6.223284 1219.495293
 3.000000 -0.556413 -0.029446 3.461868 607.006793
 3.200000 -0.988655 -0.069246 20.006964 1350.094103
 3.400000 -0.671555 0.260354 7.167041 1410.266966
 3.600000 -0.630283 0.093755 5.698104 1123.644054
 3.800000 -0.958434 0.069711 18.884064 1412.540904
 4.000000 -0.946580 0.321177 18.436422 1440.089608
 4.200000 -0.656038 0.275359 6.805549 1340.377446
 4.400000 -1.908292 1.057310 22.585705 0.768314
 4.600000 -1.593591 1.207366 26.225460 294.710403
 4.800000 -0.458691 0.963683 1.558422 261.880019
 5.000000 -0.932954 1.476281 18.053518 1428.876450
 5.200000 -0.516600 1.999409 2.735539 527.246942
 5.400000 -1.041165 2.512718 22.017490 1165.006030
 5.600000 -0.972459 2.355115 19.614441 1277.822517
 5.800000 -0.689242 1.443815 8.221773 1574.986644
 6.000000 -1.657061 1.033275 25.077164 331.058148
 6.200000 -1.757966 0.556733 23.478860 145.120789
 6.400000 -1.652451 0.500192 25.148047 332.880661
 6.600000 -0.969401 0.882153 19.644001 1244.244201
 6.800000 -1.060075 1.657777 22.739619 1078.464355
 7.000000 -0.694188 1.977224 8.570385 1616.995683
 7.200000 -0.946133 2.322435 18.937003 1283.274357
 7.400000 -0.570495 2.296523 4.310178 891.807268
 7.600000 -0.793846 1.851545 12.904345 1835.228439
 7.800000 -0.813277 1.742197 13.732628 1794.959124
 8.000000 -1.050931 2.111256 22.516922 1064.550896
 8.200000 -0.966021 2.117070 19.765200 1201.745988
 8.400000 -0.604073 2.188665 5.486271 1113.313756
 8.600000 -0.806178 1.942275 13.570191 1822.122012
 8.800000 -0.482132 1.830158 2.104554 467.435720
 9.000000 -0.837260 1.931794 14.880475 1723.505332
 9.200000 -0.685456 2.028681 8.650039 1620.647309
 9.400000 -0.718357 2.119497 10.006108 1769.271885
 9.600000 -0.906997 2.248097 17.792633 1351.980629
 9.800000 -0.637235 2.172411 6.791321 1347.705703
 10.000000 -0.762717 2.110110 11.903222 1864.791724
 10.200000 -0.489693 2.025490 2.341242 590.456151
 10.400000 -1.070271 2.005360 23.296028 945.013042
 10.600000 -0.804863 1.937213 13.949759 1740.110994
 10.800000 -0.531764 1.650094 3.462015 833.622904
 11.000000 -1.059309 2.005975 22.956831 969.290043
 11.200000 -1.868343 2.321505 22.628156 20.233687
 11.400000 -2.724117 2.869720 24.193731 134.655237
 11.600000 -3.124025 -2.908760 11.690745 2860.193742
 11.800000 -2.950077 2.435519 19.224730 1042.900816
 12.000000 -1.894376 2.587911 22.532062 8.462075
 12.200000 -1.731479 2.626453 23.896761 201.556301
 12.400000 -2.488485 2.417085 25.391920 0.150601
 12.600000 -2.826726 2.959114 22.471357 449.886605
 12.800000 -2.788471 -2.932442 23.215469 311.759950
 13.000000 -3.062096 2.416265 14.794722 2202.196802
 13.200000 -2.569031 2.750991 25.179025 12.735738
 13.400000 -2.523742 3.062681 25.308487 4.286684
 13.600000 -3.087825 2.446211 13.524662 2507.347581
 13.800000 3.100789 2.688632 8.505328 2832.820438
 14.000000 -3.107034 3.132026 12.543514 2704.362399
 14.200000 -3.074178 2.639351 14.224699 2325.195611
 14.400000 -2.640476 2.960794 24.835066 34.313371
 14.600000 -2.813747 2.800025 22.724773 401.852214
 14.800000 3.133961 2.803648 10.330726 2928.905449
 15.000000 3.139041 3.123098 10.605446 2918.793368
 15.200000 -3.021377 2.831414 16.611931 1640.000601
 15.400000 -2.849189 2.781540 21.957686 546.557218
 15.600000 -2.327421 2.975359 24.613101 71.250425
 15.800000 -2.299923 2.575935 24.371234 82.431645
 16.000000 -2.095829 2.479497 22.728179 31.075836
 16.200000 -2.216516 2.709127 23.597330 81.938331
 16.400000 -2.631899 2.929355 24.893362 24.427886
 16.600000 3.035699 2.708943 5.386719 2128.177320
 16.800000 -2.988014 3.074966 17.916646 1279.009353
 17.000000 -3.100426 2.710807 13.053033 2564.321904
 17.200000 -2.819439 2.950249 22.641376 444.069650
 17.400000 -2.197030 2.938369 23.420404 80.671206
 17.600000 -2.182546 2.278279 23.292810 74.448370
 17.800000 -1.786557 2.392361 23.191140 114.472592
 18.000000 -2.106245 2.850923 22.723669 37.925113
 18.200000 -2.792395 2.682945 23.194924 351.387145
 18.400000 -2.950215 -3.053455 19.240452 964.968758
 18.600000 -2.266020 2.845071 24.105602 93.860642
 18.800000 -2.180273 2.173917 23.286325 79.052978
 19.000000 -1.743605 2.120527 23.695146 171.254372
 19.200000 -1.858347 2.681621 22.573464 38.179650
 19.400000 -3.014259 2.837648 17.068202 1459.043922
 19.600000 3.067539 3.106064 7.080416 2701.246157
 19.800000 -2.915408 2.945419 20.284840 787.436890
 20.000000 -2.380967 2.602964 25.037488 23.059656
 20.200000 -1.776066 2.620846 23.291836 123.493481
 20.400000 -2.048110 2.522515 22.395857 16.177720
 20.600000 -2.678501 2.607952 24.709918 52.325280
 20.800000 3.054986 2.914828 6.486173 2567.308520
 21.000000 2.989172 2.798149 3.519121 1484.059115
 21.200000 -2.402922 2.735921 25.171310 8.900460
 21.400000 -1.786842 2.375999 23.178967 107.170066
 21.600000 -1.826940 2.285960 22.810760 64.013689
 21.800000 -2.218814 2.575066 23.716977 108.643186
 22.000000 3.041468 2.990346 5.874120 2397.105546
 22.200000 3.056601 2.953207 6.690378 2621.438795
 22.400000 -2.378311 2.686161 25.108888 18.371392
 22.600000 -1.923340 2.449513 22.337292 6.918517
 22.800000 -1.945448 2.388925 22.291482 2.299026
 23.000000 -2.411631 2.465008 25.216103 4.835839
 23.200000 -2.537420 -3.017652 25.203482 1.544650
 23.400000 -2.912579 2.892353 20.424015 751.287391
 23.600000 -2.270491 2.634054 24.331109 106.034120
 23.800000 -1.751351 2.482000 23.593767 134.426770
 24.000000 -1.791490 2.396694 23.170645 89.449121
 24.200000 -2.336944 2.450072 24.944447 43.484237
 24.400000 -3.087384 3.053582 14.099093 2268.848287
 24.600000 -3.065526 3.071658 15.108059 1993.196702
 24.800000 -2.716368 2.680950 24.433208 125.992169
 25.000000 -2.124641 2.669815 22.860045 63.658727
 25.200000 -1.689476 2.528992 24.367842 180.201151
 25.400000 -2.191562 2.299255 23.527187 123.058204
 25.600000 -2.153538 2.616437 23.129179 93.811754
 25.800000 -2.298642 2.854306 24.685153 81.025195
 26.000000 -2.683495 2.681346 24.766510 61.135076
 26.200000 3.080106 2.891778 8.145129 2844.809226
 26.400000 -2.742858 2.782179 24.131364 205.454545
 26.600000 3.001907 2.467242 4.279551 1920.055748
 26.800000 3.101300 2.933372 9.283973 2914.472820
 27.000000 -2.964247 -3.089502 18.970361 977.062474
 27.200000 -2.793107 2.358534 23.299594 371.437121
 27.400000 -1.966282 2.600998 22.441046 1.912754
 27.600000 -1.064092 2.789944 22.888986 807.421835
 27.800000 -0.426132 1.639069 0.500341 375.995480
 28.000000 -0.547212 1.075059 4.137447 1532.503325
 28.200000 -1.399021 0.857142 27.279287 10.316418
 28.400000 -2.011205 0.677687 22.451010 0.688816
 28.600000 -0.981891 0.765574 20.515119 808.438269
 28.800000 -1.476088 1.155423 26.858147 58.780767
 29.000000 -0.933720 1.310549 19.140257 832.633934
 29.200000 -1.680483 1.107627 24.439194 155.281760
 29.400000 -0.843756 0.343105 16.353449 1130.104031
 29.600000 -1.545686 0.590861 26.162653 129.443430
 29.800000 -1.256324 0.997011 26.896470 97.523639
 30.000000 -1.392625 1.169086 27.274255 7.739142
 30.200000 -1.415631 1.038015 27.182216 18.428079
 30.400000 -1.240292 0.717106 26.712652 144.037110
 30.600000 -1.351931 0.733612 27.324542 0.000243
 30.800000 -1.447695 1.182726 27.014074 38.217836
 31.000000 -1.185043 1.263373 25.847606 370.367938
 31.200000 -1.553557 1.095733 26.039241 138.197399
 31.400000 -1.445158 0.688601 27.032648 38.547754
 31.600000 -1.435101 1.194771 27.092125 31.559796
 31.800000 -1.710023 2.024507 24.086843 122.054820
 32.000000 -2.149396 2.571259 23.240998 99.190276
 32.200000 3.095743 -3.141216 9.231638 2833.053988
 32.400000 -3.041521 2.950190 16.360826 1668.449822
 32.600000 -2.002457 2.493191 22.508531 0.008947
 32.800000 -1.603227 1.658818 25.414035 166.820741
 33.000000 -0.882964 1.270735 17.574345 961.598238
 33.200000 -1.768965 0.810985 23.552101 69.075764
 33.400000 -1.292088 0.540098 27.209354 33.129961
 33.600000 -1.279301 1.159112 27.126375 52.365819
 33.800000 -1.740603 1.519533 23.804154 89.679086
 34.000000 -1.648753 1.321823 24.831930 157.627409
 34.200000 -0.933973 0.802032 19.070477 850.592688
 34.400000 -1.768436 0.642901 23.588832 69.855908
 34.600000 -1.510759 1.033747 26.510960 102.271674
 34.800000 -0.987117 1.134229 20.606720 833.727638
 35.000000 -1.330509 1.278514 27.369163 3.299527
 35.200000 -1.266176 0.932451 27.056009 79.672514
 35.400000 -1.641436 0.549356 24.964366 150.952899
 35.600000 -1.638162 0.772713 25.004662 152.120856
 35.800000 -0.605304 1.213109 6.427479 1915.332679
 36.000000 -1.032654 2.155573 21.938550 850.781935
 36.200000 -0.767278 2.664339 13.418230 1588.555910
 36.400000 -0.813710 1.952485 15.187521 1316.819131
 36.600000 -0.510147 1.191650 2.555343 1255.431538
 36.800000 -1.740311 1.323429 23.916812 89.068472
 37.000000 -1.747960 0.339476 23.845588 84.382293
 37.200000 -0.719981 -0.133094 11.460609 1827.793159
 37.400000 -1.054855 0.010851 22.609084 851.899276
 37.600000 -0.836693 0.333683 15.998869 1186.912614
 37.800000 -1.451340 1.148944 27.066610 51.195850
 38.000000 -1.002313 1.348064 21.066385 861.088573
 38.200000 -0.438711 1.182040 0.401233 553.383321
 38.400000 -0.580398 1.706154 5.308265 1836.835499
 38.600000 -1.229200 2.486040 26.696419 188.500981
 38.800000 -1.286756 2.692897 27.274211 42.374090
 39.000000 -1.732613 2.160433 24.071627 92.024973
 39.200000 -2.091502 1.629589 22.785938 38.491691
 39.400000 -1.708478 1.183152 24.342975 102.328691
 39.600000 -1.022875 0.677378 21.701680 882.777288
 39.800000 -1.758640 0.623462 23.865787 79.591952
 40.000000 -1.123694 1.213354 24.581642 674.383801
 40.200000 -1.245105 1.675727 26.940885 134.133525
 40.400000 -1.224961 1.676374 26.681660 200.710036
 40.600000 -1.235191 1.359289 26.819814 165.019482
 40.800000 -1.393907 0.739913 27.453225 11.467468
 41.000000 -1.406220 0.722945 27.405794 18.588311
 41.200000 -1.530391 1.076130 26.416190 125.220728
 41.400000 -1.823670 1.442312 23.392057 61.445744
 41.600000 -1.325636 1.396577 27.521654 6.568234
 41.800000 -0.476623 0.476445 1.343849 935.261812
 42.000000 -1.427937 0.346995 27.328820 34.763743
 42.200000 -0.892515 0.410867 17.843183 970.889870
 42.400000 -0.819301 1.167391 15.412690 1276.352653
 42.600000 -1.439154 1.785910 27.291951 45.311363
 42.800000 -2.338787 2.229707 25.076346 22.579405
 43.000000 -2.868452 -3.045870 21.681398 531.424443
 43.200000 3.136205 3.086501 11.419194 2605.804933
 43.400000 -2.990118 2.475946 18.278732 1169.039188
 43.600000 -1.864271 2.866923 23.130566 55.267040
 43.800000 -1.929254 2.512760 22.719483 24.563465
 44.000000 -2.161994 2.402377 23.360967 108.843043
 44.200000 -2.347926 2.731014 25.092649 15.459987
 44.400000 -2.712776 3.010328 24.427119 122.098284
 44.600000 3.099106 2.574426 9.504464 2704.126618
 44.800000 3.060968 2.866588 7.524532 2658.254157
 45.000000 -2.971798 3.113708 18.872007 1019.430553
 45.200000 -2.545217 2.692285 25.069000 0.144548
 45.400000 -1.738116 2.488028 24.253323 79.200954
 45.600000 -1.753849 2.023035 24.114219 77.310224
 45.800000 -2.026716 1.830071 22.510218 1.456059
 46.000000 -1.841955 2.350163 23.356640 68.411059
 46.200000 -2.297840 2.893518 24.784074 61.903466
 46.400000 2.965916 2.650092 2.945199 1861.472701
 46.600000 3.002264 2.687046 4.606265 2295.455433
 46.800000 -2.650066 2.768098 24.881914 21.285322
 47.000000 -2.454382 2.294531 25.139822 1.679881
 47.200000 -2.242927 2.774503 24.254804 117.982767
 47.400000 -2.604629 2.657030 25.005686 2.181201
 47.600000 -3.131726 2.764249 12.209424 2469.294599
 47.800000 -2.800327 -2.995349 23.046936 358.725179
 48.000000 -2.629912 2.435394 24.950611 8.916391
 48.200000 -2.232843 2.307511 24.143238 123.341930
 48.400000 -1.960921 2.836714 22.623542 15.605824
 48.600000 -2.556578 2.630271 25.040467 0.118126
 48.800000 3.012701 2.726124 5.134005 2428.125544
 49.000000 -3.100128 -3.059668 13.749844 2214.302605
 49.200000 -3.133173 2.767157 12.161749 2450.521361
 49.400000 -3.048688 2.689213 16.032939 1706.350476
 49.600000 -2.275936 -3.041122 24.586323 85.769519
 49.800000 -2.222896 2.410542 24.031613 126.318702
 50.000000 -2.051828 2.176185 22.579373 9.199767
 50.200000 -1.918489 2.495224 22.880470 45.211345
 50.400000 -2.412166 2.824329 25.169508 0.079849
 50.600000 3.116878 2.971142 10.513002 2615.537030
 50.800000 3.096030 2.964499 9.439860 2677.314324
 51.000000 -2.384598 2.660274 25.158853 1.333818
 51.200000 -1.879004 2.272317 23.204589 68.185392
 51.400000 -1.754605 2.401707 24.256559 64.212859
 51.600000 -2.212123 2.516575 23.921271 127.300274
 51.800000 2.959541 2.934998 2.666152 1910.665286
 52.000000 3.118297 -3.103805 10.614306 2601.074269
 52.200000 -2.714435 2.679945 24.359049 133.684673
 52.400000 -2.078679 2.493728 22.709138 26.253562
 52.600000 -1.849752 2.561077 23.485971 75.867375
 52.800000 -2.564240 2.535281 25.051127 0.161507
 53.000000 2.953343 3.099111 2.403554 1852.444058
 53.200000 3.100961 -3.090357 9.785429 2646.196926
 53.400000 -2.875848 2.413619 21.395509 545.202590
 53.600000 -1.986024 2.652404 22.609221 7.396587
 53.800000 -1.791689 2.747534 24.013025 65.498843
 54.000000 -2.554718 2.205328 25.057489 0.146511
 54.200000 -2.844538 2.820980 22.095592 471.205747
 54.400000 2.922819 3.126344 1.167062 1417.120046
 54.600000 3.139089 2.782286 11.743277 2440.125163
 54.800000 -1.978622 2.567772 22.650278 11.716812
 55.000000 -1.873856 2.299953 23.341840 74.113347
 55.200000 -2.295605 2.368313 24.788625 60.834864
 55.400000 -2.741228 2.798541 24.004624 207.098570
 55.600000 3.023583 3.072074 5.844400 2648.882818
 55.800000 2.966754 2.738986 3.036075 2151.978594
 56.000000 -2.426367 2.790518 25.183787 0.557798
 56.200000 -2.488962 2.294100 25.120046 1.164910
 56.400000 -2.421646 2.801204 25.193499 0.361925
 56.600000 3.100825 2.941881 9.881614 2598.497650
 56.800000 -3.017835 2.740757 17.267119 1334.906154
 57.000000 -2.429564 2.784492 25.187801 0.687262
 57.200000 -1.942050 2.545817 22.885579 40.432261
 57.400000 -2.161439 2.550663 23.421020 105.758561
 57.600000 -2.230630 2.758524 24.179311 119.577282
 57.800000 -2.852475 2.844022 21.932675 484.047615
 58.000000 -3.042180 2.773321 16.352605 1547.128913
 58.200000 -2.410690 2.821267 25.221383 0.022269
 58.400000 -2.452138 2.363487 25.189196 1.379733
 58.600000 -2.641788 2.735059 24.934037 19.127502
 58.800000 -3.035396 2.883429 16.625125 1481.486829
 59.000000 2.964308 2.671640 2.986044 2226.372596
 59.200000 -2.636219 2.966486 24.968750 15.965885
 59.400000 3.054319 2.657323 7.593139 2708.429378
 59.600000 -3.125872 3.130762 12.742350 2208.713173
 59.800000 -2.807429 2.748407 22.883438 379.903387
 60.000000 -2.874961 2.317802 21.440586 538.893479
 60.200000 -2.043444 3.050641 22.683747 3.764603
 60.400000 -2.261808 2.718375 24.534231 96.825335
 60.600000 -2.870266 2.056228 21.565855 528.628623
 60.800000 -2.674343 2.815238 24.764267 56.059331
 61.000000 -3.046782 -3.044601 16.198220 1566.416066
 61.200000 -2.840769 2.583942 22.240348 456.310722
 61.400000 -1.572151 2.574509 25.953142 149.935985
 61.600000 -0.792808 2.145456 14.308293 1445.200006
 61.800000 -0.536503 1.535599 3.071772 1751.329497
 62.000000 -1.010157 1.439251 21.546369 1071.114982
 62.200000 -1.660890 0.979737 25.048419 58.014485
 62.400000 -0.952870 0.394883 19.670252 1035.794527
 62.600000 -0.795589 -0.082380 14.396485 1430.755263
 62.800000 -0.646258 -0.311609 7.988833 2120.805229
 63.000000 -0.882351 -0.132671 17.411141 1052.176736
 63.200000 -0.526423 0.226058 2.621098 1673.431233
 63.400000 -1.535629 0.890655 26.393416 161.296181
 63.600000 -1.013421 1.100513 21.633299 1076.771911
 63.800000 -1.078592 0.846637 23.709827 905.135876
 64.000000 -1.756471 1.056432 24.453275 37.826311
 64.200000 -1.327301 0.691996 27.599201 9.881536
 64.400000 -1.242595 0.661944 27.047042 105.032410
 64.600000 -1.812443 0.892268 24.073073 62.822022
 64.800000 -1.271693 1.005233 27.304600 56.719396
 65.000000 -1.183888 1.197238 26.249245 297.708625
 65.200000 -1.553265 1.276771 26.159310 161.113177
 65.400000 -1.446350 0.826042 27.356240 59.089979
 65.600000 -1.604310 0.841606 25.553048 114.237952
 65.800000 -1.499365 1.161849 26.832592 136.698508
 66.000000 -1.162915 1.134783 25.855624 403.747914
 66.200000 -1.198087 1.133631 26.479379 234.254764
 66.400000 -1.572361 0.954948 25.923758 150.158765
 66.600000 -1.166756 0.789046 25.935010 380.114397
 66.800000 -1.600618 0.976284 25.595033 119.063336
 67.000000 -1.289938 1.082867 27.423534 36.786235
 67.200000 -1.214742 1.053875 26.724667 173.751841
 67.400000 -1.531376 0.953745 26.451337 164.078674
 67.600000 -1.345083 0.857520 27.647018 3.523477
 67.800000 -0.966944 0.752240 20.108320 1069.543273
 68.000000 -1.692855 0.758610 24.849790 34.054945
 68.200000 -1.753249 1.071716 24.524563 33.471841
 68.400000 -1.041419 1.127533 22.571106 1054.775952
 68.600000 -0.733973 1.065245 11.819797 1813.554946
 68.800000 -1.380585 1.103904 27.674015 1.355380
 69.000000 -1.503287 0.895274 26.811640 144.216009
 69.200000 -0.992442 0.604543 20.967101 1108.146624
 69.400000 -1.480186 0.920084 27.087230 113.067931
 69.600000 -1.156049 1.100777 25.763933 433.306226
 69.800000 -1.287334 1.065269 27.433538 39.042926
 70.000000 -1.230369 0.712708 26.941740 128.056060
 70.200000 -0.434009 0.321645 -0.000995 0.040765
 70.400000 -0.591843 -0.232213 5.392757 2078.055411
 70.600000 -0.342298 -0.660053 -0.000000 0.000000
 70.800000 -0.454951 -0.567006 -0.025741 10.928894
 71.000000 -1.405892 0.330881 27.649976 12.576400
 71.200000 -1.291946 1.339606 27.489219 35.708454
 71.400000 -1.570874 1.950869 25.987256 159.310145
 71.600000 -2.026080 2.377448 22.726379 0.147109
 71.800000 -3.046306 2.912602 16.264425 1525.804101
 72.000000 2.919318 -2.973515 0.999022 1898.604065
 72.200000 -2.718522 2.537560 24.426331 141.410408
 72.400000 -1.966440 2.550412 22.868250 25.797189
 72.600000 -2.137051 2.703467 23.276070 76.809586
 72.800000 -2.419585 2.992347 25.358662 0.025283
 73.000000 3.065811 2.740758 8.530207 2617.655759
 73.200000 -2.729030 2.894537 24.296386 166.799401
 73.400000 -2.437257 2.535969 25.358306 0.211569
 73.600000 -2.172304 2.483960 23.611879 103.590211
 73.800000 -1.845859 2.781403 23.870159 84.791933
 74.000000 -2.867412 2.398335 21.749167 532.261738
 74.200000 -2.733522 3.134983 24.242918 178.791277
 74.400000 3.028895 2.805293 6.627937 2840.061207
 74.600000 2.874895 2.413264 -0.000565 0.022482
 74.800000 -2.226005 2.997889 24.186721 115.669065
 75.000000 -2.322618 2.661924 25.067293 41.491836
 75.200000 -2.611512 2.367526 25.168833 6.603155
 75.400000 -2.761564 3.043920 23.838610 252.468973
 75.600000 3.097490 3.098088 10.148438 2355.303300
 75.800000 -2.905526 2.741101 20.822859 672.161260
 76.000000 -1.770736 2.752374 24.467668 39.002009
 76.200000 -1.843841 1.992319 23.902960 83.306047
 76.400000 -1.595457 1.323877 25.726666 139.868894
 76.600000 -0.561681 0.221290 3.995954 2021.026317
 76.800000 0.251700 -1.126322 -0.000000 0.000000
