#! FIELDS time phi psi ves.bias ves.force2
#! SET min_phi -pi
#! SET max_phi pi
#! SET min_psi -pi
#! SET max_psi pi
 0.000000 -1.498385 0.273949 21.102548 145.576228
 0.200000 -0.841871 0.872935 9.494032 1478.004442
 0.400000 -1.819040 1.689257 16.907212 23.283031
 0.600000 -1.772536 1.655157 17.222231 76.929339
 0.800000 -1.800642 2.193807 17.009858 40.292165
 1.000000 -2.124364 2.798688 17.654853 59.446187
 1.200000 -3.066237 2.950503 10.334852 1728.675196
 1.400000 -3.083785 3.012566 9.582584 1951.562925
 1.600000 -2.859882 2.807886 16.860984 570.996699
 1.800000 -2.558394 2.870240 20.178805 2.452930
 2.000000 -2.145969 2.562856 17.790281 55.192385
 2.200000 -1.987643 2.431652 16.892270 5.354843
 2.400000 -1.953790 2.771747 16.852678 0.000196
 2.600000 -2.610750 2.501350 20.033075 26.713959
 2.800000 -2.723646 -3.096276 19.188589 109.509730
 3.000000 -3.139192 2.870261 7.075669 2713.385926
 3.200000 3.033851 2.651569 1.374722 2064.621803
 3.400000 -2.480673 2.999103 20.246740 8.138174
 3.600000 -2.522785 2.635735 20.298043 0.141391
 3.800000 -2.147738 2.533769 17.924708 45.204470
 4.000000 -2.122476 2.692865 17.753783 46.077375
 4.200000 -2.281516 2.793902 18.880402 60.845255
 4.400000 -3.095606 2.629492 9.367640 1981.995300
 4.600000 3.023972 3.102781 0.993579 1893.800174
 4.800000 -2.856820 2.872666 16.980585 612.276639
 5.000000 -2.321972 2.363579 19.213745 74.158613
 5.200000 -1.756349 2.380967 17.787159 61.848198
 5.400000 -1.913191 2.580019 17.056068 0.679250
 5.600000 -2.524021 2.700549 20.355462 3.369679
 5.800000 3.065239 2.913739 3.112129 2863.773864
 6.000000 -3.021032 3.060734 12.263603 1041.725463
 6.200000 -2.685996 2.650204 19.588205 43.526867
 6.400000 -2.127566 2.672569 17.946716 39.527249
 6.600000 -1.662804 2.625968 18.655412 133.499016
 6.800000 -2.238160 2.229935 18.669661 52.511070
 7.000000 -2.480542 2.873664 20.402540 1.160800
 7.200000 -3.002840 2.989128 12.913551 901.994049
 7.400000 3.015205 3.001717 0.765227 1849.597720
 7.600000 -2.675223 2.725150 19.653741 37.697739
 7.800000 -2.071390 2.766785 17.647321 33.473699
 8.000000 -1.807475 2.363735 17.430943 25.902519
 8.200000 -2.059099 2.342649 17.626244 26.554122
 8.400000 -2.136231 2.832356 18.063297 36.158267
 8.600000 -2.651927 2.743996 19.796404 32.099810
 8.800000 -2.855855 2.769609 17.062217 626.175675
 9.000000 -2.879558 2.805421 16.446599 717.990454
 9.200000 -2.894287 2.725886 16.095425 743.374080
 9.400000 -2.531134 2.821620 20.439520 13.765551
 9.600000 -2.556688 2.869813 20.327700 24.380109
 9.800000 -2.879968 2.477788 16.481005 704.705112
 10.000000 -2.841345 -3.137659 17.449131 541.256020
 10.200000 -3.036238 2.789731 12.043047 1102.809608
 10.400000 -2.643828 2.818595 19.857325 35.102694
 10.600000 -2.147583 2.731636 18.191445 35.490666
 10.800000 -1.910317 2.377018 17.312915 0.027552
 11.000000 -1.891884 1.866283 17.315410 0.189551
 11.200000 -1.291869 1.848858 21.076462 70.854027
 11.400000 -0.470446 1.531079 -0.000000 0.000000
 11.600000 -0.668233 1.732699 1.640459 1384.989571
 11.800000 -0.638579 1.863930 0.616622 1012.979202
 12.000000 -0.792013 2.006430 6.875534 1843.376304
 12.200000 -0.974111 2.245428 13.858157 1182.757808
 12.400000 -0.706105 2.242998 3.142829 1755.586019
 12.600000 -0.892863 1.915454 10.925251 1428.064912
 12.800000 -1.016397 1.705929 15.267606 1034.936507
 13.000000 -1.098445 1.027373 17.671378 679.562806
 13.200000 -1.507398 0.694638 20.445753 147.828736
 13.400000 -1.597263 1.054412 19.225459 191.067898
 13.600000 -1.041334 1.334558 16.041281 913.737722
 13.800000 -2.043075 1.209707 17.672469 13.541348
 14.000000 -1.163885 0.978090 19.145973 403.925207
 14.200000 -0.980795 0.525747 14.101900 1132.222624
 14.400000 -1.078898 0.365846 17.112560 739.648038
 14.600000 -1.814202 0.617931 17.548574 1.914234
 14.800000 -1.020492 1.198869 15.395408 987.862423
 15.000000 -0.967864 1.372925 13.662761 1174.059178
 15.200000 -0.930020 1.285027 12.373572 1271.111722
 15.400000 -1.711650 0.908398 17.934684 49.841340
 15.600000 -0.939570 0.477908 12.712064 1241.712704
 15.800000 -1.140754 0.765416 18.617237 475.312088
 16.000000 -1.419963 1.156840 21.202211 22.287670
 16.200000 -1.486596 0.976328 20.679327 117.357522
 16.400000 -1.104441 0.731422 17.778745 602.217389
 16.600000 -1.709397 1.036314 17.947353 51.221444
 16.800000 -0.818475 1.032293 8.142946 1742.476452
 17.000000 -1.833425 1.082514 17.548452 0.502586
 17.200000 -1.009570 0.875516 15.151197 976.451935
 17.400000 -1.496140 0.792132 20.593807 136.229851
 17.600000 -1.302125 1.018143 21.017482 63.470019
 17.800000 -0.777948 0.877012 6.442204 1949.815165
 18.000000 -0.789115 0.903694 6.932613 1905.663247
 18.200000 -1.630596 1.095498 18.769135 166.817114
 18.400000 -1.085450 0.752425 17.348827 651.811885
 18.600000 -1.426183 0.775464 21.227944 26.744847
 18.800000 -1.506521 1.316772 20.497629 154.118441
 19.000000 -1.140940 1.431186 18.642263 444.829720
 19.200000 -1.449675 1.027889 21.119537 55.740338
 19.400000 -1.211176 0.717928 19.945343 242.415378
 19.600000 -1.230274 0.770470 20.229063 199.915349
 19.800000 -1.356100 1.055586 21.340490 7.908367
 20.000000 -1.076365 0.936051 17.151892 677.699058
 20.200000 -1.534343 1.105661 20.220339 196.997780
 20.400000 -1.256356 0.961437 20.627323 147.235479
 20.600000 -1.034142 1.044059 16.027187 852.246750
 20.800000 -1.370301 1.176572 21.423083 1.519537
 21.000000 -1.215017 1.019772 20.058792 235.220870
 21.200000 -1.204299 0.766690 19.968137 263.632908
 21.400000 -1.226460 0.909380 20.308548 209.750249
 21.600000 -1.131586 1.057493 18.577938 485.025309
 21.800000 -1.116348 0.988633 18.233020 540.300226
 22.000000 -1.500609 0.844092 20.727153 148.290610
 22.200000 -0.952232 0.753242 13.479630 1156.239706
 22.400000 -1.421589 1.028361 21.480863 21.528972
 22.600000 -1.060693 1.035112 16.860637 782.958518
 22.800000 -1.460833 1.110807 21.216058 77.343165
 23.000000 -1.072872 0.941902 17.196255 735.959456
 23.200000 -1.578003 0.992416 19.722527 259.520379
 23.400000 -1.112302 1.025398 18.280938 602.854794
 23.600000 -1.288328 0.981161 21.255778 82.292815
 23.800000 -1.355639 0.902213 21.649964 6.250385
 24.000000 -1.508163 0.792107 20.779331 176.407629
 24.200000 -1.322181 0.916399 21.612859 35.026219
 24.400000 -1.406797 1.047561 21.745771 9.125928
 24.600000 -1.616452 1.090571 19.155260 251.710079
 24.800000 -1.053276 0.910042 16.753514 856.426158
 25.000000 -1.728869 0.889008 17.834059 46.235872
 25.200000 -1.100193 1.095324 18.125780 686.579893
 25.400000 -1.334501 1.344282 21.783600 22.874584
 25.600000 -1.287399 1.184270 21.452181 85.198811
 25.800000 -1.389161 0.686883 21.891029 0.944842
 26.000000 -1.122446 0.805966 18.688148 591.279919
 26.200000 -1.329060 1.154760 21.873488 29.134971
 26.400000 -1.117885 0.864578 18.666779 627.134782
 26.600000 -1.609566 0.668307 19.375117 299.047558
 26.800000 -1.127762 0.807761 18.909715 583.186875
 27.000000 -1.133566 1.310593 19.048336 557.633844
 27.200000 -1.596726 1.099712 19.656415 333.497601
 27.400000 -0.920481 0.374330 12.461625 1344.359880
 27.600000 -1.110594 0.112967 18.576647 677.478650
 27.800000 -0.828845 0.396603 8.830184 1861.439407
 28.000000 -1.454118 1.284582 21.828305 76.451677
 28.200000 -1.647193 1.473868 18.813494 266.195104
 28.400000 -1.178056 0.677320 20.232137 387.257191
 28.600000 -0.837632 0.002253 9.210765 1814.483260
 28.800000 -0.688595 -0.204929 2.375493 1855.205247
 29.000000 -0.777227 0.061907 6.495466 2202.406854
 29.200000 -0.799284 0.541692 7.531248 2093.451791
 29.400000 -1.433874 1.091073 22.216776 39.717901
 29.600000 -1.613721 1.054549 19.449230 362.440581
 29.800000 -0.669764 0.437644 1.585104 1594.202745
 30.000000 -0.963290 -0.054859 14.050193 1251.554942
 30.200000 -0.752181 0.026877 5.330741 2299.961741
 30.400000 -1.046413 0.229627 16.923113 1041.139933
 30.600000 -0.597537 0.437085 -0.000810 0.021374
 30.800000 -1.651847 1.116972 18.793876 295.373422
 31.000000 -1.695994 1.596090 18.132010 159.111511
 31.200000 -1.621451 1.350824 19.404309 398.262659
 31.400000 -1.057739 0.690344 17.342995 1017.210888
 31.600000 -0.692781 -0.056720 2.569841 1965.282857
 31.800000 -0.721085 -0.342692 3.871478 2235.689527
 32.000000 -1.026834 0.061745 16.328944 1130.381431
 32.200000 -1.045861 0.409800 17.013006 1085.653051
 32.400000 -1.292134 0.938913 22.233829 79.790177
 32.600000 -1.409585 1.398580 22.641783 8.241664
 32.800000 -0.915312 1.103569 12.409058 1385.407802
 33.000000 -1.650923 0.966832 18.878011 341.968663
 33.200000 -1.260605 0.678008 22.001164 136.751743
 33.400000 -1.108588 0.677549 19.008713 792.037564
 33.600000 -1.005627 0.915849 15.697111 1215.720098
 33.800000 -1.777754 1.133135 17.377752 28.767334
 34.000000 -1.537108 1.119637 21.279165 367.295740
 34.200000 -1.194437 0.808632 21.100527 340.847892
 34.400000 -1.291617 0.794740 22.408281 80.295885
 34.600000 -1.575615 1.072662 20.560364 473.203337
 34.800000 -1.078059 1.018822 18.174616 973.557995
 35.000000 -1.447834 0.906146 22.615365 64.583864
 35.200000 -1.079962 0.681483 18.307856 977.468534
 35.400000 -1.198715 0.724597 21.272674 326.985215
 35.600000 -1.807780 1.041983 17.194097 15.500570
 35.800000 -1.222163 1.035081 21.666049 240.317351
 36.000000 -0.970738 0.929679 14.562816 1295.813125
 36.200000 -1.945117 1.136640 16.858701 1.855484
 36.400000 -1.813569 0.697218 17.151990 14.827368
 36.600000 -0.605982 0.548531 -0.004074 0.617147
 36.800000 -1.766411 1.100202 17.409360 55.049692
 37.000000 -1.737965 1.314788 17.662802 110.048650
 37.200000 -0.939417 0.964759 13.516200 1362.157682
 37.400000 -1.478925 1.151513 22.540999 163.888279
 37.600000 -1.893255 0.896440 16.926912 4.123827
 37.800000 -0.972774 0.666821 14.737571 1321.864838
 38.000000 -0.613424 0.594658 -0.016039 6.476617
 38.200000 -1.413065 0.322837 23.152499 12.844261
 38.400000 -1.726868 0.744762 17.816442 154.647047
 38.600000 -1.238508 1.310692 22.167808 192.614559
 38.800000 -0.842352 1.621814 9.764167 1792.754870
 39.000000 -0.936249 2.267169 13.439572 1376.799322
 39.200000 -0.922481 2.420317 12.963190 1407.374529
 39.400000 -0.931193 2.236060 13.289069 1391.329685
 39.600000 -0.622978 1.689297 0.006224 287.751119
 39.800000 -0.882804 1.410730 11.445310 1537.850519
 40.000000 -0.992619 1.125105 15.550713 1323.252560
 40.200000 -2.020439 0.801527 16.716366 0.310346
 40.400000 -1.619752 0.306274 19.880047 541.018283
 40.600000 -1.044111 0.032720 17.445872 1204.873722
 40.800000 -1.252524 0.549277 22.498161 157.296603
 41.000000 -1.626033 1.208446 19.734697 529.628183
 41.200000 -1.728567 1.744022 17.847456 169.691490
 41.400000 -1.665635 2.011052 18.907717 415.597040
 41.600000 -2.345300 2.534099 18.599980 89.158753
 41.800000 -2.750460 3.105979 18.187624 59.186827
 42.000000 -2.739294 2.957262 18.269007 47.828271
 42.200000 -1.982794 2.273542 16.685326 1.407291
 42.400000 -1.537849 2.348457 21.862399 427.741288
 42.600000 -1.841574 2.343321 17.019438 12.905113
 42.800000 -2.453026 2.835536 19.413215 20.527168
 43.000000 3.121303 2.923053 5.381282 2636.805015
 43.200000 -3.039288 3.063028 10.875074 1474.920329
 43.400000 -2.767255 2.546052 17.957746 85.236826
 43.600000 -2.142430 2.639570 16.994633 27.257118
 43.800000 -2.057414 2.687927 16.684474 3.207233
 44.000000 -2.425495 2.473013 19.219463 46.941113
 44.200000 -2.987178 2.761378 12.730784 1202.301228
 44.400000 2.986272 3.061717 -0.000818 0.037089
 44.600000 -3.045126 2.650638 10.606118 1520.252728
 44.800000 -2.198027 2.668878 17.285965 41.920720
 45.000000 -1.835206 2.683359 17.049107 16.849460
 45.200000 -2.134791 2.440546 16.896356 21.855662
 45.400000 -2.647623 2.563798 18.658401 40.211140
 45.600000 -2.972807 -3.015127 13.191329 1139.790747
 45.800000 3.096273 2.916193 3.990999 2618.452681
 46.000000 -2.844389 2.609144 16.783174 396.053011
 46.200000 -2.100842 2.958696 16.737549 10.280995
 46.400000 -2.271314 2.455924 17.752302 68.042500
 46.600000 -2.191109 2.395743 17.174397 38.350463
 46.800000 -2.212893 2.933327 17.315249 45.376874
 47.000000 -2.690002 2.835254 18.372566 33.505052
 47.200000 -2.971301 2.765512 13.184409 1126.272003
 47.400000 -2.957849 3.007485 13.630030 1068.423359
 47.600000 -2.839369 2.854871 16.808941 362.934127
 47.800000 -2.656280 2.523074 18.544430 39.834646
 48.000000 -2.113425 2.949734 16.776641 13.832644
 48.200000 -2.338115 2.572810 18.302647 87.783421
 48.400000 -2.030699 2.684140 16.611975 0.004683
 48.600000 -2.294936 2.658187 17.912565 73.659690
 48.800000 -2.194241 2.783060 17.176441 37.306293
 49.000000 -2.751969 2.699285 17.912457 63.099862
 49.200000 -2.711789 2.945385 18.164261 37.340289
 49.400000 -2.847103 2.878336 16.611385 405.465045
 49.600000 -2.750043 2.646611 17.903999 61.442298
 49.800000 -2.360499 2.843785 18.503007 84.096733
 50.000000 -2.313919 2.595959 18.078946 78.044137
 50.200000 -2.334459 2.647908 18.265613 79.946005
 50.400000 -2.357770 2.607219 18.475067 80.506525
 50.600000 -2.417878 2.729131 18.972444 49.354359
 50.800000 -2.845531 2.666217 16.627973 398.104614
 51.000000 -2.789250 2.892761 17.514919 139.731482
 51.200000 -3.068981 2.856431 9.476139 1719.103813
 51.400000 -2.927215 2.862066 14.520114 921.951070
 51.600000 -2.668716 2.848029 18.409259 36.375794
 51.800000 -2.429244 2.558041 19.035862 36.306803
 52.000000 -2.236962 2.660128 17.496025 52.792965
 52.200000 -2.314699 2.689453 18.131535 69.849869
 52.400000 -2.572957 2.722469 18.999388 30.962761
 52.600000 -2.750810 2.774572 17.880158 64.669713
 52.800000 -2.758849 2.948466 17.812918 75.733838
 53.000000 -2.553630 2.653975 19.097943 20.909441
 53.200000 -2.641551 2.541661 18.571762 38.172407
 53.400000 -2.503446 3.014909 19.221434 0.375653
 53.600000 -2.944880 2.751874 13.941351 1020.582932
 53.800000 -2.603078 2.880026 18.813054 38.699353
 54.000000 -2.103830 2.838405 16.701080 17.332117
 54.200000 -2.317319 2.372409 18.201547 65.321201
 54.400000 -2.003932 2.699214 16.534873 1.158854
 54.600000 -2.405681 2.699354 18.884829 44.536793
 54.800000 -2.718747 2.860365 18.121425 40.663408
 55.000000 3.044556 2.917056 1.327049 1942.640274
 55.200000 -2.923508 2.922035 14.589508 918.212379
 55.400000 -2.803239 2.557793 17.325796 199.847667
 55.600000 -2.423264 2.922041 18.999004 31.117434
 55.800000 -2.049680 2.706543 16.525420 1.928963
 56.000000 -2.400547 2.251157 18.859279 44.349699
 56.200000 -1.906914 2.742616 16.737131 9.291091
 56.400000 -2.289664 2.698730 18.043224 60.828607
 56.600000 -2.748666 2.743427 17.926246 65.943252
 56.800000 -3.053065 2.971597 10.032586 1607.184770
 57.000000 3.050409 2.935234 1.555204 2035.529775
 57.200000 -2.625478 2.843609 18.702115 35.709552
 57.400000 -1.918335 2.494399 16.692511 8.874272
 57.600000 -1.935551 2.288210 16.642368 8.043878
 57.800000 -2.084680 2.353330 16.608277 15.590668
 58.000000 -2.444981 2.877278 19.108884 15.290809
 58.200000 3.102049 2.854128 4.037019 2564.112780
 58.400000 -2.810860 2.920435 17.237339 234.320841
 58.600000 -2.295241 2.520727 18.153761 57.162052
 58.800000 -2.152584 2.632670 17.019827 55.980528
 59.000000 -2.026916 2.685769 16.487588 0.079730
 59.200000 -2.632440 2.497677 18.673949 34.069750
 59.400000 -2.579133 3.017731 18.973880 25.971967
 59.600000 -2.920114 2.840493 14.698906 919.777863
 59.800000 -2.885716 2.706674 15.677187 695.244318
 60.000000 -3.025422 2.820851 11.080568 1442.513621
 60.200000 3.126771 2.654784 5.262592 2533.010344
 60.400000 -2.537193 2.903897 19.150180 8.715901
 60.600000 -2.097942 2.593838 16.692427 27.223388
 60.800000 -2.060126 2.208560 16.543504 6.834261
 61.000000 -2.221262 2.605803 17.631413 70.403667
 61.200000 -2.576300 2.944840 18.996822 23.425060
 61.400000 3.025151 2.860252 0.427013 1636.229212
 61.600000 -2.597456 2.737486 18.887891 29.164503
 61.800000 -2.136740 2.558833 16.963304 54.514855
 62.000000 -2.082905 2.566595 16.641161 18.748611
 62.200000 -2.075218 2.574511 16.631709 15.433318
 62.400000 -2.704812 2.603947 18.299392 34.584024
 62.600000 -3.109071 2.844010 7.548765 2169.214220
 62.800000 -3.030249 2.959909 10.892194 1495.519038
 63.000000 -2.758919 2.778680 17.913011 81.440878
 63.200000 -2.578418 2.611087 19.001338 22.342731
 63.400000 -2.511223 2.877322 19.213218 1.351095
 63.600000 3.036269 2.835328 0.861270 1740.652809
 63.800000 -2.787687 3.093502 17.627513 151.222212
 64.000000 -2.495761 2.591918 19.222978 0.009299
 64.200000 -2.632099 2.115026 18.743960 28.970759
 64.400000 -1.771372 3.072613 17.310788 93.538699
 64.600000 -2.541110 2.508467 19.162366 8.589982
 64.800000 -2.679273 2.622240 18.489802 29.630003
 65.000000 -2.685783 3.045365 18.454168 30.342837
 65.200000 -2.788610 2.817995 17.657662 161.324455
 65.400000 -3.034462 2.588347 10.738311 1534.243758
 65.600000 -2.560609 3.089458 19.117334 13.995154
 65.800000 -2.870150 2.425885 16.141304 607.634521
 66.000000 -2.573783 2.781892 19.064461 18.210223
 66.200000 -2.471993 -3.125887 19.235444 2.934827
 66.400000 -2.927523 2.459165 14.527274 987.206465
 66.600000 -2.844546 2.936348 16.739004 441.952071
 66.800000 -3.113303 3.048284 7.345345 2242.156570
 67.000000 3.106738 2.551271 4.202157 2596.358557
 67.200000 -2.434789 2.848642 19.143232 13.597412
 67.400000 -2.258263 2.710707 18.131371 55.467007
 67.600000 -2.300387 2.680310 18.424532 42.367551
 67.800000 -2.650871 2.679513 18.761499 27.595291
 68.000000 -2.859729 2.850611 16.417558 545.288802
 68.200000 -2.946198 2.851731 13.951153 1085.835575
 68.400000 -2.488229 2.933291 19.286918 0.997873
 68.600000 -2.532547 2.517411 19.272452 2.678867
 68.800000 -2.643800 2.686801 18.841969 26.390032
 69.000000 -2.441240 2.951238 19.180083 11.650339
 69.200000 -3.065159 2.405511 9.531961 1792.001073
 69.400000 -2.714940 3.050712 18.476819 47.519720
 69.600000 -2.906136 2.930315 15.216932 860.098943
 69.800000 -2.739307 2.620736 18.291555 70.901441
 70.000000 -1.781712 2.883205 17.110382 69.688213
 70.200000 -2.004223 2.277932 16.574885 0.447624
 70.400000 -2.462751 2.113636 19.285151 6.538200
 70.600000 -2.573909 3.040652 19.235859 10.859723
 70.800000 3.127404 2.912801 5.264796 2606.393513
 71.000000 -2.557950 2.590435 19.283053 6.758741
 71.200000 -1.820678 2.562005 16.823637 19.503531
 71.400000 -2.153765 2.325689 17.338143 75.926980
 71.600000 -2.890929 2.887907 15.688352 769.624230
 71.800000 3.080053 -2.724357 2.853601 2477.201058
 72.000000 -3.087751 2.839607 8.569475 2025.537276
 72.200000 -1.849069 2.396432 16.711730 6.655501
 72.400000 -1.419960 1.793948 23.611839 20.994228
 72.600000 -1.954105 1.753916 16.575098 0.339630
 72.800000 -1.818060 2.007925 16.820306 21.153180
 73.000000 -1.839046 2.744679 16.740194 9.719017
 73.200000 -2.768979 2.866670 18.137381 139.846964
 73.400000 -2.989259 2.997128 12.542899 1294.773100
 73.600000 -3.083360 2.690082 8.790249 1990.303307
 73.800000 -2.804195 2.710368 17.646750 262.099592
 74.000000 -2.358553 2.746887 18.898926 28.970535
 74.200000 -2.254030 2.877811 18.256910 57.655678
 74.400000 -2.528262 2.460463 19.467609 0.224143
 74.600000 -2.685311 2.736684 18.881906 37.351943
 74.800000 -2.733559 2.967997 18.532779 75.424010
 75.000000 -3.024198 2.816031 11.259790 1491.107749
 75.200000 -2.723306 2.779758 18.657814 65.488486
 75.400000 -2.485764 2.783591 19.463449 3.974619
 75.600000 -2.292392 2.543332 18.547334 42.318883
 75.800000 -2.319622 2.675681 18.716080 35.064700
 76.000000 -2.777785 2.728417 18.092769 172.228244
 76.200000 3.012266 2.832858 -0.027003 5.620616
 76.400000 -2.708720 2.973330 18.814061 53.524014
 76.600000 -2.346790 2.457124 18.899008 30.323767
 76.800000 -1.896023 2.377062 16.603164 0.882837
 77.000000 -1.826375 2.565360 16.744691 14.587524
 77.200000 -2.576381 2.548024 19.498308 6.168512
 77.400000 3.084190 3.030733 3.079713 2566.001291
 77.600000 -3.103285 3.094504 7.929812 2237.900175
 77.800000 -2.704468 2.573812 18.889833 51.108592
 78.000000 -1.994360 2.557111 16.583486 1.000879
 78.200000 -1.822059 2.673597 16.745504 16.567987
 78.400000 -2.354639 2.435907 18.997164 28.925229
 78.600000 -2.575288 2.994089 19.536530 5.347570
 78.800000 3.095326 2.831533 3.658323 2662.370703
 79.000000 -3.067067 2.913411 9.585337 1858.732593
 79.200000 -2.700487 2.999118 19.004580 49.244869
 79.400000 -2.625804 2.627295 19.409875 16.890080
 79.600000 -2.328269 2.814547 18.877405 33.614671
 79.800000 -2.554136 2.909829 19.607405 1.433046
 80.000000 3.089763 2.713905 3.383309 2634.415974
 80.200000 3.092353 3.135287 3.528204 2663.410818
 80.400000 -2.971662 2.792045 13.297426 1209.749460
 80.600000 -3.110453 2.593832 7.639728 2330.400668
 80.800000 -2.629866 -2.972170 19.440476 17.453723
 81.000000 -2.846033 2.515212 17.019311 524.346366
 81.200000 -2.733233 2.663887 18.830737 90.340204
 81.400000 -2.931699 -3.124268 14.651656 1024.400745
 81.600000 -3.130319 2.723725 6.683664 2536.257563
 81.800000 -2.544362 2.716817 19.691833 0.188706
 82.000000 -1.868916 2.765333 16.613190 1.835220
 82.200000 -1.995379 2.339009 16.588056 1.608704
 82.400000 -1.702075 2.385403 18.000379 347.653458
 82.600000 -2.198008 2.657446 17.933529 94.005546
 82.800000 -2.566841 3.027627 19.708750 1.908550
 83.000000 -3.101205 2.664486 8.131297 2231.712696
 83.200000 3.009728 3.019114 -0.026784 4.054390
 83.400000 -2.198143 2.763821 17.950667 95.448481
 83.600000 -2.080228 2.110811 16.900284 40.119356
 83.800000 -1.633922 2.120433 19.497592 617.866466
 84.000000 -2.058702 2.534956 16.779320 23.994233
 84.200000 -2.976527 2.768941 13.210309 1225.627218
 84.400000 -2.955305 2.964312 13.939278 1135.169289
 84.600000 -2.480876 2.818577 19.700901 8.233141
 84.800000 -1.732701 2.717790 17.468994 202.341267
 85.000000 -2.025576 2.194783 16.659563 7.933808
 85.200000 -2.051029 2.462607 16.760492 19.713878
 85.400000 -2.274743 2.992595 18.659591 56.339398
 85.600000 3.022971 2.750925 0.336543 1775.096351
 85.800000 -2.754685 -3.123321 18.776405 143.254144
 86.000000 -2.594410 2.625265 19.768773 5.066810
 86.200000 -2.440466 2.363799 19.604704 17.452962
 86.400000 -2.065877 2.689996 16.844104 30.050704
 86.600000 -2.077350 2.896688 16.911464 39.162855
 86.800000 -2.956119 2.548720 13.953307 1137.340431
 87.000000 3.060994 2.893595 2.048768 2366.928588
 87.200000 3.080042 3.121132 3.020506 2646.890770
 87.400000 -2.860890 2.723086 16.852303 659.706038
 87.600000 -2.074000 2.738326 16.904725 36.969086
 87.800000 -1.826818 2.456079 16.696563 9.324312
 88.000000 -2.062837 2.262099 16.841071 28.335251
 88.200000 -2.325070 2.662845 19.066663 36.433626
 88.400000 -2.640881 2.909931 19.736556 15.816737
 88.600000 3.105463 2.632241 4.374657 2815.996448
 88.800000 -3.121749 2.737198 7.286460 2478.653306
 89.000000 -2.881859 3.083441 16.313491 787.944399
 89.200000 -2.511236 2.732642 19.905294 3.487232
 89.400000 -2.073687 2.595353 16.933168 37.277285
 89.600000 -1.664891 2.565722 18.657714 490.643979
 89.800000 -2.175640 2.397892 17.826752 105.225268
 90.000000 -2.388628 2.862582 19.440772 25.161649
 90.200000 -2.991904 2.865071 12.802981 1275.800763
 90.400000 -3.042229 2.960007 10.908606 1593.856485
 90.600000 -2.953205 2.869766 14.140870 1120.848477
 90.800000 -2.426124 2.671949 19.648544 19.776654
 91.000000 -1.824065 2.442093 16.706437 8.939278
 91.200000 -2.025176 2.429684 16.747446 9.320244
 91.400000 -2.194227 2.678725 18.054237 104.787148
 91.600000 -2.955757 2.863532 14.078670 1127.172870
 91.800000 3.105275 2.870686 4.442967 2856.593504
 92.000000 -2.840674 2.867375 17.457067 556.241210
 92.200000 -2.166342 2.568794 17.785664 105.123626
 92.400000 -1.900918 2.408943 16.632076 0.004678
 92.600000 -1.880134 2.521237 16.633766 0.070507
 92.800000 -2.379429 2.785172 19.486129 26.836563
 93.000000 3.116800 3.022938 5.088911 2860.462990
 93.200000 -3.130267 2.903345 7.013623 2594.709633
 93.400000 -3.089948 2.830683 8.965855 2089.783705
 93.600000 -3.015153 2.891860 12.034850 1377.503008
 93.800000 3.056018 2.970566 1.933507 2390.133430
 94.000000 -2.905035 2.886300 15.748564 924.734950
 94.200000 -2.397317 2.755118 19.637626 23.955965
 94.400000 -1.700742 2.406619 17.868765 304.312256
 94.600000 -1.941994 2.331530 16.670496 0.364482
 94.800000 -2.090213 2.703062 17.132777 51.312241
 95.000000 -2.434310 2.903714 19.804928 16.980979
 95.200000 -3.007489 2.610934 12.376816 1313.423550
 95.400000 -2.916087 2.954337 15.451412 972.314020
 95.600000 -2.675843 2.920652 19.793503 27.486771
 95.800000 -2.758357 2.472660 19.079894 167.519625
 96.000000 -2.049250 2.900093 16.912234 20.962074
 96.200000 -2.182350 2.752674 18.024115 108.121087
 96.400000 -2.182351 2.347274 18.024130 108.121144
 96.600000 -2.089647 2.372351 17.167577 50.897549
 96.800000 -1.802852 2.769486 16.788574 17.563727
 97.000000 -2.805947 2.493362 18.346050 376.986049
 97.200000 -3.100183 -3.129820 8.642944 2219.417737
 97.400000 3.082133 3.075336 3.370966 2851.537154
 97.600000 -2.941506 2.338137 14.687565 1056.838389
 97.800000 -2.286756 2.712865 19.036456 62.816867
 98.000000 -1.955909 2.924176 16.726826 0.996236
 98.200000 -2.237925 2.159896 18.630717 92.187506
 98.400000 -1.957935 2.461635 16.747400 1.199003
 98.600000 -1.927572 2.806418 16.719428 0.619748
 98.800000 -2.678289 2.574058 19.871039 26.442920
 99.000000 -2.994633 2.783470 12.924855 1226.648882
 99.200000 3.116770 -3.085094 5.310031 2972.993529
 99.400000 3.051899 2.514509 1.853022 2435.650243
 99.600000 -2.491104 2.710314 20.109120 4.392669
 99.800000 -1.909684 2.994706 16.725439 0.604685
 100.000000 -2.060077 2.319310 17.056218 27.761003
 100.200000 -2.115257 2.119901 16.537374 71.501403
 100.400000 -1.800626 2.607623 15.885914 14.441201
 100.600000 -2.201303 2.855110 17.382598 106.545686
 100.800000 -2.913977 2.491507 14.711687 958.998484
 101.000000 -2.971325 -3.107144 12.857396 1127.990148
 101.200000 -2.989026 3.034890 12.294142 1180.503511
 101.400000 -3.105397 2.382238 7.630878 2303.222803
 101.600000 -2.769173 2.999362 18.201796 211.128056
 101.800000 -3.114122 3.087204 7.206340 2431.842137
 102.000000 -3.076806 2.567013 8.939456 1897.585926
 102.200000 -2.447924 2.917152 19.143900 10.812922
 102.400000 -2.199894 2.551021 17.432919 105.005421
 102.600000 -2.067271 2.425942 16.271225 32.268979
 102.800000 -2.104187 2.676164 16.520889 60.992891
 103.000000 -2.770399 2.644801 18.222212 216.487302
 103.200000 3.093945 2.777305 3.287494 3067.102550
 103.400000 3.090886 2.919553 3.118242 3053.187742
 103.600000 -2.770405 2.533559 18.259318 216.847297
 103.800000 -1.964010 2.674443 15.978392 2.499527
 104.000000 -2.014059 2.355059 16.086064 8.698096
 104.200000 -2.014665 2.533522 16.127885 9.195999
 104.400000 -2.450060 2.704217 19.207858 9.882117
 104.600000 -2.710869 2.800539 18.942752 54.215113
 104.800000 -3.126792 2.853823 6.727568 2636.431699
 105.000000 -3.096970 2.987112 8.190408 2176.422790
 105.200000 -2.838776 2.706820 16.989391 594.829908
 105.400000 -2.795704 2.797841 17.915374 340.197550
 105.600000 -2.964820 2.810058 13.259939 1068.676994
 105.800000 3.025695 2.875751 -0.027648 1.472295
 106.000000 -2.966571 2.764651 13.202640 1072.880754
 106.200000 -2.879606 2.783790 15.936939 819.047273
 106.400000 -2.996413 2.981184 12.252570 1155.563080
 106.600000 -2.629679 2.933485 19.346254 3.799282
 106.800000 -2.125146 2.521900 16.853856 73.682633
 107.000000 -1.630501 2.106775 18.202407 507.160164
 107.200000 -1.712576 2.228309 16.652821 188.828422
 107.400000 -2.203695 2.591423 17.636062 96.364293
 107.600000 -3.092583 3.087279 8.564218 2102.571336
 107.800000 -3.135033 2.953369 6.465384 2786.785112
 108.000000 -2.438010 2.445909 19.251826 11.613048
 108.200000 -1.430352 2.816958 21.680730 33.465214
 108.400000 -2.248973 2.217412 18.095132 81.343750
 108.600000 -2.298569 2.691884 18.509090 58.113474
 108.800000 -2.702844 2.924788 19.131735 38.805670
 109.000000 -2.545694 2.729233 19.459894 0.030458
 109.200000 -2.427068 2.583153 19.267958 13.578372
 109.400000 -2.081663 3.028441 16.638448 41.440494
 109.600000 -1.994579 2.383556 16.253231 7.874230
 109.800000 -1.942013 2.386500 16.127815 4.636011
 110.000000 -1.905229 2.766053 16.050236 4.228813
 110.200000 -2.387188 2.680463 19.124336 24.067953
 110.400000 -2.752071 2.746627 18.760435 144.704110
 110.600000 3.124277 3.034227 5.316454 3132.495017
 110.800000 3.019844 2.871816 -0.017082 17.576937
 111.000000 -2.776054 2.832073 18.430462 241.089221
 111.200000 -2.030418 2.762467 16.456049 16.063752
 111.400000 -1.794569 2.346606 16.009507 6.645133
 111.600000 -1.896696 2.348897 16.085101 5.700273
 111.800000 -2.133057 2.682712 17.102622 72.737922
 112.000000 -2.859283 2.849490 16.675788 715.054637
 112.200000 -2.997457 2.998172 12.493044 1103.780462
 112.400000 -2.451219 2.779371 19.422593 7.603030
 112.600000 -2.088650 2.692072 16.803499 43.376551
 112.800000 -1.832004 2.497599 15.991441 0.398069
 113.000000 -1.933020 2.366930 16.207698 6.720699
 113.200000 -2.001106 2.718241 16.435157 10.365504
 113.400000 -2.417272 2.834856 19.336027 14.952134
 113.600000 -3.099366 2.740490 8.565378 2225.311903
 113.800000 -2.829479 3.095442 17.490871 544.343231
 114.000000 -3.067495 2.714512 9.974456 1709.759493
 114.200000 -2.709304 2.825807 19.287796 43.105838
 114.400000 -2.455339 2.945523 19.484025 6.625588
 114.600000 -2.518376 2.571862 19.586495 0.615545
 114.800000 -2.537026 3.006283 19.597417 0.158847
 115.000000 -2.744785 2.936181 18.980478 119.896170
 115.200000 3.115913 2.810129 5.060056 3305.967516
 115.400000 -2.900521 -3.097501 15.641661 876.250247
 115.600000 3.082281 2.752686 3.112625 3310.183182
 115.800000 -2.775930 2.786828 18.603546 240.676027
 116.000000 -2.232142 2.981444 18.141148 82.132914
 116.200000 -1.897347 2.215653 16.222280 10.647334
 116.400000 -1.702737 2.084487 16.737659 192.124698
 116.600000 -1.883152 2.250108 16.176642 9.905296
 116.800000 -2.187323 2.883870 17.757621 82.900349
 117.000000 -2.790785 2.846894 18.393414 315.086994
 117.200000 -3.110560 2.794340 8.221041 2453.320077
 117.400000 -2.628589 3.001328 19.646406 1.503250
 117.600000 -2.402246 2.654941 19.388281 20.339033
 117.800000 -2.098359 2.616702 17.069516 44.159464
 118.000000 -1.872172 2.596241 16.166783 9.880094
 118.200000 -1.972335 2.676428 16.538955 11.118488
 118.400000 -2.225083 2.537176 18.152428 79.566093
 118.600000 -2.598047 3.029109 19.698814 0.374574
 118.800000 -3.055259 2.794705 10.712689 1529.922468
 119.000000 -2.247032 2.908908 18.346084 75.706313
 119.200000 -2.124151 2.256068 17.323503 54.280759
 119.400000 -1.776375 2.317986 16.116956 9.931861
 119.600000 -2.039728 2.630505 16.830578 19.154066
 119.800000 -2.644667 2.731396 19.674917 2.919982
 120.000000 3.083679 3.085759 3.331389 3419.918321
 120.200000 -3.083044 2.756165 9.649725 1947.602171
 120.400000 -2.038044 2.830378 16.865837 18.541325
 120.600000 -1.956330 2.139771 16.562465 12.870619
 120.800000 -1.715919 2.246237 16.550004 129.492094
 121.000000 -1.978590 2.630145 16.641205 12.339477
 121.200000 -2.293893 2.883310 18.807743 63.257607
 121.400000 3.062001 2.710568 2.142536 3186.016871
 121.600000 3.099674 -3.101262 4.342288 3508.417163
 121.800000 -2.942765 2.673838 14.586759 933.601021
 122.000000 -2.601248 2.449748 19.774016 0.536895
 122.200000 -2.153249 3.039524 17.645898 61.845616
 122.400000 -2.074536 2.604153 17.121784 28.316735
 122.600000 -2.288173 2.165446 18.785843 65.177526
 122.800000 -1.843468 2.677868 16.191419 9.914291
 123.000000 -2.144631 2.818940 17.579066 58.412397
 123.200000 -2.633929 2.588809 19.787759 1.748423
 123.400000 -2.453804 3.095598 19.764256 6.754457
 123.600000 -3.093552 2.914393 9.302323 2136.411857
 123.800000 3.117522 2.791788 5.470979 3431.630641
 124.000000 -3.051681 3.092738 11.064501 1465.464548
 124.200000 -2.566250 2.913377 19.872658 0.338682
 124.400000 -1.867993 2.356191 16.334162 18.819615
 124.600000 -1.798207 2.396408 16.141177 0.062327
 124.800000 -2.072218 2.360383 17.191267 26.146825
 125.000000 -2.681812 2.877192 19.704759 12.297284
 125.200000 3.100187 2.849056 4.518067 3576.590481
 125.400000 -2.830961 2.756504 17.866077 543.832192
 125.600000 -1.520354 2.721113 20.178998 299.358195
 125.800000 -2.023489 1.775155 17.016085 15.651958
 126.000000 -1.598067 1.273727 18.607191 468.025202
 126.200000 -0.762208 0.560325 3.467809 2302.836565
 126.400000 -0.802859 -0.058169 5.399005 2169.687873
 126.600000 -0.601889 -0.794528 -0.000000 0.000000
 126.800000 -0.518524 0.050919 -0.000000 0.000000
 127.000000 -1.341291 1.034052 21.188770 24.099812
 127.200000 -1.624339 1.402649 18.022121 423.726066
 127.400000 -1.159658 1.415400 18.613775 598.295118
 127.600000 -1.207358 1.005133 19.635857 340.624912
 127.800000 -1.695417 0.616962 16.783235 174.904960
 128.000000 -1.593636 0.958309 18.671004 458.335565
 128.200000 -1.087065 1.167500 16.487966 1077.978764
 128.400000 -1.032619 1.538010 14.586859 1336.233481
 128.600000 -0.713042 1.680483 1.113805 1982.412812
 128.800000 -1.112421 1.886239 17.288526 914.067620
 129.000000 -1.680775 2.614412 16.990944 227.716461
 129.200000 -2.801671 2.779627 18.593705 358.995960
 129.400000 -2.832152 -3.057526 17.946348 547.745508
 129.600000 -2.419476 2.618570 19.834211 18.998967
 129.800000 -1.862690 2.190950 16.424192 24.567027
 130.000000 -1.672554 2.054131 17.118870 256.184708
 130.200000 -1.633958 2.251773 17.810700 384.499816
 130.400000 -2.623317 2.606699 19.954515 1.816997
 130.600000 3.036372 3.129845 0.975717 2750.079636
 130.800000 -2.857731 2.927433 17.332804 695.466078
 131.000000 -2.194887 2.370216 18.204937 60.647663
 131.200000 -1.595449 2.180012 18.592806 436.659750
 131.400000 -1.915184 2.049380 16.748491 28.563754
 131.600000 -2.110384 2.394685 17.653682 32.983338
 131.800000 -2.056099 3.126423 17.378739 20.011481
 132.000000 -2.917178 2.643211 15.664745 888.070826
 132.200000 3.065308 2.687350 2.642763 3458.848207
 132.400000 3.088430 -3.118025 4.029650 3685.080868
 132.600000 -2.934767 2.697552 15.161833 904.215038
 132.800000 -2.363184 2.703535 19.591321 48.012361
 133.000000 -1.693684 2.677519 16.821070 166.881388
 133.200000 -1.716909 2.321718 16.565785 90.161195
 133.400000 -2.140140 2.238225 17.893991 39.914370
 133.600000 -2.272513 3.003764 18.897353 69.008654
 133.800000 -3.067193 2.791907 10.818249 1636.341071
 134.000000 3.078825 2.746409 3.478972 3643.519792
 134.200000 3.119247 3.102206 5.958702 3533.622390
 134.400000 -3.140400 2.611712 7.319964 3129.364121
 134.600000 -2.697228 2.984701 19.846881 19.423069
 134.800000 -2.908788 2.854683 15.985346 872.529847
 135.000000 -3.017304 2.732598 12.659708 1089.105077
 135.200000 -2.710087 3.024885 19.802324 30.666559
 135.400000 -2.558619 2.989175 20.137536 1.667196
 135.600000 -2.546374 2.386971 20.152445 1.279258
 135.800000 -2.018366 2.778134 17.354881 17.539245
 136.000000 -1.721442 2.743420 16.539453 74.766889
 136.200000 -2.291679 2.210963 19.118474 69.006945
 136.400000 -2.325954 2.801093 19.399445 64.179984
 136.600000 -2.693419 3.133846 19.901569 16.105354
 136.800000 -2.947069 2.625582 14.891631 906.644525
 137.000000 -2.613883 2.838271 20.079185 2.163777
 137.200000 -1.815118 3.018652 16.356470 10.458313
 137.400000 -1.885378 1.985724 16.718320 37.773622
 137.600000 -0.848386 1.251333 7.132023 1867.343107
 137.800000 -1.573417 0.618000 18.989764 389.789911
 138.000000 -1.497885 0.727205 20.289220 184.536501
 138.200000 -1.189409 1.022131 18.968352 435.225082
 138.400000 -0.856376 1.385546 7.446141 1818.784518
 138.600000 -2.033233 2.235532 17.509320 17.703578
 138.800000 -2.765553 3.049691 19.373190 163.689183
 139.000000 -2.602022 -3.035815 20.135973 2.366933
 139.200000 -2.368756 2.413111 19.791734 49.584423
 139.400000 -1.735637 2.341972 16.463407 38.708572
 139.600000 -1.809766 2.500334 16.368378 8.642486
 139.800000 -2.066281 2.688690 17.679853 19.445126
 140.000000 -2.843149 2.707223 17.923115 609.103401
 140.200000 2.986477 2.931121 -0.000031 0.000098
 140.400000 -2.596937 2.919274 20.182135 2.634369
 140.600000 -2.028821 2.280135 17.548669 17.943532
 140.800000 -1.428323 2.198498 20.862800 21.243279
 141.000000 -0.853518 2.249471 7.269900 1835.463184
 141.200000 -0.863050 1.684641 7.648655 1779.751365
 141.400000 -0.866980 1.682534 7.813942 1757.970966
 141.600000 -1.657295 2.189538 17.385475 265.758011
 141.800000 -2.571493 2.643397 20.243556 2.836721
 142.000000 3.015897 -3.128676 0.181537 2703.695067
 142.200000 -3.071278 2.811085 10.927776 1651.024940
 142.400000 -2.590165 2.693778 20.230510 3.003428
 142.600000 -2.015737 2.821169 17.546371 19.115397
 142.800000 -2.106737 2.582880 17.949865 24.599739
 143.000000 -2.274002 2.295454 19.088506 69.503911
 143.200000 -2.376724 2.643064 19.935079 47.922372
 143.400000 2.879020 2.672670 -0.000000 0.000000
 143.600000 -2.708822 2.990779 19.958277 26.686210
 143.800000 -2.568581 2.475796 20.287886 3.171148
 144.000000 -2.358856 2.614955 19.805326 57.320805
 144.200000 -2.645661 3.077881 20.171913 3.542850
 144.400000 -3.066398 2.812280 11.174551 1565.312827
 144.600000 -2.459190 2.798747 20.350722 5.073754
 144.800000 -2.142775 2.506323 18.190130 31.317404
 145.000000 -1.803653 2.451267 16.425371 7.004055
 145.200000 -1.821143 2.562092 16.500118 17.711227
 145.400000 -2.290014 2.620773 19.275697 71.874001
 145.600000 -2.831177 2.883290 18.333533 530.406888
 145.800000 3.059437 2.944555 2.655661 3529.845106
 146.000000 -2.578897 2.737104 20.315344 3.543160
 146.200000 -1.944705 2.722482 17.286432 36.714351
 146.400000 -1.805756 2.345191 16.459998 8.748342
 146.600000 -1.722742 2.351208 16.620271 56.360693
 146.800000 -1.827312 2.577953 16.543597 22.182921
 147.000000 -2.140615 2.801995 18.224379 29.468713
 147.200000 -3.021509 2.715198 12.849020 1071.081899
 147.400000 3.058409 -3.085457 2.640046 3527.544413
 147.600000 -2.703953 2.985356 20.061732 22.963883
 147.800000 -1.713153 2.566623 16.710569 76.052289
 148.000000 -1.558287 1.504820 19.165755 315.825864
 148.200000 -1.087098 0.500215 15.926967 1060.825392
 148.400000 -0.717427 -0.406366 0.897551 1878.194526
 148.600000 -0.849124 -0.439990 6.881017 1848.217773
 148.800000 -0.810628 0.338848 5.176465 2069.222957
 149.000000 -1.078694 1.407612 15.650190 1108.263230
 149.200000 -0.828015 1.822755 5.937098 1970.785587
 149.400000 -0.724253 2.215845 1.179487 1944.684778
 149.600000 -0.899074 2.295552 8.927388 1602.546681
 149.800000 -0.676402 2.108898 -0.000431 0.017343
 150.000000 -1.196496 1.766113 18.815712 407.565152
 150.200000 -0.895822 0.647344 8.777199 1611.576290
 150.400000 -0.728403 -0.499192 1.350787 1981.823767
 150.600000 -0.644775 -0.778109 -0.000000 0.000000
 150.800000 -0.822702 0.251800 5.683717 1997.351503
 151.000000 -1.410667 1.078834 20.693120 4.922628
 151.200000 -1.716458 1.490698 16.730124 60.911791
 151.400000 -1.384235 1.238060 20.688215 0.592344
 151.600000 -1.175781 0.588825 18.320325 514.450197
 151.800000 -0.766451 -0.024493 3.086296 2170.663185
 152.000000 -0.661353 0.017211 -0.000004 0.000001
 152.200000 -0.836908 0.248702 6.288046 1903.803081
 152.400000 -1.173286 0.717501 18.239496 528.062609
 152.600000 -1.034241 1.121761 14.005621 1300.717683
 152.800000 -1.077705 1.317584 15.518669 1109.009303
 153.000000 -0.724287 1.061882 1.151909 1940.868735
 153.200000 -1.388895 1.254321 20.647226 0.099499
 153.400000 -1.227157 0.646255 19.281923 275.990478
 153.600000 -0.634040 0.210420 -0.000000 0.000000
 153.800000 -0.624569 -0.020524 -0.000000 0.000000
 154.000000 -1.139698 0.120583 17.380140 727.902547
 154.200000 -1.085957 0.682956 15.754560 1060.984125
 154.400000 -1.507848 1.240097 19.853085 173.975713
 154.600000 -0.763893 0.991567 2.950209 2165.153246
 154.800000 -1.129124 0.908884 17.069549 793.453554
 155.000000 -1.266562 0.779050 19.831124 155.105689
 155.200000 -0.926694 0.705969 9.921752 1492.709581
 155.400000 -1.143581 0.574860 17.446631 700.387284
 155.600000 -1.245894 0.916877 19.532170 212.425309
 155.800000 -0.898584 1.261486 8.822656 1571.827171
 156.000000 -0.738304 1.510169 1.768011 2066.572993
 156.200000 -0.750776 1.743702 2.339838 2135.873989
 156.400000 -0.716452 1.991609 0.795344 1876.725293
 156.600000 -0.901048 2.379586 8.912332 1556.272159
 156.800000 -0.936269 2.266038 10.279851 1468.743038
 157.000000 -0.806710 2.036873 4.926368 2056.957286
 157.200000 -0.783716 1.675140 3.878547 2147.399179
 157.400000 -1.114942 1.559995 16.612081 881.030342
 157.600000 -1.083970 0.891405 15.644002 1070.856687
 157.800000 -0.972118 0.173212 11.628690 1415.570874
 158.000000 -0.776454 -0.131235 3.541355 2163.392366
 158.200000 -0.780601 0.080594 3.745903 2154.453516
 158.400000 -1.253891 0.935863 19.591180 187.568022
 158.600000 -1.286487 1.406929 19.985717 111.295816
 158.800000 -0.672791 1.144341 -0.000091 0.000806
 159.000000 -1.039738 1.003604 14.109926 1279.881765
 159.200000 -1.493811 0.780776 19.961561 137.200356
 159.400000 -0.977344 0.677078 11.801471 1400.301068
 159.600000 -1.422410 0.966386 20.505578 11.290709
 159.800000 -1.204781 0.958317 18.777629 359.308136
 160.000000 -1.184170 1.014765 18.361918 458.028029
 160.200000 -1.208998 1.075122 18.845006 339.104839
 160.400000 -1.313350 0.894403 20.205062 65.397336
 160.600000 -1.233943 0.984999 19.269643 245.504706
 160.800000 -1.179584 0.949173 18.252546 479.908683
 161.000000 -1.078159 0.898460 15.420062 1108.072956
 161.200000 -1.288371 1.010578 19.964770 106.535430
 161.400000 -0.789988 0.790351 4.219533 2115.492837
 161.600000 -1.362927 0.878120 20.479238 11.086599
 161.800000 -1.159904 0.808141 17.795278 590.762383
 162.000000 -0.916631 0.768309 9.497252 1453.384922
 162.200000 -0.970347 0.927682 11.512840 1397.942443
 162.400000 -1.148961 0.927872 17.522304 658.295947
 162.600000 -1.244153 0.833986 19.412290 209.426725
 162.800000 -0.822340 0.820136 5.684257 1912.623954
 163.000000 -1.350847 0.969445 20.423434 20.630618
 163.200000 -1.085193 0.805466 15.647612 1081.129698
 163.400000 -0.725222 0.652297 1.238783 2036.436724
 163.600000 -1.359650 0.956480 20.453832 13.467221
 163.800000 -1.426412 0.979518 20.455402 14.959524
 164.000000 -1.080541 0.998737 15.493673 1108.836608
 164.200000 -1.382061 1.040739 20.506843 1.714000
 164.400000 -0.904820 0.658876 9.040844 1455.465845
 164.600000 -1.479128 0.601768 20.075197 106.058144
 164.800000 -0.996969 0.815327 12.498746 1388.827296
 165.000000 -1.169401 1.263162 18.025522 528.516709
 165.200000 -0.940372 1.225230 10.381527 1403.061379
 165.400000 -1.581562 1.067318 18.562324 291.097222
 165.600000 -1.026419 0.461390 13.590576 1348.514032
 165.800000 -0.791079 0.382379 4.311131 2100.993652
 166.000000 -1.319723 0.589987 20.226230 55.520954
 166.200000 -1.234121 1.313700 19.264012 233.219581
 166.400000 -0.753816 1.385296 2.583498 2200.512236
 166.600000 -1.263552 1.670994 19.670413 153.816263
 166.800000 -0.779748 1.298185 3.796994 2156.409677
 167.000000 -1.345966 0.714986 20.391175 25.245078
 167.200000 -1.510172 0.590511 19.680133 189.442957
 167.400000 -0.712097 0.726096 0.675289 1962.404857
 167.600000 -1.138058 1.247202 17.268008 724.219885
 167.800000 -0.996059 1.117884 12.473632 1401.746528
 168.000000 -0.930059 0.350593 10.000892 1407.000789
 168.200000 -1.536879 -0.099137 19.274882 250.986652
 168.400000 -1.887246 0.397100 17.170236 47.305516
 168.600000 -0.785606 0.766621 4.090418 2132.880548
 168.800000 -0.858154 1.777648 7.237171 1630.933210
 169.000000 -1.165252 2.594651 17.962804 543.103817
 169.200000 -1.974017 2.736976 17.745003 34.605774
 169.400000 -2.897566 2.560556 16.791765 826.946536
 169.600000 -3.023556 -2.909438 13.025480 1052.377563
 169.800000 3.090035 2.856942 4.890782 3807.114321
 170.000000 -2.358498 2.664879 20.078620 73.834608
 170.200000 -1.738204 2.525628 16.680720 10.010795
 170.400000 -0.669612 2.356878 -0.000036 0.000132
 170.600000 -0.732746 1.532984 1.636729 2160.865660
 170.800000 -1.034783 1.018263 13.936677 1350.775678
 171.000000 -1.765218 0.777742 16.637437 0.010254
 171.200000 -0.979844 0.243070 11.888483 1414.874716
 171.400000 -0.635014 -0.012049 -0.000000 0.000000
 171.600000 -1.740371 0.400998 16.675478 8.019326
 171.800000 -1.547183 1.086007 19.083636 273.341577
 172.000000 -0.599900 1.129190 -0.000000 0.000000
 172.200000 -0.913266 1.416378 9.402654 1404.494266
 172.400000 -0.668042 1.130881 -0.000022 0.000051
 172.600000 -0.945193 0.928085 10.595196 1394.971568
 172.800000 -1.586068 0.704724 18.414104 291.346725
 173.000000 -1.010051 0.433629 13.031904 1411.110355
 173.200000 -1.303924 0.666955 20.106267 74.576578
 173.400000 -1.153104 1.088494 17.727177 607.208123
 173.600000 -1.095025 1.070221 16.069533 1036.762027
 173.800000 -1.255376 0.749713 19.590202 161.045547
 174.000000 -1.081243 0.661862 15.615463 1133.028973
 174.200000 -0.685350 0.754313 -0.006426 3.692007
 174.400000 -1.661683 1.328208 17.259803 141.562856
 174.600000 -1.109755 0.887936 16.547110 927.059891
 174.800000 -0.891984 -0.008601 8.617738 1440.108567
 175.000000 -0.969762 -0.394163 11.530514 1416.010434
 175.200000 -0.790865 -0.163570 4.432463 2108.444766
 175.400000 -1.209693 0.687350 18.929305 294.668302
 175.600000 -1.295795 1.515973 20.042991 85.288696
 175.800000 -0.889097 1.749488 8.518809 1444.304380
 176.000000 -0.976776 2.031136 11.804412 1424.946235
 176.200000 -1.002547 2.117295 12.791002 1436.258639
 176.400000 -1.112575 2.545377 16.664773 904.150782
 176.600000 -0.690187 2.174351 -0.023488 14.802723
 176.800000 -0.759320 1.866141 2.969943 2266.407655
 177.000000 -1.429567 1.092361 20.433799 23.683839
 177.200000 -0.654156 -0.156826 -0.000000 0.000000
 177.400000 -0.560720 -0.820052 -0.000000 0.000000
 177.600000 -0.709810 0.079980 0.657879 2062.733819
 177.800000 -1.550161 1.462816 18.988406 286.884433
 178.000000 -1.646886 2.232441 17.430339 173.257222
 178.200000 -1.944443 2.965257 17.554964 41.335525
 178.400000 -2.827548 2.567453 18.606890 502.917150
 178.600000 -3.035550 2.909884 12.636293 1148.565167
 178.800000 -3.000198 3.043607 13.768088 934.822559
 179.000000 -2.950792 2.428504 15.236787 859.424083
 179.200000 -2.357677 2.978684 20.049772 78.308405
 179.400000 -2.342974 2.920607 19.917412 83.259422
 179.600000 -2.356207 2.318782 20.036734 78.944495
 179.800000 -2.185248 2.670940 18.714009 25.380769
 180.000000 -1.990686 2.810926 17.833584 32.567489
 180.200000 -2.313153 2.363949 19.640032 83.990292
 180.400000 -2.266254 2.843873 19.233290 63.856460
 180.600000 -2.573173 2.937783 20.655765 4.915735
 180.800000 -2.826508 2.594712 18.622239 494.548316
 181.000000 -2.626764 3.029444 20.530754 5.894445
 181.200000 -2.816552 2.737840 18.833190 434.628506
 181.400000 -2.841618 2.724893 18.268616 580.337277
 181.600000 -3.051475 2.798699 12.079832 1321.024224
 181.800000 3.024240 2.840694 1.118004 2613.465804
 182.000000 -2.602134 2.882732 20.588251 5.479662
 182.200000 -2.243201 2.522239 19.055021 51.067147
 182.400000 -2.104340 2.570973 18.363608 15.553791
 182.600000 -1.763458 2.846812 16.673988 0.000462
 182.800000 -2.302785 2.305900 19.544120 81.926472
 183.000000 -2.295163 2.666684 19.475707 79.131937
 183.200000 -2.837016 2.785622 18.374726 551.966009
 183.400000 2.999158 2.812109 -0.017550 141.511141
 183.600000 -2.429163 2.912309 20.568480 26.186034
 183.800000 -2.014262 2.671599 17.956050 28.364400
 184.000000 -1.864113 2.102640 17.028668 34.411143
 184.200000 -1.703334 2.510205 16.854589 39.105575
 184.400000 -2.373985 2.603898 20.190284 68.967610
 184.600000 -3.007950 2.773677 13.542622 972.314204
 184.800000 3.056070 3.085278 2.885788 3411.145864
 185.000000 -3.065393 2.953381 11.560351 1517.967093
 185.200000 -2.215853 2.516934 18.877430 37.251919
 185.400000 -1.756714 2.370467 16.679750 0.284248
 185.600000 -1.604265 2.244607 17.997515 256.563800
 185.800000 -1.825502 2.489473 16.829555 19.142980
 186.000000 -1.854012 2.784689 16.971789 30.475015
 186.200000 -2.473795 2.507448 20.719965 3.486298
 186.400000 -2.576082 2.616596 20.651963 4.450473
 186.600000 -2.700871 2.995916 20.277151 30.582739
 186.800000 3.014870 2.617121 0.682063 2315.604713
 187.000000 -2.863039 3.055453 17.725237 677.121100
 187.200000 -2.705323 2.751145 20.252387 35.413079
 187.400000 -2.841031 2.578224 18.274518 566.972672
 187.600000 -2.639124 -3.112964 20.508828 6.742455
 187.800000 -3.140227 2.813778 8.042758 3029.932056
 188.000000 -3.053002 2.824982 12.034416 1357.501727
 188.200000 -2.862211 3.102780 17.749673 669.593612
 188.400000 -2.882428 2.464779 17.211094 745.907789
 188.600000 -2.810493 2.683128 18.945978 395.937627
 188.800000 -2.092447 -3.038424 18.311585 16.578887
 189.000000 -2.496939 2.346795 20.745588 0.182512
 189.200000 -2.217744 2.424333 18.894797 39.616345
 189.400000 -1.775840 2.994528 16.704106 1.427983
 189.600000 -1.664002 2.482223 17.173251 105.355931
 189.800000 -2.166936 1.718966 18.620049 21.605394
 190.000000 -1.134016 2.417361 17.424060 717.164380
 190.200000 -0.808111 2.453421 5.419092 1933.347055
 190.400000 -0.727121 1.650592 1.596840 2310.444864
 190.600000 -1.530562 0.865144 19.198082 276.779860
 190.800000 -1.461465 0.413086 20.160656 104.937031
 191.000000 -1.659337 0.918010 17.218274 114.008388
 191.200000 -0.748453 1.380686 2.638126 2359.078574
 191.400000 -0.925625 1.818935 10.001093 1353.519927
 191.600000 -0.576923 1.996982 -0.000000 0.000000
 191.800000 -1.158952 2.506630 18.053868 527.227166
 192.000000 -0.714452 2.525827 1.000232 2219.369154
 192.200000 -1.174424 1.714710 18.396071 428.083401
 192.400000 -1.008996 0.572162 13.156911 1483.779068
 192.600000 -0.732239 -0.179879 1.860479 2347.675311
 192.800000 -1.025283 -0.177982 13.782441 1461.332371
 193.000000 -1.004238 -0.111580 12.973588 1484.969624
 193.200000 -0.828847 0.213982 6.337767 1722.240991
 193.400000 -1.066033 0.891352 15.304088 1274.027857
 193.600000 -1.507849 1.212671 19.540887 234.701057
 193.800000 -1.089085 0.862962 16.098721 1097.696009
 194.000000 -1.373608 0.753242 20.527236 2.356534
 194.200000 -1.172424 0.731452 18.366942 435.523907
 194.400000 -1.303561 1.123880 20.165849 67.690819
 194.600000 -1.241894 0.902574 19.517382 166.900156
 194.800000 -1.240952 0.586511 19.505171 169.025125
 195.000000 -1.280805 0.744115 19.959481 97.963705
 195.200000 -0.907282 1.070896 9.358357 1329.598849
 195.400000 -0.907052 1.446737 9.349987 1329.661543
 195.600000 -0.843961 1.365930 6.976813 1584.315470
 195.800000 -1.234401 0.969328 19.424587 183.485115
 196.000000 -1.271171 0.655119 19.865848 111.681643
 196.200000 -1.027255 0.935362 13.890206 1465.229207
 196.400000 -1.016320 1.592558 13.470037 1485.346556
 196.600000 -0.702347 1.717667 0.472021 2257.068694
 196.800000 -1.072912 2.360795 15.577459 1229.333583
 197.000000 -0.865170 2.638037 7.812580 1440.559286
 197.200000 -0.709964 2.037894 0.839699 2234.199866
 197.400000 -0.810288 1.353000 5.602191 1901.670237
 197.600000 -1.540982 0.605914 18.972345 296.329848
 197.800000 -0.724406 0.302387 1.531837 2352.659751
 198.000000 -0.578239 0.213882 -0.000000 0.000000
 198.200000 -1.240000 0.508179 19.518784 167.188065
 198.400000 -1.356002 0.999845 20.495987 11.743529
 198.600000 -0.870410 1.284963 8.039675 1408.795194
 198.800000 -1.262898 1.221863 19.793336 123.139437
 199.000000 -1.177772 0.602421 18.513677 397.446274
 199.200000 -0.680060 0.352946 -0.003762 1.546813
 199.400000 -1.495653 0.530349 19.697077 214.963673
 199.600000 -1.547171 0.924039 18.852808 302.749817
 199.800000 -0.774764 1.480184 4.013269 2263.252774
 200.000000 -0.864952 1.858438 7.849584 1433.181815
 200.200000 -0.369769 1.874692 -0.000004 0.000000
 200.400000 -0.931507 2.350286 11.591376 1340.019547
 200.600000 -0.563887 2.114389 -0.000000 0.000000
 200.800000 -0.736252 1.820021 3.437373 2427.685648
 201.000000 -0.981945 1.497053 13.480163 1466.492970
 201.200000 -0.786917 0.644451 5.901123 2156.233625
 201.400000 -1.379349 0.336917 21.838837 0.293317
 201.600000 -1.125917 0.488028 18.597196 768.989677
 201.800000 -1.003258 0.986623 14.309209 1492.758300
 202.000000 -1.259109 1.457781 21.055020 127.727544
 202.200000 -0.735180 0.985282 3.404070 2446.130545
 202.400000 -1.283879 0.814890 21.314241 90.016736
 202.600000 -1.912825 0.570902 18.571740 35.162385
 202.800000 -1.174807 0.667061 19.772243 407.827232
 203.000000 -1.267226 1.047830 21.146375 113.998985
 203.200000 -1.742077 1.492510 17.978851 1.788533
 203.400000 -1.089579 1.328213 17.508366 1087.905379
 203.600000 -1.027930 1.075627 15.280856 1463.933425
 203.800000 -1.541614 1.005861 20.195953 304.447128
 204.000000 -1.243903 0.501935 20.879673 154.830275
 204.200000 -0.969629 0.653509 13.052982 1431.073804
 204.400000 -1.843016 0.785824 18.176279 20.009571
 204.600000 -0.919876 0.942880 11.215108 1311.886487
 204.800000 -1.065605 1.251991 16.692281 1277.267109
 205.000000 -1.287821 0.977113 21.354800 83.742123
 205.200000 -0.637820 0.103045 -0.000506 0.016826
 205.400000 -0.718300 -0.471339 2.601640 2399.737266
 205.600000 -0.827699 -0.275661 7.756403 1717.848128
 205.800000 -0.830099 0.506158 7.855534 1693.533716
 206.000000 -1.579861 1.341923 19.514719 283.490767
 206.200000 -1.471808 1.183858 21.261177 157.273215
 206.400000 -1.097803 0.679791 17.801639 1010.785114
 206.600000 -1.375176 0.632872 21.831494 0.684764
 206.800000 -1.137479 0.801833 18.944988 661.705676
 207.000000 -1.715282 1.267435 18.031552 14.810135
 207.200000 -0.993877 1.001216 14.011825 1477.063336
 207.400000 -1.067717 0.673744 16.796731 1259.076090
 207.600000 -0.979509 0.276663 13.461910 1450.056461
 207.800000 -0.668392 0.225491 0.341916 1839.993915
 208.000000 -0.768324 0.271847 5.106607 2364.223233
 208.200000 -1.165043 0.657519 19.611738 457.620055
 208.400000 -1.169205 1.087942 19.699493 431.737049
 208.600000 -1.695108 1.342984 18.119350 35.114019
 208.800000 -1.339870 0.939335 21.733902 22.409671
 209.000000 -0.733633 0.306530 3.399741 2508.062812
 209.200000 -0.608964 -0.392505 -0.000001 0.000000
 209.400000 -0.751131 -0.462418 4.291467 2493.660199
 209.600000 -0.598827 0.044319 -0.000000 0.000000
 209.800000 -1.695778 1.165030 18.110586 34.399333
 210.000000 -1.335877 1.216099 21.716910 25.840524
 210.200000 -1.266200 0.748664 21.167754 110.023724
 210.400000 -1.424675 0.569588 21.698739 39.685388
 210.600000 -0.976095 0.826459 13.373585 1434.723007
 210.800000 -1.662288 1.690715 18.363347 90.335076
 211.000000 -1.986762 2.003670 18.893961 31.623334
 211.200000 -1.829050 2.720492 18.048098 12.861661
 211.400000 -2.157686 2.899891 19.694783 25.198833
 211.600000 -3.008007 2.344500 14.730582 1034.024507
 211.800000 -2.837895 3.061291 19.525190 539.886308
 212.000000 3.106084 3.076854 7.031697 3466.003441
 212.200000 3.127149 2.520821 8.239614 3238.152143
 212.400000 -2.366975 3.075461 21.274068 58.244097
 212.600000 -2.189970 2.675356 19.855951 35.649889
 212.800000 -1.952578 2.294491 18.667852 33.703138
 213.000000 -1.695500 2.398750 18.100429 35.360321
 213.200000 -1.778059 2.648754 17.912999 0.873944
 213.400000 -2.589697 2.505002 21.769098 1.123061
 213.600000 3.019893 2.929155 2.190115 2264.745530
 213.800000 3.131368 3.086295 8.465407 3171.935932
 214.000000 3.106212 2.619980 7.013527 3453.999904
 214.200000 -3.086769 3.020388 11.745402 1953.658919
 214.400000 3.054216 2.900777 3.973814 3121.876507
 214.600000 3.032007 2.756116 2.782875 2603.785939
 214.800000 3.115786 3.003808 7.563172 3367.725993
 215.000000 -2.947015 2.851908 16.545909 848.714152
 215.200000 -2.460095 2.817244 21.709011 6.492947
 215.400000 -2.488529 2.591885 21.761378 1.408559
 215.600000 -2.181138 2.896213 19.763434 33.159844
 215.800000 -2.291068 2.596166 20.587411 77.454644
 216.000000 -2.397744 2.997809 21.440958 36.694631
 216.200000 -3.009585 2.715804 14.621453 1048.559318
 216.400000 2.995221 2.820251 1.111925 1519.733923
 216.600000 -2.775931 2.880439 20.665770 230.781712
 216.800000 -2.490430 2.441528 21.748161 1.252689
 217.000000 -2.346838 2.728326 21.060045 66.970732
 217.200000 -2.315784 2.772215 20.785249 76.555536
 217.400000 -2.657515 2.573492 21.604479 7.690990
 217.600000 -2.772848 2.685271 20.700652 217.396017
 217.800000 -2.561933 2.989433 21.738896 0.424146
 218.000000 -2.728491 2.501138 21.221017 78.673259
 218.200000 -2.415629 2.633373 21.501326 24.799711
 218.400000 -2.037555 2.827047 19.041983 23.398829
 218.600000 -2.163975 2.452343 19.631421 28.971530
 218.800000 -2.230675 2.600014 20.059382 56.365143
 219.000000 -2.407539 2.791631 21.459211 29.483266
 219.200000 -2.856418 2.867892 18.994692 621.373961
 219.400000 2.947705 2.851626 -0.014495 3.146107
 219.600000 -2.950071 3.085177 16.410181 857.106052
 219.800000 -2.608390 2.608797 21.675487 1.418589
 220.000000 -2.308797 2.497150 20.706517 77.027173
 220.200000 -1.710575 2.976708 17.981655 20.865879
 220.400000 -2.254709 2.130609 20.231806 67.493438
 220.600000 -2.039444 2.576182 19.025680 23.299258
 220.800000 -2.449685 2.670529 21.616637 9.302814
 221.000000 -2.655525 2.857052 21.581687 6.991443
 221.200000 -3.014493 2.694874 14.414453 1082.995818
 221.400000 -3.041249 2.995181 13.493574 1305.073640
 221.600000 -2.874999 2.875351 18.502375 694.688607
 221.800000 -2.740395 2.747950 21.071652 106.456228
 222.000000 -2.467267 2.818385 21.652013 4.569086
 222.200000 -2.818630 2.615256 19.843688 435.567958
 222.400000 -2.762100 2.819672 20.810259 174.071040
 222.600000 -2.830486 2.895813 19.587756 496.579953
 222.800000 3.082405 2.654484 5.561763 3422.626506
 223.000000 -2.405879 3.100431 21.412239 29.544427
 223.200000 -2.420735 2.358810 21.478358 21.262754
 223.400000 -2.275664 2.374850 20.387552 74.158386
 223.600000 -1.971131 2.914063 18.631724 31.182622
 223.800000 -1.858525 2.630676 18.044581 17.364108
 224.000000 -2.460766 2.201110 21.618910 5.996021
 224.200000 -2.087248 2.958373 19.206026 20.634711
 224.400000 -2.579191 2.814522 21.658699 0.610790
 224.600000 -2.874693 2.399391 18.498444 695.792708
 224.800000 -2.980715 -2.999559 15.457875 934.308246
 225.000000 -2.948811 2.939489 16.412386 863.409731
 225.200000 -2.526982 2.621589 21.675018 0.000636
 225.400000 -1.846908 2.449261 17.977385 14.129341
 225.600000 -1.767066 2.484559 17.817202 0.023336
 225.800000 -2.024268 2.360077 18.896705 26.078612
 226.000000 -2.278578 2.772845 20.400476 74.870973
 226.200000 -2.761913 2.899172 20.794317 169.254273
 226.400000 -3.090899 2.817495 11.450537 2004.182319
 226.600000 -3.014810 2.807382 14.362464 1095.682968
 226.800000 -2.713842 2.848952 21.269561 49.350097
 227.000000 -2.653614 2.681029 21.537321 6.143660
 227.200000 -2.407992 2.754074 21.389044 27.992623
 227.400000 -2.343717 2.681733 20.949587 65.609309
 227.600000 -2.439417 2.632250 21.528024 12.617774
 227.800000 -2.594220 2.871790 21.621513 0.944542
 228.000000 -2.818285 2.838826 19.840615 428.610763
 228.200000 -2.833151 2.824992 19.519890 505.561973
 228.400000 3.006780 2.771567 1.556507 1851.981435
 228.600000 3.043618 2.965447 3.347917 2851.383100
 228.800000 -2.770796 2.678769 20.669411 199.577863
 229.000000 -2.236999 2.798705 20.042208 60.597022
 229.200000 -1.811679 2.540286 17.835015 5.109126
 229.400000 -1.674619 2.463787 18.141914 65.907569
 229.600000 -1.888117 2.117418 18.118184 23.477990
 229.800000 -1.716350 2.596369 17.889191 16.713344
 230.000000 -2.071862 2.613951 19.091103 22.634740
 230.200000 -2.551459 2.577508 21.640792 0.336658
 230.400000 -2.709094 2.876168 21.280619 40.256281
 230.600000 -2.574059 2.910550 21.624378 0.732032
 230.800000 -2.620216 2.614342 21.572956 2.082315
 231.000000 -1.997044 2.695406 18.699953 29.631405
 231.200000 -1.954221 2.563135 18.452915 30.887187
 231.400000 -1.836639 2.438341 17.894381 10.667997
 231.600000 -1.891246 2.420194 18.119532 23.375668
 231.800000 -1.948842 2.748848 18.423063 30.705490
 232.000000 -2.308220 2.701567 20.629857 76.001730
 232.200000 -2.664714 2.719758 21.473342 8.840486
 232.400000 -2.928083 2.968901 17.003054 857.197906
 232.600000 3.028698 2.848892 2.564044 2475.262214
 232.800000 -2.800307 2.837694 20.192782 327.758079
 233.000000 -2.416710 2.809304 21.414525 23.962431
 233.200000 -1.964636 2.628120 18.496068 30.109447
 233.400000 -1.865824 2.429649 17.997498 17.261656
 233.600000 -1.652916 2.675277 18.309761 104.018261
 233.800000 -1.986636 2.408036 18.616434 29.569450
 234.000000 -2.433196 2.643202 21.484165 15.873450
 234.200000 -2.834250 2.909089 19.503264 507.593574
 234.400000 2.994582 2.858693 1.039647 1492.798050
 234.600000 -2.928832 2.566887 16.978679 864.590019
 234.800000 -2.271688 2.879498 20.301453 73.040856
 235.000000 -2.238258 2.485354 20.025968 61.924075
 235.200000 -1.913213 2.613101 18.212660 25.424548
 235.400000 -1.964122 2.615055 18.481265 29.167734
 235.600000 -2.259888 2.660874 20.198652 70.036876
 235.800000 -2.618135 2.844009 21.560116 2.038439
 236.000000 -2.808403 2.884426 20.044450 367.186339
 236.200000 -3.067927 2.880875 12.348834 1643.872946
 236.400000 3.018653 2.840480 2.066381 2191.984097
 236.600000 3.071823 2.899585 4.888060 3288.220693
 236.800000 -3.013825 2.634219 14.331764 1122.605552
 237.000000 -2.546226 2.832794 21.628379 0.270640
 237.200000 -2.422864 2.669723 21.430923 20.769933
 237.400000 -2.326749 2.685767 20.773479 72.109660
 237.600000 -2.633629 2.769537 21.531826 3.082448
 237.800000 -2.718122 2.927752 21.207025 50.313560
 238.000000 -2.954485 2.910673 16.207520 922.228753
 238.200000 3.063927 2.772759 4.433800 3193.259922
 238.400000 -2.915714 2.894923 17.361626 846.435362
 238.600000 -2.656345 2.839127 21.483749 6.375039
 238.800000 -2.340033 2.611620 20.883894 67.481503
 239.000000 -2.203608 2.665229 19.755946 49.377149
 239.200000 -2.403677 2.684005 21.333452 31.485573
 239.400000 -2.588496 2.662371 21.592679 1.104542
 239.600000 -2.700074 2.917456 21.319966 28.258624
 239.800000 3.054521 2.706256 3.905899 3046.293935
 240.000000 -3.088027 3.046151 11.482859 1947.925327
 240.200000 -3.052259 2.751678 12.945736 1453.230073
 240.400000 -2.797603 2.862049 20.253920 308.562431
 240.600000 -2.710606 2.712011 21.260761 39.316155
 240.800000 -2.402982 2.958864 21.330439 31.920425
 241.000000 -2.183632 2.531287 19.614031 42.870753
 241.200000 -2.085046 2.676887 19.060721 24.715452
 241.400000 -2.183262 2.520371 19.608275 43.400747
 241.600000 -2.358158 2.762977 21.030143 58.910144
 241.800000 -2.537892 2.614606 21.633483 0.132517
 242.000000 -2.734753 2.913151 21.082180 79.088461
 242.200000 -2.909474 2.788672 17.551477 840.535178
 242.400000 -3.136085 2.907951 9.137769 2793.664365
 242.600000 3.140982 2.930528 8.811419 2896.207971
 242.800000 -3.056534 2.983196 12.774460 1504.003336
 243.000000 -3.113033 2.635126 10.310422 2380.525309
 243.200000 -2.871419 2.708199 18.617467 701.485849
 243.400000 -2.708972 3.135751 21.279827 36.722925
 243.600000 -2.553483 2.571304 21.630243 0.401496
 243.800000 -1.941303 2.527704 18.313870 26.141239
 244.000000 -1.743726 2.503538 17.735507 1.819073
 244.200000 -1.770340 2.382311 17.716895 0.162661
 244.400000 -2.405029 2.534894 21.347403 30.486199
 244.600000 -2.687457 -3.125309 21.394175 18.012446
 244.800000 -3.008912 2.828609 14.477026 1117.383902
 245.000000 -2.687595 2.631970 21.393588 18.097414
 245.200000 -2.233122 2.957283 19.976123 65.353729
 245.400000 -2.137515 2.441287 19.317737 33.183931
 245.600000 -1.948612 2.473666 18.337903 26.082806
 245.800000 -1.899639 2.570807 18.097120 21.573504
 246.000000 -1.933482 2.711786 18.261268 25.158778
 246.200000 -2.340267 2.617335 20.898209 66.703403
 246.400000 -2.395230 2.964598 21.293452 36.018392
 246.600000 -3.059877 2.791524 12.638051 1550.144028
 246.800000 3.125693 2.945751 7.967805 3114.763440
 247.000000 -2.294972 3.069182 20.509306 77.769341
 247.200000 -2.393989 2.495058 21.287639 36.562994
 247.400000 -2.069109 2.776111 18.944366 26.111190
 247.600000 -2.105949 2.671278 19.136639 28.921662
 247.800000 -2.161461 2.370316 19.459606 40.584522
 248.000000 -2.225310 2.590064 19.917475 63.507587
 248.200000 -2.309771 2.899000 20.647361 75.661975
 248.400000 -2.927585 2.586889 17.044473 899.868419
 248.600000 -2.994468 3.078451 14.957621 1064.426614
 248.800000 -2.815932 2.707388 19.951987 402.113701
 249.000000 3.088040 2.425037 5.809827 3357.339227
 249.200000 -2.889328 3.085469 18.164421 783.605814
 249.400000 -2.763031 2.999680 20.816630 154.361892
 249.600000 -1.983632 2.397822 18.500126 26.275020
 249.800000 -1.260186 2.224257 20.972079 100.835134
 250.000000 -0.590872 1.894377 -0.000000 0.000000
 250.200000 -0.932062 1.639937 11.854152 1247.601125
 250.400000 -1.476334 1.432178 20.766164 192.155119
 250.600000 -1.583760 0.569388 19.024385 243.864930
 250.800000 -1.249261 0.357205 20.846318 119.888892
 251.000000 -0.640163 0.201985 -0.000710 0.039687
 251.200000 -1.090477 0.380037 17.567227 1020.683385
 251.400000 -0.502394 0.555428 -0.000000 0.000000
 251.600000 -0.951462 1.207686 12.539109 1292.837222
 251.800000 -1.784811 1.421652 17.692369 1.942790
 252.000000 -0.714022 1.188842 2.532178 2576.385958
 252.200000 -1.650705 1.346888 18.142018 91.509666
 252.400000 -1.826204 1.665363 17.782183 9.288077
 252.600000 -0.662283 1.205976 0.090995 1566.821748
 252.800000 -0.733023 1.359462 3.502102 2660.786784
 253.000000 -1.344011 1.386053 21.488135 7.115668
 253.200000 -1.467067 0.683292 20.845281 167.838357
 253.400000 -0.995174 0.373130 14.135355 1394.441690
 253.600000 -0.694167 0.422767 1.539323 2319.592376
 253.800000 -1.333646 0.822209 21.443458 13.876822
 254.000000 -1.629478 1.199434 18.357452 136.259829
 254.200000 -0.745508 0.849929 4.137341 2634.803446
 254.400000 -1.440762 0.966979 21.133018 97.412881
 254.600000 -1.402964 0.790647 21.410813 22.784049
 254.800000 -0.747738 0.476534 4.251675 2624.679298
 255.000000 -1.097405 0.292838 17.761270 955.719192
 255.200000 -1.186847 0.550366 19.918424 310.803110
 255.400000 -1.093288 1.091575 17.626826 987.208995
 255.600000 -1.557728 1.165252 19.381001 277.288465
 255.800000 -0.671130 0.640937 0.475241 1961.836738
 256.000000 -1.575393 0.466816 19.092745 253.219757
 256.200000 -1.097323 0.555431 17.747661 951.143242
 256.400000 -0.833309 1.200910 8.224161 1646.672440
 256.600000 -0.674175 1.712091 0.606970 1960.008501
 256.800000 -0.971633 2.411274 13.256160 1345.451060
 257.000000 -0.638367 2.467882 -0.000369 0.010625
 257.200000 -0.673325 1.764339 0.567608 1955.849391
 257.400000 -1.422649 0.849447 21.257619 56.808895
 257.600000 -1.682677 0.146010 17.853047 37.095783
 257.800000 -0.620080 -0.126383 -0.000003 0.000001
 258.000000 -0.945883 0.431628 12.323055 1278.735696
 258.200000 -1.695654 1.377341 17.776639 23.226696
 258.400000 -1.510533 1.719781 20.138967 265.468932
 258.600000 -0.924582 1.466699 11.567792 1239.626025
 258.800000 -1.367049 1.430634 21.458292 0.017429
 259.000000 -1.348698 0.674536 21.440482 4.152067
 259.200000 -0.626800 -0.301500 -0.000016 0.000017
 259.400000 -0.825011 -0.288295 7.877246 1743.500842
 259.600000 -0.621947 -0.348949 -0.000005 0.000001
 259.800000 -0.970202 0.311200 13.203296 1341.423772
 260.000000 -1.702229 1.074071 17.742451 17.665114
 260.200000 -1.484573 1.546420 20.522419 214.868999
 260.400000 -0.954403 1.464019 12.630213 1301.112291
 260.600000 -0.994860 0.901845 14.115981 1386.027690
 260.800000 -1.309535 0.478147 21.268262 35.146684
 261.000000 -1.366493 0.626467 21.443501 0.013411
 261.200000 -1.135198 1.168764 18.786650 625.127965
 261.400000 -0.997889 1.353443 14.231082 1387.401989
 261.600000 -0.781083 1.135988 5.901617 2310.875774
 261.800000 -1.367705 1.017642 21.436859 0.083568
 262.000000 -1.439049 0.780483 21.078238 96.108300
 262.200000 -0.709439 0.585937 2.279457 2522.320246
 262.400000 -1.517571 1.083291 19.985491 272.729225
 262.600000 -1.344349 1.175322 21.406098 6.023544
 262.800000 -0.893813 0.779429 10.488475 1257.545475
 263.000000 -1.283004 0.494129 21.070199 66.959730
 263.200000 -1.299320 0.821375 21.189440 46.761312
 263.400000 -1.293473 1.490720 21.148001 53.791217
 263.600000 -0.842320 1.494929 8.580132 1561.099589
 263.800000 -1.039939 1.316847 15.793757 1313.879181
 264.000000 -1.152186 1.241701 19.182049 498.577325
 264.200000 -1.761001 0.800269 17.607891 0.009141
 264.400000 -1.013034 0.568995 14.808322 1379.440146
 264.600000 -0.705464 0.509312 2.082055 2476.892194
 264.800000 -1.275260 0.613276 20.998372 78.410876
 265.000000 -1.734840 1.047955 17.626726 2.545042
 265.200000 -0.650470 1.298814 -0.010325 6.699620
 265.400000 -0.956723 1.737290 12.735775 1311.977650
 265.600000 -0.754622 1.970072 4.593237 2574.640725
 265.800000 -0.982765 2.439129 13.689329 1366.188203
 266.000000 -1.045812 2.419651 16.012199 1279.354408
 266.200000 -0.649784 1.786042 -0.008849 5.199494
 266.400000 -0.836710 1.574986 8.363843 1621.482432
 266.600000 -0.825441 1.366120 7.901695 1745.190935
 266.800000 -1.641234 1.003361 18.144735 101.259775
 267.000000 -1.317599 0.666846 21.295251 27.243003
 267.200000 -0.750383 1.060919 4.386527 2599.415764
 267.400000 -0.991850 1.728505 14.039842 1375.302473
 267.600000 -0.719137 2.136595 2.783504 2602.493446
 267.800000 -0.717738 2.316965 2.712163 2593.472141
 268.000000 -0.770857 2.052907 5.414529 2426.054149
 268.200000 -0.653089 1.808620 -0.019900 14.158464
 268.400000 -0.690490 1.565995 1.370502 2259.696162
 268.600000 -1.509516 1.407046 20.073417 264.915730
 268.800000 -1.345876 0.703122 21.398251 4.949613
 269.000000 -0.972787 0.499098 13.344090 1347.132505
 269.200000 -0.946467 0.480092 12.396013 1292.145473
 269.400000 -1.676236 0.849239 17.843242 43.557778
 269.600000 -1.265656 1.396967 20.895452 95.604895
 269.800000 -0.698471 1.519313 1.763955 2392.414351
 270.000000 -0.685487 1.615051 1.143066 2172.163249
 270.200000 -0.672302 1.783321 0.554415 1965.314938
 270.400000 -0.761359 2.087319 4.969764 2516.336165
 270.600000 -0.640819 2.217773 -0.000850 0.058516
 270.800000 -0.828682 2.045539 8.065337 1705.013704
 271.000000 -0.742564 1.836787 4.014334 2634.905119
 271.200000 -0.997750 1.586199 14.288814 1369.532828
 271.400000 -1.071293 0.854036 16.916890 1094.058882
 271.600000 -0.955589 0.164609 12.741541 1309.798947
 271.800000 -0.808414 -0.146042 7.212316 1947.049937
 272.000000 -0.886247 -0.146988 10.271497 1289.110755
 272.200000 -0.658272 -0.112100 -0.003877 333.735047
 272.400000 -0.732271 0.322128 3.513995 2653.855499
 272.600000 -1.922444 0.834567 18.017188 22.371369
 272.800000 -1.888213 1.235510 17.863491 17.711273
 273.000000 -0.795029 1.175323 6.622548 2117.905356
 273.200000 -1.283637 1.067423 21.048028 70.845047
 273.400000 -1.644712 0.804429 18.084844 91.225426
 273.600000 -1.222257 0.629467 20.377184 183.518613
 273.800000 -1.333753 1.039604 21.355660 13.096895
 274.000000 -1.740808 1.529950 17.578136 2.363660
 274.200000 -0.952053 1.141733 12.642508 1301.312278
 274.400000 -0.959737 0.510393 12.920538 1317.234350
 274.600000 -0.689232 -0.043136 1.379701 2276.359560
 274.800000 -0.640042 -0.418091 -0.000886 0.064220
 275.000000 -0.800339 -0.004163 6.892954 2039.972309
 275.200000 -1.439529 1.064168 21.007314 110.017508
 275.400000 -1.031254 1.802786 15.553058 1300.754427
 275.600000 -0.747340 2.295994 4.335981 2614.920881
 275.800000 -0.797719 2.118673 6.789481 2070.313289
 276.000000 -0.770604 1.890490 5.504810 2412.344031
 276.200000 -0.761301 1.521997 5.061075 2507.293253
 276.400000 -1.379979 1.670914 21.389784 5.085671
 276.600000 -1.599278 0.842250 18.601485 184.161771
 276.800000 -0.971646 0.357694 13.375429 1338.531739
 277.000000 -1.009868 0.215269 14.782516 1352.219253
 277.200000 -0.712845 0.028925 2.597759 2599.106890
 277.400000 -0.907466 0.162694 11.090241 1244.688067
 277.600000 -0.887693 0.399091 10.389772 1272.814966
 277.800000 -1.469535 0.924204 20.634033 193.164071
 278.000000 -1.498979 1.562983 20.190659 256.053090
 278.200000 -0.827885 1.059898 8.142328 1679.802197
 278.400000 -1.221033 0.506682 20.343196 185.451772
 278.600000 -1.212752 0.623503 20.227329 206.647184
 278.800000 -1.049389 1.277528 16.223267 1202.978573
 279.000000 -0.843326 1.771910 8.759783 1524.218902
 279.200000 -0.438819 1.868741 -0.000005 0.000000
 279.400000 -0.849894 2.250242 9.029575 1464.823092
 279.600000 -0.723466 2.135735 3.178811 2665.241252
 279.800000 -0.631474 1.889193 -0.000114 0.000995
 280.000000 -0.984706 1.770118 13.890553 1352.104776
 280.200000 -0.992661 1.161538 14.196242 1353.713798
 280.400000 -1.092427 0.375345 17.635006 884.954965
 280.600000 -0.658969 -0.018702 0.084111 1550.544947
 280.800000 -0.675719 -0.063688 0.837445 2078.703261
 281.000000 -1.476013 0.559827 20.533098 213.042263
 281.200000 -1.466305 1.682536 20.667737 189.494848
 281.400000 -0.526549 2.013951 -0.000000 0.000000
 281.600000 -1.278871 2.476847 20.991533 81.731257
 281.800000 -1.923528 2.349894 17.917413 22.869992
 282.000000 -2.551696 2.543304 21.476684 0.001034
 282.200000 3.106358 3.009957 6.653431 3265.818983
 282.400000 -2.782751 3.016100 20.447275 215.319120
 282.600000 -3.073902 2.606101 11.878893 1814.180582
 282.800000 -2.137724 3.115875 19.100505 48.821539
 283.000000 -1.995544 2.537265 18.274071 28.072252
 283.200000 -1.743738 2.169109 17.520968 3.409911
 283.400000 -1.674592 2.439299 17.808667 46.043253
 283.600000 -1.961773 2.587653 18.085011 26.904680
 283.800000 -2.640523 2.745596 21.397806 2.537941
 284.000000 -2.975492 3.014092 15.487453 1073.881025
 284.200000 3.066601 2.805214 4.358993 3147.521230
 284.400000 -2.871931 3.014275 18.582125 685.553778
 284.600000 -2.202876 2.956449 19.590881 74.916657
 284.800000 -1.979168 2.193050 18.165263 27.751545
 285.000000 -1.549694 2.024486 19.318731 270.299411
 285.200000 -1.659005 2.017120 17.918168 66.324771
 285.400000 -2.094644 2.084304 18.788582 36.320269
 285.600000 -2.333222 3.063803 20.727260 57.918809
 285.800000 -2.936277 3.041725 16.722763 953.269588
 286.000000 3.109213 2.723230 6.782471 3243.525806
 286.200000 -2.658376 2.965278 21.338227 5.294591
 286.400000 -2.040606 2.637837 18.472413 29.374338
 286.600000 -1.905495 2.217248 17.777671 19.864702
 286.800000 -1.092702 2.374961 17.682696 852.176483
 287.000000 -0.895233 2.208238 10.795058 1237.473882
 287.200000 -0.659491 1.340285 0.195865 2125.704851
 287.400000 -1.758791 0.846419 17.475637 1.420408
 287.600000 -1.222540 0.107721 20.350176 178.517549
 287.800000 -0.695779 0.095188 1.904664 2497.558468
 288.000000 -0.740166 0.142465 4.193435 2680.379467
 288.200000 -1.720921 0.604689 17.557697 11.961613
 288.400000 -1.856401 0.961711 17.571474 9.267011
 288.600000 -0.649786 0.907877 -0.026621 5.707556
 288.800000 -0.986696 1.290037 14.078901 1331.571265
 289.000000 -1.333695 1.198234 21.347026 14.719427
 289.200000 -1.488401 0.597006 20.313852 246.269394
 289.400000 -1.818967 0.355500 17.475794 2.428950
 289.600000 -1.559936 0.559321 19.134541 254.950924
 289.800000 -0.846595 1.066327 9.069802 1461.717647
 290.000000 -1.219264 2.081086 20.302037 184.834014
 290.200000 -0.923595 2.566205 11.841343 1231.345168
 290.400000 -0.623705 2.162015 -0.000030 0.000064
 290.600000 -1.024578 1.388423 15.473717 1268.640805
 290.800000 -1.459701 0.502412 20.730734 177.661280
 291.000000 -1.198363 -0.144076 19.999026 237.048219
 291.200000 -1.811768 0.602493 17.450868 1.402977
 291.400000 -0.930408 1.336450 12.093801 1239.424803
 291.600000 -1.057136 1.504334 16.606244 1094.643138
 291.800000 -0.799333 1.181824 7.149552 2001.101116
 292.000000 -1.624034 0.983719 18.244814 126.702667
 292.200000 -1.103241 0.492653 18.012994 744.024866
 292.400000 -0.939212 0.278685 12.418257 1253.615098
 292.600000 -1.098360 0.605584 17.878173 781.641553
 292.800000 -1.531437 1.040939 19.598080 281.577827
 293.000000 -1.546351 1.437501 19.349701 271.435594
 293.200000 -0.617272 0.762154 -0.000007 0.000003
 293.400000 -1.298301 0.557462 21.140592 57.009977
 293.600000 -1.814415 0.691816 17.438638 1.507871
 293.800000 -1.265800 0.770783 20.851356 103.076164
 294.000000 -0.777240 0.894391 6.157675 2306.248720
 294.200000 -1.198476 1.244505 20.004361 232.612714
 294.400000 -1.734557 0.996922 17.492818 8.441015
 294.600000 -1.428516 0.673490 21.088635 91.871621
 294.800000 -1.485662 1.430498 20.350784 241.440894
 295.000000 -1.268793 1.679219 20.881825 98.601064
 295.200000 -0.711102 1.097041 2.809468 2700.505173
 295.400000 -0.696193 0.722134 2.043759 2558.914212
 295.600000 -1.837486 0.660470 17.462796 4.691603
 295.800000 -1.779423 0.412599 17.412875 0.275482
 296.000000 -0.694890 0.592298 1.977934 2541.813544
 296.200000 -0.660500 1.157829 0.356058 2118.690902
 296.400000 -0.902148 2.058422 11.175608 1217.376174
 296.600000 -0.530594 2.111775 -0.000000 0.000000
 296.800000 -0.937419 2.202948 12.410198 1246.806838
 297.000000 -0.885853 1.941196 10.604896 1241.215762
 297.200000 -0.624230 1.622494 -0.000055 0.000233
 297.400000 -1.226263 1.736497 20.403487 166.165847
 297.600000 -1.668973 1.118228 17.825104 57.513408
 297.800000 -0.926404 0.093024 12.038438 1227.918712
 298.000000 -0.491209 -0.436823 -0.000000 0.000000
 298.200000 -0.879033 -0.095344 10.397362 1258.408726
 298.400000 -1.136273 0.544557 18.871667 495.309213
 298.600000 -0.645309 1.062734 -0.020359 14.868967
 298.800000 -1.870151 1.451728 17.529924 11.314988
 299.000000 -1.886166 2.202509 17.588075 15.091895
 299.200000 -1.798808 2.920887 17.386964 0.069043
 299.400000 -2.410012 2.794522 21.024730 15.996729
 299.600000 -3.016406 2.316509 13.953164 1289.376091
 299.800000 -2.518911 -3.118418 21.262668 0.703727
 300.000000 -2.859587 2.847357 18.764349 606.164419
 300.200000 -2.607793 2.560008 21.856418 0.286106
 300.400000 -2.412100 2.942093 21.608480 15.194176
 300.600000 -2.192844 2.816799 19.936919 75.108965
 300.800000 -2.504039 2.218754 21.823767 1.264997
 301.000000 -1.867658 2.834878 18.093372 10.503707
 301.200000 -1.946990 2.708926 18.425460 25.250177
 301.400000 -2.146890 2.554923 19.555396 54.600146
 301.600000 -2.328719 2.677470 21.121099 55.254210
 301.800000 -2.422664 3.105800 21.632911 12.096792
 302.000000 -2.945106 2.681360 16.902874 982.273761
 302.200000 3.014043 2.799029 2.077373 1942.240359
 302.400000 -2.400225 3.099395 21.531518 19.018681
 302.600000 -2.289324 2.443442 20.790970 75.348268
 302.800000 -1.864177 2.370443 18.063761 9.453057
 303.000000 -1.753299 2.476901 18.000340 4.973681
 303.200000 -2.075496 2.749399 19.074461 31.460645
 303.400000 -2.911620 2.726220 17.898652 857.440663
 303.600000 2.993437 2.891541 1.229879 1358.451892
 303.800000 -2.660938 3.033443 21.748218 6.037391
 304.000000 -2.191450 2.456206 19.893347 75.238263
 304.200000 -1.703650 2.369263 18.176390 28.192282
 304.400000 -0.802419 2.305398 8.082327 1946.184424
 304.600000 -0.830662 1.912891 9.267061 1591.733561
 304.800000 -1.033278 1.449775 16.524969 1184.576686
 305.000000 -1.274831 0.532284 21.532909 88.448116
 305.200000 -1.644017 0.407693 18.619926 95.917473
 305.400000 -1.726623 0.878489 18.067754 15.029875
 305.600000 -0.643471 1.136447 0.328346 1725.603876
 305.800000 -1.147614 1.773931 19.724916 413.640283
 306.000000 -1.049564 2.301575 17.083336 1090.182133
 306.200000 -0.707912 2.239784 3.380734 2738.362342
 306.400000 -0.754416 2.011661 5.813893 2599.996440
 306.600000 -0.761646 1.321625 6.179619 2516.353531
 306.800000 -0.637732 0.646517 0.102095 1360.243882
 307.000000 -1.192884 0.431646 20.528179 234.991091
 307.200000 -1.779653 0.768480 17.931865 0.989563
 307.400000 -0.927022 1.048768 12.780115 1221.207850
 307.600000 -0.827203 1.241444 9.164786 1625.070317
 307.800000 -1.287159 1.306478 21.638070 70.489630
 308.000000 -1.534282 0.824283 20.133445 274.810317
 308.200000 -0.665547 0.224892 1.302436 2082.863715
 308.400000 -0.598976 -0.143124 -0.000051 0.000094
 308.600000 -0.647028 -0.386746 0.502669 1695.815880
 308.800000 -0.673131 -0.257684 1.655640 2252.607906
 309.000000 -0.572287 0.203484 -0.000001 0.000000
 309.200000 -1.664969 1.007790 18.430471 67.760814
 309.400000 -1.202532 1.428190 20.674627 206.346577
 309.600000 -0.839270 1.094974 9.667674 1494.916533
 309.800000 -1.104022 1.016430 18.734467 680.675568
 310.000000 -1.743721 0.830973 17.995324 9.406827
 310.200000 -0.826332 0.689990 9.170682 1624.391145
 310.400000 -1.669086 0.951275 18.397433 63.326541
 310.600000 -0.877824 1.028325 11.097760 1250.097006
 310.800000 -1.596701 0.989258 19.175470 183.009186
 311.000000 -1.429983 0.712798 21.641318 96.123835
 311.200000 -0.953553 0.666749 13.757626 1261.932884
 311.400000 -1.535005 1.010876 20.121665 270.905959
 311.600000 -1.432021 0.949798 21.620125 101.040614
 311.800000 -1.218800 0.989469 20.899125 169.885042
 312.000000 -1.687560 1.129863 18.262850 44.825250
 312.200000 -1.085765 0.779627 18.258449 810.182191
 312.400000 -1.288335 1.116296 21.641732 67.480795
 312.600000 -1.740404 1.365373 17.996071 11.940283
 312.800000 -0.676770 0.746251 1.886402 2358.030809
 313.000000 -1.497708 0.793763 20.734888 253.994398
 313.200000 -1.144314 0.876381 19.691869 412.757286
 313.400000 -1.431160 1.168618 21.628780 97.887744
 313.600000 -1.561875 0.870064 19.696786 242.933563
 313.800000 -1.101251 0.668427 18.690637 690.322634
 314.000000 -1.396074 0.966133 21.890586 24.291724
 314.200000 -0.951528 1.162581 13.717975 1258.195076
 314.400000 -0.954032 1.605059 13.806867 1262.401485
 314.600000 -1.016603 1.586968 16.042445 1236.091870
 314.800000 -0.795098 1.358736 7.896571 2022.323679
 315.000000 -0.598714 1.140175 -0.000065 0.000160
 315.200000 -1.688986 1.251229 18.258059 47.229720
 315.400000 -1.352850 0.522519 21.970538 1.650693
 315.600000 -0.677877 -0.083705 1.979476 2399.605242
 315.800000 -0.719072 -0.417877 4.107069 2808.786446
 316.000000 -0.654420 -0.377573 0.893516 1869.211772
 316.200000 -0.588361 -0.122773 -0.000011 0.000003
 316.400000 -0.709894 0.194516 3.638120 2788.843795
 316.600000 -1.339345 0.534109 21.942974 9.117981
 316.800000 -1.283058 0.996411 21.603974 73.517793
 317.000000 -1.269298 1.372683 21.479047 91.518381
 317.200000 -1.148446 1.058764 19.798010 385.121238
 317.400000 -1.526601 0.719092 20.285448 268.078725
 317.600000 -1.076150 0.878755 18.022913 872.640763
 317.800000 -1.385427 1.265788 21.943324 11.125013
 318.000000 -1.497983 1.177918 20.748856 249.935040
 318.200000 -1.133848 0.910285 19.504729 462.071603
 318.400000 -1.465647 0.764905 21.233821 186.673648
 318.600000 -1.490787 0.883377 20.865859 238.831172
 318.800000 -0.791930 1.006626 7.816479 2054.867777
 319.000000 -1.344830 1.369313 21.965357 5.385066
 319.200000 -1.658539 0.871886 18.514218 85.118168
 319.400000 -1.059767 0.616742 17.541872 990.464601
 319.600000 -0.705836 0.441403 3.474126 2779.033058
 319.800000 -0.886855 0.218333 11.522145 1210.793945
 320.000000 -1.105825 -0.080720 18.856297 644.310855
 320.200000 -0.607355 0.516711 -0.000580 0.017078
 320.400000 -1.280548 1.528014 21.600781 76.484248
 320.600000 -1.144312 1.274579 19.736978 402.252027
 320.800000 -0.787410 0.407845 7.642124 2115.531670
 321.000000 -0.662497 -0.411590 1.320858 2108.082133
 321.200000 -0.580282 -0.802300 -0.000004 0.000000
 321.400000 -0.629931 0.210207 -0.001213 299.838809
 321.600000 -1.567231 1.481283 19.661685 232.962052
 321.800000 -1.686041 1.861244 18.291446 56.721516
 322.000000 -1.797209 2.367933 17.825852 0.909996
 322.200000 -1.911238 2.804716 18.031572 16.741659
 322.400000 -2.668038 2.679785 21.466935 9.000013
 322.600000 3.027016 2.778385 2.396270 2208.256126
 322.800000 3.120081 3.001089 7.460134 3153.538875
 323.000000 -2.933839 2.510648 17.003166 933.115309
 323.200000 -2.031492 2.452575 18.580361 24.024250
 323.400000 -1.587241 2.655743 19.380229 201.448764
 323.600000 -2.023664 2.404862 18.542188 23.563651
 323.800000 -2.681101 2.439261 21.406554 14.932884
 324.000000 -2.636087 -3.058915 21.519674 1.881699
 324.200000 -2.902960 2.602375 17.885187 799.863051
 324.400000 -2.808393 2.704669 20.102600 316.266189
 324.600000 -2.417213 2.909664 21.266330 10.183014
 324.800000 -2.502243 2.449588 21.454714 2.210681
 325.000000 -2.266287 2.424674 20.339539 80.880957
 325.200000 -1.879505 2.867096 17.884523 9.138348
 325.400000 -2.028724 2.397591 18.539205 23.436693
 325.600000 -2.136126 2.331867 19.166696 55.123303
 325.800000 -2.027509 2.982550 18.533329 23.361985
 326.000000 -2.455102 2.607645 21.352717 5.028159
 326.200000 -2.660808 2.725350 21.430305 6.787548
 326.400000 -2.529356 3.055744 21.460875 1.374149
 326.600000 -2.516281 2.684246 21.444469 1.786241
 326.800000 -2.294001 2.520658 20.552265 66.266187
 327.000000 -1.606265 2.992302 19.138974 169.821077
 327.200000 -2.194615 2.290991 19.630869 84.296215
 327.400000 -2.148150 2.445969 19.232290 61.589459
 327.600000 -2.087096 2.840603 18.818912 33.361098
 327.800000 -2.262136 2.630961 20.263706 82.640709
 328.000000 -2.296154 2.554914 20.556749 64.774182
 328.200000 -2.488808 2.851955 21.375616 3.017256
 328.400000 -2.507214 2.884443 21.405416 2.261964
 328.600000 -2.769422 2.529627 20.637362 163.053915
 328.800000 -2.129745 2.952832 19.082565 51.615253
 329.000000 -2.482576 2.597810 21.364530 3.318493
 329.200000 -2.259549 2.556016 20.219081 83.479756
 329.400000 -2.396511 2.694633 21.122929 14.380678
 329.600000 -2.475879 2.761579 21.339259 3.742600
 329.800000 -3.042861 2.513959 13.156600 1562.528984
 330.000000 3.000790 3.132110 1.178552 1450.271229
 330.200000 -2.869256 2.915021 18.701934 627.524345
 330.400000 -2.483570 2.526203 21.341813 3.387864
 330.600000 -1.871600 2.441628 17.816888 6.802009
 330.800000 -1.695346 2.709270 18.239775 57.945986
 331.000000 -2.310622 2.305458 20.637648 54.807297
 331.200000 -2.560701 2.939670 21.435951 0.687118
 331.400000 3.076199 2.994355 4.826717 3129.018018
 331.600000 3.088788 2.910881 5.536638 3219.123677
 331.800000 -2.603213 2.873555 21.451529 0.034976
 332.000000 -2.266974 2.667789 20.269559 80.198844
 332.200000 -1.886631 2.484945 17.842192 10.226436
 332.400000 -1.841618 2.564966 17.743566 1.085782
 332.600000 -2.039491 2.521284 18.516162 23.338932
 332.800000 -2.243015 2.652230 20.040408 88.951349
 333.000000 -2.768782 2.852854 20.590582 163.716994
 333.200000 -3.005349 2.819712 14.507638 1263.698188
 333.400000 -2.888882 2.808764 18.149511 724.632823
 333.600000 -2.483432 2.647240 21.308418 3.524287
 333.800000 -2.366689 2.658132 20.952993 23.382386
 334.000000 -2.078894 2.679873 18.708995 30.687999
 334.200000 -2.253449 2.585702 20.123123 85.896445
 334.400000 -2.411014 2.624489 21.120627 10.496621
 334.600000 -2.674225 2.938198 21.302677 13.336824
 334.800000 -2.721803 2.836067 21.040511 57.910015
 335.000000 -2.512379 2.727405 21.348331 2.409889
 335.200000 -2.329632 2.635445 20.728072 41.610198
 335.400000 -2.054539 2.758588 18.562647 25.306995
 335.600000 -2.074298 2.574020 18.665791 29.550101
 335.800000 -1.942354 2.681153 18.037148 20.062186
 336.000000 -2.510686 2.529043 21.337328 2.527693
 336.200000 -2.467773 3.006255 21.250392 4.373808
 336.400000 -2.823659 2.710781 19.644845 390.867854
 336.600000 -2.509985 2.868372 21.328058 2.570008
 336.800000 -2.385944 2.647683 21.013408 16.200780
 337.000000 -2.149528 2.648016 19.159517 64.243239
 337.200000 -1.953108 2.638895 18.069780 21.165497
 337.400000 -2.084472 2.543196 18.709778 32.697945
 337.600000 -2.025214 2.715938 18.406815 22.461257
 337.800000 -2.549624 2.620144 21.376131 1.164225
 338.000000 -2.353922 3.010433 20.857391 28.288037
 338.200000 -2.966206 2.663960 15.774873 1060.138733
 338.400000 -2.622299 2.978402 21.386188 0.922254
 338.600000 -2.444744 2.691702 21.184838 6.120075
 338.800000 -1.834917 2.514102 17.691522 0.240811
 339.000000 -1.776735 2.411056 17.771298 10.620646
 339.200000 -1.842704 2.491058 17.689153 0.899479
 339.400000 -2.324771 2.582586 20.669296 43.907348
 339.600000 -2.740934 3.030973 20.821714 95.860580
 339.800000 -2.613214 3.009120 21.388445 0.391996
 340.000000 -1.866798 2.532843 17.728518 5.205139
 340.200000 -1.178231 1.969365 20.425531 252.523568
 340.400000 -0.598148 1.040035 -0.000251 0.002819
 340.600000 -0.505220 -0.249661 -0.000001 0.000000
 340.800000 -0.825972 -0.631134 9.504337 1530.632095
 341.000000 -0.588445 -0.247232 -0.000037 0.000045
 341.200000 -1.175706 0.637606 20.385591 260.031914
 341.400000 -1.604801 1.454360 19.197815 173.032672
 341.600000 -1.433707 1.264580 21.643035 101.637663
 341.800000 -1.254423 0.707829 21.407973 106.423402
 342.000000 -1.369304 0.728926 22.017403 1.735370
 342.200000 -1.202331 1.289709 20.783555 190.228203
 342.400000 -1.317937 1.217130 21.911879 25.998607
 342.600000 -1.241979 0.809500 21.275149 123.183050
 342.800000 -1.423137 0.763216 21.741447 76.977143
 343.000000 -1.219886 1.050554 21.014332 156.953091
 343.200000 -0.877111 0.860533 11.379943 1192.028900
 343.400000 -1.437947 0.940199 21.597676 111.683257
 343.600000 -1.619394 1.186010 19.014733 153.566040
 343.800000 -0.993145 1.143041 15.426848 1267.069582
 344.000000 -1.620629 0.967442 18.999473 151.917824
 344.200000 -1.508468 0.923965 20.641114 239.412599
 344.400000 -0.551948 0.653001 -0.000001 0.000000
 344.600000 -0.952858 0.883675 13.997183 1244.315003
 344.800000 -1.856578 1.120916 17.670255 2.941523
 345.000000 -0.968006 1.089539 14.534110 1266.338470
 345.200000 -1.390994 1.300878 21.955515 19.824428
 345.400000 -1.676150 1.382171 18.399634 88.899834
 345.600000 -0.802297 0.768941 8.567993 1812.243916
 345.800000 -0.641192 0.497699 0.647723 1723.894231
 346.000000 -1.599187 0.518532 19.281692 181.367932
 346.200000 -1.659533 1.044938 18.565715 107.049353
 346.400000 -0.833397 1.457174 9.823651 1444.076261
 346.600000 -0.579886 1.753893 -0.000012 0.000003
 346.800000 -0.633814 2.224090 0.351832 1702.122605
 347.000000 -0.676452 2.324626 2.282149 2509.815607
 347.200000 -0.873130 2.058955 11.263001 1200.202071
 347.400000 -1.102194 1.510655 18.894480 644.012997
 347.600000 -1.320485 0.984533 21.936573 22.058512
 347.800000 -1.701848 0.513036 18.175091 66.938372
 348.000000 -1.359153 0.790223 22.029316 0.004677
 348.200000 -1.052459 1.268111 17.469813 1008.421275
 348.400000 -0.968124 1.581432 14.557536 1262.356442
 348.600000 -0.799612 1.525720 8.475118 1844.622872
 348.800000 -0.655735 1.294672 1.305678 2079.075222
 349.000000 -1.270926 1.041543 21.589176 83.445934
 349.200000 -1.210284 0.600679 20.913578 175.610322
 349.400000 -1.043205 0.331239 17.177063 1066.728565
 349.600000 -0.588043 0.090910 -0.000053 0.000095
 349.800000 -0.665441 -0.094634 1.769541 2303.364125
 350.000000 -0.726691 -0.096663 4.943864 2788.430813
 350.200000 -0.621281 -0.163219 -0.022136 46.799520
 350.400000 -0.731009 0.095169 5.182302 2759.760572
 350.600000 -1.022520 0.292609 16.489604 1175.142663
 350.800000 -1.657765 0.772248 18.595330 112.157686
 351.000000 -0.877377 1.293341 11.433188 1186.913058
 351.200000 -0.902807 2.101776 12.311336 1161.664834
 351.400000 -1.263590 2.411392 21.529566 92.916956
 351.600000 -2.267714 2.647563 20.144678 74.826318
 351.800000 -3.063157 3.032125 12.013662 1828.323237
 352.000000 -2.915173 2.988209 17.172207 840.101697
 352.200000 -3.137953 2.310315 8.366911 2916.868123
 352.400000 -2.898853 2.848940 17.621395 766.353322
 352.600000 -2.503931 -3.122567 21.216246 3.756396
 352.800000 -2.706085 2.285807 20.968213 47.768500
 353.000000 -1.897979 2.458335 17.723985 13.506605
 353.200000 -1.777132 2.823070 17.695226 16.030165
 353.400000 -2.249463 2.548564 19.967081 82.131077
 353.600000 -2.738623 2.468168 20.682659 101.317298
 353.800000 -2.486796 -3.124860 21.173076 4.745990
 354.000000 3.030632 2.412018 2.115859 2184.205639
 354.200000 3.008873 2.946013 1.158523 1577.269738
 354.400000 -2.890279 -3.073383 17.830051 725.755120
 354.600000 -3.104330 2.488613 10.075605 2427.347021
 354.800000 -2.334587 2.689202 20.613717 35.737107
 355.000000 -1.978431 2.813071 18.075988 24.382909
 355.200000 -2.013131 2.194508 18.239693 24.129934
 355.400000 -1.951023 2.458440 17.933908 23.608234
 355.600000 -1.976503 2.750690 18.059229 24.451985
 355.800000 -2.791913 2.786119 19.964043 260.995629
 356.000000 -2.964052 3.127085 15.618885 1052.356852
 356.200000 -2.932684 2.887923 16.589691 915.698303
 356.400000 -2.578514 2.736230 21.283753 0.105063
 356.600000 -2.442243 2.659691 21.039570 7.879173
 356.800000 -2.160262 2.616125 19.135550 69.170580
 357.000000 -2.295114 2.577823 20.328060 58.146670
 357.200000 -2.526251 2.870287 21.222588 2.714582
 357.400000 -3.086506 2.544449 10.887377 2158.096156
 357.600000 -2.851894 3.103750 18.757876 536.489903
 357.800000 -2.767136 2.631625 20.305363 176.109511
 358.000000 -2.615772 2.391258 21.262496 1.372167
 358.200000 -1.564354 2.910921 19.815231 214.304073
 358.400000 -2.066300 2.440828 18.488135 28.942104
 358.600000 -2.367102 2.158340 20.754425 21.827964
 358.800000 -2.507180 2.734543 21.182097 3.894727
 359.000000 -2.671532 2.999113 21.106140 19.337815
 359.200000 -2.826683 2.424237 19.286594 413.142873
 359.400000 -2.379263 2.850983 20.802759 18.258522
 359.600000 -2.209828 2.493703 19.557612 86.618997
 359.800000 -2.162197 2.531550 19.131553 70.305885
 360.000000 -2.082721 2.784773 18.572440 33.102038
 360.200000 -2.641011 2.450050 21.196452 6.460554
 360.400000 -2.553852 2.839183 21.244978 1.004047
 360.600000 -2.198925 2.892573 19.451031 84.970259
 360.800000 -2.453221 2.232453 21.047398 7.243203
 361.000000 -2.103033 2.331153 18.688491 40.431337
 361.200000 -1.678959 2.965280 18.397075 100.398766
 361.400000 -2.459663 2.345957 21.060768 6.772937
 361.600000 -2.872726 2.658087 18.211505 643.433045
 361.800000 -2.874728 -2.885938 18.160516 653.414633
 362.000000 3.013743 2.581010 1.272213 1696.713410
 362.200000 -1.595074 2.770155 19.387672 182.065374
 362.400000 -0.687327 1.858773 2.989670 2691.788807
 362.600000 -0.602438 1.363654 -0.002011 0.201615
 362.800000 -1.155978 1.115820 20.087179 332.086694
 363.000000 -1.418358 0.626368 21.772513 68.919493
 363.200000 -0.582485 0.241625 -0.000039 0.000043
 363.400000 -1.134661 -0.032383 19.671997 430.675794
 363.600000 -0.690300 -0.231890 3.151987 2723.411995
 363.800000 -0.936810 -0.122119 13.551867 1194.787796
 364.000000 -1.779756 1.079158 17.644913 18.644573
 364.200000 -0.658382 1.854484 1.568463 2187.252136
 364.400000 -0.697806 2.371781 3.554453 2783.313835
 364.600000 -0.963347 2.501356 14.481206 1234.461602
 364.800000 -0.724793 1.644972 4.985339 2785.763223
 365.000000 -0.790268 1.174492 8.200714 1951.817422
 365.200000 -1.660422 0.794037 18.594162 119.085690
 365.400000 -1.423917 0.597904 21.718745 80.879819
 365.600000 -0.948975 0.859788 13.982299 1213.444243
 365.800000 -1.795367 1.577390 17.576547 10.454211
 366.000000 -1.875435 1.630086 17.558495 6.252089
 366.200000 -1.213023 1.800234 20.971176 172.645385
 366.400000 -0.781541 1.774255 7.825424 2077.426992
 366.600000 -1.852674 2.209116 17.510624 1.111805
 366.800000 -3.001552 2.788659 14.209350 1269.349651
 367.000000 -2.842922 -2.799677 18.875880 496.528116
 367.200000 3.073018 2.610707 4.113548 3029.583337
 367.400000 -1.962325 2.625505 17.900603 24.495304
 367.600000 -1.277323 2.326666 21.671899 72.684191
 367.800000 -0.628126 1.918828 0.295781 1667.637834
 368.000000 -0.695568 1.313560 3.466231 2768.806781
 368.200000 -0.910920 1.044714 12.689111 1151.827401
 368.400000 -1.536355 0.951923 20.234760 221.423056
 368.600000 -1.363776 0.761941 22.026463 1.324725
 368.800000 -1.324148 0.973645 21.969562 15.157574
 369.000000 -1.707300 1.328487 18.128141 81.129567
 369.200000 -1.256652 0.996634 21.480761 102.380444
 369.400000 -1.515184 0.779376 20.551338 220.275764
 369.600000 -1.668193 0.819926 18.515871 114.905550
 369.800000 -1.247847 1.114724 21.388896 115.449886
 370.000000 -1.171821 1.376028 20.363263 275.396385
 370.200000 -1.602440 1.427731 19.304624 172.726447
 370.400000 -1.274540 0.852947 21.652090 76.645684
 370.600000 -1.554976 0.554908 19.964395 211.682822
 370.800000 -1.620594 0.726294 19.071845 156.226785
 371.000000 -0.579226 1.222425 -0.000031 0.000026
 371.200000 -0.642761 1.747504 0.930420 1824.203938
 371.400000 -0.658342 2.106251 1.629989 2203.113243
 371.600000 -0.621216 2.204453 0.062260 983.707284
 371.800000 -0.848100 2.056791 10.543484 1295.194530
 372.000000 -0.760267 1.576632 6.859961 2384.417922
 372.200000 -1.206182 1.555815 20.885923 187.982809
 372.400000 -1.578632 0.995693 19.634830 193.100561
 372.600000 -0.697778 0.238657 3.630553 2781.892875
 372.800000 -0.494397 -0.441531 -0.000004 0.000000
 373.000000 -0.690280 -0.407043 3.236938 2725.916360
 373.200000 -0.636865 0.038528 0.703083 1691.251722
 373.400000 0.357355 0.566322 -0.000000 0.000000
 373.600000 0.846604 0.234589 -0.000000 0.000000
