#! FIELDS time phi psi ves.bias ves.force2
#! SET min_phi -pi
#! SET max_phi pi
#! SET min_psi -pi
#! SET max_psi pi
 0.000000 -1.498385 0.273949 27.215882 148.921278
 0.200000 -1.005372 0.936247 20.483051 1307.556756
 0.400000 -0.849047 1.586258 14.192559 1930.988518
 0.600000 -0.531383 1.962405 2.773507 363.920929
 0.800000 -0.866214 2.392354 14.941659 1875.625770
 1.000000 -0.675181 2.244383 6.772594 1357.163424
 1.200000 -0.582534 1.622612 4.164168 730.595919
 1.400000 -0.958433 1.287338 18.983968 1403.657559
 1.600000 -1.220955 0.510698 26.602202 311.167589
 1.800000 -0.705181 0.108297 8.360114 1651.365062
 2.000000 -0.494188 -0.051285 2.204837 315.983886
 2.200000 -0.928231 -0.357237 17.888508 1468.640766
 2.400000 -0.630734 -0.157017 5.836171 1146.863704
 2.600000 -0.799292 0.129943 12.605559 1845.590310
 2.800000 -0.925729 0.454553 17.792465 1477.040900
 3.000000 -1.569286 1.127706 26.114245 329.993583
 3.200000 -1.158827 1.351064 25.417604 578.778940
 3.400000 -1.016234 0.985359 21.163777 1182.379138
 3.600000 -1.581022 0.865468 25.877453 343.637435
 3.800000 -1.771595 0.677560 23.131340 67.448540
 4.000000 -0.666799 0.764789 7.355358 1414.265820
 4.200000 -1.587622 1.187200 25.782900 363.400341
 4.400000 -1.548948 0.955696 26.511719 335.547826
 4.600000 -0.938773 0.445170 18.464158 1400.315691
 4.800000 -0.956799 0.274080 19.132337 1347.842473
 5.000000 -0.895366 0.392604 16.802648 1531.706496
 5.200000 -1.429255 0.911800 28.142957 35.791407
 5.400000 -1.656505 1.267770 24.584813 279.864412
 5.600000 -1.315040 0.994302 28.025326 55.812997
 5.800000 -0.903325 0.564670 17.177070 1503.617732
 6.000000 -1.681308 0.577212 24.191680 222.878150
 6.200000 -1.688786 1.128785 24.174121 209.345947
 6.400000 -0.701193 0.954794 8.944990 1631.369187
 6.600000 -1.492316 1.226475 27.570219 185.073055
 6.800000 -1.787707 0.994008 23.087077 61.384946
 7.000000 -1.109040 0.576448 24.370533 826.178074
 7.200000 -0.998355 0.858906 20.817981 1259.668327
 7.400000 -1.269119 1.108676 27.721675 143.595731
 7.600000 -1.080096 0.983450 23.562368 970.373421
 7.800000 -0.656303 0.436382 7.229415 1448.892287
 8.000000 -1.828572 0.741915 22.851808 46.499352
 8.200000 -1.629983 1.069070 25.370923 294.359783
 8.400000 -0.772387 0.858529 12.045396 1760.491358
 8.600000 -1.030966 1.196421 22.036299 1187.020448
 8.800000 -1.560978 0.980699 26.590796 306.465728
 9.000000 -1.324980 0.759196 28.294946 35.243973
 9.200000 -1.072573 0.778765 23.497641 1036.839194
 9.400000 -1.966367 1.215138 22.379685 1.669113
 9.600000 -1.383109 1.407610 28.519530 0.237831
 9.800000 -0.765674 0.806591 11.835502 1763.552619
 10.000000 -1.435630 0.826545 28.327177 47.165137
 10.200000 -1.543642 1.027068 27.050511 276.122433
 10.400000 -1.097003 1.159676 24.330641 913.437789
 10.600000 -1.226912 1.206980 27.348791 255.245132
 10.800000 -1.068480 0.751044 23.432999 1064.792455
 11.000000 -1.368558 0.525661 28.580948 1.524610
 11.200000 -1.263754 0.818936 27.962312 148.965866
 11.400000 -1.024657 1.368941 22.020731 1255.998227
 11.600000 -0.567877 1.250612 4.178969 1024.411307
 11.800000 -1.152274 1.281818 25.937811 596.349066
 12.000000 -1.119866 0.923266 25.087545 784.379592
 12.200000 -0.597427 -0.090146 5.173901 1257.390876
 12.400000 -0.567845 -0.740285 4.170402 1044.733261
 12.600000 -0.910070 -0.150466 17.834132 1478.539797
 12.800000 -0.861974 0.329835 15.961227 1561.579126
 13.000000 -0.978105 0.958004 20.413353 1391.838293
 13.200000 -1.399959 1.206243 28.853845 8.053706
 13.400000 -0.973851 0.571933 20.349589 1415.775834
 13.600000 -1.093491 0.167257 24.521684 929.073855
 13.800000 -0.565281 0.010563 4.106035 1046.970836
 14.000000 -0.409921 -0.312180 0.579735 170.664018
 14.200000 -0.695314 -0.150311 9.150831 1799.381417
 14.400000 -0.630938 -0.009568 6.509596 1526.930370
 14.600000 -0.765830 -0.022224 12.160400 1796.327953
 14.800000 -0.676018 -0.049505 8.338034 1745.074326
 15.000000 -0.558336 -0.067738 3.916010 1017.762972
 15.200000 -0.880573 -0.083527 16.920543 1547.676242
 15.400000 -0.652737 -0.222067 7.476976 1663.700863
 15.600000 -0.533378 -0.112101 3.206782 866.250235
 15.800000 -1.033073 0.234137 22.726977 1255.727041
 16.000000 -0.616496 -0.025795 6.041921 1462.453153
 16.200000 -0.293175 -0.106766 -0.011885 0.060842
 16.400000 -0.924429 -0.246254 18.729833 1519.510476
 16.600000 -0.487093 -0.528081 2.033227 583.653534
 16.800000 -0.178164 -0.353033 -0.000904 0.001006
 17.000000 -1.096043 0.258840 24.874925 869.810568
 17.200000 -1.508012 1.410694 27.922230 280.034141
 17.400000 -1.722049 1.787434 24.330188 200.432850
 17.600000 -2.126572 2.021392 22.826529 38.483702
 17.800000 -2.234936 3.020504 23.583075 69.385436
 18.000000 -3.035845 3.073135 15.745938 1894.202345
 18.200000 -2.976819 2.796149 18.012759 1227.815824
 18.400000 -3.023986 2.911946 16.205739 1743.510555
 18.600000 -2.393778 -3.039553 24.903107 31.867563
 18.800000 -2.439458 2.486122 25.082103 4.706609
 19.000000 -2.465024 2.478934 25.113878 0.128043
 19.200000 -2.263658 -3.140931 23.781316 80.667309
 19.400000 -2.570668 2.802600 24.876277 14.149637
 19.600000 -2.853389 2.624492 21.518622 559.146366
 19.800000 -3.134492 2.980532 10.759036 2927.615704
 20.000000 3.124356 2.943007 9.437808 2943.595877
 20.200000 -2.562586 2.823552 24.894119 14.653041
 20.400000 -1.743954 2.440982 24.013427 205.184106
 20.600000 -1.909191 2.076001 22.087263 31.418158
 20.800000 -2.314699 2.352407 24.245259 89.691853
 21.000000 -2.487367 2.961256 25.098379 1.225689
 21.200000 3.109447 2.982061 8.604250 2888.563269
 21.400000 -2.938704 2.603073 19.174378 941.450314
 21.600000 -2.512244 2.957872 25.054286 6.360471
 21.800000 -2.628671 2.402020 24.575244 30.128798
 22.000000 -2.996445 2.522217 17.214627 1412.391816
 22.200000 3.090561 3.084280 7.600159 2747.053535
 22.400000 3.132057 2.967497 9.825104 2938.065632
 22.600000 -2.516863 2.612295 25.054865 8.211398
 22.800000 -2.018565 2.650006 22.063428 25.318635
 23.000000 -1.907883 2.671686 22.044941 34.737546
 23.200000 -2.763388 2.322894 23.231875 237.215025
 23.400000 3.049426 -2.995328 5.553343 2241.590609
 23.600000 -3.022268 2.956399 16.177441 1700.062838
 23.800000 -2.452882 2.453997 25.142641 1.566289
 24.000000 -1.763702 2.616229 23.729270 212.616999
 24.200000 -2.127545 2.563497 22.725184 43.265424
 24.400000 3.087727 2.663442 7.495230 2724.831741
 24.600000 3.060745 3.134828 6.124252 2420.222629
 24.800000 -3.114274 2.557088 11.830661 2745.782801
 25.000000 -2.685940 2.767272 24.134017 75.668300
 25.200000 -2.325940 2.987920 24.350976 100.031014
 25.400000 -2.390650 2.196724 24.916427 46.346016
 25.600000 -2.013420 2.588949 21.977778 23.432409
 25.800000 -1.914484 2.856026 21.961849 30.314882
 26.000000 -2.633986 2.445980 24.506283 41.082531
 26.200000 -2.998259 2.843417 17.160056 1416.110522
 26.400000 -3.091334 -2.974454 13.064897 2498.262361
 26.600000 -2.727434 2.717356 23.682537 142.307946
 26.800000 -1.634094 2.762120 25.671185 271.563238
 27.000000 -1.900110 2.202475 22.052402 52.975979
 27.200000 -2.469845 2.059044 25.231576 0.002932
 27.400000 -2.426468 -3.125730 25.149614 15.167746
 27.600000 2.990684 3.051537 3.125670 1422.498259
 27.800000 -2.925950 2.466777 19.579125 860.758157
 28.000000 -2.082866 2.441379 22.391370 47.951379
 28.200000 -1.854955 2.474110 22.488181 136.809534
 28.400000 -2.261418 2.776474 23.728028 91.277798
 28.600000 -2.976627 2.773954 17.973198 1216.651602
 28.800000 3.058440 2.914911 6.140925 2443.378761
 29.000000 -2.688651 3.038122 24.096419 87.302850
 29.200000 -2.173796 2.664195 23.018042 51.675217
 29.400000 -2.140860 2.268379 22.785969 48.678868
 29.600000 -1.960555 2.593232 21.818106 0.055329
 29.800000 -2.475380 2.786366 25.283103 0.149721
 30.000000 2.848258 2.753431 -0.022161 0.967632
 30.200000 -2.443614 2.988291 25.273315 6.176639
 30.400000 -2.135859 2.355705 22.763976 49.422145
 30.600000 -1.847539 2.033623 22.578753 147.914900
 30.800000 -2.044314 2.451566 22.128380 39.637434
 31.000000 -2.426569 2.944821 25.217421 16.576081
 31.200000 3.059181 2.906832 6.271927 2462.551661
 31.400000 3.095787 2.825061 8.148043 2757.119439
 31.600000 -2.669417 2.830145 24.297567 77.560359
 31.800000 -2.616303 2.409118 24.710744 47.929854
 32.000000 -2.034815 3.000965 22.091654 34.332944
 32.200000 -2.186529 2.595679 23.164389 57.222450
 32.400000 -2.391265 2.494233 25.065686 50.372017
 32.600000 -2.212043 2.643006 23.365171 67.456385
 32.800000 -2.098628 2.887801 22.535736 49.714130
 33.000000 -2.649154 2.352947 24.489454 65.486729
 33.200000 -2.535999 -3.104930 25.229761 18.398504
 33.400000 3.090888 2.799931 7.955945 2706.846119
 33.600000 3.111195 2.780407 9.020579 2779.124910
 33.800000 -2.102258 3.045695 22.595848 51.664685
 34.000000 -1.982357 2.301270 21.911351 4.837334
 34.200000 -1.876413 2.069088 22.309981 87.233212
 34.400000 -2.024778 2.174665 22.103408 30.287931
 34.600000 -1.913271 3.051319 22.034674 29.805201
 34.800000 -2.924288 2.865340 19.730661 833.308917
 35.000000 2.981640 2.740154 2.911039 1483.180487
 35.200000 -2.959292 2.951389 18.663831 1075.185360
 35.400000 -2.653789 2.806730 24.508286 75.736713
 35.600000 -2.770576 2.537703 23.117000 249.827426
 35.800000 -2.550242 2.999057 25.218852 24.832275
 36.000000 -2.954991 2.718583 18.803758 1041.744505
 36.200000 3.053196 2.751223 6.143478 2424.559479
 36.400000 3.048335 2.967203 5.905250 2377.848597
 36.600000 -2.762626 2.724811 23.253048 231.668635
 36.800000 -1.968543 2.635216 21.977034 1.240805
 37.000000 -1.976544 2.305813 21.989204 3.688884
 37.200000 -2.083710 2.709365 22.605722 51.343907
 37.400000 -2.616905 2.737916 24.859448 57.262039
 37.600000 -3.122924 2.958189 11.703213 2607.594140
 37.800000 -2.968612 2.957158 18.391571 1149.200893
 38.000000 -1.908210 2.782374 22.138951 30.865917
 38.200000 -1.950959 1.393917 22.039006 0.262026
 38.400000 -1.056992 0.578840 23.810596 961.242007
 38.600000 -0.581800 -0.295191 5.303058 1372.394865
 38.800000 -0.474740 -0.785492 1.716546 802.856479
 39.000000 -0.499623 -0.413493 2.459846 979.495692
 39.200000 -0.638496 0.582587 7.451964 1518.024058
 39.400000 -1.564644 1.430304 26.712315 338.887156
 39.600000 -1.964687 1.709010 22.080523 1.137869
 39.800000 -1.890949 2.716159 22.299034 48.857031
 40.000000 -2.581825 2.817891 25.160103 40.657493
 40.200000 2.843340 2.630297 -0.000879 0.006901
 40.400000 -2.325998 -3.109252 24.687316 100.786138
 40.600000 -1.803563 2.207347 23.218401 151.801051
 40.800000 -1.704294 0.836008 24.491375 174.819575
 41.000000 -0.348747 -0.103198 -0.001544 0.007123
 41.200000 -0.415888 -0.503214 0.217821 449.184958
 41.400000 -1.060506 -0.070711 23.855231 936.077435
 41.600000 -0.926736 0.276155 19.105290 1515.456166
 41.800000 -0.969303 0.405001 20.728767 1386.251521
 42.000000 -2.007985 0.857396 22.302153 21.919864
 42.200000 -1.579905 1.229519 26.365986 322.954241
 42.400000 -0.666810 1.060468 8.528874 1556.973290
 42.600000 -0.986136 1.192711 21.337630 1317.670187
 42.800000 -1.686533 0.956730 24.709083 174.906592
 43.000000 -1.532997 0.652420 27.225804 332.463507
 43.200000 -1.030639 0.796660 22.875637 1095.864718
 43.400000 -1.704139 1.243117 24.481067 159.770747
 43.600000 -1.634368 0.973812 25.443021 235.133542
 43.800000 -0.927758 0.625644 19.131757 1509.336540
 44.000000 -1.655448 0.514982 25.131103 203.956609
 44.200000 -1.810164 0.981424 23.219572 127.857091
 44.400000 -1.285226 1.128074 28.297045 120.573589
 44.600000 -0.694267 1.093558 9.597851 1608.784141
 44.800000 -1.979268 1.382757 22.315018 6.264487
 45.000000 -1.768009 1.117078 23.712632 142.363191
 45.200000 -0.882830 0.749067 17.357965 1620.520653
 45.400000 -1.441714 0.684601 28.542617 92.750413
 45.600000 -1.629602 0.999892 25.519827 235.883068
 45.800000 -1.150464 0.957186 26.127095 453.904440
 46.000000 -1.204584 1.135814 27.152601 281.503676
 46.200000 -1.373083 0.796194 28.829649 1.064928
 46.400000 -1.221453 0.578155 27.412294 239.458784
 46.600000 -0.408017 0.523525 -0.006304 64.688745
 46.800000 -1.433324 0.943280 28.613645 68.187959
 47.000000 -1.967337 1.163808 22.361052 2.020548
 47.200000 -1.530752 1.374695 27.247118 321.345710
 47.400000 -0.658236 1.387195 8.148944 1507.692406
 47.600000 -0.851708 1.242636 16.096729 1690.922849
 47.800000 -1.402569 1.088401 28.794604 11.229536
 48.000000 -1.429808 0.476422 28.645003 58.018875
 48.200000 -0.661851 0.482003 8.286239 1519.457779
 48.400000 -1.402520 1.014243 28.798174 10.255354
 48.600000 -1.488842 1.096194 27.963449 232.541042
 48.800000 -0.947491 0.762225 19.900910 1432.837348
 49.000000 -1.559883 1.005604 26.727889 332.119248
 49.200000 -1.381526 0.961996 28.839833 0.038100
 49.400000 -1.033483 1.030755 22.958487 1060.618100
 49.600000 -1.628964 1.166122 25.563037 235.613117
 49.800000 -1.335548 0.907798 28.683000 40.284613
 50.000000 -0.761296 0.580564 12.331278 1763.587434
 50.200000 -1.293720 0.666419 28.330234 108.895045
 50.400000 -1.865411 1.033922 22.827421 66.358699
 50.600000 -1.520285 1.241111 27.484965 307.342998
 50.800000 -0.724667 0.933012 10.803834 1706.390633
 51.000000 -1.523729 0.921072 27.424305 313.075154
 51.200000 -1.593308 0.866411 26.198802 298.750896
 51.400000 -1.103403 0.928686 25.020654 665.202911
 51.600000 -1.486882 1.395689 28.054052 220.566712
 51.800000 -1.766322 1.190051 23.874066 130.275790
 52.000000 -1.084742 0.785019 24.521356 768.116814
 52.200000 -0.613391 0.243696 6.420982 1413.587552
 52.400000 -0.638975 -0.305190 7.392055 1470.010462
 52.600000 -0.480384 -0.655010 1.709415 982.362658
 52.800000 -0.276542 -0.494230 -0.000087 0.000010
 53.000000 -0.774874 0.348853 12.921540 1797.496255
 53.200000 -1.559950 1.178852 26.868644 325.911559
 53.400000 -1.630417 1.576130 25.668990 238.157766
 53.600000 -1.712357 2.007572 24.557750 148.930840
 53.800000 -2.001921 2.221378 22.617985 13.959486
 54.000000 -2.134105 3.008123 23.276085 24.774597
 54.200000 -3.112679 2.670749 12.382884 2377.790358
 54.400000 -3.090736 3.032403 13.436336 2226.420666
 54.600000 -2.620208 2.904053 24.957459 68.527994
 54.800000 -2.656561 2.364552 24.623533 102.479122
 55.000000 -2.453779 2.898719 25.579882 4.242737
 55.200000 -2.555129 3.023228 25.392672 25.828335
 55.400000 -3.019749 2.404636 16.528030 1576.310851
 55.600000 3.088061 3.097748 8.225779 2606.031787
 55.800000 2.993020 3.050845 3.534501 2110.134184
 56.000000 -2.868501 2.416642 21.159171 524.658122
 56.200000 -2.041306 2.634574 22.845746 23.204516
 56.400000 -1.933434 2.843692 22.583304 2.553459
 56.600000 -2.643586 2.318838 24.747114 90.546063
 56.800000 3.014967 2.865925 4.571017 2327.151819
 57.000000 3.071040 -3.125336 7.364725 2582.971492
 57.200000 -2.620749 2.639221 24.950865 69.714742
 57.400000 -1.807721 2.507538 23.505537 130.224746
 57.600000 -1.947265 2.213132 22.586246 0.053610
 57.800000 -1.986040 2.683631 22.639687 7.800766
 58.000000 -2.804813 2.779356 22.463652 352.142007
 58.200000 2.817793 2.755027 -0.000000 0.000000
 58.400000 -2.826571 2.988716 22.035098 401.438114
 58.600000 -2.788227 2.516620 22.761109 319.073700
 58.800000 -2.770691 2.806320 23.065871 285.476603
 59.000000 -3.086620 3.065282 13.614059 2169.359981
 59.200000 -2.624628 2.965205 24.927913 71.931546
 59.400000 -2.069624 2.517787 23.027411 20.884085
 59.600000 -1.919660 2.349414 22.660761 7.765937
 59.800000 -2.242898 2.735651 23.898551 60.813481
 60.000000 -2.923774 2.739686 19.742466 778.964759
 60.200000 3.123824 3.101196 10.076825 2528.197178
 60.400000 -2.810227 3.034031 22.358444 370.223941
 60.600000 -2.636703 2.655658 24.830382 82.115017
 60.800000 -2.638517 2.569618 24.813855 83.984878
 61.000000 2.890173 2.972890 -0.006486 1.652726
 61.200000 2.880101 2.794070 -0.000663 0.018557
 61.400000 -2.541339 2.919210 25.455612 15.079557
 61.600000 -2.465201 2.596766 25.569288 1.484535
 61.800000 -2.188524 2.853211 23.552655 26.246776
 62.000000 -2.305705 2.596994 24.474161 99.757143
 62.200000 -2.231533 2.823415 23.820903 52.700550
 62.400000 -2.456447 2.768340 25.556794 3.601222
 62.600000 -2.738487 2.706803 23.625440 238.478264
 62.800000 -3.106544 2.967878 12.693903 2276.470311
 63.000000 -3.096814 3.048213 13.155019 2214.599020
 63.200000 -2.792949 2.709842 22.706685 349.864795
 63.400000 -2.098253 2.695116 23.191439 14.930181
 63.600000 -2.046637 2.419293 22.979065 18.386857
 63.800000 -2.121566 2.670886 23.279727 14.031115
 64.000000 -2.644580 2.666810 24.809699 86.278824
 64.200000 2.905359 2.790257 -0.020311 56.439449
 64.400000 -2.684276 3.080273 24.409673 143.111565
 64.600000 -2.666234 2.561123 24.614014 114.327014
 64.800000 -2.270570 2.751094 24.171224 85.740615
 65.000000 -1.885195 2.691184 22.880350 35.458427
 65.200000 -2.452094 2.317918 25.560671 4.262737
 65.400000 -2.319009 2.917193 24.663176 98.909518
 65.600000 -3.063242 2.767587 14.712122 1942.243873
 65.800000 -3.062727 2.894799 14.734811 1937.938023
 66.000000 -2.926570 2.878559 19.662254 791.174891
 66.200000 -2.633548 2.751712 24.974034 69.895907
 66.400000 -2.581781 2.595654 25.323738 27.928593
 66.600000 -2.269225 2.839165 24.192206 85.831377
 66.800000 -2.381851 2.682500 25.240200 53.307230
 67.000000 -2.426633 2.658225 25.494404 15.753703
 67.200000 -2.630857 2.811184 25.022665 66.271776
 67.400000 3.114143 2.689247 9.694167 2511.345784
 67.600000 2.917173 2.983460 0.279823 1537.140466
 67.800000 -2.888945 2.870284 20.659948 610.040864
 68.000000 -2.547429 2.704967 25.496360 12.357133
 68.200000 -2.663291 2.766778 24.749621 110.940717
 68.400000 -3.080346 2.726985 13.979605 2058.591949
 68.600000 -2.956791 -3.135709 18.778056 989.172322
 68.800000 -2.987457 2.723665 17.756267 1240.705079
 69.000000 -2.430303 2.633952 25.549665 13.248960
 69.200000 -2.013732 2.666059 22.947346 15.760185
 69.400000 -2.199735 2.598798 23.699380 34.747447
 69.600000 -2.359508 2.688798 25.125930 75.726801
 69.800000 -2.621118 2.824291 25.158704 55.868489
 70.000000 -2.995329 2.750260 17.487250 1307.985196
 70.200000 -3.113571 2.855570 12.469015 2261.038027
 70.400000 -2.713962 2.817956 24.166312 215.150232
 70.600000 -2.344857 2.698373 25.021045 90.022985
 70.800000 -2.046792 2.682016 23.097853 16.628950
 71.000000 -2.836736 2.538085 21.894435 468.957383
 71.200000 2.925606 3.025999 0.555754 1597.331877
 71.400000 2.977055 2.921587 2.835577 2319.234906
 71.600000 -2.587076 2.621052 25.432787 28.928161
 71.800000 -2.180084 2.728185 23.617285 24.749945
 72.000000 -2.382319 2.507289 25.368662 54.052966
 72.200000 -2.890780 2.674012 20.673094 621.400064
 72.400000 -3.019952 -3.092670 16.607135 1526.218656
 72.600000 -3.088833 2.701457 13.666491 2098.092908
 72.800000 -2.858866 2.744705 21.434328 523.512931
 73.000000 -2.709929 2.847173 24.276200 209.439630
 73.200000 2.971644 2.647481 2.585886 2321.586279
 73.400000 -2.764641 3.138907 23.399890 336.167284
 73.600000 3.086404 2.767623 8.435175 2594.390031
 73.800000 -2.915609 2.903190 20.046031 729.023019
 74.000000 -2.900752 3.061290 20.437475 661.459036
 74.200000 -3.087603 2.458946 13.778434 2071.003929
 74.400000 -2.490881 2.739716 25.799553 0.320269
 74.600000 -2.226231 2.606854 23.955365 59.668745
 74.800000 -2.370048 2.405165 25.350482 68.742555
 75.000000 -2.228577 2.834153 23.973653 61.888688
 75.200000 -2.698289 2.911475 24.531045 183.187410
 75.400000 -3.091842 2.656484 13.613659 2089.450737
 75.600000 -2.991111 -3.030090 17.743036 1254.500954
 75.800000 2.975957 2.748771 2.811653 2440.218773
 76.000000 -2.975869 2.762362 18.268854 1127.673478
 76.200000 -2.882051 3.001556 20.974809 600.248160
 76.400000 -2.984196 2.656911 18.010912 1191.153631
 76.600000 -2.861928 2.853697 21.455262 542.302283
 76.800000 -2.927216 2.956904 19.790580 793.862474
 77.000000 2.935046 2.687038 0.904054 1868.386664
 77.200000 -2.800458 2.943159 22.826209 413.158230
 77.400000 -2.840524 2.687111 21.974733 491.732202
 77.600000 3.016420 2.764820 4.919604 2763.666005
 77.800000 -3.008670 3.034689 17.167254 1399.216208
 78.000000 3.055891 2.640236 6.996223 2740.409189
 78.200000 -3.064692 2.769297 14.942395 1872.254115
 78.400000 -2.841525 3.077007 21.988773 492.982421
 78.600000 3.034767 2.492731 5.918294 2808.690047
 78.800000 -3.027709 -3.067328 16.475638 1562.009049
 79.000000 3.027300 2.752798 5.522404 2811.434356
 79.200000 3.068226 2.766935 7.728379 2748.961913
 79.400000 -2.585015 2.966195 25.641936 24.887094
 79.600000 -3.008102 2.709729 17.274362 1383.597141
 79.800000 -3.074902 2.896585 14.548235 1941.637965
 80.000000 2.999331 -3.140948 4.069047 2786.248059
 80.200000 -2.901871 2.518208 20.627306 667.535286
 80.400000 -2.382479 2.720255 25.577579 54.894141
 80.600000 -2.196322 2.737147 23.863583 36.679981
 80.800000 -2.422351 2.577689 25.810149 17.767167
 81.000000 -2.478862 2.561129 25.926930 0.014910
 81.200000 -2.834878 2.935703 22.248594 473.010478
 81.400000 -2.825516 -3.085417 22.450125 454.043884
 81.600000 -2.820636 2.567966 22.553570 444.391626
 81.800000 -2.688919 2.907628 24.823820 152.979092
 82.000000 -2.980971 2.886280 18.330934 1145.223184
 82.200000 2.978305 2.794691 3.025004 2768.172920
 82.400000 -2.812199 2.892542 22.772675 425.163650
 82.600000 -2.819351 2.689092 22.624002 439.220004
 82.800000 -2.950822 2.795090 19.347247 923.804513
 83.000000 3.127137 3.139905 10.904964 2461.932304
 83.200000 -3.067496 2.630552 15.087906 1860.904552
 83.400000 -2.524354 2.854792 25.932046 4.372335
 83.600000 -1.990423 2.758928 22.945076 22.318215
 83.800000 -2.302886 2.240094 24.873501 115.171570
 84.000000 -2.154911 2.480753 23.703178 19.163958
 84.200000 -2.004952 3.009303 23.021713 27.704552
 84.400000 -2.532231 2.548438 25.931239 5.613692
 84.600000 -2.729281 2.816062 24.367959 236.098047
 84.800000 3.015360 3.040519 5.084192 3048.614656
 85.000000 3.100418 2.896230 9.664458 2653.826978
 85.200000 -2.481902 2.726849 26.009009 0.000002
 85.400000 -1.900539 2.678825 22.793377 7.162097
 85.600000 -1.986479 2.396719 22.934793 23.344447
 85.800000 -2.379849 2.477877 25.645812 56.038614
 86.000000 -2.422990 3.053298 25.896172 16.623113
 86.200000 -3.116863 2.539338 13.021500 2210.427382
 86.400000 -2.855351 3.023950 22.031340 506.849044
 86.600000 -2.817845 2.975845 22.838995 424.093787
 86.800000 2.942500 2.293029 1.234159 2401.397263
 87.000000 -2.513414 3.121901 25.998843 2.349295
 87.200000 -2.555137 2.964579 25.917673 9.498675
 87.400000 -2.503687 2.130155 26.027073 1.241587
 87.600000 -2.350799 2.546010 25.443659 86.294374
 87.800000 -1.952227 -3.072209 22.809665 8.585805
 88.000000 -2.861489 2.375390 21.942588 520.542309
 88.200000 -2.973412 2.808113 18.939753 1081.268043
 88.400000 3.135263 -2.996124 11.632280 2427.391499
 88.600000 -3.110750 2.720857 13.412631 2163.401459
 88.800000 -2.200234 2.843433 24.040194 42.296085
 89.000000 -1.980904 2.761568 22.931178 23.968987
 89.200000 -2.406912 2.147674 25.909004 27.399897
 89.400000 -2.599460 2.884596 25.784822 24.540327
 89.600000 3.094487 3.101569 9.609385 2750.346019
 89.800000 3.134614 2.858417 11.650858 2433.200022
 90.000000 -2.448250 2.634755 26.056718 3.950955
 90.200000 -2.151945 2.760257 23.814340 20.328635
 90.400000 -2.258871 2.496712 24.560881 96.995440
 90.600000 -2.383082 2.562484 25.786895 51.484893
 90.800000 -2.312508 2.857375 25.127274 115.558988
 91.000000 -2.943156 2.817386 19.986563 875.631748
 91.200000 -3.059272 2.874883 15.843723 1779.239052
 91.400000 -3.126513 -3.133642 12.819277 2266.414569
 91.600000 3.039911 2.757536 6.716382 3216.185721
 91.800000 3.062494 2.771672 7.981117 3048.477280
 92.000000 -2.949944 3.090584 19.831261 922.550719
 92.200000 3.093911 2.742043 9.730982 2783.543476
 92.400000 -3.111049 2.837649 13.601786 2150.464179
 92.600000 -2.861615 3.139976 22.190494 510.039301
 92.800000 -2.956244 2.732988 19.687998 966.037317
 93.000000 -2.465978 2.867681 26.164456 0.514714
 93.200000 -2.135358 2.745665 23.798492 19.534023
 93.400000 -2.347780 2.313517 25.573259 92.915404
 93.600000 -2.010923 2.654880 23.141055 38.026305
 93.800000 -2.314649 2.701862 25.230712 117.337273
 94.000000 -2.944638 2.515257 20.096985 889.415136
 94.200000 3.113956 -3.118172 10.883137 2617.932680
 94.400000 -2.723176 3.125068 24.804952 182.081093
 94.600000 -2.768842 2.383516 24.111960 281.005767
 94.800000 -2.125500 2.706268 23.776431 19.796014
 95.000000 -1.919664 2.893792 22.773218 0.177841
 95.200000 -2.275017 2.165640 24.855191 112.906626
 95.400000 -1.988630 2.781378 23.027707 34.501867
 95.600000 -2.230946 2.916446 24.427162 73.681382
 95.800000 -2.926355 2.424557 20.732429 779.660524
 96.000000 2.933845 3.016679 0.815328 2593.645119
 96.200000 2.917498 -3.118744 0.007994 716.989504
 96.400000 3.031427 2.544078 6.432055 3449.810355
 96.600000 -2.811891 2.936242 23.423677 364.003090
 96.800000 -2.855852 2.856603 22.525380 477.723761
 97.000000 -3.087114 2.738780 14.906524 1965.742404
 97.200000 3.056257 3.084021 7.919892 3259.397808
 97.400000 2.972246 2.786471 2.952547 3414.208281
 97.600000 -2.156592 2.530343 23.988772 25.368905
 97.800000 -1.820942 2.504786 23.269569 101.010174
 98.000000 -2.224917 2.479349 24.432750 69.476454
 98.200000 -2.483472 2.975569 26.324874 0.365890
 98.400000 3.036087 2.930962 6.798785 3485.180621
 98.600000 2.961090 2.872713 2.325042 3310.251495
 98.800000 -1.941739 3.002241 22.833722 9.510770
 99.000000 -1.940009 1.844897 22.828523 8.547111
 99.200000 -1.150229 0.752617 25.291597 438.652340
 99.400000 -0.593762 -0.145873 4.932259 1424.989503
 99.600000 -0.133569 -0.663436 -0.000618 0.000770
 99.800000 -0.639427 -0.582485 6.646365 1415.567838
 100.000000 -0.697037 0.143440 8.871702 1601.130676
 100.200000 -1.238276 1.076032 26.634026 197.542576
 100.400000 -1.545623 1.425224 26.840623 199.595351
 100.600000 -0.903916 0.565826 17.439768 1544.400328
 100.800000 -0.974932 -0.160076 20.078339 1229.949248
 101.000000 -0.409755 -0.387590 -0.000000 0.000000
 101.200000 -0.304299 -0.297355 -0.000000 0.000000
 101.400000 -1.271971 0.563242 27.048070 146.201560
 101.600000 -1.082787 1.252062 23.457195 752.891571
 101.800000 -0.534192 1.258863 2.445828 1524.397779
 102.000000 -0.904516 1.329878 17.439868 1540.033333
 102.200000 -1.265636 0.921099 26.946846 155.017213
 102.400000 -0.871720 0.190949 16.098720 1699.287868
 102.600000 -0.757227 -0.098677 11.160522 1860.656132
 102.800000 -0.573374 -0.246233 3.946197 1466.641328
 103.000000 -0.845913 0.055024 15.016828 1812.200589
 103.200000 -0.832556 0.506533 14.423808 1858.978157
 103.400000 -1.479908 0.911585 27.588740 86.845748
 103.600000 -0.819544 1.122208 13.860034 1893.415144
 103.800000 -0.868275 1.280233 15.935634 1714.966590
 104.000000 -1.045139 1.133572 22.317142 934.959015
 104.200000 -1.534590 0.794611 26.929677 188.412738
 104.400000 -0.718817 0.260722 9.504602 1693.104855
 104.600000 -0.605724 -0.037895 5.148825 1405.743557
 104.800000 -0.858160 0.013889 15.497299 1759.668083
 105.000000 -0.860456 0.189959 15.593487 1749.401149
 105.200000 -0.507045 0.197847 1.319153 1516.795821
 105.400000 -0.885959 0.248238 16.626858 1622.832189
 105.600000 -0.806929 0.289887 13.281689 1911.027553
 105.800000 -0.810397 -0.003981 13.433200 1906.636467
 106.000000 -0.710388 -0.246812 9.151026 1648.780385
 106.200000 -0.604915 -0.311862 5.110449 1413.120451
 106.400000 -0.707256 0.144496 9.022909 1630.339194
 106.600000 -1.081898 0.336516 23.324158 763.279510
 106.800000 -1.348952 1.233894 27.685562 44.408306
 107.000000 -1.035486 1.222036 21.954091 976.791790
 107.200000 -1.378831 0.795600 27.823291 12.813590
 107.400000 -0.984919 0.529999 20.276304 1174.686017
 107.600000 -0.556320 0.040042 3.245460 1540.836352
 107.800000 -0.512470 -0.414753 1.508385 1560.724270
 108.000000 -0.846072 -0.239528 14.956759 1794.756805
 108.200000 -0.472055 -0.397501 -0.018645 91.502222
 108.400000 -0.571499 -0.073703 3.839763 1509.173813
 108.600000 -0.597549 -0.050268 4.839126 1437.532382
 108.800000 -1.104022 0.237993 23.880564 657.753815
 109.000000 -0.653661 0.564539 6.945985 1422.973247
 109.200000 -1.492409 0.808269 27.383241 112.966694
 109.400000 -1.944849 1.227192 22.731650 13.262410
 109.600000 -1.344332 1.144160 27.606069 50.700743
 109.800000 -1.017602 0.910512 21.332912 1049.018026
 110.000000 -1.751328 1.008565 23.833136 146.255897
 110.200000 -0.927917 0.780594 18.194807 1390.006702
 110.400000 -1.168789 0.731218 25.309726 373.972099
 110.600000 -1.373710 0.847746 27.759949 17.834987
 110.800000 -0.806003 0.746359 13.225683 1875.730624
 111.000000 -1.069828 1.115741 22.918980 826.981906
 111.200000 -2.032661 1.251929 23.274382 54.656451
 111.400000 -1.402130 0.879412 27.821796 0.725814
 111.600000 -0.460567 0.051002 -0.003285 0.829235
 111.800000 -0.349558 -0.786252 -0.000000 0.000000
 112.000000 -0.418323 -0.356559 -0.000000 0.000000
 112.200000 -1.008150 0.635095 20.979563 1081.322148
 112.400000 -1.284709 1.311254 27.010303 125.440104
 112.600000 -1.485585 1.390270 27.423564 98.672325
 112.800000 -1.297679 0.917429 27.150796 109.363203
 113.000000 -1.600186 0.869455 25.840111 231.514259
 113.200000 -1.124472 1.209539 24.325548 567.832856
 113.400000 -1.278131 1.119751 26.926573 132.951642
 113.600000 -1.004969 0.775314 20.862479 1091.515569
 113.800000 -1.667896 0.777415 24.844175 185.859442
 114.000000 -1.054401 0.753118 22.425764 902.633008
 114.200000 -1.306736 1.166738 27.226766 97.295838
 114.400000 -1.355444 1.515608 27.623590 37.993975
 114.600000 -1.129838 1.198563 24.446984 544.126477
 114.800000 -0.737758 0.435683 10.326624 1727.027270
 115.000000 -1.657611 0.369937 24.973192 194.302053
 115.200000 -1.725935 0.932062 24.073325 149.323311
 115.400000 -0.494584 0.920349 0.741213 1619.037875
 115.600000 -0.370587 1.679653 -0.000000 0.000000
 115.800000 -1.108096 2.368086 23.911487 652.437849
 116.000000 -0.379669 2.268613 -0.000000 0.000000
 116.200000 -0.703372 1.753713 8.944946 1571.226057
 116.400000 -0.789901 1.354012 12.550119 1842.752155
 116.600000 -1.518099 0.677567 27.028138 170.754756
 116.800000 -1.224804 0.543931 26.220779 214.713863
 117.000000 -0.864493 0.677938 15.693902 1648.884616
 117.200000 -1.336488 1.061857 27.475069 60.280325
 117.400000 -1.422961 0.954909 27.774356 2.973628
 117.600000 -0.759010 0.273474 11.238876 1788.980539
 117.800000 -0.570343 0.093788 3.842572 1603.437177
 118.000000 -0.744626 -0.018325 10.634375 1741.761866
 118.200000 -0.522681 -0.325131 1.887830 1740.835374
 118.400000 -1.094861 0.017956 23.553816 723.978075
 118.600000 -0.709457 0.431673 9.209177 1591.192696
 118.800000 -1.652948 1.249487 25.005842 201.936752
 119.000000 -0.978158 1.407478 19.928077 1172.560246
 119.200000 -0.506454 1.159428 1.211043 1725.405714
 119.400000 -0.878189 1.572326 16.250717 1569.854427
 119.600000 -1.296330 0.791214 27.101610 107.262945
 119.800000 -0.982513 0.289474 20.075156 1158.168302
 120.000000 -0.658674 0.123265 7.258984 1430.882921
 120.200000 -1.116216 0.487965 24.107665 617.888654
 120.400000 -1.297146 0.634824 27.108493 105.992309
 120.600000 -1.158400 1.027251 25.064490 419.916124
 120.800000 -1.479846 1.284486 27.457353 85.066497
 121.000000 -1.286891 1.216656 27.000011 117.923949
 121.200000 -1.340395 0.633131 27.496789 55.244904
 121.400000 -1.844422 0.718218 22.844068 41.868922
 121.600000 -1.213165 1.066342 26.048103 237.578232
 121.800000 -1.400158 1.339831 27.773050 1.790088
 122.000000 -1.160049 1.027774 25.104546 413.345316
 122.200000 -1.460020 0.668888 27.616903 44.723093
 122.400000 -0.991129 0.318782 20.376364 1130.636658
 122.600000 -0.861159 0.571224 15.584929 1641.109987
 122.800000 -1.305948 1.208951 27.203205 94.003642
 123.000000 -1.754318 1.319850 23.679656 129.174829
 123.200000 -1.475419 1.100143 27.499561 75.294863
 123.400000 -0.956055 0.402922 19.174801 1238.051471
 123.600000 -0.741359 0.012731 10.564978 1701.810713
 123.800000 -0.789054 0.095302 12.571621 1811.620802
 124.000000 -0.641592 -0.062601 6.670894 1424.902182
 124.200000 -0.732673 -0.270893 10.220762 1666.221262
 124.400000 -0.501680 -0.212371 1.002167 1781.243774
 124.600000 -0.464530 -0.281028 -0.003441 1.054640
 124.800000 -0.873525 0.173011 16.098258 1580.777531
 125.000000 -1.305292 0.897478 27.211731 91.609446
 125.200000 -1.115080 1.442642 24.120871 636.222832
 125.400000 -0.629624 1.635174 6.247029 1443.963800
 125.600000 -0.565847 1.759987 3.729893 1709.789646
 125.800000 -1.003596 2.300390 20.807979 1092.298661
 126.000000 -0.519522 2.388565 1.764871 1844.566160
 126.200000 -1.003124 2.083478 20.798463 1092.337256
 126.400000 -0.559520 1.617776 3.477946 1752.854811
 126.600000 -0.572371 1.376315 4.010930 1686.327074
 126.800000 -0.932772 1.834201 18.367399 1309.689837
 127.000000 -0.661799 1.763590 7.482265 1433.822128
 127.200000 -0.965698 2.139803 19.544035 1194.632220
 127.400000 -0.847582 2.332667 15.091733 1685.396563
 127.600000 -0.895920 2.239679 17.011095 1463.944378
 127.800000 -0.687029 1.835409 8.466995 1485.736270
 128.000000 -0.752787 1.438920 11.103277 1733.320664
 128.200000 -1.285664 0.683410 27.048244 107.743764
 128.400000 -0.824774 0.172556 14.164428 1760.655060
 128.600000 -0.751870 0.005779 11.087487 1727.087289
 128.800000 -0.585743 -0.221835 4.592625 1635.975890
 129.000000 -0.972959 -0.174654 19.807902 1168.506618
 129.200000 -0.412967 -0.255661 -0.000000 0.000000
 129.400000 -0.527842 -0.008669 2.157623 1912.949538
 129.600000 -1.404925 0.188819 27.786707 0.239035
 129.800000 -0.679278 0.625422 8.221323 1462.066151
 130.000000 -1.382042 1.456008 27.744840 9.672076
 130.200000 -0.765730 1.101499 11.717095 1761.932490
 130.400000 -1.461911 0.867548 27.602994 49.302312
 130.600000 -1.713118 0.704301 24.105117 160.957918
 130.800000 -1.408324 0.868472 27.789241 0.000012
 131.000000 -1.138140 1.416524 24.723890 528.684099
 131.200000 -1.142613 1.675506 24.835242 508.559759
 131.400000 -0.702343 1.723785 9.167919 1529.047189
 131.600000 -0.689712 2.063738 8.677481 1487.809528
 131.800000 -0.696437 1.961197 8.937763 1508.711170
 132.000000 -0.760394 2.021604 11.519218 1745.839141
 132.200000 -0.770493 1.604590 11.967651 1769.470523
 132.400000 -0.793400 1.808639 12.935954 1796.467637
 132.600000 -0.990372 2.173147 20.458386 1095.509705
 132.800000 -0.796083 2.481957 13.049674 1796.537838
 133.000000 -0.956157 2.141470 19.301279 1195.770220
 133.200000 -0.758235 1.466867 11.482637 1733.982165
 133.400000 -1.568387 0.629927 26.261762 258.374947
 133.600000 -1.637208 0.503759 25.154601 239.326783
 133.800000 -1.649050 0.984061 24.973679 227.434991
 134.000000 -0.498447 1.429935 0.902012 1932.245261
 134.200000 -0.773545 2.322690 12.151733 1769.968512
 134.400000 -0.753898 2.531817 11.330879 1716.876316
 134.600000 -0.760704 1.864409 11.613750 1738.165573
 134.800000 -0.798441 1.093888 13.203835 1792.603109
 135.000000 -1.356928 0.701342 27.665053 26.366299
 135.200000 -1.713307 0.711841 24.065444 167.162580
 135.400000 -0.859591 1.021478 15.777273 1624.668301
 135.600000 -1.363362 1.173015 27.701103 20.142312
 135.800000 -0.945535 0.702298 19.005543 1218.340494
 136.000000 -1.441459 0.587274 27.720528 20.470401
 136.200000 -0.547327 0.587506 3.132711 1983.125265
 136.400000 -1.652800 1.115791 24.909378 228.387199
 136.600000 -1.512082 1.229512 27.093642 164.352570
 136.800000 -0.773208 0.601371 12.194484 1766.492336
 137.000000 -0.454566 -0.160566 -0.000103 0.001201
 137.200000 -0.481727 -0.677047 0.175768 2213.209404
 137.400000 -0.432053 -0.615796 -0.000000 0.000000
 137.600000 -0.900523 0.139888 17.431331 1416.963309
 137.800000 -1.446100 1.241977 27.704974 26.907283
 138.000000 -1.409324 1.600826 27.809341 0.296032
 138.200000 -0.712775 1.225497 9.787128 1542.169816
 138.400000 -1.833667 1.036937 22.754370 55.149997
 138.600000 -1.843445 0.559502 22.685576 44.032103
 138.800000 -1.449787 0.679496 27.690189 32.392265
 139.000000 -1.105380 1.263247 24.003991 676.485238
 139.200000 -1.574970 1.601995 26.164901 265.799007
 139.400000 -1.281807 1.240529 27.131117 104.640415
 139.600000 -1.127892 0.323164 24.578381 573.094318
 139.800000 -0.521151 -0.672138 2.000768 2125.119488
 140.000000 -0.471741 -0.520796 -0.022524 16.401043
 140.200000 -0.587432 0.015348 4.975641 1759.725777
 140.400000 -1.474430 1.268672 27.522200 78.179541
 140.600000 -1.825113 2.050990 22.801751 66.702101
 140.800000 -1.964854 2.899779 22.563628 23.948975
 141.000000 -2.900174 2.881205 22.075820 631.678794
 141.200000 2.975181 2.601990 3.226728 4360.630674
 141.400000 -2.790143 -3.114120 24.222071 212.252279
 141.600000 -2.735347 2.739949 24.905832 110.520256
 141.800000 -2.435856 2.595745 26.239273 4.786586
 142.000000 -2.068618 2.729112 23.280966 58.850515
 142.200000 -1.948990 2.575559 22.471292 12.552334
 142.400000 -1.899672 2.144531 22.413297 1.782863
 142.600000 -1.750396 2.666132 23.562263 146.323105
 142.800000 -2.489396 2.575800 26.236039 2.542685
 143.000000 2.920750 2.924843 -0.027829 0.228398
 143.200000 3.086192 2.898188 10.259750 3171.790902
 143.400000 -2.574274 2.774108 25.951869 18.342603
 143.600000 -2.510640 2.593372 26.179152 6.789626
 143.800000 -1.930067 3.134175 22.412960 3.043864
 144.000000 -2.494647 2.257902 26.215134 3.484521
 144.200000 -1.863584 2.597420 22.517079 25.129703
 144.400000 -2.174099 2.677866 24.011122 57.127294
 144.600000 -2.411332 2.663138 26.122798 18.700100
 144.800000 -2.792691 2.764043 24.163154 216.041704
 145.000000 -2.749408 3.015345 24.726035 129.781037
 145.200000 -2.967095 2.680647 20.116003 1051.902708
 145.400000 -2.919255 2.735744 21.545519 743.096079
 145.600000 -2.306412 -3.132482 25.259162 112.506416
 145.800000 -2.574794 2.242964 25.930777 18.287059
 146.000000 -2.062063 2.453926 23.183371 58.769040
 146.200000 -1.871859 2.781872 22.469038 17.654206
 146.400000 -2.282619 2.550193 24.996463 114.041315
 146.600000 -2.976590 2.709926 19.799458 1114.973516
 146.800000 -2.979604 -2.924149 19.698376 1134.849931
 147.000000 2.911682 2.585502 -0.001187 0.258252
 147.200000 3.106966 2.676867 11.375738 2810.694105
 147.400000 -2.375528 3.093452 25.885846 53.050980
 147.600000 -2.766135 2.224482 24.509222 157.265091
 147.800000 -2.422093 2.601733 26.136105 11.461176
 148.000000 -1.978260 2.992774 22.572729 30.974460
 148.200000 -2.033209 2.335200 22.938851 56.305950
 148.400000 -2.130052 1.839490 23.653209 50.066883
 148.600000 -1.673814 2.449129 24.568825 223.175023
 148.800000 -2.409069 2.644803 26.079266 20.327459
 149.000000 -3.074427 3.036619 16.108910 1721.910049
 149.200000 -2.627037 -2.834597 25.650804 27.640129
 149.400000 -2.477953 2.530742 26.187107 0.871439
 149.600000 -1.906967 2.493711 22.373793 0.402814
 149.800000 -2.026490 2.552403 22.884230 54.233761
 150.000000 -2.141521 2.877945 23.725945 50.399094
 150.200000 -2.932255 2.547417 21.166086 827.698778
 150.400000 3.047856 3.029632 7.946292 3905.801286
 150.600000 -2.525646 2.886890 26.078048 10.161811
 150.800000 -1.757985 2.173999 23.430807 139.915892
 151.000000 -0.779237 1.330925 12.763429 1754.315918
 151.200000 -1.261433 0.933077 27.014257 137.157166
 151.400000 -1.920598 0.692104 22.376521 0.552907
 151.600000 -1.921814 0.307092 22.377496 0.742342
 151.800000 -1.030234 0.604349 22.039108 877.560645
 152.000000 -0.672071 1.111177 8.548871 1412.438792
 152.200000 -0.729668 1.876958 10.770526 1561.381154
 152.400000 -1.494705 2.787341 27.331581 130.193166
 152.600000 -2.666945 2.648780 25.396361 42.164875
 152.800000 3.113919 2.942386 11.721955 2699.591272
 153.000000 3.129183 3.131057 12.497765 2472.924331
 153.200000 -2.944854 2.675829 20.785091 910.961653
 153.400000 -2.119375 2.677555 23.541781 47.688873
 153.600000 -1.773415 2.436538 23.241340 122.673199
 153.800000 -1.950360 2.278697 22.444728 11.738648
 154.000000 -2.107804 2.592019 23.461702 48.216427
 154.200000 -2.619322 2.890833 25.653049 25.685868
 154.400000 2.912718 2.556465 -0.001380 0.348811
 154.600000 2.960198 3.048610 2.179768 4132.417895
 154.800000 -3.009833 2.786808 18.606351 1332.350442
 155.000000 -2.522279 2.818702 26.062993 10.043085
 155.200000 -2.041834 2.702978 22.988322 50.846539
 155.400000 -1.958150 2.358096 22.480833 16.101089
 155.600000 -1.908007 2.452390 22.384332 0.136296
 155.800000 -2.255368 2.796707 24.647270 108.990950
 156.000000 -2.656035 2.851467 25.444123 36.549542
 156.200000 -2.877554 2.762879 22.556313 515.201117
 156.400000 2.950914 2.958583 1.588983 3926.632824
 156.600000 -3.110758 2.966829 14.520585 1985.697994
 156.800000 -2.813193 2.670798 23.802807 263.527812
 157.000000 -2.142821 2.778303 23.686801 47.443280
 157.200000 -2.112460 2.462643 23.478363 44.716450
 157.400000 -1.988413 2.477979 22.641382 33.458661
 157.600000 -2.161676 2.788645 23.814889 51.807199
 157.800000 -2.491453 2.711829 26.122984 3.646419
 158.000000 -2.856986 2.972304 22.998505 420.115121
 158.200000 3.107537 2.835451 11.381774 2791.106115
 158.400000 -2.832575 2.699356 23.467274 324.795703
 158.600000 -2.273444 2.757308 24.829450 118.918168
 158.800000 -1.988736 2.661322 22.651582 33.348296
 159.000000 -1.997955 2.349523 22.706553 37.679650
 159.200000 -2.179423 2.371836 23.939437 58.197404
 159.400000 -2.017100 2.969606 22.839331 43.711659
 159.600000 -2.456336 2.751285 26.143022 0.079425
 159.800000 3.001835 2.588781 4.940863 4471.822581
 160.000000 2.987821 -2.896018 4.002745 4473.251407
 160.200000 -3.005873 2.882887 18.735589 1312.454886
 160.400000 -2.299199 2.092556 25.108210 121.402261
 160.600000 -1.569080 2.343122 26.237352 268.092674
 160.800000 -1.892537 2.664858 22.422966 2.177303
 161.000000 2.944601 2.408418 1.200667 3773.319516
 161.200000 -3.109685 -3.016043 14.558849 1964.053474
 161.400000 3.003359 2.804024 5.049515 4467.717481
 161.600000 -2.804192 2.949936 23.939231 233.110354
 161.800000 -2.209023 2.797282 24.176860 76.705071
 162.000000 -2.138113 2.170294 23.649290 42.137317
 162.200000 -1.821606 2.285194 22.755482 57.828092
 162.400000 -2.155762 2.409626 23.766018 45.762342
 162.600000 -2.697186 2.952506 25.121465 57.226445
 162.800000 -2.843411 3.100624 23.269433 361.066016
 163.000000 -2.270625 2.682159 24.790638 120.125406
 163.200000 -1.810684 2.114735 22.841535 69.785239
 163.400000 -1.748296 2.051840 23.488305 146.988432
 163.600000 -1.922612 2.401925 22.449131 2.608864
 163.800000 -2.614727 2.764801 25.605776 23.570118
 164.000000 2.848054 2.972293 -0.000000 0.000000
 164.200000 3.058278 2.814091 8.599538 3686.901143
 164.400000 -2.937729 2.609187 20.989445 876.368112
 164.600000 -2.680177 2.928660 25.232028 44.480712
 164.800000 -2.848944 2.972415 23.165984 381.894590
 165.000000 -3.002170 2.426621 18.863900 1300.396701
 165.200000 -2.946611 2.701932 20.725597 938.547195
 165.400000 -2.200308 -3.088665 24.095821 69.670167
 165.600000 -2.578755 2.374922 25.756868 19.457808
 165.800000 -2.250128 1.849769 24.568261 110.508798
 166.000000 -1.582146 2.376331 26.004211 273.562130
 166.200000 -1.937812 2.639274 22.515133 9.172539
 166.400000 3.055969 2.596232 8.469316 3723.743846
 166.600000 2.844336 -2.992675 -0.000000 0.000000
 166.800000 -2.949271 2.868623 20.647979 958.808444
 167.000000 -2.379084 2.250268 25.865267 45.609644
 167.200000 -1.590664 2.521668 25.856533 275.493752
 167.400000 -2.451664 2.586092 26.112810 0.048157
 167.600000 2.923810 2.765843 -0.001596 731.775669
 167.800000 -3.094629 -2.919588 15.208583 1837.396003
 168.000000 -3.025083 2.519847 18.018737 1444.241264
 168.200000 -2.272148 2.764030 24.810880 123.571901
 168.400000 -1.429142 2.787704 27.755280 15.375336
 168.600000 -1.657008 1.813019 24.766059 250.647938
 168.800000 -1.529208 0.829193 26.815246 198.299831
 169.000000 -0.580988 -0.015266 5.058114 1997.010272
 169.200000 0.152875 -0.700902 -0.000000 0.000000
