#! FIELDS time phi psi ves.bias ves.force2
#! SET min_phi -pi
#! SET max_phi pi
#! SET min_psi -pi
#! SET max_psi pi
 0.000000 -1.498385 0.273949 23.369432 70.063852
 0.200000 -0.812458 0.580535 10.543789 1573.221272
 0.400000 -1.391207 1.342374 23.972052 4.890860
 0.600000 -1.102867 1.057548 20.475733 641.656157
 0.800000 -1.623291 0.631794 21.994729 176.773561
 1.000000 -1.665548 0.626083 21.419982 187.518329
 1.200000 -0.825407 1.027337 11.020630 1601.532898
 1.400000 -1.104958 1.495857 20.704067 688.795705
 1.600000 -1.004016 1.542969 17.682013 1123.300329
 1.800000 -1.236927 1.089535 23.469915 216.616236
 2.000000 -1.758158 0.586616 20.371107 144.148016
 2.200000 -1.319166 0.287369 24.291287 11.994845
 2.400000 -0.904815 0.809322 14.224809 1390.574307
 2.600000 -1.540408 1.404911 23.300113 86.481935
 2.800000 -1.412922 1.128601 24.187362 21.068459
 3.000000 -0.723347 0.377203 6.742423 2163.117720
 3.200000 -0.612422 -0.423094 1.583888 1891.753169
 3.400000 -0.557181 -0.605450 -0.002148 0.339500
 3.600000 -0.629280 -0.084459 2.335693 2079.666362
 3.800000 -1.000279 0.546096 17.659383 1118.108149
 4.000000 -1.248465 1.156006 23.791831 146.949184
 4.200000 -1.271998 0.858136 24.068584 81.794558
 4.400000 -0.990325 0.833357 17.359720 1152.036230
 4.600000 -1.564506 0.944109 23.339423 124.788066
 4.800000 -0.874217 0.967961 13.183319 1415.966347
 5.000000 -1.581818 1.128001 23.132976 160.905607
 5.200000 -1.207350 0.902802 23.314162 303.503626
 5.400000 -0.988964 0.477113 17.344517 1165.753535
 5.600000 -1.067334 0.150981 19.871796 907.435067
 5.800000 -1.243309 0.349851 23.856435 161.008847
 6.000000 -0.795833 0.918213 10.149699 1649.232521
 6.200000 -0.747868 1.984028 8.182866 1872.740160
 6.400000 -0.760613 2.317395 8.729404 1805.688508
 6.600000 -0.661885 2.236811 4.274544 2177.728199
 6.800000 -0.862377 1.633867 12.794717 1446.561243
 7.000000 -1.052105 0.744258 19.487440 992.396685
 7.200000 -1.284124 0.247507 24.412691 41.575079
 7.400000 -0.735079 0.384113 7.769829 1925.137685
 7.600000 -1.501883 1.024699 24.167838 41.374121
 7.800000 -1.416419 1.166086 24.518579 6.338484
 8.000000 -0.679675 0.657818 5.250254 2182.659240
 8.200000 -0.835730 0.036185 11.958732 1449.230022
 8.400000 -0.485263 -0.398984 -0.000000 0.000000
 8.600000 -0.488109 -0.326098 -0.000000 0.000000
 8.800000 -1.389071 0.472932 24.659816 2.810259
 9.000000 -1.263997 1.504003 24.333577 83.843577
 9.200000 -0.502961 1.767324 -0.000000 0.000000
 9.400000 -0.940401 2.560017 15.879745 1271.918700
 9.600000 -0.942728 2.349944 15.962671 1268.120690
 9.800000 -0.454690 1.695828 -0.000000 0.000000
 10.000000 -1.018964 1.242868 18.591415 1095.706670
 10.200000 -1.298588 0.610013 24.696111 29.263641
 10.400000 -0.573684 0.129680 0.743486 1792.806512
 10.600000 -0.592107 -0.272023 1.544536 1990.337114
 10.800000 -0.594932 -0.589319 1.670988 2017.918999
 11.000000 -0.643160 -0.460071 3.919823 2257.542478
 11.200000 -0.626657 -0.016525 3.293560 2252.603079
 11.400000 -0.915723 0.227783 15.207232 1323.287459
 11.600000 -1.073075 0.431549 20.409269 846.394869
 11.800000 -1.543634 0.848777 23.976723 144.609123
 12.000000 -1.375298 1.377699 24.904809 1.195410
 12.200000 -0.880216 1.286534 13.988356 1402.081004
 12.400000 -1.273390 1.548683 24.629656 89.990205
 12.600000 -1.609327 1.267161 22.919516 393.009995
 12.800000 -0.910300 0.253968 15.106065 1353.716821
 13.000000 -0.790845 -0.425970 10.593508 1502.200448
 13.200000 -0.868833 -0.380827 13.651455 1429.195954
 13.400000 -0.748202 -0.007005 9.008738 1616.973813
 13.600000 -1.242934 1.085227 24.332490 203.784765
 13.800000 -0.934600 2.130064 16.090692 1292.066980
 14.000000 -0.606255 2.663508 2.626437 2254.844411
 14.200000 -1.164914 1.840003 22.869616 533.018455
 14.400000 -1.119552 0.376326 21.765096 645.116499
 14.600000 -0.507520 -0.904213 -0.000001 0.000000
 14.800000 -0.490197 -0.469731 -0.000000 0.000000
 15.000000 -1.099751 0.546406 21.254685 683.613136
 15.200000 -1.181872 1.495530 23.289604 495.373219
 15.400000 -0.596036 1.642884 2.417944 2297.904089
 15.600000 -0.858938 2.086047 13.461922 1488.510476
 15.800000 -0.513483 2.266473 -0.000011 0.000013
 16.000000 -0.880476 2.200559 14.291025 1470.792519
 16.200000 -0.642452 1.813678 4.794098 2218.881138
 16.400000 -0.693204 1.517950 7.075471 1816.870609
 16.600000 -1.164652 1.849601 22.941115 566.274296
 16.800000 -2.050481 1.710983 19.242865 30.090930
 17.000000 -2.043938 2.557768 19.208012 26.736488
 17.200000 -2.279154 3.066310 21.121669 49.533769
 17.400000 -3.130781 2.381219 9.000903 2700.698812
 17.600000 -2.849711 2.969503 19.178787 559.251010
 17.800000 -2.671328 3.135118 21.874357 73.931962
 18.000000 3.085283 2.269600 5.335939 3080.351132
 18.200000 -2.418029 3.001234 21.957895 38.150143
 18.400000 -2.255085 2.841249 20.909832 59.878752
 18.600000 -2.300728 2.215431 21.231113 41.781525
 18.800000 -1.605763 2.530865 22.861461 426.011418
 19.000000 -2.395400 2.525518 21.816813 39.129155
 19.200000 -2.940043 2.788329 16.578416 987.235353
 19.400000 -2.737784 -2.896588 21.111036 159.546861
 19.600000 -2.329687 2.526847 21.394139 36.640656
 19.800000 -1.744506 1.945830 19.710521 326.768239
 20.000000 -1.031038 1.173735 19.603405 717.631498
 20.200000 -0.788501 0.121152 11.103635 1401.921167
 20.400000 -0.487225 -0.922387 -0.000000 0.000000
 20.600000 -0.549324 -0.276108 0.743370 2240.060345
 20.800000 -0.996696 0.715748 18.675077 839.596941
 21.000000 -1.825969 1.456931 18.729067 26.620582
 21.200000 -1.732128 1.659214 19.880402 400.930128
 21.400000 -1.614186 1.867616 22.621068 467.421470
 21.600000 -1.904255 1.577610 18.612038 2.594172
 21.800000 -1.552999 1.883536 23.737000 217.676552
 22.000000 -1.911947 1.949202 18.625428 3.466221
 22.200000 -1.945444 2.546517 18.696336 5.273433
 22.400000 -2.194625 2.963399 20.316258 101.265352
 22.600000 -3.137160 2.594854 8.504916 2755.074966
 22.800000 -3.059163 3.039677 12.187821 1742.229118
 23.000000 -2.951514 3.096074 16.096836 1041.763140
 23.200000 -2.707464 2.425089 21.330060 107.532534
 23.400000 -2.055568 2.654815 19.066715 30.472684
 23.600000 -2.100487 2.524180 19.376617 68.144628
 23.800000 -1.893650 2.684405 18.610498 1.220429
 24.000000 -2.740930 2.420176 20.946089 161.066126
 24.200000 -2.714967 -3.111327 21.220692 118.565019
 24.400000 3.118345 2.815307 6.973901 3007.731739
 24.600000 3.071252 2.687509 4.374561 2963.389456
 24.800000 -2.189405 3.000179 20.242166 106.506120
 25.000000 -1.779586 2.539987 19.103107 147.543915
 25.200000 -1.998964 1.926810 18.859836 5.557411
 25.400000 -1.806034 2.258433 18.852423 54.123790
 25.600000 -2.013727 2.835352 18.897965 8.051122
 25.800000 -2.685648 2.842039 21.497457 86.336702
 26.000000 -3.119427 2.957667 9.364362 2500.469332
 26.200000 2.997867 2.899475 0.789537 1660.856934
 26.400000 -2.981061 2.650685 14.998856 1155.414311
 26.600000 -2.674325 2.936849 21.581705 77.484020
 26.800000 3.079641 2.970097 4.831062 3028.995620
 27.000000 3.002111 2.520471 0.964734 1749.719008
 27.200000 -2.352923 3.038687 21.448337 30.198575
 27.400000 -1.989227 2.763824 18.901143 1.443793
 27.600000 -2.030335 2.083807 18.974398 6.980265
 27.800000 -1.924310 1.710222 18.822286 2.226686
 28.000000 -1.465584 1.884942 24.597855 83.862187
 28.200000 -1.733732 1.710651 19.804563 339.190264
 28.400000 -1.774521 1.775378 19.194931 127.669373
 28.600000 -1.748686 1.648970 19.547324 254.209536
 28.800000 -1.717685 1.707782 20.119112 429.115485
 29.000000 -1.912549 1.342981 18.867179 2.496481
 29.200000 -1.119176 0.900502 21.729324 680.649815
 29.400000 -1.358148 0.666422 25.437731 27.239718
 29.600000 -1.741399 0.967346 19.696690 281.190306
 29.800000 -1.121980 1.164004 21.802657 687.470280
 30.000000 -0.555607 0.977225 1.599771 2583.152081
 30.200000 -1.179530 1.144621 23.328101 703.052399
 30.400000 -1.906952 1.008958 18.990036 1.529941
 30.600000 -1.033241 0.680866 19.616675 569.063263
 30.800000 -1.497903 0.816049 24.228638 95.392643
 31.000000 -1.716658 1.207979 20.188452 404.184387
 31.200000 -1.627726 1.269280 22.224825 488.090216
 31.400000 -0.879326 0.811329 14.742038 1572.665847
 31.600000 -1.741191 0.788841 19.785668 256.871930
 31.800000 -1.319974 1.126035 25.504591 0.803990
 32.000000 -1.369340 1.297852 25.344533 42.664695
 32.200000 -1.814847 1.178302 19.142107 14.094288
 32.400000 -1.671859 0.547648 21.240177 526.891507
 32.600000 -0.584577 0.097866 3.181476 2566.851860
 32.800000 -1.497041 0.566988 24.222146 92.013539
 33.000000 -1.663051 1.294211 21.443090 533.142128
 33.200000 -1.423631 1.384766 24.884191 80.444849
 33.400000 -1.112276 1.023430 21.493817 658.728702
 33.600000 -1.309161 0.711878 25.463936 9.905915
 33.800000 -1.097877 0.628417 21.130100 617.649044
 34.000000 -1.554857 1.106852 23.570337 188.686632
 34.200000 -1.494463 1.103500 24.250245 85.976839
 34.400000 -1.089650 0.844662 20.932625 597.208625
 34.600000 -1.267738 0.590543 25.143252 157.884605
 34.800000 -1.016184 0.840781 19.190033 603.610360
 35.000000 -1.077027 1.368639 20.627949 569.158308
 35.200000 -0.961550 1.301051 17.698691 960.168357
 35.400000 -1.486926 0.820516 24.336719 80.898728
 35.600000 -1.431503 0.762749 24.826259 78.771666
 35.800000 -0.998277 1.019255 18.745799 690.053770
 36.000000 -1.280445 1.242198 25.292189 91.667966
 36.200000 -1.458317 0.677029 24.612860 75.705772
 36.400000 -1.401632 0.784536 25.106213 70.295611
 36.600000 -1.226934 1.062060 24.479549 436.020820
 36.800000 -1.412516 1.256844 25.013378 74.761714
 37.000000 -1.350691 0.599830 25.450986 18.151365
 37.200000 -0.921973 0.517755 16.360856 1358.192096
 37.400000 -1.591413 1.226488 23.107477 302.118575
 37.600000 -1.249181 1.025631 24.926864 276.704116
 37.800000 -1.126150 0.630798 21.928770 696.912068
 38.000000 -1.667385 0.719074 21.561093 471.376414
 38.200000 -1.552219 1.160150 23.739181 177.604528
 38.400000 -0.814493 1.036146 12.084433 1474.931182
 38.600000 -1.717577 1.060241 20.581480 320.675858
 38.800000 -1.592256 0.498854 23.121985 307.706122
 39.000000 -0.857884 0.091331 13.814984 1667.148812
 39.200000 -1.054085 0.273296 20.213723 568.524519
 39.400000 -1.491986 0.659867 24.447304 90.651410
 39.600000 -1.693877 1.373761 21.081554 402.410187
 39.800000 -1.468775 1.474637 24.662101 82.197966
 40.000000 -0.845994 0.580318 13.318794 1650.161136
 40.200000 -0.652193 -0.510849 6.391950 1584.076617
 40.400000 -0.455542 -0.609888 -0.000000 0.000000
 40.600000 -1.035206 0.124275 19.792014 597.960397
 40.800000 -1.418325 1.356082 25.164334 74.402187
 41.000000 -1.529561 1.589409 24.100603 136.248956
 41.200000 -1.228372 1.013817 24.655956 424.625015
 41.400000 -0.775250 0.076077 10.615156 1207.857371
 41.600000 -0.544722 -0.703504 1.330359 2532.767754
 41.800000 -0.837616 -0.544786 12.967016 1629.682444
 42.000000 -0.455466 0.233471 -0.000000 0.000000
 42.200000 -1.480954 0.987306 24.710815 93.645506
 42.400000 -1.848241 1.326303 19.563324 10.533265
 42.600000 -1.417004 1.434103 25.290210 70.921952
 42.800000 -1.033455 1.093777 19.818155 618.192691
 43.000000 -1.919604 0.952618 19.341103 13.769861
 43.200000 -1.745667 0.762340 20.382312 184.173592
 43.400000 -1.145106 0.759818 22.648177 700.478157
 43.600000 -1.379360 1.173881 25.627966 37.734409
 43.800000 -1.817820 1.545085 19.729395 27.306716
 44.000000 -1.666176 1.971421 21.806331 432.337584
 44.200000 -1.879500 2.546878 19.523553 14.477171
 44.400000 -2.682111 2.905092 20.986092 60.746734
 44.600000 -2.911459 2.948889 16.649300 933.176117
 44.800000 -3.099631 2.694822 10.080489 1967.930011
 45.000000 -2.712051 2.830700 20.729055 90.180741
 45.200000 -2.077047 2.717357 18.899108 9.721609
 45.400000 -1.863866 2.327741 19.619909 17.696764
 45.600000 -2.127845 2.308069 19.182115 58.911660
 45.800000 -2.153880 2.868299 19.400475 80.205535
 46.000000 -2.972434 2.668857 14.693282 1033.822916
 46.200000 3.120322 2.871317 6.911415 2874.853834
 46.400000 -2.785114 3.076706 19.733461 294.620597
 46.600000 -2.719521 2.213600 20.600396 97.913436
 46.800000 -1.755535 2.596035 20.432403 144.576804
 47.000000 -2.092890 2.613272 18.946802 22.261301
 47.200000 -2.648775 2.840883 21.130505 38.645294
 47.400000 -2.972897 2.980085 14.612125 1024.590994
 47.600000 -2.070555 2.992445 18.851810 5.549920
 47.800000 -2.123986 2.145999 19.119820 53.483368
 48.000000 -1.798959 1.757591 20.069647 56.595545
 48.200000 -1.703148 1.461450 21.308282 299.991955
 48.400000 -1.267463 0.830279 25.476074 184.760649
 48.600000 -1.842954 0.709283 19.844006 30.204761
 48.800000 -1.430344 1.056780 25.461073 73.958876
 49.000000 -1.126065 1.305461 22.278339 661.744917
 49.200000 -1.288116 1.308882 25.729592 90.918511
 49.400000 -1.580306 0.731655 23.671730 292.319317
 49.600000 -0.982515 0.854960 18.547177 969.074795
 49.800000 -1.469354 1.371237 25.135432 101.169219
 50.000000 -1.532733 1.324584 24.399696 182.658853
 50.200000 -0.914734 0.398626 16.118053 1615.104537
 50.400000 -0.811723 -0.212352 11.863227 1495.042592
 50.600000 -0.630947 -0.641827 5.580777 1733.909199
 50.800000 -0.609434 -0.230956 4.645853 2044.414226
 51.000000 -0.941021 0.597134 17.136179 1377.552062
 51.200000 -1.744780 1.424085 20.827368 163.660935
 51.400000 -1.709100 1.623095 21.348196 266.514989
 51.600000 -1.788084 1.715044 20.364254 77.351142
 51.800000 -1.761665 1.596136 20.625790 123.197564
 52.000000 -1.743849 1.420171 20.839327 166.114316
 52.200000 -1.180870 0.897573 23.777545 621.934972
 52.400000 -1.419446 0.552360 25.703695 57.824345
 52.600000 -1.727430 0.828239 21.130358 209.543049
 52.800000 -1.288839 1.459774 25.788025 92.775878
 53.000000 -0.926811 1.324498 16.602093 1537.520940
 53.200000 -1.834833 1.347810 20.104870 54.579654
 53.400000 -1.726515 1.111034 21.205383 210.543756
 53.600000 -0.483765 0.419609 -0.000004 0.000002
 53.800000 -0.702407 -0.202694 8.154762 1015.875447
 54.000000 -0.935114 -0.305733 16.928987 1469.218056
 54.200000 -0.790715 -0.187494 11.048998 1326.019300
 54.400000 -0.559294 0.029586 2.289805 2469.984715
 54.600000 -1.905532 0.678048 19.582759 72.596988
 54.800000 -2.118609 1.291728 18.971738 48.945362
 55.000000 -0.987028 1.539892 18.750467 980.980403
 55.200000 -0.955654 1.651780 17.711557 1281.467972
 55.400000 -0.815626 2.262964 11.991900 1547.827335
 55.600000 -0.883749 2.240724 14.839526 1822.260287
 55.800000 -0.711653 2.218157 8.442320 984.409073
 56.000000 -0.734415 1.701223 9.155482 993.360205
 56.200000 -0.627776 1.217570 5.494181 1703.405238
 56.400000 -1.568447 0.934671 24.160258 262.826840
 56.600000 -1.214775 0.337300 24.635094 470.203692
 56.800000 -0.491516 0.348051 -0.000115 0.001904
 57.000000 -1.141688 0.787850 22.860979 647.170808
 57.200000 -1.524007 1.097734 24.851275 169.880329
 57.400000 -1.082486 1.124890 21.394407 620.768334
 57.600000 -1.369439 0.990370 26.113865 5.858548
 57.800000 -1.783790 1.145708 20.741274 104.705801
 58.000000 -1.233702 0.843273 25.034678 367.669122
 58.200000 -0.892262 0.343205 15.260293 1803.765080
 58.400000 -1.451307 0.766996 25.666591 71.837925
 58.600000 -1.508004 1.266999 25.092115 141.635490
 58.800000 -0.850457 1.022703 13.471499 1799.569006
 59.000000 -1.481281 0.979920 25.386961 104.038805
 59.200000 -0.895045 0.560322 15.400789 1793.699205
 59.400000 -0.555535 0.219206 2.197485 2444.483801
 59.600000 -0.798547 -0.387899 11.393400 1426.439796
 59.800000 -0.630517 -0.625710 5.640298 1640.577728
 60.000000 -0.533711 -0.105347 1.120024 2400.257712
 60.200000 -1.092687 0.707813 21.727072 620.704237
 60.400000 -1.460723 1.376750 25.661863 77.178869
 60.600000 -1.552668 1.738425 24.576518 226.298100
 60.800000 -1.554445 1.289103 24.549684 230.064123
 61.000000 -1.138264 0.411952 22.868631 632.547732
 61.200000 -0.718053 -0.053261 8.701727 994.770349
 61.400000 -0.773075 -0.167526 10.506909 1229.212747
 61.600000 -0.934511 -0.009998 17.059133 1491.566712
 61.800000 -0.903126 0.500956 15.793103 1746.726677
 62.000000 -1.511532 0.998805 25.185886 143.666298
 62.200000 -1.668906 1.162167 22.637682 317.742075
 62.400000 -0.745448 0.850227 9.597060 1066.490546
 62.600000 -1.594824 0.631606 23.989694 309.713299
 62.800000 -1.728924 0.874199 21.665984 203.719881
 63.000000 -1.226781 1.064187 24.976709 384.057881
 63.200000 -1.032650 1.074869 20.273333 719.278063
 63.400000 -1.651548 1.242840 23.009104 335.398636
 63.600000 -1.692295 0.862748 22.291226 277.902616
 63.800000 -0.655478 0.540207 6.660138 1318.613015
 64.000000 -1.428273 0.908491 26.019725 36.869415
 64.200000 -1.370739 1.036070 26.262659 1.310627
 64.400000 -0.914592 0.853315 16.352744 1652.073433
 64.600000 -1.227294 0.768360 25.018015 371.883907
 64.800000 -1.627414 0.811342 23.509902 338.061393
 65.000000 -1.121781 0.916030 22.557825 623.749661
 65.200000 -1.402627 1.016644 26.216426 14.452455
 65.400000 -1.593601 1.092744 24.168532 302.989924
 65.600000 -1.015966 0.767765 19.866269 797.800946
 65.800000 -1.421899 0.913301 26.129080 27.431655
 66.000000 -1.559355 0.963751 24.732149 235.989426
 66.200000 -0.964051 0.886820 18.279207 1190.193770
 66.400000 -1.273417 1.047042 25.796772 158.075616
 66.600000 -1.624327 0.816598 23.672723 334.472998
 66.800000 -1.094147 0.683323 21.928306 620.504747
 67.000000 -1.130653 0.972516 22.836870 617.726607
 67.200000 -1.600288 1.091490 24.163383 311.176557
 67.400000 -1.289991 0.769575 26.005644 100.567138
 67.600000 -1.031458 0.739975 20.357196 727.602029
 67.800000 -1.709391 0.997168 22.240692 249.979080
 68.000000 -1.357395 1.293586 26.355783 0.726747
 68.200000 -0.978856 1.063530 18.838806 1055.808150
 68.400000 -1.790087 0.984207 21.155940 169.325830
 68.600000 -1.824136 0.595076 20.713752 171.294752
 68.800000 -1.369532 0.668180 26.392139 0.066438
 69.000000 -0.993228 1.321541 19.292657 941.855389
 69.200000 -0.572284 1.879077 3.196865 2295.192748
 69.400000 -0.837864 2.262314 13.249892 1792.610108
 69.600000 -0.678785 2.254411 7.540952 1141.906300
 69.800000 -0.985137 1.844654 19.072818 1004.165363
 70.000000 -0.612844 1.390366 5.044507 1825.976594
 70.200000 -1.552315 1.438862 25.122020 214.523443
 70.400000 -1.672551 0.609107 23.039080 311.597338
 70.600000 -1.694192 0.399821 22.665645 282.913148
 70.800000 -1.397106 1.113714 26.427631 5.672253
 71.000000 -0.673298 1.914581 7.373495 1181.802753
 71.200000 -0.850531 2.505017 13.863641 1846.870480
 71.400000 -0.817397 2.323567 12.468124 1676.105363
 71.600000 -0.544061 1.471567 1.851706 2413.036378
 71.800000 -1.174321 1.269177 24.036360 545.380910
 72.000000 -1.245262 0.673883 25.490830 277.435891
 72.200000 -0.348599 -0.162824 -0.000000 0.000000
 72.400000 -0.445021 -0.476591 -0.000000 0.000000
 72.600000 -0.696809 -0.300950 8.205656 1090.511031
 72.800000 -0.665877 0.047666 7.154456 1247.117713
 73.000000 -1.041875 0.406125 20.796274 685.322309
 73.200000 -1.870515 0.787197 20.123570 248.925188
 73.400000 -1.879503 1.294911 19.981588 249.754724
 73.600000 -1.680538 1.679796 23.073154 308.040639
 73.800000 -1.900128 1.654617 19.657263 242.403433
 74.000000 -2.169088 1.746716 18.938373 50.788069
 74.200000 -2.090747 2.601206 18.385447 24.616620
 74.400000 -2.848780 2.926681 17.320239 772.141711
 74.600000 3.015695 2.879558 0.689217 1770.957415
 74.800000 -2.502165 2.910135 20.654275 0.913072
 75.000000 -2.423935 2.394913 20.376544 32.592967
 75.200000 -1.946145 2.452674 18.962417 181.131196
 75.400000 -2.235817 2.949033 19.286869 26.076506
 75.600000 -3.072285 2.826470 10.302880 1533.479197
 75.800000 3.133143 2.863389 6.699956 2776.553336
 76.000000 -3.005392 2.700118 12.596942 950.208847
 76.200000 -2.803751 2.942792 18.380021 499.369912
 76.400000 -2.611394 2.905939 20.369286 14.596108
 76.600000 -2.835293 2.584185 17.607182 700.397363
 76.800000 -3.012465 2.875270 12.347088 976.325876
 77.000000 -3.126862 3.123320 7.853896 2438.547915
 77.200000 3.021379 2.605691 0.849837 1861.053614
 77.400000 -2.564659 2.811774 20.488470 6.693800
 77.600000 -2.206996 2.787525 19.075453 32.914193
 77.800000 -2.430390 2.438697 20.316537 29.446727
 78.000000 -2.337655 2.753579 19.740207 34.685800
 78.200000 -2.655043 2.913767 20.113963 24.740169
 78.400000 -3.021208 2.652034 12.027541 1014.881647
 78.600000 -2.866743 3.023425 16.662369 847.526905
 78.800000 -3.113097 2.788310 8.472992 2214.204320
 79.000000 -2.849284 2.874164 17.160347 775.607076
 79.200000 -2.783798 2.796487 18.700924 374.317066
 79.400000 -2.913606 2.745801 15.236490 903.466458
 79.600000 -2.337951 3.013776 19.696166 35.571869
 79.800000 -2.755770 2.403002 19.181394 223.766227
 80.000000 -2.544501 2.719330 20.469865 3.391867
 80.200000 -2.631437 2.992333 20.166319 17.722441
 80.400000 -2.887396 2.758586 15.999029 887.854030
 80.600000 -2.935851 2.774370 14.550940 879.312062
 80.800000 -2.838938 2.873231 17.386594 719.534029
 81.000000 -2.980185 2.707123 13.246824 866.732584
 81.200000 -2.930644 2.719166 14.695985 877.720765
 81.400000 -2.774361 3.041082 18.829209 320.306969
 81.600000 3.018630 2.659554 0.638047 1799.456088
 81.800000 3.042705 2.737204 1.730381 2337.529436
 82.000000 -2.441767 -3.071151 20.286805 22.287472
 82.200000 -2.156618 2.239164 18.637824 46.289062
 82.400000 -1.728980 1.511363 22.626707 291.939177
 82.600000 -1.272082 0.579052 26.034077 177.077268
 82.800000 -0.372907 -0.339224 -0.000000 0.000000
 83.000000 -0.621245 -0.584051 5.633435 1717.559280
 83.200000 -0.834722 -0.042629 13.536820 1811.256853
 83.400000 -0.696217 0.623651 8.399028 1128.554534
 83.600000 -1.515946 1.253058 26.127660 110.975936
 83.800000 -1.220517 0.983519 25.188741 376.595406
 84.000000 -1.326814 0.677498 26.576436 40.997937
 84.200000 -1.607007 0.852841 24.859933 296.084633
 84.400000 -0.831731 1.068675 13.429627 1796.769760
 84.600000 -1.161185 1.723317 23.910508 541.965308
 84.800000 -0.831646 1.845381 13.426030 1796.392386
 85.000000 -0.689899 2.197635 8.202086 1146.697607
 85.200000 -0.709835 2.249479 8.890787 1123.833298
 85.400000 -0.966430 2.097389 18.851975 1104.647664
 85.600000 -0.658012 1.943276 7.103916 1328.302840
 85.800000 -0.855183 1.733269 14.457228 1852.957482
 86.000000 -1.287247 1.568634 26.238858 129.837644
 86.200000 -1.723278 0.860331 22.829939 311.435887
 86.400000 -0.734417 0.069060 9.747692 1178.267143
 86.600000 -0.322322 -0.454322 -0.000000 0.000000
 86.800000 -0.561576 -0.393006 2.985358 2365.020226
 87.000000 -1.465387 0.204933 26.612082 32.709403
 87.200000 -1.057996 1.623009 21.467414 616.303142
 87.400000 -0.753088 2.352760 10.426706 1271.748787
 87.600000 -0.996068 2.514708 19.812678 865.247320
 87.800000 -1.089860 1.855492 22.245201 582.261510
 88.000000 -0.649097 1.132512 6.818266 1410.906127
 88.200000 -2.018704 0.690618 18.063461 19.645225
 88.400000 -2.793899 0.025466 18.320408 426.364121
 88.600000 -2.089726 -0.000221 18.100718 20.573421
 88.800000 -0.876878 0.639623 15.466126 1800.901040
 89.000000 -0.597142 1.920733 4.702744 2021.961429
 89.200000 -0.939662 2.700847 17.995887 1334.063683
 89.400000 -2.652447 2.452348 19.873753 21.527659
 89.600000 3.061952 2.996628 2.548986 2726.705526
 89.800000 -2.896540 -2.900936 15.611712 853.745863
 90.000000 -2.851765 2.212241 16.890992 751.632553
 90.200000 -2.202854 2.462015 18.742729 29.940900
 90.400000 -2.082512 2.828432 18.030015 15.149689
 90.600000 -2.979848 2.634477 13.185219 841.786103
 90.800000 -2.464647 2.872865 20.172339 10.513387
 91.000000 -2.162473 2.799932 18.500920 41.363738
 91.200000 -2.753517 2.433254 18.975937 208.217808
 91.400000 -2.994981 3.059152 12.731961 877.155320
 91.600000 3.098082 2.952045 4.480731 3102.122407
 91.800000 -2.762726 2.524561 18.836637 250.547245
 92.000000 -2.344492 2.749559 19.453664 40.702751
 92.200000 -2.303254 2.814327 19.188985 28.440792
 92.400000 -2.512843 2.571085 20.211621 0.016635
 92.600000 -2.703801 2.909793 19.510137 64.140751
 92.800000 -2.819661 2.964490 17.680211 581.904405
 93.000000 -2.978926 2.735698 13.193244 837.357402
 93.200000 -3.137480 2.773718 7.065759 2760.171189
 93.400000 -2.449424 2.911408 20.066470 18.607835
 93.600000 -2.726181 2.448825 19.292147 111.417942
 93.800000 -2.430327 2.779624 19.973085 29.427491
 94.000000 -2.407678 2.732475 19.838751 40.446777
 94.200000 -2.745061 2.651547 19.061801 173.246675
 94.400000 -2.869758 3.002802 16.325674 806.852006
 94.600000 -2.619509 2.983132 19.931783 13.579309
 94.800000 -2.253041 2.566002 18.906553 21.706029
 95.000000 -2.071134 2.474843 17.922227 7.618199
 95.200000 -2.440521 2.678764 20.011043 23.620162
 95.400000 -3.115444 2.890036 8.170697 2400.602593
 95.600000 -2.974418 3.005323 13.308033 821.596752
 95.800000 -2.869719 2.681684 16.318501 805.989308
 96.000000 -2.319183 2.901828 19.231943 35.943239
 96.200000 -2.299165 2.526371 19.103030 30.628623
 96.400000 -2.229702 2.678473 18.758419 23.611656
 96.600000 -2.230791 2.836541 18.763703 23.492198
 96.800000 -2.782747 2.652468 18.445532 359.739147
 97.000000 -2.700803 3.131448 19.503525 58.799302
 97.200000 3.054647 2.663536 2.038068 2611.327946
 97.400000 -2.525258 2.885344 20.164844 1.068954
 97.600000 -2.113749 2.591771 18.070085 33.798720
 97.800000 -2.313378 2.304060 19.178644 36.303221
 98.000000 -2.639600 2.821375 19.832979 16.479615
 98.200000 3.097567 2.874756 4.354630 3166.106785
 98.400000 -3.053390 2.738876 10.818993 1346.749856
 98.600000 -2.606103 2.800878 19.952611 12.066048
 98.800000 -2.502389 2.784904 20.171678 0.122829
 99.000000 -2.909993 2.834289 15.147985 832.635642
 99.200000 -3.061829 3.044760 10.504352 1473.301851
 99.400000 -2.272698 2.568846 18.939314 27.143421
 99.600000 -2.012276 2.098789 17.912172 29.257104
 99.800000 -2.224635 2.316473 18.698121 25.666940
 100.000000 3.088805 3.058985 3.849783 3128.137436
 100.200000 3.081538 -2.887953 0.509815 3218.325038
 100.400000 -3.055152 2.444157 7.840018 1383.094625
 100.600000 -2.076644 2.571185 14.939573 11.139038
 100.800000 -1.995505 2.505934 15.094628 66.021680
 101.000000 -2.492611 2.641539 17.253009 0.950046
 101.200000 -2.876983 3.127246 13.207061 806.681217
 101.400000 3.032559 2.563842 -0.000000 0.000000
 101.600000 -2.156522 2.828707 15.402266 39.258961
 101.800000 -2.196447 2.437035 15.639827 30.978418
 102.000000 -2.314888 2.311114 16.283628 41.769913
 102.200000 -2.461922 2.695580 17.254143 10.675287
 102.400000 -2.654801 3.051114 16.889980 21.065068
 102.600000 3.092405 2.659467 1.162478 3185.773334
 102.800000 -3.070628 2.958459 7.306826 1627.980877
 103.000000 -2.849259 3.010275 14.004517 727.411138
 103.200000 -2.805158 2.676355 15.126436 493.678557
 103.400000 -2.408781 2.843621 17.017998 44.290874
 103.600000 -2.325185 2.666031 16.406518 48.250406
 103.800000 -2.266288 2.589813 16.046976 28.713312
 104.000000 -2.321924 2.848411 16.384012 47.009496
 104.200000 -2.787069 2.680039 15.531221 383.864048
 104.400000 -2.988151 2.956578 10.139672 830.676759
 104.600000 -2.863161 2.887253 13.677778 771.817929
 104.800000 -2.519008 2.632399 17.377334 1.259473
 105.000000 -2.270869 2.541632 16.100991 30.704736
 105.200000 -2.088781 2.925643 15.101321 19.328204
 105.400000 -2.746586 2.520690 16.225679 178.900041
 105.600000 -2.920063 2.885536 12.093641 803.027684
 105.800000 -2.935572 -3.139892 11.655897 790.364215
 106.000000 -2.997482 2.632926 9.904884 862.572036
 106.200000 -2.497261 2.788922 17.451972 0.048098
 106.400000 -2.365937 2.829067 16.819273 59.178593
 106.600000 -2.428767 2.544576 17.253430 29.940942
 106.800000 -2.492405 2.740269 17.450026 0.341030
 107.000000 -2.423423 2.880145 17.223281 33.720723
 107.200000 -2.880295 2.598505 13.289993 793.985665
 107.400000 3.119241 2.768349 2.813544 3252.903445
 107.600000 -2.806725 -3.131813 15.201248 499.506241
 107.800000 -2.999694 2.510789 9.920199 871.076734
 108.000000 -2.749206 2.840303 16.243763 188.940927
 108.200000 -2.588370 2.835820 17.309386 13.437527
 108.400000 -3.108454 2.625082 5.827016 2408.505761
 108.600000 -2.778213 2.962126 15.811382 329.361696
 108.800000 3.085381 2.766820 0.898964 3214.353068
 109.000000 -2.847721 2.705254 14.222616 707.913886
 109.200000 -2.352762 2.949470 16.846442 62.635524
 109.400000 -2.407834 2.519721 17.259736 43.322023
 109.600000 -2.157178 2.762965 15.578687 40.997685
 109.800000 -2.271269 2.680654 16.260787 38.522285
 110.000000 -2.404041 2.757735 17.234404 45.868076
 110.200000 -2.686938 2.651917 16.929616 39.543347
 110.400000 -2.552446 3.093274 17.493387 10.183167
 110.600000 -2.885840 2.568693 13.251770 787.342259
 110.800000 -2.751610 2.786251 16.301833 194.416634
 111.000000 -2.453004 2.901074 17.534651 11.097769
 111.200000 -2.650289 2.478806 17.153447 19.409925
 111.400000 -2.484501 2.905755 17.639518 0.393046
 111.600000 -2.699696 2.794747 16.876127 54.343508
 111.800000 -3.047061 2.710852 8.554288 1314.929732
 112.000000 -2.656199 -3.102484 17.126872 21.101383
 112.200000 -2.560238 2.605239 17.541729 12.234394
 112.400000 -2.256294 2.639723 16.264837 41.286842
 112.600000 -2.273962 2.840720 16.381130 45.670612
 112.800000 -2.587393 2.497395 17.441229 14.681144
 113.000000 -2.634408 2.832268 17.256775 16.667013
 113.200000 -2.571135 3.002525 17.544774 13.659093
 113.400000 -2.850726 2.470676 14.333510 702.132006
 113.600000 -2.820659 2.805710 15.092870 565.330628
 113.800000 -2.877760 -3.097106 13.598223 767.735411
 114.000000 -3.110172 2.634621 5.903785 2521.184721
 114.200000 -2.434804 2.941196 17.644657 21.476818
 114.400000 -2.205973 2.583743 15.998613 42.526732
 114.600000 -2.204859 2.381972 15.991346 42.602519
 114.800000 -2.196362 2.674349 15.935670 43.302495
 115.000000 -2.803879 2.868047 15.515971 470.367461
 115.200000 3.074241 2.919194 0.398938 3454.049077
 115.400000 -2.674380 2.888476 17.196029 29.985347
 115.600000 -2.379209 2.498224 17.331990 62.043943
 115.800000 -2.089084 2.785290 15.272352 22.122598
 116.000000 -2.190510 2.630132 15.922553 45.144833
 116.200000 -2.566172 2.585239 17.689252 13.525044
 116.400000 -2.628175 3.055614 17.448447 16.230840
 116.600000 -3.106086 2.727279 6.196803 2477.446092
 116.800000 3.094116 2.681516 1.561183 3372.768828
 117.000000 -2.455235 2.989956 17.814379 8.318733
 117.200000 -2.961879 2.535082 11.431525 771.357092
 117.400000 -2.875246 2.849651 13.831532 757.766108
 117.600000 -2.799297 3.035603 15.732336 444.595987
 117.800000 -2.890017 2.497091 13.422665 772.199968
 118.000000 -2.500075 2.722748 17.905036 0.668427
 118.200000 -2.374869 2.735579 17.429574 67.224164
 118.400000 -2.789561 2.418236 15.971412 387.157009
 118.600000 -3.089326 2.974307 7.070707 2147.874796
 118.800000 -3.022179 2.921727 9.694177 1071.117907
 119.000000 -2.534211 2.714673 17.887377 7.947448
 119.200000 -1.846266 2.409293 17.808648 465.820227
 119.400000 -2.153825 2.470474 15.769828 51.268487
 119.600000 -2.565755 2.831397 17.827683 14.311500
 119.800000 -2.889090 3.021490 13.542633 764.755394
 120.000000 -3.077335 2.602391 7.648980 1914.614020
 120.200000 -2.344676 2.535568 17.253510 78.765554
 120.400000 -2.232268 2.641608 16.350934 49.934601
 120.600000 -2.049162 2.668813 15.234477 1.459246
 120.800000 -2.279590 2.615634 16.700619 61.484973
 121.000000 -2.414170 2.786224 17.810681 40.289461
 121.200000 -2.995818 2.779078 10.655580 887.802662
 121.400000 -2.689756 3.004556 17.345179 45.348251
 121.600000 -2.354219 2.836847 17.381944 79.197327
 121.800000 -2.128605 2.422221 15.638177 49.635038
 122.000000 -2.009868 2.582836 15.304047 18.838508
 122.200000 -2.556933 2.828225 18.001583 14.339382
 122.400000 -2.991410 2.967597 10.832434 868.016208
 122.600000 -2.525773 2.699892 18.103154 6.654653
 122.800000 -2.229848 2.600458 16.399738 52.065617
 123.000000 -2.124093 2.566812 15.631634 49.262593
 123.200000 -2.071559 2.765682 15.349957 16.447061
 123.400000 -2.562370 2.542163 18.029731 15.800531
 123.600000 -3.118152 3.024733 5.802013 2840.301717
 123.800000 -3.125591 2.893783 5.400371 2988.380305
 124.000000 -3.043069 2.646732 9.187446 1360.302570
 124.200000 -2.900673 2.811627 13.451606 752.254598
 124.400000 -2.843605 2.952489 14.978334 644.768498
 124.600000 -3.065268 2.761567 8.357688 1739.263855
 124.800000 -2.835469 2.817403 15.182283 611.675134
 125.000000 -2.792364 2.815731 16.149421 391.229944
 125.200000 3.073844 2.622055 0.583547 3311.090039
 125.400000 -2.661204 2.969993 17.671701 28.483228
 125.600000 -2.710082 2.712921 17.340332 76.643192
 125.800000 -2.952020 2.765725 12.093568 761.725335
 126.000000 3.130008 2.952846 3.891661 3441.541165
 126.200000 -3.119355 2.882856 5.839801 2917.970221
 126.400000 -3.015108 2.544728 10.295940 1053.074400
 126.600000 -2.670744 2.792825 17.658503 33.576043
 126.800000 -2.783926 2.921192 16.392438 340.838746
 127.000000 -3.131375 2.699091 5.177494 3149.603652
 127.200000 -2.690709 2.931295 17.571861 49.436618
 127.400000 -2.828338 2.634796 15.493687 565.598082
 127.600000 -2.972871 2.712895 11.621706 806.073963
 127.800000 -2.980354 3.068788 11.407610 832.487932
 128.000000 -3.131197 2.716670 5.224543 3164.633738
 128.200000 -2.489919 3.036912 18.440084 0.000477
 128.400000 -2.231847 2.687398 16.611884 55.968237
 128.600000 -2.302269 2.527206 17.181534 79.418638
 128.800000 -2.198190 2.906429 16.361281 56.112174
 129.000000 -2.479992 2.771377 18.435871 0.772033
 129.200000 -3.093293 2.609985 7.309869 2398.126773
 129.400000 3.108970 -3.104730 2.762890 3624.326686
 129.600000 3.096478 2.658530 2.012585 3576.923335
 129.800000 -2.522076 2.734040 18.441306 6.313073
 130.000000 -2.061230 2.899947 15.420945 14.844903
 130.200000 -2.594811 2.476528 18.194123 21.804036
 130.400000 -2.767330 2.901488 16.855621 249.154491
 130.600000 -2.604154 3.068173 18.150360 22.045086
 130.800000 -3.047431 2.376808 9.365129 1491.350645
 131.000000 -2.131057 3.008982 15.890924 62.997310
 131.200000 -2.085949 2.759034 15.580741 39.603751
 131.400000 -2.043272 2.205368 15.394648 3.974238
 131.600000 -2.218979 2.515123 16.611876 58.672228
 131.800000 -2.078985 3.134373 15.538689 33.320030
 132.000000 -3.134797 2.611813 5.176434 3304.635274
 132.200000 -2.520359 2.730897 18.575227 5.831451
 132.400000 -2.134085 2.665045 15.967659 66.786669
 132.600000 -2.431753 2.440789 18.453829 30.548563
 132.800000 -2.237024 2.926212 16.784930 60.469139
 133.000000 -2.526996 2.652057 18.557802 7.997746
 133.200000 -2.656520 2.823109 18.022986 27.963910
 133.400000 -3.125915 2.835398 5.759373 3175.631308
 133.600000 3.072796 3.030464 0.731341 3357.017225
 133.800000 3.117917 2.856657 3.437906 3684.887987
 134.000000 -3.069994 2.771117 8.581906 1939.162904
 134.200000 -2.641337 3.054124 18.144728 24.910031
 134.400000 -2.813422 2.604507 16.165972 467.543908
 134.600000 -2.329669 2.858128 17.666150 94.052720
 134.800000 -2.351797 2.709815 17.881850 94.603539
 135.000000 -2.616523 2.627863 18.265485 22.951403
 135.200000 -2.703044 3.020568 17.812031 64.118215
 135.400000 2.947802 2.740575 -0.000000 0.000000
 135.600000 -2.460928 2.800625 18.707425 8.176038
 135.800000 -2.071870 2.461010 15.587775 32.228965
 136.000000 -2.398267 2.607892 18.347970 67.197665
 136.200000 3.114894 2.823859 3.358185 3752.714740
 136.400000 3.076260 3.128992 1.018681 3448.651976
 136.600000 -2.732975 2.574982 17.572253 124.145099
 136.800000 -2.031221 2.723634 15.461577 1.156288
 137.000000 -2.195478 2.727131 16.593360 64.477655
 137.200000 -2.789533 2.709681 16.777911 345.072336
 137.400000 3.074217 3.064754 0.928515 3431.397400
 137.600000 3.127564 -2.967715 4.168799 3695.009012
 137.800000 -2.978152 2.773993 12.020545 832.549526
 138.000000 -2.295529 3.048666 17.452182 83.931829
 138.200000 -2.095578 2.519705 15.814618 58.652107
 138.400000 -2.292032 2.346377 17.455071 82.995621
 138.600000 -2.133919 2.870874 16.133332 75.241171
 138.800000 -2.878012 2.730170 14.780968 678.663750
 139.000000 -2.561100 2.767547 18.718014 17.961511
 139.200000 -2.104932 2.789363 15.915620 67.210136
 139.400000 -2.102317 2.327774 15.894309 65.541940
 139.600000 -2.269552 2.293647 17.293309 73.212608
 139.800000 -2.062111 -2.985431 15.617587 27.741098
 140.000000 -2.982044 2.523461 12.006794 849.734019
 140.200000 -2.766816 2.714774 17.295211 240.745654
 140.400000 -2.412838 2.992203 18.665847 56.655001
 140.600000 -2.261114 2.388901 17.259339 70.155166
 140.800000 -2.112979 2.341508 16.013648 73.393433
 141.000000 -2.256665 2.758468 17.222260 68.786696
 141.200000 2.935715 2.987058 -0.000000 0.000000
 141.400000 3.094486 2.523823 2.282250 3783.034478
 141.600000 -2.224680 2.789324 17.001536 64.107396
 141.800000 -2.094834 2.515937 15.894292 63.993033
 142.000000 -2.215179 2.426677 16.925371 64.554189
 142.200000 -2.929972 2.620741 13.585975 718.240052
 142.400000 2.978320 3.115998 -0.000000 0.000000
 142.600000 -2.850757 2.780424 15.649545 606.029143
 142.800000 -2.336677 2.410508 18.035254 99.904935
 143.000000 -1.995733 2.674403 15.597528 12.728177
 143.200000 -2.820156 2.610477 16.409197 485.539550
 143.400000 3.060016 2.959628 0.278277 3822.623327
 143.600000 -3.033430 -3.008724 10.529841 1331.395153
 143.800000 3.120867 2.288010 3.989586 3836.488820
 144.000000 -2.613460 2.925041 18.701814 25.590100
 144.200000 -2.321893 -3.061039 17.966159 95.862388
 144.400000 -2.357645 2.369756 18.322685 99.581966
 144.600000 -1.962881 2.370235 15.829058 76.966180
 144.800000 -2.229381 2.818988 17.155145 65.000466
 145.000000 -2.603000 2.781049 18.797726 24.890153
 145.200000 3.053621 2.927784 -0.002840 682.900274
 145.400000 -2.625340 2.950915 18.726415 27.019666
 145.600000 -2.550058 2.409911 19.081265 14.295193
 145.800000 -2.111478 2.530643 16.160908 81.564099
 146.000000 -2.012580 2.794923 15.620159 0.149005
 146.200000 -2.944067 2.470633 13.387911 729.256307
 146.400000 -2.911393 3.109536 14.259564 698.726903
 146.600000 3.025428 2.820080 -0.000001 0.000000
 146.800000 -2.442363 2.655043 19.099300 27.102182
 147.000000 -1.885437 2.509462 16.934834 333.836619
 147.200000 -2.263960 2.379509 17.559071 71.993797
 147.400000 -2.785758 3.058001 17.261127 321.511483
 147.600000 3.065530 2.808638 0.733132 3447.607452
 147.800000 -2.932889 2.726110 13.734106 713.437135
 148.000000 -2.687831 2.744567 18.439714 52.606432
 148.200000 -2.822416 2.661111 16.563923 488.553876
 148.400000 -2.893789 2.783912 14.810823 678.841976
 148.600000 -2.991835 2.967586 12.135581 903.085018
 148.800000 3.041984 2.759264 -0.002196 0.893680
 149.000000 -2.843068 2.873079 16.088386 569.457006
 149.200000 -2.873073 2.600370 15.389307 646.867185
 149.400000 -2.515800 3.047904 19.344409 2.487399
 149.600000 -2.175229 2.589175 16.884263 81.125252
 149.800000 -1.963989 2.418112 15.890834 61.117105
 150.000000 -1.944455 2.483782 16.073844 118.363057
 150.200000 -2.252952 2.791454 17.580418 70.518993
 150.400000 3.140126 2.772621 5.454012 3712.068042
 150.600000 3.067189 3.033931 0.923244 3518.640804
 150.800000 -3.024897 2.715243 11.168979 1221.394810
 151.000000 -2.659957 2.896574 18.751201 35.592977
 151.200000 -1.823297 2.784405 18.136632 409.942754
 151.400000 -2.385155 1.641224 18.861912 84.972960
 151.600000 -1.745763 2.032021 19.717918 412.645544
 151.800000 -2.049662 2.207439 15.859639 28.681425
 152.000000 -2.438370 3.071894 19.268634 31.657477
 152.200000 3.042740 2.757622 -0.007142 7.899061
 152.400000 2.996864 2.668949 -0.000000 0.000000
 152.600000 -2.392439 2.941400 18.964636 78.702439
 152.800000 -2.180198 2.609549 17.035085 81.630408
 153.000000 -2.028139 2.342471 15.798853 7.618733
 153.200000 -2.321055 2.375073 18.309825 94.650756
 153.400000 -2.388506 -3.114750 18.965738 81.493323
 153.600000 -3.007168 2.532597 11.909201 1016.644118
 153.800000 3.071808 2.729486 1.300605 3675.929351
 154.000000 -2.698226 -3.044237 18.611513 65.506399
 154.200000 3.084155 2.202581 2.097275 3910.205022
 154.400000 -2.192838 2.608399 17.220277 78.301093
 154.600000 -1.909439 2.979849 16.573629 213.156211
 154.800000 -2.833129 2.452268 16.565408 525.793637
 155.000000 -3.090583 3.091695 8.591800 2541.217202
 155.200000 3.046859 -3.108244 -0.025744 38.880454
 155.400000 -3.066882 2.507620 9.764905 1967.255619
 155.600000 -2.823094 2.761579 16.829409 486.627634
 155.800000 -2.570907 -3.099583 19.398867 17.496901
 156.000000 3.090365 2.380068 2.525813 4006.400374
 156.200000 3.066025 3.049884 1.055824 3616.658208
 156.400000 -3.139790 2.806608 5.924697 3738.834903
 156.600000 3.075136 2.603156 1.611118 3807.295733
 156.800000 -3.071512 2.978885 9.607614 2074.303761
 157.000000 -2.921564 2.913320 14.435901 673.200393
 157.200000 -3.058599 2.527495 10.226984 1781.882080
 157.400000 -2.732935 3.114182 18.434381 131.585326
 157.600000 -2.919001 2.724152 14.545188 668.859727
 157.800000 3.079963 2.561747 1.954768 3915.603820
 158.000000 -2.656817 -2.950465 19.051723 33.429755
 158.200000 -3.124043 2.660931 6.975087 3413.169043
 158.400000 -1.825740 2.626003 18.048204 374.906796
 158.600000 -1.840366 2.240319 17.768044 358.019229
 158.800000 -2.257479 2.440842 17.912912 74.367944
 159.000000 -2.769579 3.055141 17.974058 254.524171
 159.200000 3.003763 2.999543 -0.000000 0.000000
 159.400000 -2.315631 2.636826 18.475947 92.601115
 159.600000 -1.908027 2.548342 16.630827 193.420730
 159.800000 -2.492237 2.303749 19.710508 0.370363
 160.000000 -2.478385 3.064792 19.693533 3.436001
 160.200000 3.021135 2.821470 -0.000004 0.000003
 160.400000 -3.133050 2.695363 6.546276 3634.940197
 160.600000 -2.597080 3.091932 19.468121 20.193646
 160.800000 -2.919204 2.768333 14.669800 660.453314
 161.000000 -2.828280 2.701287 16.914976 504.921283
 161.200000 -3.020470 2.823695 11.872855 1126.750538
 161.400000 -3.116945 2.883549 7.544354 3249.825170
 161.600000 3.112313 3.012723 4.215016 4189.156295
 161.800000 -2.345378 2.777986 18.834929 96.217901
 162.000000 -1.798198 2.715255 18.565200 380.161638
 162.200000 -2.428145 2.313918 19.579508 40.067696
 162.400000 -2.758267 2.996784 18.311071 209.959688
 162.600000 -2.938699 3.113814 14.260006 670.974753
 162.800000 -2.755235 2.585561 18.354425 199.073184
 163.000000 -2.037168 2.668810 16.081967 22.697380
 163.200000 -1.996279 2.617295 16.018402 0.645152
 163.400000 -2.240727 2.667273 17.931201 75.460439
 163.600000 -2.744530 2.732104 18.539759 162.752092
 163.800000 -2.976801 3.137763 13.293936 767.920811
 164.000000 -2.928466 2.889703 14.571253 660.252472
 164.200000 -2.762036 2.680028 18.339889 222.313611
 164.400000 -2.179682 2.913176 17.412007 90.800184
 164.600000 -2.095169 2.396246 16.569078 90.787837
 164.800000 -2.094007 2.482000 16.558037 89.869179
 165.000000 -2.513939 2.674778 19.868860 0.932490
 165.200000 2.986197 2.862636 -0.000000 0.000000
 165.400000 3.109952 2.827536 4.251387 4262.875379
 165.600000 -2.740520 2.801560 18.674020 149.552619
 165.800000 -2.137895 2.637930 17.027951 104.291906
 166.000000 -2.001762 2.417848 16.062961 0.040533
 166.200000 -2.061450 2.521263 16.337422 55.613503
 166.400000 -2.323148 2.642191 18.776284 93.769070
 166.600000 -2.791355 2.846277 17.935707 342.986812
 166.800000 -2.914806 2.931910 15.056846 650.099584
 167.000000 -2.793914 2.611850 17.887939 354.291189
 167.200000 -2.610797 2.677330 19.668303 19.057092
 167.400000 -2.558667 2.740992 19.871041 10.418681
 167.600000 -2.505442 2.623267 19.972454 0.045152
 167.800000 -2.175500 2.677133 17.464582 92.849602
 168.000000 -2.165811 2.635727 17.370252 96.713731
 168.200000 -1.904110 2.590150 16.765337 161.670156
 168.400000 -2.173705 2.419768 17.478305 93.571834
 168.600000 -1.975831 2.913200 16.172468 10.656802
 168.800000 -2.512201 2.629922 20.004411 0.448773
 169.000000 -2.589567 2.823576 19.796808 15.767664
 169.200000 -3.101288 2.838657 8.806975 2832.476079
 169.400000 -2.973512 2.947683 13.653376 744.470766
 169.600000 -2.691842 2.896836 19.314775 53.470724
 169.800000 -2.304178 2.698879 18.691144 88.713078
 170.000000 -1.991564 2.704806 16.163679 0.639130
 170.200000 -2.291869 2.400898 18.610074 84.698032
 170.400000 -2.084658 2.926415 16.655881 85.058845
 170.600000 -2.522561 2.725507 20.064378 1.565916
 170.800000 -2.603508 2.655623 19.821024 16.635682
 171.000000 -2.703719 2.910227 19.267234 68.354129
 171.200000 -3.096712 2.821330 9.135772 2705.700891
 171.400000 -2.773554 2.850843 18.469677 268.225751
 171.600000 -2.515208 2.683352 20.105726 0.482885
 171.800000 -2.239747 2.616429 18.183239 76.094863
 172.000000 -2.017025 2.445385 16.243848 8.826905
 172.200000 -2.048419 2.666487 16.425445 44.205614
 172.400000 -2.662289 2.547198 19.639074 29.711406
 172.600000 -3.018492 2.983596 12.446322 1076.673304
 172.800000 3.061847 2.902497 1.416764 3884.193365
 173.000000 -2.866575 2.811116 16.529113 613.791953
 173.200000 -2.045210 2.701246 16.433980 40.931876
 173.400000 -1.974884 2.392498 16.283562 6.940630
 173.600000 -2.054223 2.538827 16.495547 52.542013
 173.800000 -2.394231 2.853475 19.671581 70.507210
 174.000000 -2.833081 2.930157 17.373603 525.730482
 174.200000 -3.105126 2.806268 8.816022 2945.270155
 174.400000 3.138689 3.108822 6.494133 3974.398548
 174.600000 3.107155 2.745190 4.444006 4392.101432
 174.800000 -3.106289 2.802274 8.752770 2978.532949
 175.000000 2.983200 2.876487 -0.000000 0.000000
 175.200000 -3.106375 2.669888 8.794888 2976.885255
 175.400000 3.055068 2.795944 1.103788 3767.619929
 175.600000 3.044178 2.956585 0.444738 3708.976437
 175.800000 3.103302 2.747702 4.233389 4416.675022
 176.000000 -2.834661 2.851920 17.418732 536.455836
 176.200000 -2.535467 2.792887 20.255937 2.221038
 176.400000 -2.358292 2.532138 19.446965 87.623487
 176.600000 -1.967952 2.643418 16.373337 9.709951
 176.800000 -2.169814 2.610805 17.714649 98.050739
 177.000000 -2.536754 2.532760 20.253978 2.415866
 177.200000 -2.516700 3.003321 20.308589 0.115260
 177.400000 -2.922674 2.677848 15.293152 657.406012
 177.600000 -2.646380 2.782332 19.944160 20.836366
 177.800000 -2.701345 3.025226 19.611807 64.789944
 178.000000 -2.986515 2.623907 13.609095 790.624143
 178.200000 3.091631 2.914103 3.603904 4443.831340
 178.400000 2.970627 2.990174 -0.000000 0.000000
 178.600000 -2.727912 2.743375 19.408177 119.028130
 178.800000 -2.169023 2.336902 17.773977 98.914356
 179.000000 -1.916838 2.352660 16.728683 84.756697
 179.200000 -2.359700 2.851646 19.553354 85.622634
 179.400000 3.057466 2.885007 1.422445 3930.910121
 179.600000 -2.817347 2.861547 17.966493 481.659749
 179.800000 -2.205261 2.811045 18.153311 84.571480
 180.000000 -2.158989 2.521981 17.705698 103.040878
 180.200000 -1.838824 2.491098 17.713475 230.751616
 180.400000 -2.417066 2.485526 20.064922 50.589083
 180.600000 -2.965611 3.139299 14.286901 700.293261
 180.800000 -2.963140 -3.030442 14.352160 694.267919
 181.000000 -2.375600 2.466268 19.727903 79.449063
 181.200000 -1.719665 2.191071 19.806682 381.023129
 181.400000 -1.988473 2.243203 16.461972 0.166958
 181.600000 -2.458792 2.825012 20.334588 18.006882
 181.800000 3.015790 3.069467 -0.000115 0.002717
 182.000000 3.122659 2.838876 5.810556 4289.814418
 182.200000 -3.132261 2.802344 7.646753 3666.097601
 182.400000 -2.881643 -3.129142 16.523726 654.771461
 182.600000 -2.217529 2.751041 18.363707 80.433084
 182.800000 -1.835361 1.904268 17.758426 225.604763
 183.000000 -1.512946 1.146052 23.135760 57.089209
 183.200000 -0.869408 0.233944 12.084314 1667.868001
 183.400000 -0.585313 -0.603356 1.781054 1323.981064
 183.600000 -0.660230 -0.547224 4.302201 1011.184173
 183.800000 -0.930380 0.490092 14.418919 1230.676446
 184.000000 -1.458132 1.237362 23.368203 3.603800
 184.200000 -1.462118 1.377544 23.338304 5.012423
 184.400000 -1.003459 0.729430 16.647954 729.456286
 184.600000 -1.497273 0.461573 23.199260 33.170269
 184.800000 -0.789718 0.789362 8.779754 1583.591077
 185.000000 -1.477185 1.432372 23.293831 13.559806
 185.200000 -1.110343 1.127108 19.219350 522.294304
 185.400000 -1.196597 0.827102 21.085225 384.962918
 185.600000 -1.166746 0.611861 20.472674 453.949713
 185.800000 -1.095232 0.794121 18.872263 532.911870
 186.000000 -1.222929 1.092688 21.576287 309.902473
 186.200000 -1.042632 0.993754 17.606329 599.597317
 186.400000 -1.110637 0.954801 19.205263 522.976916
 186.600000 -1.376822 0.806588 23.197216 18.796286
 186.800000 -0.925369 0.561979 14.176477 1268.913204
 187.000000 -1.744638 1.069966 19.256770 345.602984
 187.200000 -1.256349 1.210596 22.081317 212.766326
 187.400000 -0.861375 0.776609 11.673523 1694.977020
 187.600000 -1.120329 0.542958 19.407416 516.810688
 187.800000 -2.137744 0.781425 17.736727 110.676860
 188.000000 -1.759884 1.286093 18.964807 322.205393
 188.200000 -0.823315 1.331953 10.075000 1721.522504
 188.400000 -0.828429 1.414000 10.287454 1730.124597
 188.600000 -1.330929 1.547684 22.892529 59.898071
 188.800000 -1.378123 0.509059 23.172384 17.777831
 189.000000 -0.850190 0.058399 11.193309 1723.845832
 189.200000 -0.768962 0.304210 7.881409 1453.940554
 189.400000 -1.594562 0.686202 22.046346 255.443061
 189.600000 -1.662313 1.256487 20.815833 383.383021
 189.800000 -1.467568 1.869385 23.240873 7.336941
 190.000000 -1.539512 2.220224 22.778633 107.632367
 190.200000 -2.459178 2.853840 20.580492 21.607999
 190.400000 3.064653 3.020562 2.321665 4306.408095
 190.600000 -2.770441 2.754762 19.291425 284.761604
 190.800000 -2.322819 2.654530 19.513775 81.379949
 191.000000 -1.869534 2.588681 17.304958 127.992218
 191.200000 -2.175470 2.489228 18.225738 96.827638
 191.400000 -2.264309 2.899667 19.024356 73.233227
 191.600000 -2.670318 2.711370 20.393446 31.844069
 191.800000 -2.671543 2.800228 20.386478 32.819623
 192.000000 -2.462373 2.900579 20.618567 19.938942
 192.200000 -2.531446 2.569909 20.793006 0.001550
 192.400000 -2.258614 2.698747 19.000013 73.080232
 192.600000 -2.007216 2.712987 16.753588 13.949561
 192.800000 -2.045751 2.526278 16.972947 55.675016
 193.000000 -2.157375 2.663450 18.069100 104.487165
 193.200000 -2.379670 2.788125 20.096533 75.228346
 193.400000 -2.310949 2.777815 19.479926 79.093649
 193.600000 -2.382151 2.547302 20.117983 74.200457
 193.800000 -2.067089 2.936056 17.175135 80.469899
 194.000000 -2.287131 2.423898 19.270764 75.241200
 194.200000 -2.209693 2.753462 18.627627 82.126132
 194.400000 -2.092545 2.666240 17.447393 102.005631
 194.600000 -2.196596 2.700994 18.507174 87.195433
 194.800000 -2.104770 2.506020 17.572799 107.971450
 195.000000 -1.928788 2.762059 16.845691 25.258024
 195.200000 -2.394579 2.634677 20.275937 67.259706
 195.400000 -2.474877 2.778471 20.773304 13.703274
 195.600000 -2.947630 2.921852 15.192397 664.789217
 195.800000 -2.984959 2.742074 14.212095 737.738493
 196.000000 -2.715932 2.828069 20.177771 99.464342
 196.200000 -2.245295 2.546101 19.001965 72.999399
 196.400000 -1.878199 2.671201 17.237842 91.399303
 196.600000 -2.263439 2.335226 19.156385 72.247453
 196.800000 -2.236885 2.782794 18.929853 74.135549
 197.000000 -2.762849 2.773194 19.600418 259.394417
 197.200000 3.080473 2.631635 3.616124 4588.087407
 197.400000 -2.989909 2.945425 14.126120 756.373080
 197.600000 -2.878647 2.761576 17.032963 680.868384
 197.800000 -3.066206 2.851121 11.587913 1718.075743
 198.000000 -3.100884 2.779702 9.981633 2632.807953
 198.200000 3.004194 2.754319 -0.000045 0.000401
 198.400000 -2.840579 2.828591 18.034195 609.590809
 198.600000 -2.934058 2.656342 15.617537 665.802980
 198.800000 -2.326082 2.966332 19.759361 78.462009
 199.000000 -2.036666 2.675664 17.079254 50.857624
 199.200000 -1.961128 2.167932 16.840460 0.271479
 199.400000 -2.028162 2.184007 17.050032 42.207901
 199.600000 -2.003267 2.965022 16.917279 16.837023
 199.800000 -2.784888 2.676741 19.300291 364.592104
 200.000000 -3.056454 2.904928 12.038481 1506.910629
 200.200000 -3.111529 3.100141 10.420020 2939.348664
 200.400000 -3.014635 2.703302 14.403084 920.247960
 200.600000 -1.860676 2.862213 18.329870 105.694947
 200.800000 -2.119420 2.299505 18.828836 111.571486
 201.000000 -2.162861 2.290627 19.279585 100.416916
 201.200000 -1.948083 2.731290 17.800453 2.589300
 201.400000 -2.159056 2.800605 19.268172 101.419877
 201.600000 -2.693114 2.469894 21.457565 57.416881
 201.800000 -2.733114 2.962672 21.067345 147.716686
 202.000000 -3.132207 3.021676 9.269291 3562.750390
 202.200000 3.082672 2.827851 4.823847 4633.947861
 202.400000 -2.765488 -3.138278 20.628781 272.733360
 202.600000 3.015902 2.787670 0.607049 3055.445392
 202.800000 -2.444766 2.870157 21.703649 32.267991
 203.000000 -1.858223 2.537286 18.353096 101.594931
 203.200000 -2.155386 2.256102 19.285370 101.118893
 203.400000 -2.002617 2.625388 17.927067 19.890994
 203.600000 -2.171652 3.028621 19.446138 94.140785
 203.800000 -2.727288 2.485423 21.185584 130.071882
 204.000000 -2.933898 2.830641 16.656093 668.039509
 204.200000 3.036944 2.911589 1.878698 3763.960302
 204.400000 3.036572 2.621826 1.855886 3751.969199
 204.600000 -2.525484 2.837712 21.997957 0.570361
 204.800000 -1.899300 2.759609 18.028624 35.812393
 205.000000 -1.954991 2.151958 17.850749 0.093487
 205.200000 -1.901178 2.374991 18.027096 31.143785
 205.400000 -2.404963 2.880121 21.494834 58.064098
 205.600000 3.044734 2.731956 2.389949 4014.392498
 205.800000 3.112553 3.062603 6.939043 4471.539677
 206.000000 -3.090334 2.873237 11.640695 2293.105320
 206.200000 -2.795009 2.718451 20.182408 413.648935
 206.400000 -2.157325 2.726566 19.387771 96.804680
 206.600000 -2.084910 2.654066 18.652067 98.045108
 206.800000 -1.926828 2.506639 17.932132 8.022230
 207.000000 -2.241963 2.418247 20.145463 68.599229
 207.200000 -2.229846 2.813567 20.067704 69.610371
 207.400000 -2.672680 2.789440 21.734334 32.532676
 207.600000 -2.778725 2.693561 20.521880 333.274503
 207.800000 -2.891370 2.839567 17.860826 690.963172
 208.000000 3.057059 2.863083 3.242361 4348.489768
 208.200000 -2.310588 3.001130 20.759613 72.657352
 208.400000 -1.892713 2.497344 18.103731 32.624601
 208.600000 -1.946998 1.873601 17.936692 0.142879
 208.800000 -1.896306 1.895365 18.083816 28.866891
 209.000000 -1.749905 2.283812 19.787365 293.732124
 209.200000 -2.439202 2.968129 21.810470 35.296305
 209.400000 2.994599 2.742689 -0.011115 12.644786
 209.600000 3.064213 2.802652 3.772106 4504.014408
 209.800000 2.997311 2.897465 -0.023149 21.020954
 210.000000 -2.749516 2.898866 21.049688 202.475132
 210.200000 -2.111006 2.624691 19.035799 101.349210
 210.400000 -1.895439 2.205152 18.114286 25.169116
 210.600000 -1.946481 2.219859 17.982906 0.008710
 210.800000 -2.284618 2.717661 20.585208 68.491488
 211.000000 -3.013277 -3.130847 14.678478 893.793191
 211.200000 3.040301 2.906393 2.268327 3969.015606
 211.400000 -2.712357 2.822825 21.534981 88.094601
 211.600000 -2.555108 2.799036 22.138297 0.270364
 211.800000 -2.539486 2.691877 22.141485 0.016350
 212.000000 -2.542499 2.940285 22.141669 0.000022
 212.200000 -3.106755 2.617014 11.006022 2720.667411
 212.400000 3.081480 3.095031 5.035835 4692.963129
 212.600000 3.028900 2.857420 1.592758 3615.281706
 212.800000 2.996412 2.397828 -0.024943 16.485898
 213.000000 -2.307492 3.106898 20.819829 71.852802
 213.200000 -2.105286 2.654184 19.060197 97.071920
 213.400000 -1.986080 1.988876 18.140256 15.436140
 213.600000 -1.425003 1.405806 23.702554 0.629783
 213.800000 -0.800146 0.413642 9.560629 1649.073806
 214.000000 -1.039235 0.051318 17.799680 621.530545
 214.200000 -0.633206 0.013483 3.711015 990.779121
 214.400000 -0.898939 0.283691 13.517735 1405.465403
 214.600000 -1.483162 0.808538 23.600073 14.431134
 214.800000 -1.110418 1.479640 19.495578 562.366287
 215.000000 -0.795140 1.691058 9.335455 1629.901341
 215.200000 -0.771940 2.153077 8.394661 1512.609536
 215.400000 -0.818126 2.244581 10.253713 1694.084951
 215.600000 -0.708716 2.108286 6.101720 1133.306057
 215.800000 -1.400972 1.693556 23.619158 5.678092
 216.000000 -1.254126 0.655792 22.435100 225.010473
 216.200000 -0.888075 0.325477 13.062294 1475.464688
 216.400000 -1.358884 0.567543 23.438719 27.006901
 216.600000 -1.972231 1.016177 18.171109 9.115422
 216.800000 -1.663327 1.586731 21.271676 368.429436
 217.000000 -0.613394 1.406644 3.038829 1025.061217
 217.200000 -1.134956 1.758812 20.006043 545.882970
 217.400000 -1.554400 1.821978 23.012264 127.127261
 217.600000 -2.147346 2.149596 19.560151 87.550866
 217.800000 -1.867869 -3.016535 18.341117 35.962614
 218.000000 -2.750663 2.703800 21.227000 203.281006
 218.200000 3.071881 2.251311 4.564366 4655.483374
 218.400000 -2.783608 -3.016029 20.702417 354.790470
 218.600000 -2.937246 2.881850 16.884690 694.078279
 218.800000 -2.657021 2.305948 22.059205 19.072693
 219.000000 -1.911306 2.851706 18.180745 3.815963
 219.200000 -1.860708 2.577249 18.397506 38.590216
 219.400000 -2.485290 2.159129 22.209946 10.380645
 219.600000 -2.055544 3.089140 18.754361 70.371564
 219.800000 -2.330404 2.998906 21.142114 74.210197
 220.000000 -2.441987 2.219798 22.013526 33.762917
 220.200000 -2.018614 2.571503 18.502400 42.962511
 220.400000 -1.783800 2.887788 19.136551 170.927174
 220.600000 -2.700859 2.353990 21.836819 63.874892
 220.800000 -2.610132 2.957760 22.248582 4.842212
 221.000000 -2.257769 -3.043881 20.554973 65.003720
 221.200000 -2.607395 2.231071 22.274636 4.412249
 221.400000 -1.942931 2.289085 18.225568 1.378592
 221.600000 -1.530907 2.892446 23.173262 73.219879
 221.800000 -1.710823 2.539401 20.287806 334.370691
 222.000000 -2.189428 1.751745 20.015442 72.540747
 222.200000 -1.627943 2.178210 21.830503 319.753378
 222.400000 -1.657611 2.544726 21.280167 362.085101
 222.600000 -2.597834 2.678906 22.313013 3.173917
 222.800000 3.046775 -3.065934 2.986451 4264.571684
 223.000000 2.989967 3.108198 -0.015422 19.439953
 223.200000 -2.164856 2.592506 19.844166 78.248622
 223.400000 -1.656447 2.006955 21.287286 360.931323
 223.600000 -1.330242 1.280012 23.117075 54.474226
 223.800000 -1.275068 0.377662 22.567174 162.689034
 224.000000 -0.951303 0.031158 15.128601 985.430065
 224.200000 -1.046865 0.018632 17.724602 615.490469
 224.400000 -0.963280 0.184716 15.474601 907.236535
 224.600000 -0.713513 0.004238 6.091492 1182.750696
 224.800000 -0.630944 -0.221951 3.427596 986.740040
 225.000000 -1.118791 -0.162566 19.471156 570.364090
 225.200000 -1.012698 0.044459 16.835042 685.418683
 225.400000 -0.695781 0.631394 5.475430 1100.927324
 225.600000 -1.759885 1.417160 19.425704 212.335749
 225.800000 -1.910677 2.024517 18.293071 0.692181
 226.000000 -1.939197 2.868723 18.301055 1.875855
 226.200000 3.001916 2.786468 0.386396 3117.614421
 226.400000 3.123353 2.940634 8.234821 4131.855602
 226.600000 -2.734365 2.899246 21.614896 144.050765
 226.800000 -2.658463 2.615559 22.206561 20.061937
 227.000000 -2.048807 2.832150 18.872691 63.155443
 227.200000 -1.917365 2.515314 18.322262 0.001140
 227.400000 -2.006331 2.544043 18.597832 35.256676
 227.600000 -2.475228 2.422603 22.307959 15.832321
 227.800000 -2.652569 3.065859 22.250240 16.977881
 228.000000 -2.987391 2.744057 15.689668 751.094588
 228.200000 -3.111913 2.649831 11.083828 2717.959692
 228.400000 -2.715680 -3.126601 21.852632 93.716448
 228.600000 -2.891628 2.733076 18.277324 734.935388
 228.800000 -1.836657 2.763386 18.595558 45.336399
 229.000000 -1.705746 2.306724 20.290354 330.239910
 229.200000 -2.103573 2.285875 19.409363 81.156016
 229.400000 -2.099204 2.935878 19.370069 80.544651
 229.600000 -2.549500 2.788935 22.482488 0.004450
 229.800000 -2.726877 2.622637 21.754357 122.031826
 230.000000 -2.653439 2.929256 22.282652 17.477533
 230.200000 -2.241587 2.872396 20.608063 63.029329
 230.400000 -2.334372 2.305886 21.363077 70.998853
 230.600000 -1.772343 2.852240 19.221275 164.160339
 230.800000 -2.360614 2.569204 21.584071 70.049158
 231.000000 -2.965591 2.751191 16.320161 716.043381
 231.200000 3.113935 -3.129795 7.731057 4308.817762
 231.400000 -2.978418 2.874381 15.988678 734.152828
 231.600000 -2.459366 2.647347 22.299856 24.527546
 231.800000 -1.811020 2.409796 18.802316 76.704588
 232.000000 -1.778175 2.461503 19.144908 146.412513
 232.200000 -2.589167 2.443406 22.509528 1.932025
 232.400000 -3.055448 3.096135 13.638073 1352.228725
 232.600000 -3.104932 3.071133 11.508396 2484.658577
 232.800000 3.047380 2.368926 3.255053 4338.028488
 233.000000 3.013505 2.883843 1.150540 3307.908917
 233.200000 2.974928 -3.134678 -0.000316 0.013985
 233.400000 -3.032616 2.493364 14.438101 1043.401797
 233.600000 -2.244106 2.452087 20.682931 63.109602
 233.800000 -1.900323 2.784179 18.423473 0.299088
 234.000000 -2.415811 2.323655 22.067182 49.697394
 234.200000 -2.751402 2.488988 21.536500 204.763038
 234.400000 -2.463729 -2.973517 22.368166 22.345136
 234.600000 -3.129855 2.515687 10.218099 3212.166033
 234.800000 -2.878892 2.709667 18.726448 734.908936
 235.000000 -2.939916 2.998876 17.066335 725.423134
 235.200000 2.996582 2.665928 0.270611 3217.283612
 235.400000 3.137003 2.918857 9.279617 3689.240650
 235.600000 3.026120 -3.096958 1.968800 3777.553347
 235.800000 -2.894968 2.299308 18.307045 748.915129
 236.000000 -1.785523 2.726976 19.053949 117.453320
 236.200000 -2.092187 2.490862 19.441839 75.396199
 236.400000 -2.388306 2.625333 21.910606 61.742994
 236.600000 -2.712110 2.771490 22.032920 85.319252
 236.800000 -2.418933 3.085419 22.138095 47.770052
 237.000000 -2.889358 2.366903 18.480823 748.909842
 237.200000 -2.968884 2.928999 16.333365 735.417094
 237.400000 -3.009931 2.979506 15.186996 859.635980
 237.600000 3.003348 2.790826 0.690733 3019.747382
 237.800000 -2.638068 2.875344 22.485990 11.139638
 238.000000 -2.410393 2.624267 22.094399 52.237231
 238.200000 -2.290530 2.669550 21.141711 65.547728
 238.400000 -2.222588 2.837842 20.597368 65.300740
 238.600000 -2.291279 2.658288 21.147779 65.619476
 238.800000 -2.405850 2.621076 22.077741 54.417883
 239.000000 -1.907348 2.861645 18.493838 0.210589
 239.200000 -2.199583 2.567303 20.428289 69.226904
 239.400000 -2.250185 2.555210 20.839123 63.935685
 239.600000 -2.129591 2.703457 19.822156 78.976099
 239.800000 -2.098431 2.759618 19.546758 76.130963
 240.000000 -2.547512 2.458785 22.658572 0.088326
 240.200000 -2.602994 2.898954 22.631085 3.505782
 240.400000 -2.934037 2.766300 17.330608 750.122070
 240.600000 2.959367 2.781045 -0.000003 0.000001
 240.800000 -2.513404 2.856660 22.638512 3.948706
 241.000000 -2.152952 2.465434 20.049773 77.547588
 241.200000 -1.790510 2.316363 18.994918 91.399953
 241.400000 -2.191437 2.605570 20.403618 71.357508
 241.600000 2.987578 2.897294 -0.016864 208.035143
 241.800000 -2.870778 -2.935974 19.090228 731.591851
 242.000000 -3.110861 2.468432 11.371855 2567.505620
 242.200000 -2.190890 2.797875 20.420468 71.830725
 242.400000 -1.812564 2.589673 18.812294 50.575163
 242.600000 -1.915078 2.064448 18.553832 1.741500
 242.800000 -1.700658 2.402587 20.238125 302.898973
 243.000000 -2.027782 2.575419 19.040236 47.828492
 243.200000 -2.741435 2.739879 21.840827 161.872048
 243.400000 -2.893112 3.110448 18.518813 766.674839
 243.600000 2.972328 2.531547 -0.000573 0.045535
 243.800000 -2.692603 2.755497 22.318252 51.218689
 244.000000 -2.326112 2.689590 21.537174 66.281003
 244.200000 -2.195186 2.350173 20.499895 71.929525
 244.400000 -1.769272 2.576988 19.215117 130.142272
 244.600000 -1.938625 2.668662 18.636140 7.734355
 244.800000 -2.886862 2.671929 18.712416 762.513299
 245.000000 3.124698 3.131272 8.720532 3922.679407
 245.200000 3.127147 2.729191 8.895084 3848.198677
 245.400000 3.016173 2.598182 1.604694 3547.735618
 245.600000 -2.497845 -3.036302 22.690291 8.458157
 245.800000 -3.091021 2.536930 12.387543 2010.103311
 246.000000 -2.886865 2.850178 18.732864 764.301167
 246.200000 3.054714 3.039693 4.096963 4524.985961
 246.400000 3.025911 2.699070 2.221698 3875.719033
 246.600000 -2.487513 2.745343 22.674087 12.268203
 246.800000 -2.132350 2.593841 19.987600 82.287826
 247.000000 -1.949668 2.539731 18.703811 11.772377
 247.200000 -1.745111 2.786876 19.506711 181.474090
 247.400000 -2.697547 2.264783 22.351769 57.731799
 247.600000 -2.917057 3.014721 17.934094 779.726445
 247.800000 -3.015201 3.040325 15.175606 903.566216
 248.000000 -2.742057 2.277271 21.906104 161.122442
 248.200000 -1.524204 2.504198 22.774926 52.671635
 248.400000 -1.055760 2.449329 17.429087 620.334660
 248.600000 -0.694360 1.906686 4.967777 1144.918074
 248.800000 -1.130094 1.066756 19.248146 573.334859
 249.000000 -1.244121 0.448516 21.626160 259.557427
 249.200000 -0.546137 -0.052195 0.205699 1245.685365
 249.400000 -0.892954 -0.025053 12.594623 1352.910992
 249.600000 -1.091257 -0.068579 18.284497 601.332546
 249.800000 -0.729410 0.259894 6.177681 1328.698516
 250.000000 -1.165619 0.384719 20.057912 511.687673
 250.200000 -1.119249 1.056557 18.946558 584.831123
 250.400000 -1.183235 1.424914 20.427721 465.039368
 250.600000 -0.885173 1.147070 12.287443 1402.734513
 250.800000 -1.278329 0.737890 22.075599 155.865283
 251.000000 -1.066444 0.658969 17.652712 613.705236
 251.200000 -1.332348 0.799982 22.587249 53.992155
 251.400000 -1.196640 0.907090 20.693780 423.258858
 251.600000 -1.109883 1.073425 18.702126 592.854337
 251.800000 -1.064753 0.865423 17.592507 615.921255
 252.000000 -1.172124 0.388451 20.167597 495.801713
 252.200000 -1.186067 0.586823 20.457293 456.284643
 252.400000 -1.252494 1.089298 21.684706 230.860618
 252.600000 -1.257181 1.228069 21.754758 215.923225
 252.800000 -0.817686 0.625398 9.584685 1656.682278
 253.000000 -1.512374 0.556944 22.782454 35.178769
 253.200000 -0.721795 0.728581 5.824283 1298.750998
 253.400000 -1.314741 1.217674 22.413193 77.818916
 253.600000 -1.052243 1.140807 17.249071 628.195691
 253.800000 -1.361823 0.799847 22.737099 26.296396
 254.000000 -1.141096 0.595636 19.425459 561.367294
 254.200000 -1.066495 0.685213 17.590988 619.579077
 254.400000 -1.173424 1.023431 20.159199 493.193188
 254.600000 -1.174342 1.078408 20.179566 490.698001
 254.800000 -1.315891 0.936109 22.410806 75.463150
 255.000000 -1.585002 0.819178 22.031424 187.153061
 255.200000 -1.140553 1.017458 19.392878 564.905049
 255.400000 -1.375276 1.212142 22.771961 17.660459
 255.600000 -1.128953 0.949862 19.115123 581.090078
 255.800000 -1.379411 0.819122 22.788811 15.594149
 256.000000 -1.332488 0.740457 22.530510 52.169906
 256.200000 -1.435343 0.907405 22.903609 0.329218
 256.400000 -0.888597 0.713551 12.318439 1374.571748
 256.600000 -1.645342 1.001177 21.045044 298.601117
 256.800000 -1.136208 0.606352 19.281926 573.116910
 257.000000 -0.795559 0.582344 8.621471 1644.765609
 257.200000 -1.628955 0.837469 21.310825 279.967676
 257.400000 -1.028960 1.102493 16.606714 667.103195
 257.600000 -1.343058 1.034874 22.582510 40.039722
 257.800000 -1.089584 0.682674 18.134669 615.620590
 258.000000 -1.231508 0.624337 21.298326 298.750649
 258.200000 -1.059340 0.829848 17.372030 635.937085
 258.400000 -1.308026 1.012682 22.303531 85.678926
 258.600000 -1.076598 1.054454 17.805324 625.435263
 258.800000 -1.382923 0.678123 22.770095 13.339332
 259.000000 -0.598725 0.193403 1.704149 954.592577
 259.200000 -0.890992 0.083314 12.362474 1359.197090
 259.400000 -0.710820 -0.005982 5.313556 1261.993689
 259.600000 -0.753538 -0.021050 6.900483 1497.427923
 259.800000 -1.096755 0.247030 18.304548 618.409753
 260.000000 -1.360843 0.996114 22.666621 24.947630
 260.200000 -1.065084 1.531188 17.505890 640.509670
 260.400000 -1.006212 1.499098 15.977188 728.828303
 260.600000 -1.348833 0.885205 22.594945 33.432969
 260.800000 -1.081489 0.300497 17.919460 630.764077
 261.000000 -0.808920 0.103256 9.105335 1668.330575
 261.200000 -0.598606 0.035475 1.638149 949.085914
 261.400000 -1.199542 0.589929 20.692947 408.535035
 261.600000 -1.266728 1.399680 21.827486 177.523928
 261.800000 -1.191122 1.209366 20.519730 437.657514
 262.000000 -1.266449 1.030645 21.823759 178.329555
 262.200000 -1.481995 0.827560 22.782609 10.019429
 262.400000 -1.058263 0.780248 17.327846 654.314647
 262.600000 -1.481499 1.139300 22.784167 9.741209
 262.800000 -1.157539 1.036851 19.779811 536.557861
 263.000000 -1.346741 0.947044 22.570660 34.251279
 263.200000 -1.194633 0.742247 20.597855 422.817592
 263.400000 -1.107772 0.842809 18.580014 620.803338
 263.600000 -1.441370 0.935567 22.836604 0.001804
 263.800000 -1.544742 0.779964 22.376366 93.059268
 264.000000 -1.023426 0.807693 16.419805 704.443066
 264.200000 -1.185580 0.991304 20.412903 452.633757
 264.400000 -1.186160 0.892173 20.425231 450.690428
 264.600000 -1.118862 1.000353 18.859274 610.282837
 264.800000 -1.368555 0.846912 22.674703 18.575679
 265.000000 -1.050580 0.823032 17.128976 670.989981
 265.200000 -1.244978 1.009676 21.519934 239.728473
 265.400000 -1.066982 0.756948 17.553239 661.626721
 265.600000 -1.465213 0.809786 22.801135 3.656098
 265.800000 -1.135378 1.084352 19.270018 586.303953
 266.000000 -1.358904 1.003243 22.629375 23.867566
 266.200000 -1.129574 0.701184 19.136414 598.513374
 266.400000 -1.164448 0.698230 19.962684 518.054903
 266.600000 -1.259245 0.746023 21.735760 192.928031
 266.800000 -1.317645 1.098308 22.368947 64.090601
 267.000000 -1.030827 1.183922 16.609622 709.506307
 267.200000 -1.490303 1.131581 22.711988 17.996374
 267.400000 -1.220906 0.860927 21.133140 322.774707
 267.600000 -1.205964 0.484474 20.853498 378.050729
 267.800000 -1.169358 0.644752 20.083701 504.048340
 268.000000 -1.491965 0.848580 22.704810 19.342287
 268.200000 -0.768200 0.987708 7.354194 1586.467491
 268.400000 -1.421300 1.634126 22.810706 0.827055
 268.600000 -1.065381 1.215493 17.523093 679.887787
 268.800000 -1.655307 0.657037 20.721898 288.984352
 269.000000 -1.155367 0.552762 19.774429 545.042484
 269.200000 -1.236526 0.969999 21.422600 263.800599
 269.400000 -1.084304 1.196749 18.021092 667.955275
 269.600000 -1.608128 1.131739 21.490703 242.304013
 269.800000 -1.291769 0.867497 22.153643 105.986897
 270.000000 -1.849996 1.035800 18.726092 1.359007
 270.200000 -0.884563 0.930034 11.984676 1410.128071
 270.400000 -0.572836 0.979583 0.668725 942.381550
 270.600000 -1.434476 1.496801 22.816106 0.006344
 270.800000 -1.941107 1.602225 18.875649 15.320837
 271.000000 -1.396123 1.397277 22.773421 5.115532
 271.200000 -0.733029 0.918963 5.946864 1433.302414
 271.400000 -1.605564 0.855766 21.508941 238.285640
 271.600000 -1.315332 0.928776 22.385681 62.422304
 271.800000 -1.064304 1.090501 17.512657 701.648713
 272.000000 -1.745780 1.405994 19.342336 128.422594
 272.200000 -1.530787 1.037867 22.419703 74.978791
 272.400000 -1.358305 0.629939 22.655290 19.939050
 272.600000 -0.619763 0.520886 2.070620 969.921118
 272.800000 -1.641561 0.735172 20.911865 284.355655
 273.000000 -1.087477 1.063298 18.130277 683.109946
 273.200000 -1.615142 1.346972 21.338357 256.136473
 273.400000 -1.499782 1.091179 22.634840 31.289485
 273.600000 -1.003392 0.509473 15.847320 819.632716
 273.800000 -1.538256 0.513632 22.345437 90.211600
 274.000000 -1.212973 0.784582 21.069303 345.558038
 274.200000 -1.244714 1.274865 21.619646 227.545657
 274.400000 -1.357716 1.119952 22.666479 19.096376
 274.600000 -1.311262 0.672849 22.382057 65.017925
 274.800000 -1.151080 0.326990 19.759620 567.494435
 275.000000 -1.044614 0.616954 16.999596 747.224734
 275.200000 -1.166417 1.200444 20.134896 520.001074
 275.400000 -0.665015 0.974882 3.469220 1113.988616
 275.600000 -1.521249 0.931096 22.483316 62.122614
 275.800000 -1.035751 0.531512 16.761189 767.990777
 276.000000 -1.183368 0.328091 20.509978 458.643745
 276.200000 -0.728906 0.328058 5.731204 1439.862525
 276.400000 -1.430398 0.805896 22.826014 0.076478
 276.600000 -1.011729 1.253627 16.088308 821.487044
 276.800000 -1.239075 1.092976 21.566250 244.003393
 277.000000 -1.168948 0.680558 20.210607 512.100084
 277.200000 -1.156413 0.574893 19.940782 556.489654
 277.400000 -1.245085 0.789846 21.676141 221.379744
 277.600000 -1.482288 1.198754 22.715159 18.441750
 277.800000 -1.037176 1.347289 16.812640 782.375403
 278.000000 -1.726189 1.059415 19.540745 168.887035
 278.200000 -0.895488 0.625971 12.325836 1352.625473
 278.400000 -1.136655 0.711685 19.481797 619.329401
 278.600000 -1.545424 0.945244 22.248590 111.465955
 278.800000 -1.300792 1.361189 22.347111 76.771213
 279.000000 -1.222038 1.459513 21.323145 303.852178
 279.200000 -1.431010 1.013225 22.840305 0.311177
 279.400000 -1.059469 0.441528 17.453115 767.768468
 279.600000 -1.217006 0.588589 21.255425 322.157475
 279.800000 -1.159083 0.921307 20.046112 550.370156
 280.000000 -1.504292 1.255990 22.596480 42.285872
 280.200000 -1.578947 1.140206 21.828442 190.569187
 280.400000 -0.675086 0.420043 3.729459 1184.709795
 280.600000 -0.810538 -0.109951 8.964815 1683.087074
 280.800000 -0.736757 -0.524495 5.988338 1503.003614
 281.000000 -0.579155 -0.373304 0.671810 922.423175
 281.200000 -1.308035 0.623984 22.457187 61.119781
 281.400000 -1.237195 1.549792 21.639242 241.740773
 281.600000 -0.840820 1.597411 10.192077 1621.843573
 281.800000 -1.054412 1.863051 17.337595 791.875828
 282.000000 -0.751047 1.672811 6.539730 1572.370674
 282.200000 -0.716971 1.835192 5.214005 1413.375229
 282.400000 -0.744125 1.893888 6.259378 1547.578132
 282.600000 -0.508844 1.942196 -0.000001 0.000000
 282.800000 -0.544486 1.765931 -0.007549 2.611145
 283.000000 -1.190193 1.890758 20.806847 430.057888
 283.200000 -0.548321 1.106778 -0.014673 6.997658
 283.400000 -1.694678 0.906041 19.945348 236.597866
 283.600000 -1.340278 0.499452 22.691379 23.989754
 283.800000 -0.921123 0.799520 13.225090 1222.444906
 284.000000 -0.874669 1.268022 11.519478 1474.460411
 284.200000 -1.105751 1.154796 18.803249 725.308603
 284.400000 -1.088052 0.459998 18.320422 761.817780
 284.600000 -1.022004 0.013684 16.435405 867.817277
 284.800000 -0.717099 -0.090658 5.206481 1426.771745
 285.000000 -0.831815 -0.034753 9.820154 1648.809511
 285.200000 -1.132393 0.473024 19.525813 656.626770
 285.400000 -1.366438 0.958329 22.817421 8.269764
 285.600000 -1.197623 1.059299 21.028157 396.909189
 285.800000 -1.158862 0.729959 20.179683 561.242753
 286.000000 -1.520063 0.839643 22.472294 72.413210
 286.200000 -1.010356 0.956495 16.106452 907.352716
 286.400000 -1.339675 1.211958 22.730547 21.756815
 286.600000 -1.001477 0.656641 15.837571 927.153528
 286.800000 -0.704586 -0.143521 4.727659 1372.817947
 287.000000 -0.614092 -0.686211 1.653182 983.150776
 287.200000 -0.517871 -0.172222 -0.000005 0.000002
 287.400000 -1.405841 0.654579 22.900427 0.089646
 287.600000 -1.385768 1.473939 22.882431 2.236280
 287.800000 -0.899375 1.878766 12.442984 1347.325946
 288.000000 -0.934439 2.221208 13.685829 1170.005272
 288.200000 -0.686788 2.328586 4.069982 1291.999550
 288.400000 -0.918990 1.990928 13.149621 1248.408889
 288.600000 -0.788032 1.485323 8.022982 1688.225959
 288.800000 -1.293759 1.061582 22.463364 74.584072
 289.000000 -1.247160 0.282693 21.940455 194.432083
 289.200000 -0.691022 -0.013623 4.221030 1320.784351
 289.400000 -0.681000 -0.164145 3.860368 1269.554070
 289.600000 -0.708964 0.049742 4.884407 1413.572870
 289.800000 -1.189055 0.697963 20.952130 431.755355
 290.000000 -1.505448 1.055733 22.589602 54.643607
 290.200000 -0.643439 0.835570 2.564861 1104.353849
 290.400000 -1.720676 1.149323 19.516919 178.943322
 290.600000 -1.971349 0.752804 18.990678 31.058222
 290.800000 -0.817507 0.131217 9.240714 1673.361304
 291.000000 -0.629312 -0.141051 2.101242 1051.055351
 291.200000 -1.077255 -0.197077 18.146717 828.082470
 291.400000 -0.949703 0.229959 14.213501 1121.350950
 291.600000 -0.782790 0.693248 7.819721 1682.414397
 291.800000 -1.475110 1.161275 22.778975 23.294332
 292.000000 -1.302445 1.024638 22.586896 56.549171
 292.200000 -1.161543 0.635585 20.411977 556.243631
 292.400000 -1.877023 0.968632 18.641027 1.700831
 292.600000 -0.990299 1.337829 15.537594 998.888042
 292.800000 -1.241249 1.697581 21.942769 208.121456
 293.000000 -0.969138 1.484739 14.859340 1058.302619
 293.200000 -1.368058 0.988094 22.921026 4.524534
 293.400000 -1.360155 0.433124 22.902177 7.006273
 293.600000 -0.705123 0.330566 4.748311 1418.589929
 293.800000 -1.071185 0.609587 18.007066 852.429606
 294.000000 -1.681010 1.110475 20.088447 265.425784
 294.200000 -1.246247 1.078450 22.055270 187.973927
 294.400000 -1.243067 0.842949 22.011042 198.941712
 294.600000 -1.683744 1.021895 20.037489 261.526655
 294.800000 -1.036505 1.000199 16.990826 921.134908
 295.000000 -0.935402 0.876407 13.741283 1190.680500
 295.200000 -1.484710 1.193967 22.746070 35.745503
 295.400000 -1.422307 1.097432 22.966402 1.802214
 295.600000 -1.186280 1.053589 21.033714 440.367608
 295.800000 -1.671499 1.057027 20.234085 280.792518
 296.000000 -1.181026 0.777148 20.921921 465.305529
 296.200000 -1.443104 1.061526 22.933790 7.852275
 296.400000 -1.247793 1.076761 22.117823 180.316975
 296.600000 -1.559968 1.339508 22.031876 171.419242
 296.800000 -1.445102 1.018400 22.928052 8.658589
 297.000000 -1.877146 0.853152 18.614844 1.866202
 297.200000 -1.169400 1.087904 20.711579 519.518114
 297.400000 -1.339418 1.073428 22.898126 15.262091
 297.600000 -1.351072 0.944556 22.938503 9.204793
 297.800000 -1.351283 0.866602 22.939143 9.112645
 298.000000 -1.290732 0.926952 22.604623 70.316664
 298.200000 -1.168502 0.942606 20.716520 524.532672
 298.400000 -1.386011 1.268858 23.020087 0.412032
 298.600000 -1.265813 0.933169 22.385460 124.584695
 298.800000 -1.049704 0.408303 17.458670 924.391009
 299.000000 -0.706458 0.260818 4.810097 1455.411300
 299.200000 -1.339348 0.682864 22.940194 14.274459
 299.400000 -1.228887 1.031851 21.915955 247.059815
 299.600000 -1.023796 0.943593 16.676144 979.722498
 299.800000 -1.519338 0.997049 22.497472 90.948303
 300.000000 -1.495520 0.800134 22.698081 53.684779
 300.200000 -0.945012 0.682722 15.036888 1184.230624
 300.400000 -1.780674 1.071357 19.757227 51.968176
 300.600000 -1.218397 1.036387 22.698064 290.229463
 300.800000 -0.832781 0.988855 10.831894 1620.345798
 301.000000 -1.438030 1.073294 23.922027 8.267019
 301.200000 -1.579708 0.724838 22.677664 224.414214
 301.400000 -0.776700 0.636478 8.543668 1679.317403
 301.600000 -1.620677 1.138576 22.014218 292.826835
 301.800000 -1.335897 1.001533 23.896173 15.404165
 302.000000 -0.859014 0.603899 11.875948 1533.193190
 302.200000 -1.019586 0.351991 17.513027 1008.690792
 302.400000 -1.064797 0.754684 18.916920 917.144813
 302.600000 -1.221452 1.308616 22.796164 276.515279
 302.800000 -0.978089 1.059910 16.167556 1098.451358
 303.000000 -1.424939 0.838527 23.977776 4.889318
 303.200000 -1.296193 0.800936 23.712743 56.900223
 303.400000 -0.854869 0.707248 11.718001 1550.813343
 303.600000 -1.389544 1.064661 24.030916 0.001883
 303.800000 -1.210117 0.780854 22.624762 325.539137
 304.000000 -1.316825 0.642257 23.846674 30.043936
 304.200000 -1.257717 0.856113 23.363436 143.078003
 304.400000 -1.501376 1.268727 23.603466 69.841012
 304.600000 -1.489895 1.127170 23.693568 53.938482
 304.800000 -1.112882 0.660234 20.367858 780.447913
 305.000000 -0.707701 0.037086 5.777483 1496.531168
 305.200000 -0.820776 -0.320877 10.356350 1653.928522
 305.400000 -0.667869 -0.471257 4.278247 1319.286937
 305.600000 -0.702273 -0.154243 5.565371 1479.086812
 305.800000 -0.961589 0.479941 15.642801 1164.523166
 306.000000 -1.550965 1.294528 23.078252 167.624697
 306.200000 -1.230904 1.221065 23.047648 234.590020
 306.400000 -0.891189 0.951693 13.128486 1417.446084
 306.600000 -1.704985 0.967452 20.569475 226.138774
 306.800000 -0.882694 0.622287 12.806767 1451.053626
 307.000000 -1.431359 0.970843 24.013510 9.268728
 307.200000 -1.128111 1.082473 20.860317 723.882271
 307.400000 -1.358091 1.069419 24.077892 3.298608
 307.600000 -1.382608 0.900390 24.100932 0.008607
 307.800000 -1.260871 0.791716 23.472750 131.687360
 308.000000 -1.374851 1.190849 24.098177 0.384090
 308.200000 -1.633463 1.263100 21.769350 312.294421
 308.400000 -1.015717 0.895773 17.485820 1060.160828
 308.600000 -1.514482 0.647217 23.507689 98.686904
 308.800000 -1.142373 0.841524 21.261573 659.510273
 309.000000 -1.087921 1.242962 19.743973 882.366489
 309.200000 -0.749216 1.566549 7.430362 1661.012263
 309.400000 -1.741821 1.499751 20.053425 138.710198
 309.600000 -1.681458 1.419705 20.929297 279.304624
 309.800000 -0.765156 0.511365 8.082947 1688.618221
 310.000000 -0.681873 -0.447929 4.779902 1411.021271
 310.200000 -0.972286 -0.614894 16.066101 1171.428438
 310.400000 -0.647951 0.117037 3.536746 1257.588793
 310.600000 -1.164608 1.035016 21.861335 549.614305
 310.800000 -0.954767 1.443979 15.460710 1218.016664
 311.000000 -0.521494 1.443996 -0.004359 0.909039
 311.200000 -1.085991 2.101533 19.757553 900.470954
 311.400000 -0.585989 2.108220 1.452746 1003.486378
 311.600000 -0.797298 2.072143 9.414281 1698.607610
 311.800000 -0.813121 1.791401 10.064663 1678.047886
 312.000000 -0.572589 1.532578 1.033315 956.996685
 312.200000 -1.109652 1.746723 20.475445 814.234298
 312.400000 -1.636333 1.836118 21.711605 319.427636
 312.600000 -1.795117 1.277505 19.553965 37.247321
 312.800000 -1.424581 0.639103 24.122420 10.001504
 313.000000 -0.850522 0.280527 11.583156 1583.821394
 313.200000 -0.717887 0.112148 6.177292 1585.193948
 313.400000 -0.618189 0.239212 2.493220 1141.271111
 313.600000 -1.137899 0.289338 21.274906 686.627607
 313.800000 -1.447896 0.842850 24.042002 24.111387
 314.000000 -0.616687 1.386781 2.442551 1134.801601
 314.200000 -0.351745 1.769086 -0.000000 0.000000
 314.400000 -0.715492 2.018492 6.086150 1581.233731
 314.600000 -0.959781 2.284095 15.685519 1229.987026
 314.800000 -0.584093 1.975752 1.370950 1008.616172
 315.000000 -0.846306 1.894223 11.428653 1599.978929
 315.200000 -0.677629 1.614465 4.621345 1429.279530
 315.400000 -1.148320 1.609336 21.592617 634.640282
 315.600000 -1.048193 1.116691 18.672439 1028.654079
 315.800000 -1.173896 0.568764 22.201711 500.538231
 316.000000 -1.260623 0.578999 23.666290 127.302868
 316.200000 -1.059597 1.034459 19.058170 1001.798560
 316.400000 -1.335383 1.286155 24.209499 9.822555
 316.600000 -0.961657 0.845457 15.779463 1236.395702
 316.800000 -1.233084 0.673097 23.331143 219.253587
 317.000000 -1.272108 0.852555 23.810534 96.574011
 317.200000 -1.482264 1.232008 23.864335 63.656270
 317.400000 -0.974484 1.107475 16.243848 1211.005822
 317.600000 -1.434229 1.158427 24.156721 18.382534
 317.800000 -1.638378 0.898035 21.666829 327.691669
 318.000000 -1.179092 0.637786 22.368399 472.173777
 318.200000 -0.996104 0.982828 17.006582 1167.950220
 318.400000 -1.199995 1.215584 22.822940 364.869712
 318.600000 -1.027785 0.578063 18.072571 1095.615982
 318.800000 -0.787281 -0.098953 9.055011 1711.009869
 319.000000 -0.446791 -0.689548 -0.000000 0.000000
 319.200000 -0.581138 -0.311367 1.249714 1022.036739
 319.400000 -1.357370 0.873965 24.319601 1.154854
 319.600000 -1.015198 1.435170 17.673092 1131.413633
 319.800000 -0.507665 1.406001 -0.000084 0.000422
 320.000000 -0.877558 2.257336 12.708317 1505.597651
 320.200000 -0.694943 2.209325 5.312738 1536.833408
 320.400000 -0.665210 2.114400 4.171392 1407.747782
 320.600000 -1.296714 1.263530 24.114170 46.003047
 320.800000 -0.952032 0.072879 15.496478 1284.331739
 321.000000 -0.612292 -0.729638 2.275914 1161.275216
 321.200000 -0.836967 -0.169510 11.122686 1628.624650
 321.400000 -0.964728 1.053267 15.964220 1257.661080
 321.600000 -1.732649 1.820112 20.094883 177.301547
 321.800000 -1.976267 2.545925 19.643711 36.403147
 322.000000 -2.468545 3.088662 23.511937 25.639317
 322.200000 3.020052 2.689016 3.287008 3539.436469
 322.400000 -2.864876 2.677495 20.489578 669.908011
 322.600000 -1.850625 3.071626 19.254926 1.141875
 322.800000 -1.937311 2.015232 19.426285 19.609480
 323.000000 -1.572188 1.638745 22.814053 248.648951
 323.200000 -0.997954 0.671580 17.159658 1191.885248
 323.400000 -0.511555 -0.356984 -0.000172 0.001759
 323.600000 -0.611967 -0.505422 2.264569 1180.035115
 323.800000 -0.913821 0.329860 14.137656 1400.475360
 324.000000 -1.261003 1.060604 23.873270 120.371295
 324.200000 -1.802592 1.299629 19.396450 34.424306
 324.400000 -1.078866 0.904527 19.851861 968.997990
 324.600000 -1.043009 0.348573 18.700977 1086.042611
 324.800000 -0.622790 -0.089926 2.642367 1237.449517
 325.000000 -0.655273 -0.119554 3.819764 1390.576638
 325.200000 -1.025927 0.290862 18.152391 1135.047171
 325.400000 -1.118444 0.663596 21.053686 797.389323
 325.600000 -1.805880 1.231965 19.368198 30.883262
 325.800000 -1.467710 1.386399 24.054077 57.037755
 326.000000 -0.746505 0.829041 7.444625 1702.383224
 326.200000 -1.621473 0.561704 21.968991 335.143183
 326.400000 -1.811099 0.630197 19.331021 25.491183
 326.600000 -1.232145 1.046793 23.573864 217.067401
 326.800000 -0.971392 1.519751 16.281759 1264.589334
 327.000000 -0.928687 1.655760 14.733079 1368.674609
 327.200000 -0.793325 1.833710 9.408883 1711.412174
 327.400000 -0.708018 2.131292 5.894939 1621.650260
 327.600000 -0.750295 2.199239 7.624648 1711.966856
 327.800000 -0.651028 2.268357 3.677868 1392.267027
 328.000000 -0.732900 2.016973 6.907446 1685.382215
 328.200000 -0.665600 1.720444 4.237131 1466.588270
 328.400000 -1.041956 1.828292 18.752224 1100.619754
 328.600000 -0.651663 1.553075 3.709127 1403.794427
 328.800000 -0.626841 1.712341 2.798652 1286.651552
 329.000000 -0.719129 2.070925 6.358290 1658.410601
 329.200000 -0.696385 2.208917 5.456252 1596.230777
 329.400000 -0.819547 2.149737 10.520219 1667.336571
 329.600000 -0.667512 1.905248 4.322401 1484.054244
 329.800000 -1.047488 1.644775 18.956563 1086.516457
 330.000000 -0.953546 1.044570 15.693835 1316.577320
 330.200000 -1.633600 0.572236 21.746180 347.840691
 330.400000 -1.917529 0.775439 19.248746 11.534489
 330.600000 -1.504584 0.910188 23.755383 119.222385
 330.800000 -1.014522 1.467683 17.867505 1178.915443
 331.000000 -0.881154 1.773266 12.995365 1506.185051
 331.200000 -0.626953 1.809395 2.823910 1317.950810
 331.400000 -0.625191 2.275103 2.760054 1309.448458
 331.600000 -1.012864 2.068167 17.831153 1185.209903
 331.800000 -0.694080 2.067267 5.395977 1603.966645
 332.000000 -0.660445 1.625981 4.075486 1473.178667
 332.200000 -0.589581 1.861436 1.518246 1146.129933
 332.400000 -0.847268 2.046387 11.697944 1595.700690
 332.600000 -0.995814 2.293322 17.259712 1227.725284
 332.800000 -0.586695 2.123493 1.420824 1132.106311
 333.000000 -0.647885 1.656127 3.609784 1427.494686
 333.200000 -0.855206 1.355922 12.034316 1572.694898
 333.400000 -1.705859 1.216179 20.444861 266.117024
 333.600000 -1.480104 0.610899 24.020548 83.983027
 333.800000 -0.400688 0.100399 -0.000000 0.000000
 334.000000 -0.618422 -0.186643 2.533110 1298.387542
 334.200000 -0.954271 -0.330583 15.816698 1323.348123
 334.400000 -0.535234 -0.130338 -0.022247 8.496594
 334.600000 -1.153146 0.295134 22.175826 609.501117
 334.800000 -1.526435 0.971899 23.514293 167.032398
 335.000000 -1.033330 1.346819 18.592601 1134.981947
 335.200000 -1.069932 1.341542 19.815198 1013.392082
 335.400000 -1.197491 0.936740 23.173707 370.222305
 335.600000 -1.261675 0.545081 24.133049 113.573365
 335.800000 -1.526306 0.986419 23.520136 168.021206
 336.000000 -0.969410 1.404768 16.384215 1291.096057
 336.200000 -0.621357 1.528139 2.669736 1344.456957
 336.400000 -0.791690 1.998909 9.523287 1702.890757
 336.600000 -0.623053 2.316048 2.732038 1352.748655
 336.800000 -0.762792 2.108013 8.325355 1728.530154
 337.000000 -0.674899 1.671090 4.720020 1578.365480
 337.200000 -0.944752 1.224758 15.530646 1348.359297
 337.400000 -1.457570 0.676447 24.242409 59.816173
 337.600000 -1.757711 0.783315 19.697047 135.878433
 337.800000 -0.945148 1.105468 15.545185 1347.491733
 338.000000 -0.841464 1.335012 11.571002 1598.978310
 338.200000 -0.947723 1.593992 15.661263 1342.815596
 338.400000 -1.380996 1.612355 24.632585 4.339575
 338.600000 -1.292134 0.842070 24.452506 45.460589
 338.800000 -0.737388 0.076490 7.316740 1727.120573
 339.000000 -0.756150 -0.265871 8.097184 1731.076188
 339.200000 -0.777803 -0.133901 9.021038 1716.233654
 339.400000 -0.663116 0.321223 4.308423 1563.278764
 339.600000 -1.509375 1.062593 23.750675 140.370584
 339.800000 -1.539338 1.292549 23.360564 201.035456
 340.000000 -0.650399 0.833503 3.809698 1512.063025
 340.200000 -1.792507 0.912716 19.336136 62.986896
 340.400000 -1.286550 0.752056 24.449095 54.306917
 340.600000 -0.940320 0.582482 15.432420 1360.616161
 340.800000 -1.067942 0.671457 19.868092 1020.316475
 341.000000 -1.512507 1.002901 23.719278 147.709425
 341.200000 -1.410774 1.101842 24.574433 20.763548
 341.400000 -0.892581 0.738231 13.660457 1466.625734
 341.600000 -1.408679 0.624457 24.583818 19.353621
 341.800000 -1.538907 1.074161 23.376316 203.180755
 342.000000 -1.414318 1.142446 24.557817 23.247218
 342.200000 -1.240291 0.815727 24.008486 177.459778
 342.400000 -1.502735 0.930184 23.849769 132.539566
 342.600000 -1.160910 0.886814 22.534904 555.453739
 342.800000 -0.902532 1.215246 14.062368 1443.776095
 343.000000 -1.478511 1.259204 24.105942 93.012759
 343.200000 -1.370338 0.689366 24.727553 2.033258
 343.400000 -1.342420 0.771260 24.732398 1.283848
 343.600000 -1.074696 1.207883 20.154313 990.746727
 343.800000 -1.134407 1.166898 21.894091 699.023299
 344.000000 -1.417609 0.824556 24.569348 26.817800
 344.200000 -1.389797 0.839585 24.700887 9.534801
 344.400000 -1.011908 1.086858 18.092278 1205.091341
 344.600000 -1.404783 1.203891 24.645725 18.192775
 344.800000 -1.851678 0.818965 19.014222 3.707978
 345.000000 -1.362737 0.536616 24.754039 0.639741
 345.200000 -0.670084 0.665347 4.691174 1645.424272
 345.400000 -1.260243 1.315689 24.309144 112.576970
 345.600000 -1.834381 1.120876 19.052426 13.608123
 345.800000 -0.998398 0.279540 17.643867 1242.321187
 346.000000 -0.831418 0.097237 11.350835 1607.201720
 346.200000 -0.580951 -0.267779 1.299676 1235.246949
 346.400000 -0.579250 -0.635851 1.240027 1225.567299
 346.600000 -0.513329 -0.446181 -0.000136 0.001220
 346.800000 -1.390271 0.249331 24.734869 10.354631
 347.000000 -1.775176 1.605883 19.456181 106.181572
 347.200000 -1.650465 1.981184 21.440341 371.681603
 347.400000 -1.912253 2.669071 19.007838 6.934129
 347.600000 3.053613 2.894052 5.099425 3997.535071
 347.800000 3.025790 3.048381 3.387518 3510.239971
 348.000000 -2.342414 2.773920 22.272895 52.253499
 348.200000 -1.676930 2.339641 20.938294 349.293030
 348.400000 -1.794104 1.738245 19.268831 69.089748
 348.600000 -1.834104 1.698376 19.025388 15.432461
 348.800000 -1.327524 0.905071 24.801228 6.417208
 349.000000 -1.157333 0.791123 22.589316 565.798332
 349.200000 -1.906805 0.885836 18.969360 4.833965
 349.400000 -1.228976 1.014801 23.995225 215.220289
 349.600000 -0.586383 1.002094 1.511658 1293.448498
 349.800000 -0.919816 1.358521 14.863684 1414.256906
 350.000000 -1.370903 1.059532 24.834431 2.861085
 350.200000 -1.089621 0.308469 20.787946 921.037538
 350.400000 -0.754934 -0.018125 8.321558 1747.515857
 350.600000 0.259520 -0.503303 -0.000000 0.000000
