#! FIELDS time phi psi ves.bias ves.force2
#! SET min_phi -pi
#! SET max_phi pi
#! SET min_psi -pi
#! SET max_psi pi
 0.000000 -1.498385 0.273949 25.037724 141.910265
 0.200000 -0.970258 0.688117 17.933811 1359.937344
 0.400000 -0.918286 1.382659 15.936989 1563.222833
 0.600000 -0.454604 1.801485 -0.000000 0.000000
 0.800000 -0.846384 2.319821 13.076574 1563.637663
 1.000000 -0.856078 2.319848 13.460538 1573.655346
 1.200000 -0.771315 1.774689 10.508163 1506.513031
 1.400000 -0.865426 1.422498 14.128486 1548.523908
 1.600000 -1.453687 1.269589 25.564432 143.110202
 1.800000 -0.763045 0.186895 10.185447 1539.882163
 2.000000 -0.795812 -0.410961 11.448670 1452.571924
 2.200000 -0.911212 -0.181569 16.084158 1466.868496
 2.400000 -0.612252 0.070978 3.435669 2433.179354
 2.600000 -0.984506 0.563404 18.769281 1159.770496
 2.800000 -1.843394 1.544758 21.009971 0.174907
 3.000000 -1.656767 2.005791 22.595526 228.405151
 3.200000 -2.091206 2.726545 21.816292 26.834114
 3.400000 -2.839334 2.888601 21.185772 611.606919
 3.600000 2.900629 2.834729 -0.000007 0.000002
 3.800000 -2.413910 2.945089 23.933884 19.758495
 4.000000 -2.171630 2.444540 22.347777 60.952186
 4.200000 -1.848578 2.317778 21.039531 0.067330
 4.400000 -1.820361 2.545852 21.079280 6.948336
 4.600000 -2.632703 2.582023 24.047798 30.954607
 4.800000 3.022733 3.005140 3.833517 3072.046150
 5.000000 -2.718649 3.103850 23.323141 134.838519
 5.200000 -2.244220 2.431756 22.912082 59.368545
 5.400000 -1.858768 1.977905 21.078767 0.140297
 5.600000 -1.382639 2.211062 26.092538 18.660163
 5.800000 -1.898536 2.444383 21.140002 6.184410
 6.000000 3.083730 2.734740 7.287006 3156.049680
 6.200000 2.958670 3.099446 0.665825 1729.210309
 6.400000 -2.518049 2.662968 24.313967 2.692497
 6.600000 -1.787070 1.949717 21.342988 34.039485
 6.800000 -1.119018 1.765239 22.490091 543.770994
 7.000000 -0.646139 1.705084 5.205066 2450.134251
 7.200000 -0.570222 1.978083 1.549222 1943.604489
 7.400000 -0.852235 2.290872 13.919573 1435.143885
 7.600000 -1.260604 2.431913 25.323192 227.715031
 7.800000 -0.426969 1.915412 -0.000000 0.000000
 8.000000 -0.640521 1.732424 4.916466 2452.789771
 8.200000 -1.043731 1.562782 20.545067 768.948768
 8.400000 -1.473088 1.230989 25.252969 144.657249
 8.600000 -1.127989 0.474887 22.652065 528.695602
 8.800000 -0.430699 -0.343606 -0.000000 0.000000
 9.000000 -0.625080 -0.539078 4.201792 2438.070060
 9.200000 -0.631125 -0.380995 4.575307 2426.043334
 9.400000 -0.559464 -0.145279 1.199542 1823.526297
 9.600000 -1.045896 0.434128 20.607868 751.260032
 9.800000 -1.760710 1.032027 21.617979 58.900452
 10.000000 -1.121277 1.525594 22.491410 536.210598
 10.200000 -0.975798 1.536164 18.488893 1112.860710
 10.400000 -0.832493 1.657551 13.222844 1427.218930
 10.600000 -1.320936 1.569636 25.953717 39.096264
 10.800000 -1.048417 0.627297 20.678711 730.596070
 11.000000 -1.599498 0.484200 23.583128 205.341279
 11.200000 -1.366898 1.115488 26.087443 0.819469
 11.400000 -0.795821 1.569781 11.869138 1436.794941
 11.600000 -0.606960 2.131471 3.580660 2370.581564
 11.800000 -1.334242 2.536876 26.035463 17.244627
 12.000000 -2.239238 2.437265 22.867970 51.068376
 12.200000 2.959791 2.776643 0.709157 1704.457763
 12.400000 -2.999268 3.113461 15.876372 1259.853727
 12.600000 -3.059433 2.478123 13.669977 1471.014087
 12.800000 -2.787637 2.688586 22.086235 362.469666
 13.000000 -2.898077 -3.114860 19.291758 962.553935
 13.200000 3.061133 2.644559 5.887453 3128.891210
 13.400000 -2.515804 2.872188 24.250466 4.528323
 13.600000 -2.103356 2.785932 21.748736 47.947836
 13.800000 -2.119905 2.388899 21.868814 57.191637
 14.000000 -2.106775 2.406439 21.772657 49.960087
 14.200000 -2.029922 2.993106 21.344180 12.282667
 14.400000 -2.939846 2.609546 17.921841 1164.531469
 14.600000 -2.837088 -3.133668 21.018798 609.576201
 14.800000 3.020528 2.740043 3.650197 2903.594397
 15.000000 2.965695 2.717549 0.960062 1831.709656
 15.200000 -2.257883 2.778830 22.970759 30.990997
 15.400000 -1.919323 2.423547 21.151382 0.007006
 15.600000 -1.743174 1.900521 21.707778 81.145901
 15.800000 -1.582083 2.086377 23.898715 229.482778
 16.000000 -1.933086 2.195533 21.154028 0.092808
 16.200000 -2.120884 2.896080 21.913476 76.503918
 16.400000 -3.130114 2.943528 10.700421 2061.826552
 16.600000 -3.069944 2.993199 13.202843 1481.764241
 16.800000 -2.437237 2.922663 23.826893 33.239271
 17.000000 -2.256833 2.406359 22.978019 27.377036
 17.200000 -1.802300 2.570031 21.326265 13.671111
 17.400000 -1.949418 2.594572 21.172414 0.079839
 17.600000 -2.697184 2.808325 23.322038 105.914870
 17.800000 3.085615 3.061694 7.338096 2960.092911
 18.000000 -2.875248 2.704761 20.034268 868.451894
 18.200000 -2.892098 2.517740 19.546233 984.781292
 18.400000 -2.867657 3.017532 20.278357 808.360227
 18.600000 3.028848 2.813822 4.197372 3059.864040
 18.800000 -2.679963 2.941918 23.472656 88.606343
 19.000000 -2.181169 2.518580 22.526387 71.861852
 19.200000 -1.989241 2.559438 21.216867 2.664248
 19.400000 -1.930478 2.683603 21.186280 0.036943
 19.600000 -2.362188 2.669497 23.348842 14.976325
 19.800000 -2.812948 2.797337 21.658974 416.578315
 20.000000 3.128528 -3.123293 9.595119 2361.906612
 20.200000 -3.042955 2.582745 14.244645 1383.410377
 20.400000 -2.276615 2.834548 23.101976 7.439690
 20.600000 -2.191576 2.478602 22.671331 60.691719
 20.800000 -1.955493 2.549877 21.214239 0.066370
 21.000000 -2.345428 2.512151 23.269923 8.987577
 21.200000 -2.911761 2.919169 19.033043 1127.699397
 21.400000 -3.012670 -2.986592 15.384289 1370.584100
 21.600000 -1.992240 2.686028 21.274738 2.700487
 21.800000 -1.444519 1.869023 25.577571 62.167000
 22.000000 -0.946596 0.484553 17.455526 1250.304553
 22.200000 -0.445528 -0.745535 -0.000000 0.000000
 22.400000 -0.529064 -0.649061 0.365270 1803.167302
 22.600000 -0.603515 0.198855 3.757354 2324.803126
 22.800000 -1.682208 1.159631 22.292057 188.825225
 23.000000 -1.854143 1.637875 21.294505 0.071838
 23.200000 -1.107157 1.453139 21.994430 556.610055
 23.400000 -1.409818 1.397944 25.764156 21.850266
 23.600000 -1.694713 0.715805 22.112054 155.724117
 23.800000 -1.352885 0.598335 25.859640 2.758267
 24.000000 -0.539227 0.664351 0.804793 1778.178656
 24.200000 -1.668759 1.207421 22.460182 214.167609
 24.400000 -1.524546 1.059050 24.714244 172.672024
 24.600000 -1.169322 0.480587 23.386808 475.309984
 24.800000 -1.218776 0.659176 24.398994 351.411521
 25.000000 -1.236528 0.964317 24.717226 290.834128
 25.200000 -1.697285 1.335425 22.081717 146.110367
 25.400000 -1.271911 0.921275 25.233935 161.178472
 25.600000 -1.201290 0.548454 24.055364 397.938060
 25.800000 -1.128427 0.538145 22.471199 528.807908
 26.000000 -1.473353 1.087229 25.296643 88.607036
 26.200000 -1.533699 1.514241 24.611390 186.322048
 26.400000 -1.286817 1.170069 25.409181 112.111591
 26.600000 -1.282706 0.775382 25.364510 124.084358
 26.800000 -1.579365 0.849689 23.926181 260.503264
 27.000000 -1.120566 1.191229 22.306115 539.918180
 27.200000 -1.413671 1.510797 25.735772 19.299009
 27.400000 -1.081557 0.866532 21.395115 612.131701
 27.600000 -1.238387 0.220295 24.764957 269.050749
 27.800000 -0.739065 0.069617 9.583762 1396.712835
 28.000000 -0.611613 0.296605 4.174982 2236.733944
 28.200000 -1.635108 0.900837 23.034730 279.334019
 28.400000 -1.073582 1.220513 21.226138 643.347944
 28.600000 -0.709720 1.185972 8.449949 1531.993909
 28.800000 -0.936044 1.252602 16.988850 1350.958619
 29.000000 -1.284959 0.845702 25.422642 112.137300
 29.200000 -0.518856 -0.109936 0.025963 718.319564
 29.400000 -0.712754 -0.646122 8.556520 1509.815348
 29.600000 -0.531794 -0.547847 0.548400 1705.719075
 29.800000 -0.707467 0.233868 8.349990 1542.433574
 30.000000 -1.596280 1.159602 23.721539 289.700116
 30.200000 -1.359885 1.488678 25.890550 1.161191
 30.400000 -0.496529 0.930501 -0.000486 0.018539
 30.600000 -1.780770 1.109729 21.485284 11.014325
 30.800000 -1.522814 0.902578 24.874801 166.105049
 31.000000 -1.269919 0.712303 25.303597 149.845150
 31.200000 -1.524964 1.190958 24.882187 168.795449
 31.400000 -1.300064 1.112498 25.639672 68.100325
 31.600000 -1.342730 0.857485 25.876880 8.789570
 31.800000 -1.247716 0.664605 25.032775 219.355469
 32.000000 -1.123718 1.176857 22.550098 551.501379
 32.200000 -1.157827 1.521569 23.378884 493.837522
 32.400000 -1.113346 1.353939 22.346247 582.474612
 32.600000 -1.207104 0.739799 24.399397 356.730054
 32.800000 -1.356149 0.609069 25.941058 1.822018
 33.000000 -0.861392 0.694967 14.139741 1529.618522
 33.200000 -1.443046 1.317132 25.743464 38.367920
 33.400000 -1.615942 1.179747 23.491892 324.789979
 33.600000 -0.707076 0.419475 8.333628 1517.509593
 33.800000 -0.753188 0.037360 10.068114 1350.242425
 34.000000 -0.749869 -0.157344 9.946065 1354.826874
 34.200000 -0.783417 0.058830 11.180537 1363.003229
 34.400000 -0.679178 0.151292 7.213130 1713.176632
 34.600000 -0.418980 -0.370121 -0.000000 0.000000
 34.800000 -0.516005 -0.536171 -0.004299 290.860070
 35.000000 -0.821889 -0.117386 12.622257 1454.930163
 35.200000 -0.911214 0.320373 16.139565 1525.457938
 35.400000 -1.665389 0.974683 22.667320 277.698819
 35.600000 -1.305689 1.367139 25.851808 43.713333
 35.800000 -0.745528 1.684036 9.796370 1363.007392
 36.000000 -0.812937 2.421660 12.293357 1434.854446
 36.200000 -0.753355 2.363373 10.102601 1345.338016
 36.400000 -0.367769 1.712435 -0.000000 0.000000
 36.600000 -0.820020 1.269921 12.578167 1457.439440
 36.800000 -1.301785 1.080982 25.867173 47.274084
 37.000000 -1.736511 0.525261 21.740268 79.609801
 37.200000 -0.822914 0.321341 12.715662 1466.820811
 37.400000 -0.775383 0.463321 10.937884 1346.644956
 37.600000 -1.419784 0.338101 25.977112 18.250186
 37.800000 -1.651861 0.903098 22.931781 323.805937
 38.000000 -0.692042 1.570802 7.815443 1581.795018
 38.200000 -0.522504 1.912209 0.342202 1807.096340
 38.400000 -0.918437 2.612388 16.500033 1511.651865
 38.600000 -0.990323 2.149732 19.120766 1122.699612
 38.800000 -0.475063 1.693955 -0.000004 0.000001
 39.000000 -1.214518 1.420474 24.887958 309.893730
 39.200000 -1.317342 0.588457 26.070024 19.870433
 39.400000 -1.586577 -0.055024 24.194356 328.417793
 39.600000 -2.168172 0.252736 22.483545 79.870111
 39.800000 -1.602944 1.015110 23.891144 355.802316
 40.000000 -0.693704 1.197999 7.963579 1552.762068
 40.200000 -0.829056 2.181773 13.049612 1484.805417
 40.400000 -0.971634 2.408642 18.542828 1232.912063
 40.600000 -0.549727 2.129427 1.583640 1991.620891
 40.800000 -0.843332 1.548366 13.603633 1526.449208
 41.000000 -0.627536 1.010042 5.192802 2073.922626
 41.200000 -1.458720 0.708596 25.870788 47.969735
 41.400000 -1.645421 0.935350 23.117659 362.168143
 41.600000 -0.783986 1.003195 11.396649 1353.693635
 41.800000 -1.092094 1.487073 22.238695 702.903551
 42.000000 -0.984218 1.407878 19.018761 1154.526816
 42.200000 -1.064240 1.067327 21.520283 784.580415
 42.400000 -1.585067 0.703506 24.300824 334.627703
 42.600000 -1.120758 0.730779 23.021464 632.881636
 42.800000 -1.253036 1.178200 25.648167 154.894938
 43.000000 -1.476691 1.327238 25.760396 69.437655
 43.200000 -0.948876 0.632326 17.851524 1359.199025
 43.400000 -1.266432 0.481480 25.843304 109.485648
 43.600000 -0.474267 -0.076130 -0.000008 0.000005
 43.800000 -0.743665 -0.220137 10.006631 1331.927700
 44.000000 -0.740377 -0.337206 9.886524 1336.691961
 44.200000 -0.515659 -0.401437 0.261965 1903.144177
 44.400000 -0.584386 -0.098909 3.356371 2245.352995
 44.600000 -0.667138 0.057843 7.106414 1737.405079
 44.800000 -1.011712 0.336418 20.058772 1009.619779
 45.000000 -1.116334 0.876535 23.019492 644.116000
 45.200000 -1.394368 1.211858 26.284839 6.739329
 45.400000 -0.514305 0.662718 0.246425 1913.225253
 45.600000 -1.005028 0.149994 19.900979 1051.262438
 45.800000 -0.600960 -0.076278 4.194657 2228.299455
 46.000000 -0.403734 -0.201232 -0.000000 0.000000
 46.200000 -0.748884 -0.189477 10.329328 1311.078363
 46.400000 -0.458627 -0.064031 -0.000000 0.000000
 46.600000 -0.794157 0.130147 11.980439 1376.307055
 46.800000 -0.981663 0.207668 19.175907 1192.013781
 47.000000 -1.217099 0.747694 25.293301 268.837785
 47.200000 -1.042372 1.322529 21.173842 880.486745
 47.400000 -0.549660 1.754666 1.892390 2112.637631
 47.600000 -0.891288 2.323881 15.808807 1592.439463
 47.800000 -0.997419 2.606413 19.761970 1105.852276
 48.000000 -0.489600 1.804529 -0.001770 0.257001
 48.200000 -1.234487 1.490558 25.638962 190.985100
 48.400000 -1.312360 0.516635 26.322300 16.273197
 48.600000 -0.918143 0.302361 16.926762 1529.462439
 48.800000 -0.663338 -0.031931 7.177601 1737.547157
 49.000000 -0.570877 -0.232411 2.947868 2263.006777
 49.200000 -0.710790 -0.255374 9.102754 1385.052001
 49.400000 -0.710849 -0.190826 9.104939 1384.777268
 49.600000 -0.521088 0.082932 0.739757 1818.028376
 49.800000 -1.336501 0.460457 26.418263 2.526538
 50.000000 -1.250417 1.273135 25.879878 134.241120
 50.200000 -0.535709 1.444705 1.447219 2034.190210
 50.400000 -0.764166 1.977932 11.093802 1295.362802
 50.600000 -0.995291 2.563145 19.845141 1112.791055
 50.800000 -0.469564 2.232488 -0.000016 0.000020
 51.000000 -0.906873 1.657246 16.590088 1560.781586
 51.200000 -1.156989 0.585135 24.359765 489.891958
 51.400000 -1.681930 0.047556 22.520680 315.934401
 51.600000 -1.748335 0.290369 21.603534 92.242529
 51.800000 -1.836366 0.972246 21.116613 9.479622
 52.000000 -0.728016 1.320712 9.854108 1301.684956
 52.200000 -0.749701 1.786417 10.685181 1274.500285
 52.400000 -0.517629 2.210163 0.781579 1860.569674
 52.600000 -1.660009 2.369996 22.932672 390.268856
 52.800000 -2.717694 2.402826 22.215307 83.813964
 53.000000 -3.124077 -2.945966 10.243787 2024.066623
 53.200000 3.118852 -2.979393 8.289765 2523.489729
 53.400000 -2.792899 2.417795 21.312689 231.435130
 53.600000 -1.987907 2.530387 20.693052 0.350914
 53.800000 -1.783681 2.585436 21.321715 35.139702
 54.000000 -2.429097 2.487819 22.523197 55.345072
 54.200000 3.094777 2.818974 7.016814 2783.092245
 54.400000 3.045410 3.088128 4.359834 2887.005862
 54.600000 -2.517062 2.559538 23.090020 16.035861
 54.800000 -1.787786 2.583600 21.294531 31.247639
 55.000000 -1.969233 2.398470 20.671577 1.351297
 55.200000 -2.149194 2.787132 21.874943 89.454708
 55.400000 -2.999080 2.829263 15.146142 1419.894584
 55.600000 -3.093640 3.107838 11.467639 1730.192274
 55.800000 -2.541961 3.082916 23.117321 1.242677
 56.000000 -2.393521 2.522875 22.223738 24.914790
 56.200000 -2.289827 2.663554 22.162418 7.807411
 56.400000 -2.949513 2.893715 16.956801 1324.154781
 56.600000 -3.098422 -3.052195 11.243370 1764.745474
 56.800000 -2.678415 2.718220 22.402871 66.207017
 57.000000 -1.943886 2.589860 20.689790 8.822460
 57.200000 -1.871052 2.438985 20.946533 13.474947
 57.400000 -1.942287 2.579167 20.679375 9.876175
 57.600000 -2.585842 2.743987 22.980913 14.523158
 57.800000 -2.938786 3.032049 17.313090 1278.590076
 58.000000 -2.748799 2.844775 21.740949 110.863052
 58.200000 -2.247523 2.360738 22.210419 1.372949
 58.400000 -1.729783 2.510650 21.752195 141.200405
 58.600000 -2.118883 2.534845 21.497658 116.456643
 58.800000 -2.526141 2.801439 22.984013 7.644752
 59.000000 3.117642 2.914356 8.113780 2522.090940
 59.200000 2.958081 2.676462 0.179068 1576.134242
 59.400000 -2.573969 2.827943 22.955686 7.012370
 59.600000 -1.923307 2.439388 20.736605 14.635736
 59.800000 -1.855755 2.218507 20.993537 12.046495
 60.000000 -2.358270 2.313103 22.009374 2.217477
 60.200000 -2.785838 -3.109824 21.221244 205.622885
 60.400000 3.013122 2.971643 2.596819 2465.664170
 60.600000 -2.825472 2.487516 20.537070 417.500971
 60.800000 -1.943985 2.727113 20.663041 10.539830
 61.000000 -2.046036 2.454658 20.778151 45.058111
 61.200000 -2.210321 2.621363 22.128369 6.617839
 61.400000 -3.112598 2.730932 10.536285 1869.159221
 61.600000 2.935258 -3.091673 -0.002189 0.272807
 61.800000 -2.595443 2.672302 22.818887 21.504041
 62.000000 -2.045345 2.393822 20.768868 42.328259
 62.200000 -1.703011 2.471228 22.071127 237.380532
 62.400000 -2.390363 2.425941 22.062454 21.353395
 62.600000 3.000000 3.056036 1.960005 2221.415348
 62.800000 3.108994 -3.117922 7.624717 2584.131362
 63.000000 -2.478072 2.473496 22.653613 44.159199
 63.200000 -1.517945 2.279893 25.670701 188.647937
 63.400000 -1.796313 2.152022 21.202678 18.643710
 63.600000 -2.493784 2.529803 22.731151 30.187386
 63.800000 -3.126675 3.040114 9.890511 1996.094370
 64.000000 3.058856 2.920890 4.985592 2861.897183
 64.200000 -2.453614 2.623521 22.448518 53.630697
 64.400000 -1.757335 2.461972 21.429112 61.206974
 64.600000 -2.071971 2.342088 20.962714 76.083139
 64.800000 -2.634235 2.637493 22.513193 45.885355
 65.000000 2.985189 3.138690 1.300375 1923.251503
 65.200000 -2.953539 2.895347 16.577726 1346.870593
 65.400000 -2.546046 2.385094 22.841416 0.000295
 65.600000 -2.099044 2.568750 21.217064 101.123068
 65.800000 -1.794337 2.868594 21.212648 18.026406
 66.000000 -3.017889 2.305323 14.183333 1395.497729
 66.200000 2.975585 2.911636 0.903666 1728.973958
 66.400000 -2.866339 -2.900987 19.450500 761.005542
 66.600000 3.003700 2.286378 2.166675 2298.616742
 66.800000 -2.447577 2.726121 22.380609 52.364200
 67.000000 -2.083069 2.935892 21.058593 85.888361
 67.200000 -2.636139 2.135664 22.430336 46.580081
 67.400000 -2.323436 2.402912 21.907413 1.655791
 67.600000 -2.148302 2.885821 21.687502 76.323810
 67.800000 -2.691802 2.553006 22.024671 58.110473
 68.000000 -2.852606 2.689039 19.801779 637.152750
 68.200000 -3.097330 3.103669 11.098702 1641.237386
 68.400000 -2.833647 2.665448 20.236738 477.416142
 68.600000 -2.081765 2.627903 21.048416 80.492224
 68.800000 -1.813693 2.674604 21.149508 9.133977
 69.000000 -2.353051 2.536332 21.898841 1.395231
 69.200000 -2.674393 2.673634 22.115509 54.284865
 69.400000 -2.595806 3.106529 22.636015 25.260119
 69.600000 -2.995354 2.510362 14.965358 1396.313190
 69.800000 -1.710081 3.097379 21.914794 194.845423
 70.000000 -2.276431 2.023593 21.994193 5.635118
 70.200000 -2.061916 2.120801 20.892372 53.214582
 70.400000 -2.014490 2.745845 20.661473 5.105470
 70.600000 -2.326202 2.820648 21.889804 0.774763
 70.800000 -2.948020 2.529479 16.717562 1344.447730
 71.000000 2.960888 -3.103892 0.354351 1631.915653
 71.200000 -2.737609 2.803024 21.590738 80.582635
 71.400000 -2.380189 2.344686 21.963034 14.714588
 71.600000 -1.448715 2.758044 26.269273 33.734353
 71.800000 -1.915942 2.460879 20.847519 14.262002
 72.000000 -3.054271 2.322316 12.748440 1417.219843
 72.200000 -2.939471 -2.814062 17.018948 1314.915871
 72.400000 2.981113 2.966564 1.205216 1883.015059
 72.600000 -2.736864 2.129733 21.588625 78.930742
 72.800000 -1.985496 2.768398 20.665856 0.466522
 73.000000 -2.090776 2.937333 21.149550 81.149637
 73.200000 -3.070074 2.390181 12.142669 1458.589339
 73.400000 3.024297 3.087234 3.277773 2603.625640
 73.600000 -3.007761 -2.933909 14.477237 1394.083237
 73.800000 -2.812095 2.618872 20.628822 318.510603
 74.000000 -2.021128 2.583614 20.716274 8.647059
 74.200000 -1.354589 2.517116 26.502675 0.268088
 74.400000 -0.965922 1.749270 19.319361 1173.972590
 74.600000 -0.559172 1.128757 3.430119 2274.323092
 74.800000 -1.081780 1.478192 22.868529 750.243732
 75.000000 -1.795958 1.118315 21.218424 12.163255
 75.200000 -1.284083 0.509758 26.369579 22.391159
 75.400000 -1.087933 0.367608 23.031906 730.814074
 75.600000 -0.969715 1.070040 19.445437 1153.870970
 75.800000 -0.751320 1.829879 11.245804 1290.931193
 76.000000 -0.644908 2.612776 7.295105 1666.697160
 76.200000 -0.798171 2.253058 12.969545 1423.642936
 76.400000 -0.875008 1.484318 15.950852 1524.939073
 76.600000 -1.034081 0.541085 21.494912 896.473243
 76.800000 -1.832706 0.450223 21.121659 5.163580
 77.000000 -1.269459 1.055760 26.282485 40.389866
 77.200000 -0.873861 1.426116 15.916018 1524.575317
 77.400000 -0.733914 1.867728 10.624490 1281.719401
 77.600000 -0.883801 2.334086 16.302980 1505.641419
 77.800000 -0.803345 2.401619 13.173310 1445.666360
 78.000000 -0.648331 1.765825 7.436752 1624.494399
 78.200000 -0.906938 1.504832 17.210323 1426.146310
 78.400000 -1.142713 1.314009 24.397341 519.211312
 78.600000 -1.442485 0.597836 26.234635 28.705738
 78.800000 -0.989070 0.588604 20.096945 1047.778539
 79.000000 -1.640255 1.168995 23.127714 451.679871
 79.200000 -1.477973 1.287300 25.979285 79.256237
 79.400000 -0.963348 0.606841 19.257100 1152.446436
 79.600000 -1.404350 0.177479 26.382067 8.198081
 79.800000 -0.570411 -0.082939 4.019373 2195.613093
 80.000000 -1.070338 0.257250 22.540096 776.947373
 80.200000 -1.063407 0.284115 22.348580 791.945511
 80.400000 -1.764196 1.035065 21.364458 36.121272
 80.600000 -1.122165 1.394802 23.907096 604.614463
 80.800000 -0.464006 1.275523 -0.001355 0.158740
 81.000000 -0.798865 1.814714 13.057603 1464.587072
 81.200000 -2.038466 2.755508 20.819704 20.238818
 81.400000 2.976134 2.957643 1.071659 1825.541917
 81.600000 -3.049773 2.768341 12.887809 1399.653667
 81.800000 -2.415373 2.641572 22.111189 38.969628
 82.000000 -2.406285 2.760556 22.056182 34.149099
 82.200000 -2.461935 2.864415 22.409073 37.036466
 82.400000 -2.703935 2.625978 21.711550 52.195833
 82.600000 -2.446359 2.922122 22.310000 43.109734
 82.800000 -2.603719 2.566939 22.409624 36.592569
 83.000000 -2.439953 2.644078 22.267665 44.093868
 83.200000 -2.123673 2.772010 21.430440 66.783413
 83.400000 -2.533698 2.615837 22.645566 0.061749
 83.600000 -2.694329 2.978907 21.767050 50.484487
 83.800000 2.969648 2.890669 0.804930 1699.289639
 84.000000 -2.548704 2.822366 22.629905 3.335534
 84.200000 -2.330169 2.545632 21.802822 0.159703
 84.400000 -2.076209 2.702987 21.044427 53.955482
 84.600000 -2.430451 2.556329 22.212866 43.794781
 84.800000 -2.716001 2.732499 21.602361 55.331466
 85.000000 -2.935394 3.070545 17.125380 1283.397361
 85.200000 -2.908566 2.883519 18.049362 1105.263001
 85.400000 -2.110196 2.772533 21.313493 66.748727
 85.600000 -1.891625 2.221186 20.950886 9.366288
 85.800000 -1.756870 2.219581 21.397021 47.511059
 86.000000 -2.207913 2.553381 21.874798 3.459675
 86.200000 -2.880806 3.019625 18.914230 859.688518
 86.400000 -3.122940 -3.052552 9.997635 1784.451299
 86.600000 -2.310041 2.563945 21.800317 0.341576
 86.800000 -2.018352 2.371302 20.752029 6.705924
 87.000000 -2.156008 2.591250 21.653005 38.876641
 87.200000 -2.544599 3.015652 22.639339 3.138782
 87.400000 -2.737076 2.972954 21.411225 69.984427
 87.600000 -2.080908 2.831693 21.087572 54.695934
 87.800000 -2.217929 1.965953 21.874169 0.957542
 88.000000 -1.980121 1.884731 20.723628 0.487736
 88.200000 -1.695720 2.509375 22.049636 230.216091
 88.400000 -2.507846 2.787207 22.638223 4.196294
 88.600000 3.072164 3.015390 5.822534 2643.455082
 88.800000 3.107744 2.868389 7.605794 2348.768078
 89.000000 -2.576812 2.690019 22.531782 23.159530
 89.200000 -1.944958 2.652905 20.792198 5.964320
 89.400000 -1.713829 2.467902 21.794761 158.173575
 89.600000 -2.459121 2.419817 22.440207 34.820304
 89.800000 -2.744197 2.997813 21.332118 78.392412
 90.000000 -2.988384 2.901965 15.160374 1395.774223
 90.200000 -3.038723 2.714725 13.281104 1397.681652
 90.400000 -2.231997 2.919180 21.877936 0.001732
 90.600000 -2.219567 2.298651 21.873578 0.592009
 90.800000 -2.361934 2.565956 21.889072 12.402973
 91.000000 -2.586839 -3.133152 22.477546 32.342725
 91.200000 2.998355 2.489357 2.090677 2216.895562
 91.400000 -2.475301 2.890231 22.551686 22.585797
 91.600000 -2.038240 2.709435 20.863585 20.863472
 91.800000 -2.427489 2.431096 22.265486 43.658589
 92.000000 -2.742971 2.758240 21.324222 77.651461
 92.200000 2.996543 3.026981 2.009641 2186.253800
 92.400000 3.097768 2.590292 7.117997 2442.472043
 92.600000 -2.233053 2.844481 21.889524 0.000995
 92.800000 -2.488863 2.589786 22.620353 12.269427
 93.000000 -2.499943 2.710812 22.653368 5.953709
 93.200000 -2.880491 2.883453 18.880613 831.748439
 93.400000 -3.053084 2.991560 12.747335 1416.167042
 93.600000 -3.115158 2.720358 10.316089 1723.449191
 93.800000 -2.882708 2.893009 18.816307 851.691305
 94.000000 -2.881411 2.999621 18.854024 840.033379
 94.200000 -2.842026 2.904294 19.865549 491.892279
 94.400000 -2.682491 2.757429 21.775986 56.326818
 94.600000 -2.575891 2.796471 22.544326 28.666636
 94.800000 -2.413058 2.903550 22.228936 40.207743
 95.000000 -2.775718 2.577212 20.969002 139.171744
 95.200000 -2.633177 2.957426 22.156991 59.064166
 95.400000 -2.864373 2.761879 19.330377 680.436075
 95.600000 -2.895718 2.648722 18.433433 959.172509
 95.800000 -3.016500 3.061998 14.129229 1393.030800
 96.000000 -3.027465 2.868018 13.719776 1395.830914
 96.200000 -2.601939 2.649712 22.393603 47.952346
 96.400000 -2.274639 2.849397 21.896157 0.474871
 96.600000 -2.768510 2.589627 21.066238 120.827968
 96.800000 2.971497 2.679374 0.921263 1733.093101
 97.000000 -2.760345 2.961837 21.152610 103.687401
 97.200000 -2.848108 2.488517 19.754035 541.981472
 97.400000 -2.807192 2.769315 20.559756 263.184942
 97.600000 -2.848102 3.052474 19.754173 541.932619
 97.800000 3.099632 2.692123 7.228424 2419.276055
 98.000000 -2.850183 2.868962 19.705362 559.199804
 98.200000 -2.695101 2.743116 21.719223 53.647942
 98.400000 -2.715694 2.712738 21.566439 57.561787
 98.600000 -2.555398 2.865582 22.668701 14.654294
 98.800000 -2.821369 2.716802 20.330829 344.970686
 99.000000 -2.897480 2.801934 18.416441 976.146706
 99.200000 -2.942654 3.009603 16.908812 1280.028473
 99.400000 -2.690079 2.788557 21.776035 52.449682
 99.600000 -2.274788 2.517149 21.917027 0.136378
 99.800000 -1.819524 2.473298 21.057595 6.715750
 100.000000 -2.133572 2.611175 21.552798 48.027166
 100.200000 -2.390031 2.744758 21.946252 31.747954
 100.400000 3.098137 2.677062 6.932676 2442.239529
 100.600000 -3.098408 3.071928 10.807605 1621.983793
 100.800000 -2.802463 2.761054 20.449589 240.409865
 101.000000 -2.090158 2.633518 20.984635 56.372737
 101.200000 -1.799378 2.442050 20.850829 11.476899
 101.400000 -2.100806 2.439242 21.070777 58.098320
 101.600000 -2.703042 2.686535 21.476705 51.619859
 101.800000 2.920847 3.065709 -0.000022 0.000032
 102.000000 -2.577758 2.719489 22.351276 30.227553
 102.200000 -2.149924 2.453123 21.426800 36.829108
 102.400000 -1.890982 2.504023 20.622215 5.327641
 102.600000 -1.877782 2.781926 20.652459 5.139445
 102.800000 -3.000378 2.459396 14.594308 1400.005325
 103.000000 2.908088 -3.133356 -0.000001 0.000000
 103.200000 -2.859016 3.120078 19.367718 642.826878
 103.400000 -2.521306 2.225531 22.556943 0.290289
 103.600000 -1.818846 2.525527 20.781466 6.715436
 103.800000 -1.959202 2.673307 20.498469 0.403178
 104.000000 3.048916 2.489034 4.449369 2689.905759
 104.200000 3.021101 -2.981259 3.029707 2535.552433
 104.400000 2.951682 2.944092 -0.022658 48.330381
 104.600000 -2.641160 2.473316 21.976253 50.141620
 104.800000 -1.808116 2.859109 20.806566 8.647197
 105.000000 -2.136141 2.558605 21.356246 45.347515
 105.200000 -2.568752 2.287320 22.451205 22.444923
 105.400000 -2.614869 3.044749 22.176562 45.996869
 105.600000 2.996429 2.724514 1.833284 2213.998182
 105.800000 2.987994 2.667622 1.442820 2070.073405
 106.000000 -2.542758 2.837136 22.548106 6.879409
 106.200000 -2.648674 2.401790 21.962536 47.656846
 106.400000 -2.397667 2.930840 22.091092 35.404837
 106.600000 -2.921121 2.653816 17.561918 1158.634479
 106.800000 -3.107507 2.889038 10.551099 1717.471841
 107.000000 -3.050679 2.757353 12.790940 1445.729108
 107.200000 -3.057357 2.694766 12.561097 1460.012925
 107.400000 -2.710972 2.731159 21.563404 49.738694
 107.600000 -2.593344 2.761058 22.351833 35.910692
 107.800000 -2.548908 2.566548 22.561822 9.768643
 108.000000 -2.704325 2.934396 21.609741 47.599653
 108.200000 -3.082254 2.668897 11.623691 1558.259607
 108.400000 -2.955209 2.995168 16.400585 1319.151944
 108.600000 -2.980729 2.710477 15.462810 1373.673299
 108.800000 3.053193 2.754898 4.736497 2732.244159
 109.000000 -2.884299 -3.129098 18.781011 874.152170
 109.200000 -3.077692 2.570995 11.836746 1536.419994
 109.400000 -2.581756 2.790374 22.460140 27.450652
 109.600000 -2.328866 3.022456 21.823233 6.785397
 109.800000 -2.757256 2.479362 21.249015 98.926011
 110.000000 -2.514600 2.930573 22.647687 0.028596
 110.200000 -2.883940 3.094055 18.840527 873.303282
 110.400000 -3.036124 2.699292 13.459673 1409.618741
 110.600000 -3.113596 3.021107 10.412028 1787.475406
 110.800000 -3.052636 2.806601 12.836393 1443.251061
 111.000000 -2.669957 2.936352 21.935462 41.927133
 111.200000 -2.359761 2.678549 21.959389 21.371580
 111.400000 -2.301905 2.497871 21.789303 1.870347
 111.600000 -2.424162 2.672609 22.334082 38.989587
 111.800000 -2.645017 3.067260 22.127618 41.267855
 112.000000 3.092444 2.601852 6.835326 2601.929231
 112.200000 -3.110250 3.000543 10.624694 1776.316845
 112.400000 -2.897260 2.992468 18.487165 977.024106
 112.600000 -3.072550 2.526033 12.148662 1518.837843
 112.800000 -2.568868 2.860444 22.590550 17.750498
 113.000000 -2.514344 2.703800 22.705335 0.083390
 113.200000 -2.851739 2.296118 19.789916 599.952906
 113.400000 -2.625755 3.010684 22.307286 37.539190
 113.600000 3.015487 2.868057 2.856422 2564.898499
 113.800000 -2.759664 2.580885 21.353821 108.988038
 114.000000 -2.179794 2.784976 21.623026 15.557692
 114.200000 -2.358527 2.451234 22.016332 22.965518
 114.400000 -2.392939 2.837587 22.206972 37.454484
 114.600000 -2.964114 2.821454 16.262368 1299.687613
 114.800000 3.084513 -3.126794 6.499593 2717.287196
 115.000000 -2.961189 2.943225 16.367680 1292.781506
 115.200000 -2.369754 2.632195 22.097232 28.983444
 115.400000 -1.805956 2.539858 20.729506 8.192974
 115.600000 -2.025966 2.412922 20.660198 21.796104
 115.800000 -2.148449 2.617077 21.467345 34.588143
 116.000000 -2.907713 2.826229 18.240215 1041.525249
 116.200000 3.102150 3.093560 7.461495 2593.337024
 116.400000 -2.895536 2.720287 18.652845 952.452538
 116.600000 -2.383415 2.812241 22.198978 34.878824
 116.800000 -2.144488 2.521506 21.445949 37.255116
 117.000000 -2.324480 2.660653 21.925756 9.851951
 117.200000 -2.634809 3.003342 22.370222 34.190852
 117.400000 2.867287 2.845073 -0.000000 0.000000
 117.600000 -2.932108 2.803639 17.485115 1171.811226
 117.800000 -2.533740 2.711632 22.803293 1.818506
 118.000000 -2.328047 2.723616 21.959871 11.501012
 118.200000 -2.348051 2.674752 22.061751 20.061480
 118.400000 -2.526800 2.711764 22.833733 0.550034
 118.600000 -2.936236 2.869655 17.374862 1185.715410
 118.800000 -2.926898 2.944920 17.693555 1142.287856
 119.000000 -3.097419 2.644046 11.382401 1704.547902
 119.200000 -3.101094 2.754903 11.267110 1743.089994
 119.400000 -2.513868 3.130272 22.860128 0.152942
 119.600000 -2.701599 2.607101 22.028023 44.022003
 119.800000 -2.235146 2.679833 21.813895 3.372769
 120.000000 -2.263067 2.742637 21.858728 2.280897
 120.200000 -2.280525 2.652650 21.907184 3.358300
 120.400000 -2.723507 2.942838 21.906505 59.470509
 120.600000 2.966239 2.895535 0.640251 1790.863377
 120.800000 -2.535829 2.917073 22.873932 1.904840
 121.000000 -2.377386 2.502184 22.264236 32.862196
 121.200000 -1.911006 2.704596 20.492805 1.053472
 121.400000 -2.087300 2.553095 21.056498 55.987937
 121.600000 -2.193811 2.452283 21.725065 14.679916
 121.800000 -2.582547 2.870085 22.764787 18.077797
 122.000000 2.971923 2.753947 0.895487 1893.211466
 122.200000 -2.923846 2.958019 17.922640 1102.648645
 122.400000 3.059836 2.694534 5.374305 2940.511663
 122.600000 -2.644950 2.961983 22.478565 31.902965
 122.800000 -2.656051 2.706113 22.415222 33.229135
 123.000000 -2.885483 2.721828 19.128134 860.038440
 123.200000 3.001819 2.994746 2.323649 2487.946868
 123.400000 -2.998278 2.940431 15.351340 1304.117101
 123.600000 -2.997061 2.692298 15.395286 1302.193924
 123.800000 -2.966646 3.037345 16.482028 1247.817683
 124.000000 3.001523 2.910585 2.308862 2483.014061
 124.200000 -2.838550 2.780660 20.407936 505.980212
 124.400000 -2.666231 2.801361 22.432493 34.454130
 124.600000 -2.636625 2.652860 22.599958 29.722377
 124.800000 -2.765819 2.816061 21.638914 140.277529
 125.000000 -3.099607 3.034786 11.520134 1761.892735
 125.200000 -2.909592 2.914004 18.485988 1006.132525
 125.400000 -2.660858 2.729784 22.503912 33.641879
 125.600000 -2.379302 2.800305 22.399776 33.974560
 125.800000 -2.583658 2.673144 22.894385 15.362376
 126.000000 -2.515884 2.820328 23.021026 0.349075
 126.200000 -2.820215 2.750499 20.854791 384.411452
 126.400000 -2.606675 2.769168 22.831641 22.406104
 126.600000 -2.358418 2.701056 22.310518 27.133715
 126.800000 -2.228003 2.563809 21.893926 8.345235
 127.000000 -2.438196 2.609656 22.784442 32.216015
 127.200000 -2.726339 2.782696 22.136773 70.370031
 127.400000 -3.019890 2.769777 14.736459 1336.972487
 127.600000 2.949954 2.707638 0.047234 1001.194563
 127.800000 -2.278519 2.727750 22.037406 6.623616
 128.000000 -1.316469 2.288011 25.371667 3.835301
 128.200000 -1.032184 1.490818 20.537625 796.828882
 128.400000 -1.517327 0.639593 24.437734 189.474682
 128.600000 -1.619443 0.290880 22.620908 374.119553
 128.800000 -1.742800 0.632112 20.860112 55.826712
 129.000000 -0.870499 1.325647 15.334557 1430.777180
 129.200000 -0.570382 2.206684 3.437797 1609.248860
 129.400000 -1.155096 2.649156 23.630640 422.968683
 129.600000 -2.274006 2.086387 22.059711 7.851904
 129.800000 -2.535312 2.455691 23.157004 0.421171
 130.000000 -2.747762 3.107594 22.012520 106.602813
 130.200000 2.904306 2.734548 -0.000002 0.000000
 130.400000 -2.330991 2.942019 22.278251 20.109859
 130.600000 -1.704112 2.460291 21.206401 141.831260
 130.800000 -2.055279 1.731584 20.829944 46.841934
 131.000000 -1.874750 1.957715 20.443108 0.807651
 131.200000 -1.629649 2.584037 22.365923 350.253638
 131.400000 -2.640617 2.593018 22.860807 29.076238
 131.600000 2.888954 3.001563 -0.000000 0.000000
 131.800000 3.122477 2.888403 8.954190 2541.100374
 132.000000 -3.012193 2.589129 15.168640 1307.553469
 132.200000 -2.868720 2.833996 19.901858 716.371350
 132.400000 -2.281963 -2.865562 22.128499 10.805450
 132.600000 -2.631670 2.407819 22.945861 26.402492
 132.800000 -2.318603 2.421032 22.264043 17.922400
 133.000000 -2.164240 3.002825 21.638138 39.938601
 133.200000 -2.672842 2.769013 22.752953 38.081650
 133.400000 -3.025097 2.704480 14.770291 1338.519021
 133.600000 3.028823 3.014079 3.936046 2973.004707
 133.800000 -2.963938 2.726193 16.941947 1189.483955
 134.000000 -2.754790 2.544668 22.076742 129.268028
 134.200000 -2.131883 2.897432 21.412613 57.550544
 134.400000 -1.918479 2.457442 20.388572 0.001270
 134.600000 -2.266140 2.105838 22.104546 11.797977
 134.800000 -1.739584 2.828673 20.817352 58.621306
 135.000000 -2.309459 2.575497 22.264986 17.422538
 135.200000 -2.933561 2.468407 18.032301 1083.094234
 135.400000 2.999738 -3.031450 2.430035 2605.123891
 135.600000 2.922704 -3.030178 -0.000275 0.005536
 135.800000 -2.702724 2.435465 22.631489 54.609833
 136.000000 -1.176693 2.621695 23.887982 318.907118
 136.200000 -0.515887 1.889011 1.173288 1445.499445
 136.400000 -1.131886 1.373450 22.943527 522.405148
 136.600000 -1.307554 0.701010 25.131056 8.327812
 136.800000 -1.012622 -0.060839 19.784026 830.139874
 137.000000 -0.730927 -0.769400 9.539154 1601.720835
 137.200000 0.605889 -1.403747 -0.000000 0.000000
