#! FIELDS time phi psi ves.bias ves.force2
#! SET min_phi -pi
#! SET max_phi pi
#! SET min_psi -pi
#! SET max_psi pi
 0.000000 -1.498385 0.273949 25.037724 141.910265
 0.200000 -1.443091 1.466365 25.613021 74.652888
 0.400000 -0.552680 1.977076 0.561208 1479.532368
 0.600000 -0.970767 2.110774 17.952578 1357.129908
 0.800000 -0.794916 2.305709 11.051750 1550.007416
 1.000000 -0.518332 1.846716 -0.001386 0.120906
 1.200000 -0.937168 1.423885 16.754906 1531.739677
 1.400000 -1.354273 0.666865 25.942537 0.001021
 1.600000 -1.325738 0.342613 25.893112 12.839860
 1.800000 -0.815123 0.686819 11.869335 1545.124072
 2.000000 -0.891838 1.906081 14.942595 1637.845236
 2.200000 -0.721282 2.721612 8.182119 1654.010326
 2.400000 -0.830017 2.430075 12.518760 1646.835122
 2.600000 -0.598372 1.382004 2.837500 1953.184857
 2.800000 -1.676466 0.682065 22.546218 291.596987
 3.000000 -1.848853 0.227974 21.034819 0.841948
 3.200000 -1.723475 0.265744 21.907290 186.113209
 3.400000 -0.983468 1.014655 18.703107 1186.544316
 3.600000 -0.501697 1.766053 -0.000271 0.004658
 3.800000 -1.199235 2.671763 24.423628 382.050234
 4.000000 -2.806686 2.607640 21.946769 438.814054
 4.200000 -2.964919 -3.102871 17.313053 1148.195356
 4.400000 -3.093331 2.854497 12.577523 1798.259556
 4.600000 -2.997482 2.223508 16.194846 1212.220592
 4.800000 -1.793472 2.937288 21.283583 35.698452
 5.000000 -2.131935 2.529155 22.036282 50.576411
 5.200000 -2.764061 2.321757 22.643518 257.243560
 5.400000 -3.136754 3.029049 10.624141 2499.167642
 5.600000 3.083373 -2.928231 7.202161 3305.032377
 5.800000 -2.179420 2.677050 22.366620 58.701492
 6.000000 -1.098092 1.957865 22.107078 665.266540
 6.200000 -0.833921 1.478081 13.098280 1620.367756
 6.400000 -1.402021 1.276057 25.883607 19.311780
 6.600000 -1.460860 0.648968 25.506668 66.394683
 6.800000 -0.841489 0.197830 13.402433 1610.321140
 7.000000 -0.607759 -0.299603 3.324055 2012.634447
 7.200000 -0.704960 -0.366102 7.750419 1961.974862
 7.400000 -1.046708 0.426572 20.669113 823.402081
 7.600000 -1.636631 1.243050 23.326287 237.327149
 7.800000 -1.769848 1.940390 21.571047 75.155129
 8.000000 -2.060547 2.386973 21.544156 24.007120
 8.200000 -2.498244 2.726061 24.116289 4.365597
 8.400000 2.927298 2.849899 -0.002119 0.257359
 8.600000 2.978709 2.690444 1.370263 2052.575131
 8.800000 -2.604983 3.103665 24.011386 15.802477
 9.000000 -2.799531 2.564197 22.008313 365.632329
 9.200000 -2.260358 2.807455 22.792804 41.411050
 9.400000 -2.396450 2.683133 23.645672 35.733793
 9.600000 -2.424520 2.766117 23.806292 29.230615
 9.800000 -2.621755 2.938965 23.928825 22.775120
 10.000000 -3.069251 2.860513 13.828540 1705.400162
 10.200000 -3.031131 3.031005 15.330848 1341.493277
 10.400000 -3.094371 2.813349 12.765016 2047.386305
 10.600000 3.141346 2.978979 10.425963 2834.398020
 10.800000 -2.918773 2.836743 19.026685 902.132501
 11.000000 -2.812356 2.830360 21.785631 425.647992
 11.200000 -2.611101 2.873869 24.007037 18.097731
 11.400000 -2.666581 2.578885 23.697018 48.784529
 11.600000 -2.608780 2.427524 24.016780 17.162428
 11.800000 -2.196880 -3.065527 22.339857 51.417159
 12.000000 -2.669516 2.434174 23.676276 51.081532
 12.200000 -2.538881 2.524458 24.239745 0.066428
 12.400000 -2.367029 2.934549 23.508470 46.242241
 12.600000 -2.671218 2.531414 23.715329 54.773456
 12.800000 -2.743740 2.563812 22.998376 165.826124
 13.000000 -2.307867 3.093552 23.106177 45.456389
 13.200000 -2.334810 2.359501 23.327061 46.326756
 13.400000 -2.269602 2.235686 22.885286 46.795129
 13.600000 -1.473947 2.915443 25.313575 79.532695
 13.800000 -2.535170 2.361527 24.307831 0.032044
 14.000000 -3.075520 2.895471 13.735453 1809.440210
 14.200000 3.116801 3.124863 9.180944 3320.086163
 14.400000 2.949622 2.575027 0.105613 1363.326698
 14.600000 -2.168272 2.641671 22.168982 68.464098
 14.800000 -1.501001 2.601699 25.024469 102.491570
 15.000000 -1.987890 1.991342 21.032088 7.793691
 15.200000 -2.159536 2.147665 22.116322 76.358796
 15.400000 -1.955769 2.984456 20.936384 1.961859
 15.600000 -2.212193 2.791804 22.562950 65.049897
 15.800000 3.109275 2.310750 8.779950 3419.260755
 16.000000 3.119011 -3.123723 9.343740 3283.999808
 16.200000 2.990713 2.864883 1.951219 2464.510809
 16.400000 -3.002887 2.298228 16.554387 1158.378021
 16.600000 -2.056789 2.891135 21.319848 40.740439
 16.800000 -1.941857 2.556234 20.914600 0.858434
 17.000000 -2.148361 2.229386 22.058459 81.096489
 17.200000 -1.945808 2.633617 20.929587 1.442300
 17.400000 -2.124190 2.935417 21.884008 81.217280
 17.600000 -3.058837 2.494010 14.537293 1572.550939
 17.800000 -3.091964 3.135869 13.140980 2010.185011
 18.000000 3.076137 3.048452 6.901191 3690.204595
 18.200000 -3.106890 2.451806 12.505374 2239.423104
 18.400000 -1.936038 2.861104 20.943302 1.103749
 18.600000 -1.967304 2.421813 20.994613 5.101444
 18.800000 -2.075668 2.294675 21.522470 57.391361
 19.000000 -1.943756 2.669165 20.952504 1.782037
 19.200000 -2.086413 2.923845 21.672467 63.189684
 19.400000 -3.018096 2.440586 16.123717 1197.879002
 19.600000 2.925739 3.044725 -0.001823 0.201584
 19.800000 -2.728163 2.918907 23.350703 163.969318
 20.000000 -2.518535 2.410767 24.500065 4.308841
 20.200000 -1.849864 2.688648 21.026698 3.170234
 20.400000 -2.068665 2.624342 21.596288 51.323995
 20.600000 -2.352715 2.361245 23.654414 31.353317
 20.800000 -2.642048 2.879247 24.220939 49.207287
 21.000000 -3.057725 3.004866 14.722462 1514.338313
 21.200000 -2.317051 2.750513 23.472784 26.340777
 21.400000 -1.611980 2.373203 23.442001 219.594516
 21.600000 -1.297285 2.050303 25.395956 55.095165
 21.800000 -1.000241 1.900510 18.830407 893.658590
 22.000000 -0.464696 1.501058 -0.000000 0.000000
 22.200000 -0.980350 2.130095 18.180798 963.679914
 22.400000 -0.568395 2.195461 1.483605 1511.581107
 22.600000 -0.798580 2.106423 11.424860 1753.558933
 22.800000 -1.015081 1.694369 19.222569 843.736648
 23.000000 -0.951322 0.812313 17.250551 1094.987185
 23.200000 -1.223769 0.342920 24.404326 317.966026
 23.400000 -1.111074 0.881677 21.819493 681.287589
 23.600000 -1.042755 1.480309 19.977085 778.017229
 23.800000 -0.968095 1.698940 17.765729 1012.489551
 24.000000 -0.742999 1.547352 9.032903 1873.231222
 24.200000 -1.087500 1.339845 21.201895 711.333508
 24.400000 -1.536436 0.740842 24.352440 128.225868
 24.600000 -0.655862 0.311090 5.179676 1955.943310
 24.800000 -0.793784 0.004437 11.173387 1766.843548
 25.000000 -0.645725 -0.344059 4.732048 1943.145823
 25.200000 -0.212950 -0.281479 -0.000000 0.000000
 25.400000 -0.545468 -0.206608 0.624510 1286.398498
 25.600000 -1.617570 0.731078 23.236406 226.280580
 25.800000 -1.628500 1.477886 23.070935 231.542567
 26.000000 -0.824875 1.824438 12.452417 1686.656198
 26.200000 -0.679151 2.045730 6.219510 1934.789992
 26.400000 -0.741118 2.249459 8.915868 1843.804368
 26.600000 -0.745558 2.244026 9.106290 1836.367728
 26.800000 -0.633280 1.677011 4.202644 1906.386751
 27.000000 -0.911654 1.374471 15.830817 1330.624840
 27.200000 -1.607066 0.819076 23.355871 215.620399
 27.400000 -1.091173 0.422805 21.309901 695.514015
 27.600000 -0.621089 0.280896 3.710249 1875.333807
 27.800000 -0.958814 0.349970 17.474105 1082.446823
 28.000000 -1.652393 0.546471 22.672638 227.662783
 28.200000 -1.435012 1.168111 25.129526 38.887919
 28.400000 -0.904492 1.250625 15.583993 1374.309038
 28.600000 -0.903000 1.320097 15.528589 1381.930868
 28.800000 -1.484271 0.901692 24.769437 70.213541
 29.000000 -0.937736 0.419433 16.775916 1196.011208
 29.200000 -1.079254 0.486670 21.012787 698.904561
 29.400000 -1.546991 1.069817 24.134274 133.915271
 29.600000 -0.999180 1.303613 18.777762 896.616895
 29.800000 -0.786212 1.316632 10.877786 1729.820488
 30.000000 -1.634999 1.308747 22.922285 231.338719
 30.200000 -1.608393 0.809593 23.320420 216.475904
 30.400000 -0.700153 0.441058 7.264249 1858.138769
 30.600000 -0.607221 -0.030298 3.210004 1849.037322
 30.800000 -0.960100 -0.277516 17.579619 1081.031085
 31.000000 -0.825895 -0.026307 12.533183 1667.817478
 31.200000 -1.122066 0.749970 22.145542 625.015103
 31.400000 -1.063155 1.552409 20.625033 708.723272
 31.600000 -0.529384 1.846329 0.143992 1337.172099
 31.800000 -0.779086 2.127414 10.628651 1723.924984
 32.000000 -0.596968 2.190253 2.810137 1811.344462
 32.200000 -0.640571 2.012051 4.750549 1925.999935
 32.400000 -0.878239 1.546118 14.683904 1524.375579
 32.600000 -0.745647 0.910723 9.263713 1750.203736
 32.800000 -1.657752 0.543150 22.568079 232.869469
 33.000000 -1.694000 0.767565 22.039710 184.985333
 33.200000 -1.183630 0.937630 23.626370 460.255531
 33.400000 -1.309286 1.094001 25.342752 20.886367
 33.600000 -1.020847 0.806282 19.524628 799.391305
 33.800000 -1.786733 0.804536 21.180770 17.978507
 34.000000 -1.221306 0.801980 24.363904 304.154432
 34.200000 -0.563284 0.902504 1.544790 1628.171969
 34.400000 -0.973103 1.377378 18.127393 1008.473858
 34.600000 -1.254041 1.254440 24.872237 165.082558
 34.800000 -1.030547 0.229876 19.824202 764.080434
 35.000000 -0.621531 -0.220304 4.028305 1928.292359
 35.200000 -0.496573 -0.279671 -0.000307 0.006119
 35.400000 -1.182682 0.222347 23.643102 462.106112
 35.600000 -1.442261 1.116921 25.047291 41.985303
 35.800000 -0.936977 1.616348 16.953598 1218.635097
 36.000000 -0.605670 1.898339 3.386241 1911.947248
 36.200000 -0.937706 2.238907 17.010722 1212.109135
 36.400000 -1.053214 2.270300 20.489424 703.540100
 36.600000 -0.697019 1.978390 7.418228 1779.372010
 36.800000 -1.916763 1.502150 21.200872 6.136705
 37.000000 -1.377904 0.434281 25.383285 11.606424
 37.200000 -0.601031 -0.197300 3.304912 1921.315074
 37.400000 0.125458 -0.831107 -0.000000 0.000000
