#! FIELDS time phi psi ves.bias ves.force2
#! SET min_phi -pi
#! SET max_phi pi
#! SET min_psi -pi
#! SET max_psi pi
 0.000000 -1.498385 0.273949 27.215882 148.921278
 0.200000 -0.428477 0.068711 1.265805 125.330554
 0.400000 -0.894807 0.230417 16.161803 1763.521728
 0.600000 -0.953518 0.076577 18.537234 1512.818240
 0.800000 -0.631534 0.062710 5.280338 987.578926
 1.000000 -0.781454 0.397352 11.183522 1978.238733
 1.200000 -1.420487 0.980883 27.812304 25.780462
 1.400000 -1.510166 1.209566 26.986715 170.658972
 1.600000 -0.942169 0.870022 18.480301 1395.050636
 1.800000 -1.087532 0.766821 23.455944 961.080987
 2.000000 -1.537474 0.946001 26.603646 222.443992
 2.200000 -1.470993 1.192638 27.601997 88.286536
 2.400000 -0.866595 1.133863 15.556527 1740.358161
 2.600000 -1.467349 1.195144 27.635585 81.749691
 2.800000 -1.051375 0.621079 22.338333 1112.609623
 3.000000 -0.413205 0.260364 1.029154 129.854866
 3.200000 -0.710404 -0.176980 8.581758 1938.106125
 3.400000 -0.895823 -0.273868 16.820777 1551.852741
 3.600000 -0.522435 -0.306755 2.622707 371.722175
 3.800000 -0.830151 0.074799 14.068428 1968.853197
 4.000000 -1.936503 1.020380 22.584178 2.422935
 4.200000 -1.556984 1.639514 26.714049 282.166252
 4.400000 -0.747046 1.522947 10.348466 2155.322795
 4.600000 -0.961836 1.395746 19.321121 1248.197263
 4.800000 -0.801396 1.340364 12.874983 2100.469535
 5.000000 -1.685824 1.021064 24.344636 292.025960
 5.200000 -1.436704 0.850532 28.141492 25.625111
 5.400000 -0.829748 0.938071 14.274667 1894.968453
 5.600000 -0.927639 1.335606 18.146560 1304.103284
 5.800000 -1.201328 1.217458 26.676555 394.642034
 6.000000 -0.959237 0.454831 19.267013 1220.416953
 6.200000 -0.767491 -0.232810 11.563175 2166.587138
 6.400000 -0.345226 -0.676958 0.292566 89.454938
 6.600000 -0.529002 -0.237990 2.906560 444.631159
 6.800000 -1.304603 0.604114 28.046336 45.367869
 7.000000 -0.951706 1.429366 19.080081 1228.099733
 7.200000 -0.549221 1.851006 3.422194 587.000718
 7.400000 -0.771569 2.087987 11.892077 2099.398772
 7.600000 -0.648079 2.097728 6.492573 1453.215249
 7.800000 -0.541120 1.980762 3.229935 540.346668
 8.000000 -1.202860 1.885639 26.823786 359.073601
 8.200000 -1.961317 1.429792 22.407364 6.119584
 8.400000 -1.626904 1.025595 25.581130 394.129815
 8.600000 -0.580114 0.082845 4.353061 859.745429
 8.800000 -0.371782 -0.465094 0.538384 110.619646
 9.000000 -0.636484 -0.497301 6.232549 1392.589611
 9.200000 -0.792038 0.087544 13.151405 1888.054345
 9.400000 -1.281842 0.760349 27.933088 71.717117
 9.600000 -1.894186 1.050943 22.370580 2.422238
 9.800000 -1.313999 1.128669 28.156811 30.717129
 10.000000 -1.089560 0.836360 23.944636 1043.978615
 10.200000 -1.566161 0.998053 26.777664 314.442733
 10.400000 -1.211086 0.991774 27.067608 289.832760
 10.600000 -1.342898 0.722709 28.289762 10.530678
 10.800000 -1.372195 0.848305 28.353604 1.218944
 11.000000 -1.173231 1.091797 26.318667 508.988019
 11.200000 -0.928950 1.733968 18.538551 1168.274811
 11.400000 -0.735267 1.856836 10.898954 2030.470554
 11.600000 -0.681737 2.004483 8.511406 1885.456451
 11.800000 -0.712068 2.137586 9.854088 2014.562648
 12.000000 -0.337303 1.801609 0.183329 89.962050
 12.200000 -0.727244 1.876882 10.714360 2024.672423
 12.400000 -1.179722 1.616019 26.528266 456.685838
 12.600000 -0.990285 0.869771 20.688199 1189.015986
 12.800000 -1.243024 0.328911 27.604920 166.291606
 13.000000 -0.183858 -0.219993 -0.000746 0.000842
 13.200000 -0.644655 -0.503740 7.241787 1711.547955
 13.400000 -0.800092 -0.237019 14.008439 1639.913880
 13.600000 -0.462581 -0.259906 1.857894 333.023636
 13.800000 -0.681260 -0.030627 8.812873 1950.343276
 14.000000 -0.942143 0.268516 19.111280 1148.278661
 14.200000 -0.956725 0.542257 19.675548 1157.286812
 14.400000 -1.139211 1.008376 25.653071 689.178463
 14.600000 -1.373219 0.927915 28.528904 1.497648
 14.800000 -1.084401 0.867071 24.040614 1032.230099
 15.000000 -1.365376 0.937323 28.516604 3.644819
 15.200000 -1.609394 0.955019 25.948105 400.656022
 15.400000 -1.109306 0.694315 24.890416 861.038993
 15.600000 -1.142773 0.689468 25.806377 639.109940
 15.800000 -1.226867 0.905256 27.465935 208.348146
 16.000000 -1.364837 1.009376 28.559103 4.098896
 16.200000 -1.116110 0.763162 25.173429 804.890292
 16.400000 -1.197389 0.605946 27.055158 317.874919
 16.600000 -1.584710 0.961931 26.447213 383.745532
 16.800000 -1.395681 1.316569 28.630235 1.275513
 17.000000 -0.974257 0.841206 20.441876 1212.498621
 17.200000 -1.054558 0.406486 23.331308 1161.030385
 17.400000 -1.822816 0.696266 22.596616 66.285536
 17.600000 -2.018649 1.092427 22.330289 9.612379
 17.800000 -1.172284 1.033311 26.665482 439.955249
 18.000000 -1.090657 0.861488 24.514602 975.264291
 18.200000 -1.773781 1.012222 23.085070 157.266771
 18.400000 -1.689651 1.147968 24.411694 344.272658
 18.600000 -0.916919 0.766294 18.586862 1163.271203
 18.800000 -1.630669 1.012923 25.575057 418.539080
 19.000000 -1.682186 1.116803 24.551638 358.427127
 19.200000 -0.842802 0.869932 16.097273 1238.766710
 19.400000 -0.873864 0.769578 17.171630 1166.284837
 19.600000 -1.589296 1.009495 26.475886 393.292040
 19.800000 -1.263666 0.954357 28.207594 96.403158
 20.000000 -1.063736 0.926248 23.835995 1148.227549
 20.200000 -1.524682 1.054896 27.695894 241.925564
 20.400000 -1.235193 1.013711 27.962864 154.316628
 20.600000 -1.491483 0.870136 28.158958 149.976500
 20.800000 -1.730998 0.952917 23.762205 285.094358
 21.000000 -1.479130 0.871773 28.301934 118.662442
 21.200000 -0.860044 0.846188 16.784649 1194.510300
 21.400000 -1.600503 1.159040 26.381212 403.118883
 21.600000 -1.518916 0.755650 27.845173 223.375917
 21.800000 -1.146155 0.654920 26.451637 579.678533
 22.000000 -0.993376 0.756034 21.485156 1349.096100
 22.200000 -1.665213 1.085867 25.126599 422.339861
 22.400000 -1.433915 0.849171 28.807199 34.199368
 22.600000 -0.865746 0.499862 17.025395 1194.709374
 22.800000 -1.008885 0.474220 22.133045 1362.964199
 23.000000 -1.409947 0.835485 28.916297 10.743427
 23.200000 -1.207662 1.315158 27.821778 235.085210
 23.400000 -1.508760 1.113738 28.128650 192.279719
 23.600000 -1.213415 0.654884 27.907970 214.153826
 23.800000 -1.393429 0.740407 29.027347 2.737735
 24.000000 -1.100360 1.061249 25.384281 913.938888
 24.200000 -1.396634 1.235765 29.110768 4.098983
 24.400000 -0.888013 0.533122 17.883340 1225.694020
 24.600000 -1.091324 0.324987 25.208136 986.207576
 24.800000 -0.597655 0.367369 6.078818 1610.094140
 25.000000 -0.907265 0.571985 18.560694 1253.464248
 25.200000 -1.559648 0.884186 27.443514 329.372656
 25.400000 -1.042435 1.218982 23.648245 1312.511084
 25.600000 -1.074357 1.173938 24.762617 1113.519389
 25.800000 -1.415723 0.754965 29.137072 17.354419
 26.000000 -1.438654 0.568015 29.012429 45.107760
 26.200000 -1.314052 1.046234 29.135713 29.111493
 26.400000 -1.039415 1.258509 23.647021 1336.071451
 26.600000 -0.939303 1.187189 19.865432 1385.388541
 26.800000 -1.461951 0.985448 28.917220 88.750265
 27.000000 -2.034600 0.650207 22.121531 9.448859
 27.200000 -1.666802 0.712435 25.386933 459.947192
 27.400000 -1.266540 1.074200 28.872286 83.105351
 27.600000 -1.016429 1.613314 22.901673 1444.245417
 27.800000 -0.630678 1.641951 7.521364 1904.161391
 28.000000 -0.970649 2.177640 21.140596 1482.693796
 28.200000 -0.446233 2.416475 1.562415 392.153545
 28.400000 -0.930802 2.031258 19.699542 1435.334490
 28.600000 -0.600725 1.410659 6.273087 1683.157741
 28.800000 -0.711629 1.634704 11.182965 1981.836791
 29.000000 -0.905929 2.033255 18.767738 1372.947087
 29.200000 -0.541156 2.172170 4.071052 1119.049333
 29.400000 -0.763768 2.166885 13.464701 1685.465825
 29.600000 -0.491467 1.820334 2.591177 683.627684
 29.800000 -0.832606 1.787029 16.134612 1372.467649
 30.000000 -1.122432 1.604859 26.634544 678.384173
 30.200000 -0.751583 1.633435 13.025777 1755.463310
 30.400000 -0.977609 1.383457 21.696843 1567.579532
 30.600000 -0.984459 1.357954 21.967984 1564.857697
 30.800000 -1.667130 0.951722 25.530599 473.442018
 31.000000 -1.500411 0.585294 28.760566 200.977842
 31.200000 -0.719495 0.631739 11.718853 1946.215269
 31.400000 -0.979963 0.938406 21.885670 1584.969479
 31.600000 -1.560492 0.969682 27.804507 361.237020
 31.800000 -1.635769 0.777845 26.259598 464.063964
 32.000000 -0.986158 0.889056 22.132128 1579.961326
 32.200000 -1.259488 1.270390 29.082872 91.864828
 32.400000 -1.512944 0.865804 28.694476 243.974393
 32.600000 -0.735279 0.319101 12.477556 1859.247582
 32.800000 -0.842612 0.000765 16.709631 1364.772816
 33.000000 -0.445409 -0.388363 1.496267 426.858563
 33.200000 -0.884422 -0.082789 18.332782 1406.276887
 33.400000 -0.668483 0.433662 9.537421 2132.360527
 33.600000 -1.663190 1.274084 25.758452 487.481456
 33.800000 -1.968191 2.233278 21.694875 2.679052
 34.000000 -2.459166 -3.074017 24.388518 0.000014
 34.200000 2.976744 2.708186 2.031547 1071.646398
 34.400000 -2.313374 2.664215 23.572576 102.610291
 34.600000 -1.778763 2.640306 23.303764 375.663429
 34.800000 -2.497522 2.397216 24.311104 2.520588
 35.000000 3.102760 2.871018 7.562588 2728.954909
 35.200000 -2.996077 -2.856268 16.558132 1467.137234
 35.400000 -3.140447 2.293974 9.649793 2873.035603
 35.600000 -2.280778 2.574988 23.194831 110.267181
 35.800000 -1.951433 2.886517 21.620937 0.198964
 36.000000 -2.293386 2.371574 23.327560 110.676458
 36.200000 -2.567041 2.605761 24.078751 7.028915
 36.400000 -2.665393 3.077316 23.652785 51.612860
 36.600000 3.109447 2.717767 7.852699 2767.084618
 36.800000 -2.855791 2.778324 20.661940 531.237593
 37.000000 -2.280835 3.019540 23.167315 108.838602
 37.200000 -2.462657 2.329819 24.245252 0.058484
 37.400000 -2.354325 2.573768 23.849964 63.013184
 37.600000 -2.331282 2.846413 23.649974 87.255547
 37.800000 -2.733442 2.637132 22.916235 186.473288
 38.000000 3.103050 2.743181 7.504347 2715.254640
 38.200000 3.124085 -2.937616 8.597926 2814.828764
 38.400000 -2.968814 2.698253 17.449137 1168.551651
 38.600000 -2.417745 2.510656 24.182130 7.638779
 38.800000 -1.983694 2.852071 21.601018 6.223520
 39.000000 -2.225511 2.658701 22.599948 69.173002
 39.200000 -2.874851 2.633250 20.124735 589.657161
 39.400000 3.072330 -3.010248 5.925314 2421.543412
 39.600000 3.092867 2.678694 6.957210 2619.463057
 39.800000 -2.437163 2.446717 24.210114 1.569009
 40.000000 -1.938741 2.752594 21.539485 0.852314
 40.200000 -2.331737 2.482040 23.631493 85.748769
 40.400000 3.132979 2.537496 9.051090 2798.312448
 40.600000 2.905544 -2.804944 -0.007974 63.222886
 40.800000 3.049281 3.085966 4.825547 2147.683059
 41.000000 -2.469860 2.262033 24.205703 0.487224
 41.200000 -1.632384 2.117850 26.682296 506.388234
 41.400000 -0.772353 1.945709 14.472348 1631.167872
 41.600000 -0.611855 1.922672 7.212271 2085.528426
 41.800000 -0.484942 1.685125 2.378503 822.625141
 42.000000 -1.156420 1.825313 28.043774 314.217227
 42.200000 -1.745189 1.575733 24.077538 518.629579
 42.400000 -1.941781 1.296432 21.508002 0.499036
 42.600000 -1.104768 0.959315 26.955189 664.948061
 42.800000 -0.571408 0.153618 5.461435 1749.382762
 43.000000 -0.521332 -0.773980 3.537349 1207.127434
 43.200000 -0.394597 -0.577684 0.375497 259.911182
 43.400000 -0.846225 0.518415 17.359908 1407.456705
 43.600000 -1.461688 1.453355 29.826565 102.998599
 43.800000 -2.093141 1.729975 21.879548 9.010423
 44.000000 -1.998773 2.331190 21.584756 8.118034
 44.200000 -2.219112 3.024025 22.492540 68.766180
 44.400000 2.993463 2.783453 2.475043 1478.143607
 44.600000 -2.903397 2.793186 19.343441 705.862774
 44.800000 -2.155124 2.906687 22.087692 20.196075
 45.000000 -2.253911 2.094605 22.813298 100.019148
 45.200000 -2.050811 1.995720 21.744937 9.588583
 45.400000 -2.064083 2.256297 21.785397 8.999656
 45.600000 -3.056654 2.984212 13.749692 2180.532293
 45.800000 -3.102019 -3.118731 11.532516 2564.505217
 46.000000 -2.776216 2.536809 22.048176 282.458319
 46.200000 -2.197750 2.681119 22.325908 48.039703
 46.400000 -1.927579 2.687536 21.526351 4.761443
 46.600000 -2.189422 2.458139 22.270405 40.953645
 46.800000 -2.543976 2.622038 23.989804 9.330598
 47.000000 2.856659 2.813231 -0.000056 0.000027
 47.200000 -3.099690 2.880851 11.632158 2513.334889
 47.400000 -2.918446 2.808252 18.890523 796.408802
 47.600000 -2.914539 2.780104 18.999909 771.527502
 47.800000 -3.068209 2.769458 13.175100 2274.524176
 48.000000 -3.041650 3.005137 14.404707 2006.024801
 48.200000 -3.062023 2.641555 13.466972 2203.080995
 48.400000 -2.707636 2.761734 22.960834 129.760587
 48.600000 -2.588726 2.750680 23.817762 16.732260
 48.800000 -2.818770 2.718944 21.223090 382.632808
 49.000000 2.977203 2.831429 1.864046 1363.661851
 49.200000 -3.095620 2.892493 11.848514 2451.818301
 49.400000 -2.926069 2.734029 18.669866 848.517381
 49.600000 -3.052983 2.830157 13.889818 2107.343443
 49.800000 -3.031305 2.857687 14.858346 1882.114129
 50.000000 -3.104941 2.958646 11.384515 2502.800866
 50.200000 3.098142 2.690805 7.359444 2519.144239
 50.400000 3.112143 2.941408 8.065448 2562.330656
 50.600000 -3.121825 2.992153 10.564180 2548.397973
 50.800000 -2.995576 2.862932 16.334654 1484.375068
 51.000000 -2.471057 2.794166 24.118321 0.881557
 51.200000 -2.548083 2.602065 23.943502 9.461192
 51.400000 -2.602275 2.962885 23.739735 21.338396
 51.600000 2.979824 2.826937 1.981120 1511.521187
 51.800000 -2.773617 2.755847 22.022709 262.952339
 52.000000 -2.318039 2.621060 23.459078 87.737445
 52.200000 -2.139837 2.701254 22.055324 15.780115
 52.400000 -2.120445 2.563682 21.983596 12.044586
 52.600000 -2.506679 2.693317 24.054029 4.220681
 52.800000 2.945512 2.920741 0.745883 1088.508842
 53.000000 2.966731 3.000892 1.489926 1377.725475
 53.200000 -2.582405 2.595237 23.834604 15.551787
 53.400000 -2.785898 2.583626 21.818848 286.328781
 53.600000 2.991731 3.040983 2.491048 1751.257203
 53.800000 2.950992 2.774093 0.925850 1197.561287
 54.000000 -2.411823 2.607293 24.044733 8.896764
 54.200000 -2.301731 2.432312 23.283189 91.591285
 54.400000 -2.083142 2.638056 21.876920 11.446641
 54.600000 -2.636440 2.734621 23.569138 41.612396
 54.800000 -3.125313 3.033705 10.571260 2478.587307
 55.000000 -2.877747 2.807123 19.986580 558.012972
 55.200000 -1.906892 2.367778 21.543989 21.031347
 55.400000 -1.742009 2.083196 24.117451 547.530418
 55.600000 -1.937955 2.232021 21.463738 0.546985
 55.800000 -2.675057 3.003697 23.278209 82.300157
 56.000000 3.114626 -3.038291 8.451912 2536.857646
 56.200000 -2.796919 2.246449 21.650994 304.717457
 56.400000 -1.730929 2.621696 24.371317 564.060625
 56.600000 -2.197627 2.578873 22.405346 41.785793
 56.800000 -2.511483 2.803465 24.062669 3.125839
 57.000000 -2.758252 2.850664 22.278209 224.223192
 57.200000 -2.880343 2.809804 19.966610 563.795698
 57.400000 -2.626820 2.989935 23.655255 36.826790
 57.600000 -2.742844 2.577604 22.506584 193.088014
 57.800000 -2.404127 2.856534 24.000830 13.914078
 58.000000 -2.833571 2.669108 20.980877 392.719566
 58.200000 -2.679487 2.860373 23.264079 90.797894
 58.400000 -2.659415 2.862122 23.441446 66.486037
 58.600000 -2.374280 2.817861 23.862635 33.437557
 58.800000 -2.257860 2.673076 22.906675 77.436582
 59.000000 -2.417660 2.435786 24.050721 8.358809
 59.200000 -1.851333 2.911656 21.995023 163.526240
 59.400000 -2.635672 2.354143 23.638903 44.731072
 59.600000 -2.462292 3.110527 24.136722 0.213467
 59.800000 3.028676 2.920232 4.356193 2355.197949
 60.000000 -2.496691 2.937249 24.126441 0.981199
 60.200000 -2.344338 2.478430 23.678381 57.059295
 60.400000 -2.079572 2.933040 21.922099 18.153917
 60.600000 -2.440044 2.602823 24.130755 3.127628
 60.800000 -2.692884 2.438689 23.173448 110.936873
 61.000000 -2.872033 -3.065956 20.217139 531.488989
 61.200000 3.123758 2.817553 9.176279 2457.797937
 61.400000 -1.960253 2.610405 21.444631 3.125257
 61.600000 -1.988116 2.165123 21.522548 13.358361
 61.800000 -1.941876 2.389103 21.428006 0.000843
 62.000000 -2.609057 2.828425 23.856773 28.401433
 62.200000 3.063141 3.031028 6.170857 2552.240112
 62.400000 3.092387 2.667671 7.647253 2532.482841
 62.600000 -2.625664 2.649531 23.791034 40.826176
 62.800000 -2.668206 2.669438 23.462860 82.609114
 63.000000 -3.039081 2.920366 14.800665 1778.544135
 63.200000 -2.893684 3.042644 19.751864 643.303806
 63.400000 -2.684870 2.718446 23.332572 106.361123
 63.600000 -2.503365 2.642781 24.240579 0.446483
 63.800000 -2.422055 2.829313 24.137918 11.719549
 64.000000 -2.603140 2.847038 23.959732 26.925773
 64.200000 -2.740110 2.765779 22.689769 191.676354
 64.400000 -3.030734 2.785192 15.183509 1693.978157
 64.600000 -2.756188 3.113792 22.459453 219.174116
 64.800000 -3.014570 2.663794 15.836136 1565.820607
 65.000000 -2.962949 2.759213 17.731289 1134.879172
 65.200000 -2.689638 3.035580 23.345146 114.536422
 65.400000 -2.952267 2.603718 18.105285 1055.474022
 65.600000 -2.742193 2.930975 22.696824 194.258534
 65.800000 -3.029309 2.794565 15.262172 1675.204194
 66.000000 3.116842 2.904715 8.993704 2450.088817
 66.200000 -2.544090 2.814403 24.298611 5.241739
 66.400000 -2.109676 2.435055 22.149923 22.286177
 66.600000 -1.999549 2.287002 21.583251 21.814447
 66.800000 -2.028508 2.676818 21.730847 28.874090
 67.000000 -2.784267 2.811508 22.096980 271.862675
 67.200000 3.022830 2.980209 4.283323 2598.664655
 67.400000 -2.654621 2.998024 23.760465 72.293616
 67.600000 -2.114476 2.282065 22.190421 22.352372
 67.800000 -1.849008 2.539287 21.986495 164.577566
 68.000000 -2.254014 2.634871 22.995229 61.127233
 68.200000 2.996047 2.803218 2.956970 2437.070407
 68.400000 -2.823934 2.932152 21.462698 373.102540
 68.600000 -2.772950 2.693802 22.355074 250.317457
 68.800000 -2.577773 2.609522 24.272187 15.132362
 69.000000 -2.403833 2.997221 24.157865 28.468770
 69.200000 -3.066376 2.472165 13.801962 1892.776247
 69.400000 3.088720 3.006378 7.741414 2584.937157
 69.600000 -2.887739 3.132458 20.088689 642.090754
 69.800000 -3.118052 2.552477 11.470596 2175.642104
 70.000000 -2.827803 2.855444 21.428509 386.360130
 70.200000 -3.129418 3.081590 10.973701 2231.725283
 70.400000 -2.975429 2.770368 17.461375 1263.358084
 70.600000 -1.931932 2.709232 21.435689 0.358724
 70.800000 -2.002061 2.188241 21.633805 27.142811
 71.000000 -2.594150 2.363104 24.282831 23.087352
 71.200000 -2.652060 -2.890808 23.940443 71.103753
 71.400000 3.087653 2.905750 7.760851 2604.199610
 71.600000 -2.933991 2.432604 18.875775 950.559381
 71.800000 -2.154176 3.022984 22.455861 22.323826
 72.000000 -2.018994 2.798137 21.737523 33.485552
 72.200000 -1.948304 2.224769 21.452293 2.253410
 72.400000 -1.980780 1.961005 21.550530 18.661966
 72.600000 -1.837324 2.860106 22.119249 196.659110
 72.800000 -3.080143 2.851564 13.295362 1960.810928
 73.000000 3.102372 3.079494 8.543516 2521.435458
 73.200000 3.045373 2.854251 5.634565 2788.286896
 73.400000 -2.695571 2.802677 23.590913 125.243021
 73.600000 -2.234244 2.721103 22.925353 44.957977
 73.800000 -2.180803 2.541347 22.616092 24.951715
 74.000000 -1.927904 2.640218 21.459475 0.617715
 74.200000 -2.382827 2.457638 24.122911 51.472497
 74.400000 -2.318463 2.917936 23.603278 73.128707
 74.600000 -2.867377 2.681255 20.792312 539.731814
 74.800000 3.073137 2.865136 7.127614 2694.493279
 75.000000 -2.554552 3.120039 24.585837 5.131006
 75.200000 -2.076152 2.580200 22.155687 30.533140
 75.400000 -1.919259 1.917574 21.492501 2.655889
 75.600000 -1.843284 1.744418 22.036275 162.286704
 75.800000 -1.977130 2.083549 21.590660 19.030114
 76.000000 -2.203922 2.700654 22.775680 30.538319
 76.200000 -3.109343 2.998896 12.104727 2078.023261
 76.400000 2.903612 2.855477 -0.000059 0.000287
 76.600000 -2.488636 2.907519 24.662501 3.600317
 76.800000 -2.105637 2.299513 22.331763 23.615822
 77.000000 -1.775201 2.222460 23.176083 398.628850
 77.200000 -2.171313 2.664611 22.654049 21.785162
 77.400000 -2.925611 2.918498 19.358340 914.638043
 77.600000 -3.077080 2.901082 13.575561 1924.306217
 77.800000 -2.726084 2.778789 23.366975 168.516114
 78.000000 -2.718763 2.572972 23.460577 158.470748
 78.200000 -2.727152 2.640257 23.389027 170.768027
 78.400000 3.098323 2.863737 8.568691 2524.133391
 78.600000 -2.870821 2.805126 20.865013 557.130408
 78.800000 -2.633820 2.783375 24.357931 55.148720
 79.000000 -2.498412 2.692536 24.737233 2.441692
 79.200000 -2.437172 2.893640 24.556923 25.457539
 79.400000 -2.792162 2.680355 22.465334 280.505111
 79.600000 -2.921261 2.952491 19.557207 888.540169
 79.800000 -2.742579 2.771130 23.223385 193.985466
 80.000000 -2.633088 2.620292 24.407775 53.879097
 80.200000 -2.559718 2.827109 24.797077 4.085971
 80.400000 -2.613746 2.683843 24.584225 34.763189
 80.600000 -2.646948 2.933129 24.348681 68.444378
 80.800000 -2.780396 2.665687 22.703515 258.071209
 81.000000 -2.557919 2.835118 24.800602 3.601797
 81.200000 -2.206486 2.759078 22.904122 30.049467
 81.400000 -2.391418 2.430636 24.312345 52.378258
 81.600000 -2.222318 2.794794 22.995232 36.437003
 81.800000 -2.324196 2.808978 23.769989 72.424794
 82.000000 2.947431 2.537507 0.736226 2213.132194
 82.200000 -2.847141 -3.123177 21.562766 456.053186
 82.400000 3.117162 2.791502 9.642558 2365.942325
 82.600000 2.994340 2.749778 3.146559 2939.408033
 82.800000 -2.191627 3.029671 22.848430 25.237587
 83.000000 -2.064335 2.382386 22.250436 31.198049
 83.200000 -1.826571 1.904259 22.288716 180.865499
 83.400000 -2.001085 1.910054 21.899875 32.771454
 83.600000 -1.923210 2.751835 21.634607 0.027150
 83.800000 -2.743587 2.801178 23.411465 203.980001
 84.000000 2.916097 2.730679 -0.001217 0.156136
 84.200000 -2.967939 2.802537 18.196293 1293.438440
 84.400000 -2.464355 2.608011 24.813367 20.220888
 84.600000 -2.512714 2.386945 24.969610 3.477414
 84.800000 -2.051679 2.981391 22.227704 33.626927
 85.000000 -2.411057 2.420852 24.510549 45.652751
 85.200000 -2.467373 2.400948 24.857343 20.265467
 85.400000 -2.006161 2.910532 21.982003 34.712559
 85.600000 -2.339463 2.594338 23.976004 70.733590
 85.800000 -2.453129 2.578245 24.788436 26.683282
 86.000000 -2.721205 2.773803 23.817187 174.592932
 86.200000 -2.792075 2.940139 22.786376 296.786617
 86.400000 -2.898519 2.920206 20.472310 754.631765
 86.600000 -2.337381 2.796441 23.985325 71.254500
 86.800000 -2.173388 2.526919 22.856363 20.502441
 87.000000 -1.948808 2.655267 21.736350 8.306506
 87.200000 -2.353551 2.605683 24.149891 69.761696
 87.400000 -2.810472 2.793778 22.503316 344.011380
 87.600000 -3.110221 3.021923 12.397269 2004.820350
 87.800000 3.124574 2.963782 10.164764 2283.770555
 88.000000 -2.791784 2.593975 22.837751 298.450163
 88.200000 -2.276976 2.722071 23.540174 61.069628
 88.400000 -2.100417 2.735783 22.594045 21.645945
 88.600000 -2.440777 2.382772 24.823821 35.435906
 88.800000 -2.441062 2.838485 24.825514 35.298709
 89.000000 -2.729057 2.740566 23.858519 190.488426
 89.200000 3.017663 2.782675 4.590823 3219.001218
 89.400000 -3.129477 2.969638 11.587125 2084.251775
 89.600000 -2.948839 2.902246 19.020890 1167.622450
 89.800000 3.095327 2.790803 8.793878 2547.329600
 90.000000 3.001213 2.994444 3.656833 3213.720368
 90.200000 3.105977 2.664577 9.362785 2444.922693
 90.400000 -3.027218 2.979891 16.063479 1702.655718
 90.600000 3.113085 2.817101 9.711764 2377.623125
 90.800000 -3.041920 2.956236 15.451149 1764.711882
 91.000000 3.129422 2.748498 10.496388 2239.962388
 91.200000 -2.860307 3.032306 21.628547 545.215430
 91.400000 -2.882056 2.699066 21.094350 666.572130
 91.600000 3.059650 3.057544 6.999296 2964.312354
 91.800000 -2.976433 2.702331 18.105504 1385.290209
 92.000000 -3.080133 2.648371 13.862224 1882.960534
 92.200000 -3.069801 3.052875 14.360682 1847.753051
 92.400000 -3.082576 2.780292 13.808537 1887.947098
 92.600000 -3.093317 2.832954 13.339673 1923.622621
 92.800000 3.058986 2.896534 7.001793 2999.122931
 93.000000 2.970871 2.816488 1.994457 3064.289137
 93.200000 -2.796106 2.674419 23.018026 321.090114
 93.400000 -2.221012 2.799868 23.292432 36.205787
 93.600000 -2.178581 2.660851 23.069020 21.328897
 93.800000 -2.020116 2.774411 22.268953 42.805602
 94.000000 -2.370534 2.425412 24.487470 68.565783
 94.200000 -2.361202 2.830252 24.440232 71.499046
 94.400000 -2.876555 2.686692 21.353225 629.396301
 94.600000 2.944862 2.918524 0.616869 2683.012121
 94.800000 -2.980565 2.872736 18.092478 1392.546418
 95.000000 -3.073708 2.538426 14.306931 1849.323558
 95.200000 -2.820141 2.904982 22.647797 387.075245
 95.400000 3.061738 3.009982 7.289155 3050.937938
 95.600000 2.985015 2.854106 2.848149 3375.442259
 95.800000 -2.608946 2.836703 25.312993 20.200684
 96.000000 -2.535319 2.534010 25.421826 1.574749
 96.200000 -1.906278 2.791819 21.812578 0.080198
 96.400000 -2.143985 2.475788 22.995219 17.648082
 96.600000 -2.200790 2.448488 23.258144 28.886484
 96.800000 -2.300192 2.844145 23.972993 74.463475
 97.000000 -2.568565 2.751220 25.458398 1.097438
 97.200000 -2.878751 2.582511 21.427296 636.370606
 97.400000 3.009919 2.915822 4.372095 3553.683448
 97.600000 -3.104040 2.959935 13.153235 1955.271446
 97.800000 -2.904215 2.604745 20.747168 797.069735
 98.000000 -2.272789 2.950435 23.779222 65.344864
 98.200000 -1.924278 2.274681 21.848875 4.759944
 98.400000 -1.807866 1.820826 22.484095 174.110054
 98.600000 -1.736436 1.878993 23.671136 373.046516
 98.800000 -2.026029 1.625172 22.417320 46.380913
 99.000000 -1.491041 1.869733 28.724978 197.855240
 99.200000 -1.919430 1.832044 21.856887 3.190538
 99.400000 -1.877415 2.468213 21.891804 13.251154
 99.600000 -2.273966 2.920476 23.857002 67.678998
 99.800000 -2.816115 2.656818 22.889123 373.785432
 100.000000 -3.139181 2.909010 11.675872 2170.812389
 100.200000 3.079164 3.027726 7.201515 2929.997207
 100.400000 -2.992249 2.548306 16.672663 1437.460678
 100.600000 -2.322652 2.773738 23.032650 77.251761
 100.800000 -2.065534 2.611514 21.438895 33.250418
 101.000000 -1.899612 2.495035 20.583005 0.196175
 101.200000 -1.970144 2.312712 20.853417 37.170613
 101.400000 -1.817124 2.733857 21.097246 131.108542
 101.600000 -2.543705 2.622232 24.343761 1.112858
 101.800000 3.035661 2.812960 4.777255 3544.506187
 102.000000 -2.875735 3.090966 20.397663 606.561400
 102.200000 -2.846967 2.665626 21.112721 471.471063
 102.400000 -2.293343 2.556358 22.869164 76.115192
 102.600000 -2.305395 2.682170 22.974928 77.652479
 102.800000 -2.431264 2.668095 23.955951 36.002732
 103.000000 2.973000 2.631271 1.009713 3569.508466
 103.200000 3.004577 -3.081367 2.971390 3820.341081
 103.400000 -2.959290 2.761631 18.046564 1180.129125
 103.600000 -2.268846 2.564455 22.707130 69.251783
 103.800000 -1.762011 2.401534 21.899600 282.157741
 104.000000 -2.164791 2.221786 22.026596 22.766707
 104.200000 -2.354256 2.934183 23.490553 67.650063
 104.400000 -2.691066 3.018912 23.762116 126.434173
 104.600000 -2.955299 2.825975 18.239308 1145.925474
 104.800000 -2.309901 2.817832 23.108974 77.759096
 105.000000 -1.938544 2.494060 20.802512 18.938273
 105.200000 -1.840108 2.131770 20.940660 56.131114
 105.400000 -1.886954 2.571506 20.740971 1.180131
 105.600000 -2.387372 2.821001 23.792106 52.217960
 105.800000 2.975045 2.936316 1.219497 3729.092696
 106.000000 3.035787 2.887153 4.979099 3669.027772
 106.200000 -2.973149 2.696514 17.727460 1278.213821
 106.400000 -2.613023 2.788422 24.457500 17.110058
 106.600000 -1.725660 3.047906 22.546863 356.743810
 106.800000 -2.114074 2.026470 21.916068 19.953552
 107.000000 -1.968620 1.914224 21.048165 39.919828
 107.200000 -1.664674 2.422327 23.777478 458.383557
 107.400000 -2.399109 2.816565 23.955661 44.625065
 107.600000 3.120088 -3.055008 9.736047 2438.933937
 107.800000 -3.081410 2.862045 13.461882 1842.744983
 108.000000 -2.789800 2.458818 22.456947 302.990623
 108.200000 -2.226245 2.833177 22.600774 52.518811
 108.400000 -1.791972 2.792848 21.484683 163.393565
 108.600000 -2.284064 2.283639 23.069573 75.536502
 108.800000 -2.185692 2.661378 22.338578 32.396633
 109.000000 -2.273520 3.005861 22.978552 73.309025
 109.200000 3.121554 2.602084 9.921314 2425.867796
 109.400000 -2.849263 3.109412 21.395973 460.159132
 109.600000 -2.958907 2.734216 18.385303 1158.448615
 109.800000 -3.091099 2.469355 13.156045 1880.357210
 110.000000 -2.772784 -3.067954 22.827071 270.265073
 110.200000 2.991816 2.591809 2.438687 4071.805085
 110.400000 -2.636651 2.743518 24.496038 38.583102
 110.600000 -1.885229 2.891371 20.911492 0.109931
 110.800000 -2.074750 1.886153 21.882087 25.995333
 111.000000 -1.997183 1.348923 21.409057 46.088351
 111.200000 -0.531383 0.957667 1.497663 1735.656332
 111.400000 -1.399445 0.803534 27.779870 1.207083
 111.600000 -1.834618 0.702395 21.116328 45.540901
 111.800000 -1.677233 0.686298 23.479246 425.364527
 112.000000 -0.841663 0.879513 14.760993 1484.163949
 112.200000 -1.635138 1.499330 24.365993 471.445721
 112.400000 -1.890744 1.756133 20.979870 0.398367
 112.600000 -1.698936 2.091694 23.039691 379.888744
 112.800000 -2.027103 2.836827 21.687343 39.895045
 113.000000 -2.981015 2.971893 17.762099 1321.180579
 113.200000 -3.045818 3.071769 15.280512 1694.999448
 113.400000 -3.054484 2.741157 14.921862 1730.345105
 113.600000 -2.691578 2.785490 24.132594 124.476620
 113.800000 -2.101171 2.601614 22.119314 20.798008
 114.000000 -2.038825 2.430518 21.797794 35.413386
 114.200000 -2.078551 2.612309 22.047167 23.692225
 114.400000 -2.488794 2.618460 24.650824 14.066384
 114.600000 -2.501352 2.955303 24.695836 11.618247
 114.800000 2.995460 2.570746 2.811243 4209.156003
 115.000000 -2.546229 -2.971660 24.811490 2.399285
 115.200000 -2.649743 2.559224 24.595949 52.005812
 115.400000 -2.088563 2.732553 22.131030 21.870650
 115.600000 -1.796734 2.487640 21.543320 112.714968
 115.800000 -2.078566 2.502275 22.083470 23.491428
 116.000000 -2.767809 2.656337 23.154852 259.505603
 116.200000 -2.981515 3.052629 17.932743 1314.040787
 116.400000 -2.742824 2.942451 23.581006 217.958269
 116.600000 -2.351754 2.480641 23.983683 53.465507
 116.800000 -1.770901 2.794020 21.869247 173.911530
 117.000000 -2.175811 2.315507 22.595196 34.622520
 117.200000 -2.236859 2.781439 23.065227 66.187959
 117.400000 -2.643579 2.701467 24.716209 42.046539
 117.600000 2.916492 2.657038 -0.000000 0.000000
 117.800000 -2.645990 3.117725 24.700277 45.279322
 118.000000 -2.382539 2.713696 24.229900 38.505163
 118.200000 -2.129986 1.977605 22.433246 21.821339
 118.400000 -1.754052 2.185823 22.125913 206.531176
 118.600000 -1.955989 2.735951 21.462581 36.583549
 118.800000 3.057305 2.762587 6.868198 3564.439040
 119.000000 -3.131868 -3.138057 11.787531 2131.488225
 119.200000 -2.864769 2.923172 21.475881 508.848644
 119.400000 -2.278010 2.570125 23.504405 76.721868
 119.600000 -1.771429 2.399713 21.906332 156.793235
 119.800000 -2.101131 2.179907 22.338125 20.630730
 120.000000 -2.333047 2.835599 23.966124 59.856586
 120.200000 2.899398 2.991280 -0.000000 0.000000
 120.400000 -3.094135 2.861557 13.560155 1885.191587
 120.600000 -2.421452 2.774193 24.553593 22.865842
 120.800000 -1.854724 2.541936 21.285716 6.990245
 121.000000 -1.826040 2.255961 21.412111 38.094088
 121.200000 -1.974795 2.321072 21.695195 41.854040
 121.400000 -2.247289 2.899010 23.324337 73.835293
 121.600000 -2.818066 2.929697 22.512790 359.615910
 121.800000 -3.102222 2.902906 13.249672 1923.173797
 122.000000 -3.053256 3.008818 15.334126 1712.199837
 122.200000 -2.591526 2.678359 25.091515 1.144086
 122.400000 -2.079421 2.634381 22.341940 22.475396
 122.600000 -1.685967 2.481456 23.278687 338.144047
 122.800000 -2.225091 2.448343 23.180820 65.601998
 123.000000 -2.676714 2.768367 24.645798 91.889269
 123.200000 2.975536 2.976084 1.777929 4342.092313
 123.400000 -2.945696 2.749346 19.430281 1019.716828
 123.600000 -2.470194 2.749883 24.856349 14.582171
 123.800000 -2.375587 2.604484 24.421738 34.151624
 124.000000 -2.298312 2.901034 23.858558 72.720639
 124.200000 -2.456186 2.655451 24.834768 15.268158
 124.400000 -2.661926 2.800268 24.853731 65.046664
 124.600000 -2.954799 2.890480 19.170530 1089.642260
 124.800000 3.021464 2.873584 4.858503 4271.349164
 125.000000 3.019450 2.943301 4.726700 4297.733168
 125.200000 2.945982 2.578782 -0.022181 149.473303
 125.400000 -3.133328 2.963651 12.021199 2125.670139
 125.600000 2.968356 2.886773 1.362197 4301.563192
 125.800000 -2.701458 2.629475 24.494698 142.096775
 126.000000 -2.167584 2.646946 22.889062 38.409076
 126.200000 -2.161516 2.639046 22.886522 36.769876
 126.400000 -2.394972 2.690748 24.644932 23.825013
 126.600000 -2.569472 2.713377 25.233200 0.728619
 126.800000 2.964485 2.947197 1.139133 4267.559094
 127.000000 -2.784827 3.040692 23.290387 299.393699
 127.200000 -2.425001 2.656380 24.815978 16.517960
 127.400000 -2.068766 2.387807 22.448764 24.288883
 127.600000 -1.672904 2.810420 23.503272 332.142142
 127.800000 -2.698544 2.452919 24.604442 136.937356
 128.000000 3.077930 -3.104586 8.457044 3212.177169
 128.200000 -2.950300 -3.137130 19.457826 1046.499923
 128.400000 -2.700405 2.277984 24.619701 141.347080
 128.600000 -1.862900 2.527634 21.517251 0.584674
 128.800000 -1.726865 2.754396 22.615061 210.982119
 129.000000 -2.585854 2.569786 25.306560 0.066626
 129.200000 -3.044196 2.912312 16.015483 1643.234358
 129.400000 3.011929 -3.135442 4.424927 4490.891335
 129.600000 -2.689816 2.484812 24.778348 118.784680
 129.800000 -1.882332 2.416125 21.550601 1.660447
 130.000000 -1.673007 2.575558 23.494761 319.458927
 130.200000 -2.567026 2.606347 25.362575 1.505360
 130.400000 3.016257 2.854618 4.752493 4457.741574
 130.600000 2.954437 -3.089633 0.597067 4272.969107
 130.800000 -3.015311 2.644865 17.199173 1499.458758
 131.000000 -2.232713 2.802724 23.589203 80.070270
 131.200000 -1.607143 2.477040 24.742188 402.853717
 131.400000 -2.212264 2.124497 23.451152 72.649565
 131.600000 -2.163645 2.784006 23.080030 44.459633
 131.800000 -2.839998 2.852083 22.415743 424.108673
 132.000000 2.975578 2.650160 2.032476 4576.653410
 132.200000 3.095560 3.048520 9.650988 2859.031056
 132.400000 2.992077 2.624447 3.192395 4680.682639
 132.600000 -2.723951 2.866936 24.462012 194.766768
 132.800000 -2.616411 2.622900 25.397913 8.292613
 133.000000 -2.762904 2.779255 23.866912 270.515182
 133.200000 -3.075353 2.871982 14.883313 1742.440937
 133.400000 3.011933 2.849348 4.586523 4568.054457
 133.600000 -2.900304 2.716803 21.080238 686.989726
 133.800000 -2.541816 2.788587 25.406367 6.886442
 134.000000 -2.441216 2.564047 25.079831 11.157126
 134.200000 -2.128835 2.712219 22.961113 32.854451
 134.400000 -2.326793 2.598058 24.574346 50.800488
 134.600000 -2.697439 2.559915 24.881670 136.389667
 134.800000 -2.825942 2.889235 22.796829 392.061275
 135.000000 3.042728 2.664993 6.656572 4026.816375
 135.200000 -2.740897 2.709239 24.330599 233.332764
 135.400000 -2.397560 2.986666 24.995135 15.037007
 135.600000 -2.412889 2.512091 25.051483 12.251167
 135.800000 -2.147217 2.721663 23.101206 41.228055
 136.000000 -1.992913 2.743473 22.237490 38.678420
 136.200000 -2.018076 2.528988 22.414845 35.277103
 136.400000 -2.287202 2.578430 24.338039 79.002615
 136.600000 -2.234402 2.916573 23.842758 89.590941
 136.800000 -2.937133 2.545043 20.135024 934.504509
 137.000000 -2.927900 2.917843 20.412115 867.533732
 137.200000 3.113033 -3.078459 10.784062 2525.448412
 137.400000 2.966343 2.578374 1.612560 4627.520524
 137.600000 -2.276685 2.730938 24.285062 85.381257
 137.800000 -1.719007 2.558371 22.780210 181.287586
 138.000000 -2.114510 2.326374 22.965381 31.045797
 138.200000 -2.675514 2.690059 25.267714 86.540405
 138.400000 2.956667 2.915666 0.991870 4468.747254
 138.600000 -2.802369 2.993967 23.391649 349.895858
 138.800000 -2.468351 2.570935 25.335297 9.499509
 139.000000 -2.356790 2.551281 24.930596 29.568949
 139.200000 -2.304104 2.910137 24.611053 68.589806
 139.400000 -3.045330 2.744897 16.338226 1606.813073
 139.600000 -2.952129 2.995544 19.764620 1042.347399
 139.800000 -3.103046 2.895417 13.949439 1833.323540
 140.000000 2.997592 2.531541 3.844461 4816.893973
 140.200000 -2.623177 2.987051 25.666067 9.923899
 140.400000 -2.919846 2.577897 20.779417 808.009717
 140.600000 -3.081088 2.736854 14.917030 1731.915730
 140.800000 3.040576 3.071403 6.778051 4124.411907
 141.000000 -2.996223 2.938981 18.272202 1355.339078
 141.200000 -2.551419 2.504551 25.691743 6.106045
 141.400000 -1.837279 2.843703 21.844724 6.540974
 141.600000 -2.006847 2.461212 22.465322 39.081637
 141.800000 -2.017945 2.316708 22.533935 37.297100
 142.000000 -2.177366 2.723713 23.511629 66.539599
 142.200000 -2.226747 2.788771 23.994197 96.855570
 142.400000 -2.997698 2.447106 18.291628 1359.368052
 142.600000 2.881075 3.068880 -0.000000 0.000000
 142.800000 3.086415 2.872139 9.605979 3031.544634
 143.000000 -3.034854 2.514101 16.870778 1553.491392
 143.200000 -2.048207 3.108409 22.764974 32.218585
 143.400000 -1.918770 2.648328 21.991045 20.971073
 143.600000 -2.271724 1.963489 24.477627 94.392589
 143.800000 -1.844421 2.386449 21.863922 2.750261
 144.000000 -1.975026 2.777868 22.313760 40.968683
 144.200000 -2.567343 2.634039 25.818701 3.286266
 144.400000 -2.990920 2.852566 18.613502 1310.106533
 144.600000 -3.115930 3.132650 13.605265 1888.100569
 144.800000 3.086130 2.590140 9.680200 3038.585071
 145.000000 -2.664060 2.937860 25.583923 60.519746
 145.200000 -2.895364 2.896172 21.612140 655.258989
 145.400000 3.085025 2.505524 9.665739 3065.982684
 145.600000 -3.009734 -3.120987 17.956501 1419.972922
 145.800000 2.969788 2.995037 2.116326 4892.830107
 146.000000 -3.052776 2.482934 16.277164 1610.815640
 146.200000 -2.118975 3.085059 23.247822 37.102210
 146.400000 -1.804787 2.760665 22.050102 26.732927
 146.600000 -2.004815 1.921463 22.584995 40.748672
 146.800000 -1.635250 1.603349 24.023667 292.478767
 147.000000 -0.922918 0.709331 17.022530 1655.514279
 147.200000 -1.194656 0.177360 25.215572 128.340318
 147.400000 -0.559579 0.077082 1.810021 1690.796898
 147.600000 -0.695792 0.305610 7.844292 1998.931745
 147.800000 -1.449919 0.884717 26.908033 40.426344
 148.000000 -1.437879 1.170879 26.971997 18.171461
 148.200000 -0.968653 0.882170 18.855717 1733.772795
 148.400000 -1.414302 0.877454 27.002986 0.031487
 148.600000 -1.366535 0.903793 26.839632 42.700861
 148.800000 -0.833567 0.803941 13.479365 1455.258106
 149.000000 -1.611066 1.101365 24.422206 321.508287
 149.200000 -1.210010 0.949423 25.330064 108.322998
 149.400000 -1.526733 0.950375 25.937050 279.518846
 149.600000 -1.618033 1.253053 24.285513 307.790089
 149.800000 -0.921227 1.132788 16.869706 1649.111592
 150.000000 -1.590542 1.289561 24.781702 339.980347
 150.200000 -1.418106 0.793379 26.967350 0.553781
 150.400000 -0.607449 0.089989 3.770599 1946.626856
 150.600000 -0.535592 -0.588011 0.777434 1491.105228
 150.800000 -0.525052 -0.703605 0.369622 1565.962973
 151.000000 -0.657142 0.095089 6.006274 2067.677987
 151.200000 -1.430598 0.883864 26.930546 8.271531
 151.400000 -1.992496 1.370182 22.624966 43.131393
 151.600000 -1.475319 1.835419 26.627640 110.655128
 151.800000 -0.658313 1.951072 6.033592 2067.255606
 152.000000 -0.482892 1.841883 -0.000019 0.000030
 152.200000 -0.642766 2.038162 5.305068 2051.384090
 152.400000 -0.858916 2.031902 14.345764 1462.452724
 152.600000 -0.628492 2.167114 4.660951 2018.586746
 152.800000 -0.842525 1.890665 13.720620 1450.285921
 153.000000 -0.708157 1.866816 8.258881 1966.345091
 153.200000 -0.554369 1.856294 1.462257 1617.126545
 153.400000 -0.587931 2.056667 2.859027 1838.663942
 153.600000 -0.694513 2.050370 7.631733 2012.138297
 153.800000 -0.702346 2.033299 7.981995 1986.038084
 154.000000 -0.818784 2.133339 12.792035 1471.088447
 154.200000 -0.881015 1.921716 15.152933 1508.973861
 154.400000 -0.653802 2.203005 5.775410 2061.521374
 154.600000 -0.715704 1.860436 8.558972 1929.043989
 154.800000 -0.519795 1.912477 0.092186 1285.632023
 155.000000 -1.183293 1.893166 24.921504 145.736410
 155.200000 -1.180359 1.805215 24.864545 151.778076
 155.400000 -0.811275 1.091191 12.468851 1480.165784
 155.600000 -0.775373 0.345229 11.059452 1616.496976
 155.800000 -0.877238 -0.149300 14.987426 1495.684916
 156.000000 -0.513341 -0.237979 -0.027826 0.117515
 156.200000 -0.765128 0.039658 10.632533 1664.210912
 156.400000 -1.257958 0.676652 25.651658 98.571656
 156.600000 -1.444064 1.330232 26.807926 26.142432
 156.800000 -0.826671 1.386486 13.043361 1447.789503
 157.000000 -0.497307 0.905936 -0.000702 0.040392
 157.200000 -1.030847 1.136880 21.171308 1416.288983
 157.400000 -1.494099 1.020430 26.328629 173.242249
 157.600000 -0.984941 0.789529 19.338961 1719.542368
 157.800000 -1.517280 1.263681 25.990983 250.258375
 158.000000 -1.362966 1.164851 26.656160 54.796626
 158.200000 -0.970397 0.611613 18.715825 1746.407663
 158.400000 -0.524483 0.156309 0.238850 1671.165300
 158.600000 -0.595886 -0.937963 3.161424 1887.074544
 158.800000 -0.548342 -0.405770 1.176405 1581.343730
 159.000000 -0.955430 0.335010 18.090316 1741.902838
 159.200000 -1.241893 1.072413 25.442440 95.274982
 159.400000 -1.660201 1.527961 23.532389 207.072326
 159.600000 -1.065498 1.226864 22.352869 1030.167895
 159.800000 -1.320918 0.764874 26.244986 102.492020
 160.000000 -2.076594 0.809702 23.266597 31.444614
 160.200000 -1.608742 0.789645 24.351796 303.884881
 160.400000 -0.570554 0.484359 2.075518 1745.447943
 160.600000 -1.420542 0.848745 26.828189 0.548681
 160.800000 -1.767063 0.963670 22.394314 45.911126
 161.000000 -1.047693 1.005237 21.738787 1236.600833
 161.200000 -1.327828 1.049597 26.287505 98.167071
 161.400000 -1.682433 1.007360 23.224794 163.814783
 161.600000 -0.624459 0.762943 4.415832 2000.162892
 161.800000 -0.691583 0.892877 7.438645 1990.021400
 162.000000 -1.690737 1.218606 23.120945 149.098883
 162.200000 -1.599496 1.268867 24.511474 315.065492
 162.400000 -1.165690 1.090939 24.562807 194.668507
 162.600000 -1.607023 1.023037 24.378905 305.034432
 162.800000 -1.009957 0.650356 20.287861 1587.846396
 163.000000 -1.436470 0.889645 26.773529 11.962769
 163.200000 -1.550705 1.245787 25.392118 316.000664
 163.400000 -1.635102 1.273851 23.908616 255.522046
 163.600000 -1.153958 0.921965 24.376808 242.349965
 163.800000 -1.671585 0.911804 23.369008 183.295016
 164.000000 -1.115018 1.150431 23.644992 498.813308
 164.200000 -1.602539 1.329537 24.461274 310.246401
 164.400000 -1.335072 1.091300 26.325490 91.984778
 164.600000 -0.755078 0.128964 10.148771 1685.407916
 164.800000 -0.477124 -0.640285 -0.000001 0.000000
 165.000000 -0.539073 -0.509928 0.785484 1544.195782
 165.200000 -0.652879 0.195762 5.686263 2028.773645
 165.400000 -1.243867 0.996356 25.395576 96.459066
 165.600000 -1.685312 1.441667 23.194406 158.732800
 165.800000 -1.543832 1.268007 25.516409 301.595944
 166.000000 -1.309616 0.804116 26.063034 106.445985
 166.200000 -1.385986 0.873110 26.697740 23.819182
 166.400000 -1.317689 1.164250 26.139259 103.355709
 166.600000 -0.991989 1.158197 19.516980 1675.871476
 166.800000 -1.363024 1.193838 26.553542 56.814701
 167.000000 -1.860008 1.154418 22.171024 2.023806
 167.200000 -0.890903 0.656671 15.381200 1529.927003
 167.400000 -1.016130 0.509236 20.475603 1529.309123
 167.600000 -1.080721 0.331943 22.714162 851.341223
 167.800000 -1.455489 0.831851 26.653767 42.049563
 168.000000 -1.163408 1.146572 24.480619 209.062220
 168.200000 -0.487529 0.876546 -0.000018 0.000030
 168.400000 -1.482393 1.053192 26.419861 116.020657
 168.600000 -1.577955 0.806641 24.923356 325.739830
 168.800000 -0.903077 0.589510 15.855228 1573.384753
 169.000000 -1.369293 0.785738 26.589405 47.541990
 169.200000 -1.406505 1.169851 26.755823 3.834400
 169.400000 -0.835254 1.043129 13.240661 1433.999090
 169.600000 -1.346027 1.097247 26.399804 78.981342
 169.800000 -1.462172 0.813193 26.605641 55.627237
 170.000000 -0.893719 0.582189 15.482118 1541.951637
 170.200000 -1.580452 1.060068 24.897602 324.170891
 170.400000 -1.671550 1.345786 23.401070 191.287370
 170.600000 -1.025733 1.048831 20.824827 1439.743099
 170.800000 -0.758968 0.840099 10.269121 1648.611586
 171.000000 -1.446073 0.839958 26.704213 21.389445
 171.200000 -1.349153 0.923997 26.422128 74.962795
 171.400000 -0.994420 1.065352 19.587606 1647.310160
 171.600000 -1.571580 1.281418 25.067878 321.740548
 171.800000 -1.121990 0.689909 23.722442 452.020965
 172.000000 -1.364461 0.806060 26.545458 54.601009
 172.200000 -1.258692 0.907444 25.524210 99.652639
 172.400000 -1.489518 1.086409 26.357881 130.824320
 172.600000 -0.940858 1.110131 17.379339 1691.353353
 172.800000 -1.399473 1.033363 26.734970 9.808893
 173.000000 -1.182108 0.819199 24.710961 158.932230
 173.200000 -1.151801 0.576874 24.277171 267.177736
 173.400000 -1.040822 0.670135 21.373989 1286.905251
 173.600000 -1.680664 0.854411 23.297866 179.460804
 173.800000 -1.400268 1.064999 26.740802 9.311648
 174.000000 -0.725954 1.046477 8.882875 1798.433639
 174.200000 -1.637431 1.200187 23.951612 265.485272
 174.400000 -1.405564 0.723863 26.758867 5.269172
 174.600000 -0.632324 0.481176 4.759040 1988.802657
 174.800000 -0.555453 0.005855 1.425755 1704.212779
 175.000000 -0.677325 -0.652792 6.765070 1961.944018
 175.200000 -0.944435 -0.164872 17.529930 1698.653011
 175.400000 -0.894385 0.569718 15.506575 1558.455191
 175.600000 -1.716577 1.493925 22.875183 117.159719
 175.800000 -1.556320 1.601226 25.387649 305.407114
 176.000000 -0.888939 0.851774 15.292159 1541.982976
 176.200000 -1.639471 0.767553 23.943876 265.909662
 176.400000 -1.618856 0.825449 24.290584 298.470462
 176.600000 -0.641152 1.255818 5.155119 1988.914349
 176.800000 -0.649767 2.191297 5.539355 1988.175626
 177.000000 -1.071445 2.665161 22.397190 951.558235
 177.200000 -2.438111 2.273895 25.992789 2.096593
 177.400000 -2.474325 2.675356 26.053767 4.234395
 177.600000 -2.592956 3.097126 26.368457 1.046929
 177.800000 -2.911830 2.537163 21.753071 727.954884
 178.000000 -2.437134 2.990446 25.991375 2.088023
 178.200000 -2.685853 2.911939 26.004584 94.090994
 178.400000 3.033540 2.615434 7.374251 4446.590625
 178.600000 2.949082 -3.120806 1.372649 4870.336879
 178.800000 -3.139891 3.056511 13.391850 2003.523538
 179.000000 -3.100495 2.268032 15.077842 1700.295745
 179.200000 -1.905772 3.080610 22.371409 24.234984
 179.400000 -1.783203 2.670237 22.347143 28.900576
 179.600000 -2.341871 1.685351 25.726470 32.960467
 179.800000 -1.760362 1.489408 22.494105 55.908864
 180.000000 -0.750768 1.041144 9.895281 1676.421058
 180.200000 -1.805483 0.946349 22.252289 10.861951
 180.400000 -1.640728 0.796208 23.980064 271.534458
 180.600000 -0.593675 0.600221 3.064419 1906.966868
 180.800000 -0.959662 0.723160 18.170541 1709.189804
 181.000000 -1.477104 1.052307 26.551116 79.582447
 181.200000 -1.357830 1.090627 26.516892 62.996944
 181.400000 -0.990723 0.842812 19.447004 1641.128567
 181.600000 -1.463372 0.914474 26.665261 44.423134
 181.800000 -0.744434 0.939277 9.628139 1698.106662
 182.000000 -1.342032 1.199208 26.382732 80.699891
 182.200000 -1.256701 0.822218 25.541051 99.807363
 182.400000 -0.807474 0.532874 12.137799 1504.752933
 182.600000 -1.019891 0.309221 20.600044 1459.750810
 182.800000 -0.688486 -0.047598 7.251126 1895.480431
 183.000000 -0.552892 -0.368305 1.322894 1727.145667
 183.200000 -0.846022 -0.259493 13.625813 1490.505699
 183.400000 -0.551824 -0.173953 1.279508 1725.318493
 183.600000 -0.510610 -0.017542 -0.010003 6.615233
 183.800000 -0.879662 0.010584 14.934447 1545.546949
 184.000000 -0.510886 -0.241928 -0.010733 7.378860
 184.200000 -0.480868 -0.185929 -0.000001 0.000000
 184.400000 -0.662772 -0.104934 6.128645 1943.500599
 184.600000 -0.613874 -0.032825 3.963809 1953.341003
 184.800000 -0.848899 -0.118960 13.739799 1496.250809
 185.000000 -0.763271 -0.391032 10.392187 1625.447896
 185.200000 -0.005646 -0.513885 -0.000000 0.000000
 185.400000 -0.819783 -0.160354 12.618194 1497.769610
 185.600000 -0.773440 0.262511 10.802144 1591.321715
 185.800000 -0.956006 0.514327 18.036381 1701.339756
 186.000000 -1.772738 1.031164 22.426211 44.803206
 186.200000 -1.497338 1.204642 26.401159 126.810494
 186.400000 -0.692046 0.842966 7.422884 1866.677159
 186.600000 -1.699642 1.086239 23.166966 174.409695
 186.800000 -1.624698 0.968062 24.337627 305.423352
 187.000000 -0.564966 0.370654 1.850558 1817.807805
 187.200000 -1.229221 0.437062 25.278719 107.827136
 187.400000 -1.349838 0.986509 26.465553 71.746283
 187.600000 -0.970474 1.288963 18.643272 1679.708580
 187.800000 -1.008164 1.313815 20.158305 1522.752397
 188.000000 -1.267224 0.877402 25.663253 100.574565
 188.200000 -1.236659 0.554678 25.361547 105.181349
 188.400000 -0.942624 0.915921 17.506378 1686.881971
 188.600000 -1.273270 1.376739 25.730839 100.826563
 188.800000 -1.114273 0.752493 23.542120 528.657664
 189.000000 -0.690176 0.328878 7.358518 1863.068147
 189.200000 -0.501743 -0.053136 -0.000775 0.058698
 189.400000 -1.157089 -0.291078 24.378819 263.595904
 189.600000 -1.669582 0.439376 23.631929 242.052109
 189.800000 -1.652949 1.087758 23.898577 271.458223
 190.000000 -0.593832 1.603143 3.127757 1932.599680
 190.200000 -0.609159 2.363661 3.813121 1957.227539
 190.400000 -0.884881 2.457474 15.189772 1572.322701
 190.600000 -0.492777 1.954725 -0.000045 0.000207
 190.800000 -0.611407 1.349550 3.912597 1958.966623
 191.000000 -1.473868 1.334419 26.654738 57.575592
 191.200000 -1.748203 0.542706 22.643733 90.956681
 191.400000 -0.557410 0.109124 1.565328 1817.543298
 191.600000 -0.567232 -0.173286 1.986757 1862.488168
 191.800000 -1.173125 -0.159709 24.634629 207.696402
 192.000000 -0.648835 -0.005558 5.580263 1941.620346
 192.200000 -0.565342 -0.220999 1.916085 1862.242285
 192.400000 -0.870275 0.308995 14.634475 1548.540193
 192.600000 -0.814684 0.904052 12.465493 1519.774103
 192.800000 -0.963270 1.950631 18.389618 1667.500237
 193.000000 -0.745078 2.565938 9.696863 1672.677439
 193.200000 -0.820927 2.091625 12.719817 1519.597237
 193.400000 -0.846116 1.647697 13.701413 1522.639568
 193.600000 -1.324369 0.747132 26.283069 87.276690
 193.800000 -0.932977 -0.071333 17.164217 1664.020918
 194.000000 -0.382660 -0.168413 -0.000000 0.000000
 194.200000 -0.780197 -0.280982 11.131518 1578.686626
 194.400000 -0.948371 0.179952 17.807064 1667.179663
 194.600000 -0.613080 0.379660 4.038938 1964.900523
 194.800000 -1.212472 0.624596 25.157956 129.914101
 195.000000 -1.602695 1.145074 24.840384 320.638901
 195.200000 -0.880169 1.541187 15.069229 1572.294154
 195.400000 -0.786466 1.582999 11.392012 1567.543662
 195.600000 -0.447509 1.742480 -0.000000 0.000000
 195.800000 -0.871738 2.201251 14.735669 1558.466453
 196.000000 -0.522879 2.275090 0.137419 1822.941475
 196.200000 -0.848422 1.501514 13.837221 1534.966034
 196.400000 -1.397272 0.811441 26.815995 13.442904
 196.600000 -1.385614 0.566568 26.765419 24.849853
 196.800000 -1.274487 0.969569 25.825570 99.102632
 197.000000 -0.822773 1.266514 12.833863 1530.175471
 197.200000 -0.657998 1.418264 6.066552 1910.589471
 197.400000 -0.718952 1.597807 8.675577 1746.221113
 197.600000 -0.814094 2.213666 12.509832 1539.396774
 197.800000 -0.699368 2.272115 7.850510 1803.640259
 198.000000 -0.531798 1.988346 0.542184 1780.250413
 198.200000 -0.921138 1.849855 16.770719 1635.358114
 198.400000 -0.806378 1.476345 12.224884 1550.095980
 198.600000 -1.429609 1.120377 26.877970 0.434038
 198.800000 -1.159433 0.447923 24.469351 270.848901
 199.000000 -0.618391 0.115941 4.337774 1970.877890
 199.200000 -0.468964 -0.149167 -0.000000 0.000000
 199.400000 -0.496862 -0.510808 -0.000221 0.005230
 199.600000 -0.856296 -0.068824 14.206164 1550.879667
 199.800000 -1.119276 0.315907 23.700846 501.482253
 200.000000 -1.849711 1.289176 22.170972 0.315358
 200.200000 -1.521898 1.853424 27.331140 175.192155
 200.400000 -0.607760 1.554597 5.013639 1983.311661
 200.600000 -0.838141 1.789619 14.624104 1544.601510
 200.800000 -0.644519 2.021410 6.642883 1935.761415
 201.000000 -1.295271 2.287265 27.186757 92.818573
 201.200000 -0.526504 1.954012 1.474810 1721.754110
 201.400000 -0.578706 1.681063 3.734910 1971.656216
 201.600000 -0.495735 1.233819 0.236212 1697.115876
 201.800000 -1.791136 1.497900 23.418003 33.975216
 202.000000 -2.004085 1.632555 24.014043 34.566444
 202.200000 -1.519794 1.826681 27.363339 166.437662
 202.400000 -0.708559 1.546170 9.431150 1764.720778
 202.600000 -1.064260 1.936149 23.342421 965.847807
 202.800000 -0.705855 2.124700 9.317432 1772.110087
 203.000000 -1.845463 2.137028 23.254697 0.002456
 203.200000 -2.031305 2.539195 24.142094 29.668511
 203.400000 -2.722456 3.003948 26.632578 194.051656
 203.600000 2.796456 2.820930 -0.000000 0.000000
 203.800000 -2.643618 2.893703 27.377014 20.912979
 204.000000 -2.153872 2.787942 24.906780 74.240725
 204.200000 -1.859432 2.209762 23.246740 1.823814
 204.400000 -1.709231 2.243555 24.239376 198.768386
 204.600000 -2.031010 2.547596 24.128253 29.604222
 204.800000 -2.466814 2.934010 27.132258 4.396267
 205.000000 3.124981 2.808544 13.684954 2214.976196
 205.200000 -2.944377 2.964082 21.883403 900.807563
 205.400000 -2.361204 2.811947 26.858175 21.040962
 205.600000 -2.171807 2.454463 25.047483 92.376963
 205.800000 -1.685064 2.401738 24.602769 251.495431
 206.000000 -1.898353 2.461235 23.354110 18.923135
 206.200000 -2.173886 2.706795 25.057306 94.513463
 206.400000 -2.513001 2.908409 27.229816 9.120032
 206.600000 -2.721254 2.833775 26.616034 190.727858
 206.800000 -2.803297 2.856183 25.227779 372.469597
 207.000000 -2.397673 2.934542 26.974521 6.471880
 207.200000 -2.499571 2.477888 27.181524 7.809183
 207.400000 -2.210511 2.681219 25.435922 126.354390
 207.600000 -1.967917 2.887322 23.728736 38.179078
 207.800000 -1.993643 2.359098 23.885419 35.446030
 208.000000 -1.875021 2.298042 23.256302 6.961698
 208.200000 -1.953542 2.615852 23.633121 37.512595
 208.400000 -2.564447 2.895019 27.364109 5.829921
 208.600000 3.018578 2.963598 7.538654 4632.428509
 208.800000 3.012171 2.883855 7.099510 4761.024890
 209.000000 -3.017831 2.678503 19.388585 1344.490875
 209.200000 -2.603943 2.944047 27.403834 0.070448
 209.400000 -2.800436 2.696781 25.249255 366.931801
 209.600000 -2.832465 2.842095 24.611572 427.909934
 209.800000 3.136219 2.929063 14.159471 2070.834420
 210.000000 3.026021 2.772951 8.035108 4459.393648
 210.200000 3.080118 2.824668 11.343853 3072.660325
 210.400000 -2.859311 3.076890 24.027523 493.926485
 210.600000 -2.547519 2.696414 27.301511 8.392943
 210.800000 -2.439234 2.527243 27.025661 3.253901
 211.000000 -2.017810 2.844794 24.001742 31.108808
 211.200000 -2.107857 2.769262 24.493104 40.516898
 211.400000 -2.134339 2.437966 24.677115 57.615936
 211.600000 -1.920922 2.854027 23.422515 28.539220
 211.800000 -2.263604 2.553896 26.011664 122.213219
 212.000000 -2.392912 2.521045 26.920369 7.724678
 212.200000 -2.367743 2.894587 26.827317 17.279871
 212.400000 -2.825639 2.771826 24.725823 413.688519
 212.600000 2.865648 2.887230 -0.000000 0.000000
 212.800000 3.011493 3.015148 7.036956 4750.316571
 213.000000 2.913666 2.638335 0.376475 3803.218391
 213.200000 2.938620 2.810390 1.947850 4378.035717
 213.400000 -2.991251 -3.101629 20.296906 1193.015805
 213.600000 -2.657720 2.662652 27.197644 40.860748
 213.800000 -1.746471 2.452572 23.751016 124.776162
 214.000000 -1.816266 2.399315 23.237214 11.518723
 214.200000 -2.265912 2.297293 26.020762 120.160029
 214.400000 -2.176726 3.097489 25.031975 97.484234
 214.600000 -2.744599 2.812724 26.189777 250.889151
 214.800000 3.106269 2.667245 12.701708 2508.383791
 215.000000 3.008605 2.967061 6.838975 4785.136169
 215.200000 3.005211 2.918083 6.606549 4832.255640
 215.400000 -2.419776 2.686812 26.959159 3.727337
 215.600000 -1.954565 2.739257 23.594458 37.115426
 215.800000 -1.859956 2.382806 23.182178 1.443890
 216.000000 -2.447075 2.219394 27.008640 3.254597
 216.200000 -2.902707 3.078683 22.944522 656.919749
 216.400000 2.953400 2.968236 2.962909 4763.947076
 216.600000 -2.560166 2.859299 27.290854 5.988892
 216.800000 -1.914727 2.536780 23.362014 25.785451
 217.000000 -1.874349 2.275869 23.204321 6.103912
 217.200000 -1.892703 2.485495 23.258206 14.687204
 217.400000 -2.275527 2.852912 26.112549 111.237814
 217.600000 -2.989523 2.758744 20.329505 1182.109770
 217.800000 -3.062807 3.070075 17.616630 1529.326913
 218.000000 -2.699398 2.980259 26.786247 132.706249
 218.200000 -2.869144 2.275882 23.740674 520.613252
 218.400000 -2.347230 2.858247 26.699552 31.186256
 218.600000 -1.829513 2.998458 23.184193 4.082508
 218.800000 -2.370418 1.933214 26.809630 15.656338
 219.000000 -1.727289 1.846148 23.977879 171.811545
 219.200000 -0.647098 2.045143 6.979424 1885.168385
 219.400000 -0.842065 1.997803 14.964012 1584.268710
 219.600000 -0.941936 2.021452 18.924913 1537.906878
 219.800000 -0.577419 1.720746 3.870335 2064.467093
 220.000000 -0.650171 1.835491 7.112640 1874.846722
 220.200000 -1.154745 2.326355 25.479729 321.331008
 220.400000 -0.507754 2.290011 0.785207 1744.365609
 220.600000 -0.875884 1.932618 16.314019 1580.631678
 220.800000 -1.006069 0.940592 21.362299 1308.519817
 221.000000 -0.817092 0.045704 13.973387 1591.774480
 221.200000 -0.374675 -0.787074 -0.000000 0.000000
 221.400000 -0.446307 -0.620205 -0.000001 0.000000
 221.600000 -0.907097 0.279379 17.560136 1569.638391
 221.800000 -1.403172 1.214236 27.888170 5.231583
 222.000000 -1.172915 1.484762 25.781441 251.493485
 222.200000 -1.287334 1.158941 27.123331 85.150455
 222.400000 -1.484425 0.670425 27.666839 61.633759
 222.600000 -0.736973 0.329950 10.759085 1658.296355
 222.800000 -0.452876 -0.093515 -0.000005 0.000002
 223.000000 -0.537358 -0.779725 2.076763 1988.993475
 223.200000 -0.500611 -0.368868 0.498103 1763.527086
 223.400000 -0.606227 0.318728 5.203987 2014.635769
 223.600000 -1.558552 1.128819 26.768906 240.578593
 223.800000 -1.802143 1.570451 23.276875 27.282115
 224.000000 -0.929064 1.723424 18.442494 1543.722584
 224.200000 -0.541958 1.874624 2.299581 2023.314294
 224.400000 -0.868236 2.200147 16.039461 1587.229354
 224.600000 -0.952642 2.146710 19.368626 1494.729299
 224.800000 -0.919135 2.111527 18.058848 1554.024880
 225.000000 -0.780147 1.929974 12.514681 1618.702600
 225.200000 -0.911129 1.613700 17.751270 1561.095514
 225.400000 -1.381173 1.128636 27.795615 18.688566
 225.600000 -1.477893 0.329369 27.698655 49.220589
 225.800000 -0.777079 0.235072 12.396980 1621.331417
 226.000000 -0.519798 0.208637 1.327254 1891.022591
 226.200000 -0.926352 -0.109870 18.359577 1539.098588
 226.400000 -0.465339 -0.514333 -0.000219 0.004372
 226.600000 -0.362009 -0.320447 -0.000000 0.000000
 226.800000 -0.935419 0.189462 18.714380 1523.521491
 227.000000 -1.053763 0.517578 22.974075 964.972709
 227.200000 -1.046388 0.931827 22.742114 1012.440996
 227.400000 -1.713875 1.160333 24.149452 200.308497
 227.600000 -1.598192 1.048739 26.095279 303.521921
 227.800000 -0.930387 0.449735 18.527643 1528.686728
 228.000000 -0.602742 0.110288 5.097923 2019.036402
 228.200000 -0.317447 -0.914651 -0.000000 0.000000
 228.400000 -0.389733 -0.745133 -0.000000 0.000000
 228.600000 -1.135548 0.361583 25.080417 415.280122
 228.800000 -1.333822 1.207550 27.499535 54.711214
 229.000000 -1.045574 1.629574 22.718322 1012.497326
 229.200000 -0.812722 1.183038 13.861216 1620.292585
 229.400000 -1.241270 0.955590 26.652877 118.259043
 229.600000 -1.619363 0.629038 25.717328 315.085695
 229.800000 -1.310760 0.695819 27.315770 69.429742
 230.000000 -1.069456 1.127048 23.447370 839.633834
 230.200000 -1.396924 1.532029 27.827644 7.285270
 230.400000 -1.074887 0.717058 23.605387 797.762818
 230.600000 -0.903501 0.066964 17.504935 1566.794420
 230.800000 -0.834249 -0.397657 14.736552 1618.320634
 231.000000 -0.393155 -0.632945 -0.000000 0.000000
 231.200000 -0.520802 -0.148830 1.433752 1951.851109
 231.400000 -1.726537 0.714413 23.970267 173.249864
 231.600000 -1.270997 1.561727 26.958545 92.917681
 231.800000 -0.315026 1.498487 -0.000000 0.000000
 232.000000 -0.793125 2.276399 13.087197 1629.784254
 232.200000 -1.272954 2.576780 26.978476 91.240718
 232.400000 -2.048152 2.345772 24.025920 29.499021
 232.600000 -2.570029 2.557443 27.168956 2.992554
 232.800000 -3.042892 -3.052798 18.268147 1449.868061
 233.000000 -2.921110 2.994558 22.329456 751.632477
 233.200000 -1.867155 2.218750 23.124611 1.818543
 233.400000 -1.115766 1.792433 24.656134 521.648680
 233.600000 -0.314466 1.193652 -0.000000 0.000000
 233.800000 -1.282978 1.546264 27.073278 84.382290
 234.000000 -1.780991 1.209441 23.389225 60.853126
 234.200000 -1.313290 0.391537 27.335800 64.890800
 234.400000 -0.785946 -0.202941 12.817694 1636.059278
 234.600000 -0.399275 -0.451599 -0.000000 0.000000
 234.800000 -0.673768 -0.406333 8.258968 1723.750949
 235.000000 -0.568689 -0.318282 3.653914 2107.515231
 235.200000 -0.636145 -0.238576 6.683651 1851.599157
 235.400000 -0.741664 0.021252 11.034688 1630.311567
 235.600000 -0.863572 0.461802 15.965728 1623.460130
 235.800000 -1.680279 1.186850 24.656339 268.299971
 236.000000 -1.610792 1.461002 25.862072 307.928220
 236.200000 -1.416115 1.314061 27.837533 0.293634
 236.400000 -0.811117 0.398258 13.851247 1646.594215
 236.600000 -1.545568 0.174933 26.919520 200.486055
 236.800000 -1.842512 0.748306 23.105051 1.277808
 237.000000 -1.102208 0.968668 24.339720 600.225925
 237.200000 -0.908522 1.877443 17.787372 1565.498561
 237.400000 -0.889662 2.245539 17.036904 1599.542851
 237.600000 -0.676805 2.387037 8.416977 1692.178177
 237.800000 -0.693763 1.702740 9.110663 1656.974976
 238.000000 -1.398304 0.958841 27.808751 5.588302
 238.200000 -0.732118 0.137514 10.671110 1623.588097
 238.400000 -0.629468 -0.244806 6.441373 1860.161580
 238.600000 -0.538882 -0.360218 2.351067 2105.894269
 238.800000 -0.584856 -0.354640 4.463601 2065.137987
 239.000000 -0.503672 0.000690 0.773514 1871.781607
 239.200000 -0.799785 0.187408 13.417557 1655.531666
 239.400000 -1.361145 0.531993 27.658158 28.734279
 239.600000 -1.167014 1.292034 25.669317 278.675426
 239.800000 -1.144502 1.337169 25.265697 369.032692
 240.000000 -1.141167 0.740040 25.200974 384.311611
 240.200000 -1.739292 0.633197 23.798119 150.662526
 240.400000 -0.816157 0.834910 14.094975 1664.501781
 240.600000 -0.678598 1.242607 8.529835 1665.034346
 240.800000 -0.704334 2.143582 9.572584 1624.439283
 241.000000 -0.921107 2.558069 18.324034 1533.128240
 241.200000 -0.519689 2.069156 1.529659 2039.972896
 241.400000 -0.730958 1.544889 10.654141 1612.737685
 241.600000 -1.443690 0.902794 27.797070 6.934209
 241.800000 -1.461026 0.480017 27.733390 22.307387
 242.000000 -0.766108 0.811230 12.070110 1636.253889
 242.200000 -1.550796 1.299533 26.843570 208.757249
 242.400000 -1.433982 1.021343 27.816244 2.273843
 242.600000 -0.965212 0.541768 20.035245 1374.071205
 242.800000 -0.790866 -0.080099 13.086058 1658.573393
 243.000000 -0.552325 -0.571350 3.050070 2150.502000
 243.200000 -0.475550 -0.531254 -0.012168 9.726233
 243.400000 -0.913238 0.117814 18.058648 1549.584839
 243.600000 -1.359506 1.325864 27.651696 28.171457
 243.800000 -1.236945 1.556437 26.634950 123.193610
 244.000000 -0.661820 1.353558 7.891447 1688.736581
 244.200000 -0.982540 1.764480 20.691332 1284.888768
 244.400000 -0.801985 1.730348 13.563155 1672.056401
 244.600000 -0.599866 2.086212 5.267191 1983.500181
 244.800000 -0.864289 2.287239 16.111946 1653.294930
 245.000000 -0.605004 2.021207 5.495198 1954.862020
 245.200000 -0.650685 1.887328 7.470889 1715.244427
 245.400000 -0.797110 1.788416 13.379099 1670.751554
 245.600000 -0.922744 2.056158 18.462713 1515.823925
 245.800000 -0.755999 2.039320 11.709915 1623.560090
 246.000000 -0.805798 2.225535 13.734550 1677.116259
 246.200000 -0.648524 2.011836 7.404406 1719.045396
 246.400000 -0.559804 1.968643 3.486825 2164.379125
 246.600000 -0.789276 1.835078 13.076885 1664.522766
 246.800000 -0.830719 1.883362 14.774948 1684.013927
 247.000000 -0.883037 2.320526 16.906822 1619.982281
 247.200000 -0.603897 2.394969 5.521836 1957.461936
 247.400000 -0.520744 1.908256 1.691240 2120.100626
 247.600000 -0.468492 1.476533 -0.002207 0.474722
 247.800000 -1.495129 1.350519 27.496830 77.278103
 248.000000 -0.968839 0.406267 20.232521 1323.995435
 248.200000 -0.507025 -0.490325 1.086136 2030.006484
 248.400000 -0.529203 -0.815126 2.105462 2174.180171
 248.600000 -0.940739 0.229793 19.203196 1432.534776
 248.800000 -1.169206 1.463984 25.728970 279.143488
 249.000000 -0.867961 2.052946 16.337126 1645.577103
 249.200000 -0.730822 2.196309 10.781413 1584.780272
 249.400000 -0.826059 2.232028 14.644454 1686.663580
 249.600000 -0.777305 1.654257 12.649554 1649.205939
 249.800000 -0.579526 1.621746 4.479807 2103.174359
 250.000000 -1.429414 2.150435 27.818389 1.268338
 250.200000 -2.359634 2.396512 26.483246 21.547128
 250.400000 2.942755 -3.018542 2.206866 4338.909807
 250.600000 -3.126662 3.106568 14.710278 1826.985782
 250.800000 -2.144464 2.440375 24.457183 70.894716
 251.000000 -1.669522 1.721106 24.827044 292.643161
 251.200000 -1.194855 0.864153 26.134728 205.298255
 251.400000 -1.397025 0.398572 27.800278 4.336810
 251.600000 -0.538145 0.519713 2.598202 2230.932415
 251.800000 -1.595180 1.119249 26.130638 292.172554
 252.000000 -1.788736 1.150424 23.261862 58.168542
 252.200000 -0.979508 0.872240 20.681733 1236.475815
 252.400000 -1.398004 0.806698 27.802816 3.863594
 252.600000 -1.756022 0.649232 23.564298 122.265260
 252.800000 -1.127648 0.901053 24.952245 451.139749
 253.000000 -1.522438 1.207142 27.208812 139.167282
 253.200000 -1.302208 0.818439 27.294555 62.726850
 253.400000 -1.363413 0.743560 27.687186 21.801159
 253.600000 -1.389988 1.023331 27.785388 6.989687
 253.800000 -1.351938 1.049581 27.629311 29.218026
 254.000000 -1.196472 0.939944 26.166426 202.109360
 254.200000 -1.494601 0.587569 27.496170 76.868967
 254.400000 -1.113268 0.739045 24.644609 521.620671
 254.600000 -1.423510 1.242133 27.824724 0.355067
 254.800000 -1.400928 1.351960 27.812414 2.677610
 255.000000 -1.041676 0.848696 22.738760 908.808937
 255.200000 -1.383196 0.654205 27.775171 9.688078
 255.400000 -1.658294 0.710607 25.014165 306.318288
 255.600000 -0.966401 1.098515 20.256265 1278.613727
 255.800000 -0.577703 1.392432 4.555675 2131.879381
 256.000000 -0.618159 2.082367 6.361272 1850.563715
 256.200000 -1.096770 2.682306 24.266138 607.437056
 256.400000 -0.463943 2.162385 -0.001288 0.175013
 256.600000 -0.481315 1.235980 0.066573 1492.628407
 256.800000 -1.017594 0.567036 22.006771 1027.360255
 257.000000 -1.507511 0.303081 27.375535 105.502449
 257.200000 -1.107927 0.757135 24.541441 549.850118
 257.400000 -1.490246 1.667839 27.537833 69.793184
 257.600000 -0.934319 1.963277 19.110081 1408.852505
 257.800000 -0.599570 2.082969 5.599623 1980.495794
 258.000000 -0.515247 2.200238 1.646253 2220.865724
 258.200000 -0.911344 2.014382 18.250671 1498.100733
 258.400000 -0.574969 1.642918 4.507784 2157.830178
 258.600000 -0.675054 1.717148 8.769408 1562.729163
 258.800000 -0.958187 1.985553 20.003804 1299.652825
 259.000000 -0.659566 2.153167 8.152950 1609.847953
 259.200000 -1.011664 2.083317 21.846919 1043.005623
 259.400000 -1.137251 1.886204 25.198964 413.662588
 259.600000 -0.484226 1.369398 0.250543 2301.267902
 259.800000 -0.604279 1.144666 5.863614 1941.682155
 260.000000 -1.069442 1.446172 23.576442 749.486542
 260.200000 -1.462510 0.968321 27.732692 27.054284
 260.400000 -1.122874 0.601048 24.904651 480.057398
 260.600000 -0.933741 0.412255 19.138849 1395.324338
 260.800000 -1.141347 0.882510 25.291111 397.223276
 261.000000 -1.760306 1.239090 23.493659 118.585471
 261.200000 -0.906926 1.151179 18.136772 1501.639544
 261.400000 -0.950199 1.164518 19.762152 1317.367637
 261.600000 -0.901918 1.513846 17.942093 1521.056643
 261.800000 -1.114808 1.297330 24.734713 519.506732
 262.000000 -1.145071 0.816620 25.375633 382.641256
 262.200000 -1.476763 0.553965 27.651776 47.857462
 262.400000 -0.692523 0.761320 9.549732 1519.261380
 262.600000 -1.640673 1.338492 25.316564 320.444125
 262.800000 -1.320996 1.301367 27.514131 44.239043
 263.000000 -0.842284 0.511910 15.568082 1681.773581
 263.200000 -1.193501 0.216904 26.229598 216.877384
 263.400000 -0.875654 0.606085 16.944699 1606.171651
 263.600000 -1.487056 1.211770 27.577280 66.379804
 263.800000 -1.230237 1.044522 26.712326 136.260842
 264.000000 -0.999358 0.575122 21.495896 1084.480588
 264.200000 -1.532809 0.820194 27.090960 171.111130
 264.400000 -0.947563 1.119041 19.718771 1313.786318
 264.600000 -1.463368 1.336353 27.741919 29.344911
 264.800000 -1.333678 0.960772 27.614650 34.482080
 265.000000 -1.374384 0.268036 27.804751 11.115976
 265.200000 -0.464439 -0.004144 -0.003973 1.591155
 265.400000 -1.473047 0.618349 27.688998 43.371288
 265.600000 -1.303939 1.095567 27.432202 53.435399
 265.800000 -1.096629 1.115719 24.352549 613.524927
 266.000000 -1.450146 0.892605 27.809380 15.528615
 266.200000 -1.616572 0.792969 25.745867 322.035032
 266.400000 -1.365880 1.016279 27.796200 14.371660
 266.600000 -1.503295 1.022245 27.440759 102.060126
 266.800000 -1.343845 0.930223 27.697138 26.639592
 267.000000 -1.560487 1.138015 26.698349 239.741040
 267.200000 -1.267710 1.013464 27.173216 82.769916
 267.400000 -1.658774 1.136541 24.986547 313.849576
 267.600000 -1.277602 0.941639 27.260401 72.852147
 267.800000 -1.345957 0.954659 27.722571 24.555182
 268.000000 -1.342236 1.025386 27.703736 26.711209
 268.200000 -1.326367 0.919503 27.632770 35.379546
 268.400000 -1.384738 0.946807 27.880063 5.139951
 268.600000 -1.320156 1.058289 27.594833 39.298618
 268.800000 -1.343797 1.022524 27.728313 25.005704
 269.000000 -1.617281 0.923492 25.734455 326.274783
 269.200000 -1.052958 0.812851 23.236206 831.932258
 269.400000 -1.174884 0.829860 26.054243 282.469976
 269.600000 -1.264492 0.906384 27.190982 85.033021
 269.800000 -1.143088 0.938960 25.466297 407.795154
 270.000000 -1.290946 0.999015 27.414323 59.324987
 270.200000 -1.303006 0.735088 27.529486 49.049850
 270.400000 -1.125831 0.942214 25.120545 489.742247
 270.600000 -1.513740 0.998824 27.354580 130.920329
 270.800000 -0.961069 0.773738 20.303124 1228.340997
 271.000000 -1.799555 0.837957 23.084389 53.992996
 271.200000 -1.265065 0.851625 27.252654 83.840928
 271.400000 -1.510777 1.091013 27.396352 125.037482
 271.600000 -1.107545 0.886463 24.715909 580.444439
 271.800000 -1.388157 0.805479 27.939789 2.822017
 272.000000 -1.183536 0.852967 26.245166 259.154967
 272.200000 -1.600101 1.077608 26.054117 319.311888
 272.400000 -1.631683 1.030248 25.479328 336.967466
 272.600000 -0.548174 0.668730 3.557649 2374.642142
 272.800000 -0.684650 0.066545 9.437769 1500.153822
 273.000000 -0.558783 -0.622400 4.071505 2313.722225
 273.200000 -0.045699 -0.994066 -0.000000 0.000000
 273.400000 1.395570 -1.009865 -0.000000 0.000000
