#! FIELDS time phi psi ves.bias ves.force2
#! SET min_phi -pi
#! SET max_phi pi
#! SET min_psi -pi
#! SET max_psi pi
 0.000000 -1.498385 0.273949 25.037724 141.910265
 0.200000 -0.504728 -0.362049 -0.000047 0.000130
 0.400000 -0.711431 -0.481816 7.633783 1881.153566
 0.600000 -0.574708 -0.101200 1.441727 1743.466216
 0.800000 -0.523987 0.306332 -0.005585 1.769588
 1.000000 -0.747511 0.182520 9.154440 1682.333439
 1.200000 -1.909531 0.832259 21.263993 10.184898
 1.400000 -1.107587 1.256175 22.023757 638.815968
 1.600000 -1.175881 1.179303 23.655868 497.587865
 1.800000 -1.160688 1.131886 23.310604 534.398105
 2.000000 -1.301376 0.677026 25.697470 65.683270
 2.200000 -0.573431 0.284073 2.000983 1873.863254
 2.400000 -1.187608 0.181646 24.156829 519.298902
 2.600000 -0.660657 0.244959 5.902270 1926.506875
 2.800000 -0.924452 0.411459 16.391471 1415.578466
 3.000000 -1.734036 0.817186 21.654062 110.997552
 3.200000 -1.369238 1.422619 26.062898 21.750593
 3.400000 -1.018255 1.785435 19.618301 957.734771
 3.600000 -0.909399 2.065477 15.875208 1416.879786
 3.800000 -0.612821 1.963973 3.827666 2061.824687
 4.000000 -0.614793 1.953520 3.917225 2062.763254
 4.200000 -0.969369 1.942279 18.057267 1113.200522
 4.400000 -0.514876 1.785500 -0.025480 7.244539
 4.600000 -0.771080 1.860997 10.649040 1546.640943
 4.800000 -0.525281 2.041057 0.165395 1583.041732
 5.000000 -0.622935 1.917934 4.369361 2072.651355
 5.200000 -0.823730 2.087041 12.896195 1436.612410
 5.400000 -0.996539 2.164831 18.968626 989.163623
 5.600000 -0.624921 1.940438 4.622764 2147.841161
 5.800000 -0.587347 1.778955 2.887973 2073.425657
 6.000000 -0.719362 1.854411 8.798500 1714.161084
 6.200000 -0.693698 1.903208 7.936443 1783.350217
 6.400000 -0.565662 1.953323 2.142985 2002.475599
 6.600000 -0.685040 2.010526 7.568249 1834.239934
 6.800000 -1.053665 2.036507 20.725775 861.918824
 7.000000 -0.740626 1.847506 9.850298 1563.112239
 7.200000 -1.045157 1.963393 20.494524 820.839980
 7.400000 -0.884268 2.216766 15.418974 1280.075610
 7.600000 -0.554443 1.922952 1.877518 2001.127114
 7.800000 -0.935396 2.091397 17.178871 1083.535450
 8.000000 -1.056332 1.633329 20.814467 818.938341
 8.200000 -0.683713 0.913407 7.939048 1701.587948
 8.400000 -1.590587 0.810857 23.606412 211.050345
 8.600000 -1.543648 0.785248 24.237528 152.015710
 8.800000 -0.680258 1.023034 7.796055 1723.270709
 9.000000 -1.065028 1.608214 21.110386 790.767343
 9.200000 -1.527857 1.869596 24.414127 125.193037
 9.400000 -1.959222 1.869287 21.019782 1.161791
 9.600000 -1.909331 2.525959 20.979305 0.373537
 9.800000 -2.155541 2.950351 21.959648 66.506801
 10.000000 -2.997002 2.587262 15.937421 1168.777200
 10.200000 3.133342 2.989547 9.623338 2680.170591
 10.400000 3.069008 -3.019614 6.054517 3313.031954
 10.600000 3.055092 2.555254 5.254702 3280.915417
 10.800000 -2.915639 2.813722 18.597783 1037.283854
 11.000000 -3.051155 -3.126992 13.968065 1394.149547
 11.200000 -3.063953 2.781480 13.492362 1495.641211
 11.400000 -2.324623 2.794368 23.011266 28.844445
 11.600000 -2.062794 2.442113 21.238149 24.178628
 11.800000 -1.887334 2.493079 20.990274 0.024183
 12.000000 -2.256910 2.768498 22.636955 36.294421
 12.200000 -3.135767 2.706680 10.357984 2459.430635
 12.400000 3.040984 3.018953 4.456180 3200.800586
 12.600000 -2.679499 3.010924 23.233286 65.491484
 12.800000 -2.322880 2.253546 22.961932 27.082595
 13.000000 -1.678018 2.611518 22.239212 226.113663
 13.200000 -2.079666 2.584748 21.304975 31.736169
 13.400000 -2.531353 2.673875 23.874867 0.000338
 13.600000 3.004110 3.074786 2.491217 2602.752892
 13.800000 3.013560 2.971940 2.982427 2797.909470
 14.000000 -2.409834 2.788199 23.422499 33.947747
 14.200000 -1.667802 2.298756 22.361641 240.490455
 14.400000 -1.715445 1.961065 21.698608 139.913991
 14.600000 -1.933610 1.788933 21.072518 0.097135
 14.800000 -1.861675 2.453270 21.060756 0.138082
 15.000000 -2.097801 2.931326 21.398974 44.920601
 15.200000 3.099055 2.431890 7.897383 3081.529585
 15.400000 3.072128 3.078450 6.373583 3287.854563
 15.600000 3.076352 3.096322 6.615504 3270.473661
 15.800000 -2.879104 2.644799 19.712813 812.323176
 16.000000 -1.820988 2.907920 21.109178 0.680709
 16.200000 -1.751214 2.342630 21.397283 54.943125
 16.400000 -2.162016 1.908377 21.898252 73.616689
 16.600000 -1.914277 1.972581 21.171020 0.010495
 16.800000 -1.466776 2.624482 24.807179 65.493358
 17.000000 -2.148546 2.614594 21.783291 71.503763
 17.200000 3.011428 2.621479 3.072709 2833.998614
 17.400000 -3.041316 3.089819 14.386364 1302.670405
 17.600000 -2.841807 2.769863 20.668281 558.784478
 17.800000 -3.009674 2.471009 15.500972 1192.418259
 18.000000 -3.078662 -3.077996 12.979859 1564.539262
 18.200000 2.858253 2.783326 -0.000000 0.000000
 18.400000 -2.458952 2.535118 23.559068 20.850863
 18.600000 -1.413150 2.574910 25.181333 66.572633
 18.800000 -0.704645 2.092635 9.211858 1345.272744
 19.000000 -0.689963 1.461085 8.668765 1395.415064
 19.200000 -1.039493 0.938360 20.371348 632.018636
 19.400000 -1.790224 0.719627 21.297538 7.365265
 19.600000 -1.370884 0.726683 25.480247 49.833270
 19.800000 -1.331811 1.311079 25.693676 11.311457
 20.000000 -1.805201 1.538243 21.266925 2.012453
 20.200000 -1.720992 1.709121 21.781838 109.268132
 20.400000 -0.920958 1.167527 17.102629 1042.736969
 20.600000 -1.585901 1.053486 23.626615 156.382266
 20.800000 -1.731898 0.789609 21.674351 85.511226
 21.000000 -0.863176 0.742520 15.082037 1378.729138
 21.200000 -1.179036 1.323921 23.991486 597.007963
 21.400000 -1.079577 1.198732 21.354025 681.567073
 21.600000 -1.502541 0.713116 24.443777 58.060661
 21.800000 -1.365670 0.878332 25.484235 44.842125
 22.000000 -1.414883 1.383293 25.108208 64.000035
 22.200000 -1.461401 1.209858 24.767730 54.972179
 22.400000 -1.381410 0.553201 25.384330 54.117050
 22.600000 -1.392173 0.744132 25.303201 59.142425
 22.800000 -1.059436 1.407472 20.839390 648.153345
 23.000000 -1.170989 1.313789 23.789130 631.336070
 23.200000 -1.435487 0.893023 25.014696 61.156492
 23.400000 -1.199415 0.483396 24.458552 473.729489
 23.600000 -0.640731 0.347419 6.734789 1663.090381
 23.800000 -1.739541 0.744845 21.727395 66.471767
 24.000000 -1.511390 1.316894 24.427680 67.075816
 24.200000 -0.734580 1.182365 10.229893 1290.764958
 24.400000 -1.011132 1.298374 19.647397 648.810574
 24.600000 -1.347186 1.144884 25.683275 18.302034
 24.800000 -1.412618 0.669654 25.252454 60.816145
 25.000000 -1.214755 0.872654 24.778575 376.753959
 25.200000 -1.669845 1.464761 22.570576 187.455524
 25.400000 -1.145637 1.327677 23.167164 689.891341
 25.600000 -0.940100 0.569855 17.691158 959.148626
 25.800000 -1.162485 0.177027 23.603165 645.485117
 26.000000 -0.417764 -0.062728 -0.000000 0.000000
 26.200000 -0.638016 -0.270706 6.595100 1671.846368
 26.400000 -0.937975 -0.497028 17.640313 991.114702
 26.600000 -0.307830 -0.500069 -0.000000 0.000000
 26.800000 -0.419354 0.265437 -0.000000 0.000000
 27.000000 -1.548577 1.176762 24.207580 116.155296
 27.200000 -0.936295 1.690079 17.607943 1015.620326
 27.400000 -0.581051 1.870467 4.123406 2089.424977
 27.600000 -0.521224 2.005581 1.374589 1988.881567
 27.800000 -1.363948 2.363557 25.724663 23.493202
 28.000000 -2.507206 2.177210 23.415698 3.702883
 28.200000 -3.061419 2.931721 13.812118 1417.436342
 28.400000 -2.716053 -3.100242 22.252157 107.412950
 28.600000 -2.592488 2.031796 23.247007 24.325360
 28.800000 -1.670682 2.326439 22.624610 186.809823
 29.000000 -1.543365 2.512468 24.341882 120.265183
 29.200000 -2.279410 2.537223 22.437296 17.059235
 29.400000 -3.093132 2.805563 12.552014 1705.654936
 29.600000 -2.882542 -3.132768 19.462965 627.983848
 29.800000 -2.663389 2.485431 22.720524 74.088777
 30.000000 -2.200489 2.613241 21.993309 51.763399
 30.200000 -1.806726 2.745398 21.541253 8.712941
 30.400000 -2.357762 2.320373 22.696431 16.082033
 30.600000 -2.671046 2.952914 22.627629 77.703673
 30.800000 3.003753 -3.113759 2.880943 2754.550147
 31.000000 -2.719273 2.763280 22.165424 108.496904
 31.200000 -1.845143 2.601834 21.458426 4.385739
 31.400000 -1.380071 2.383031 25.746600 23.769079
 31.600000 -0.644572 1.943762 6.876804 1555.108835
 31.800000 -0.622418 1.601317 5.980509 1722.629232
 32.000000 -1.267648 1.872197 25.615057 90.182701
 32.200000 -1.479065 1.296439 25.096947 71.145650
 32.400000 -1.050906 0.556625 20.916452 667.860572
 32.600000 -0.885553 0.253652 15.910936 1367.562697
 32.800000 -0.717704 0.061874 9.582764 1287.542295
 33.000000 -0.473821 -0.488371 -0.004597 1.735672
 33.200000 -0.450926 -0.479526 -0.000006 0.000003
 33.400000 -0.673483 -0.234375 7.984015 1362.002427
 33.600000 -1.056403 0.232237 21.081879 670.380244
 33.800000 -1.451923 1.176954 25.344864 56.661156
 34.000000 -1.088066 1.646247 21.900904 669.361578
 34.200000 -0.605410 1.946132 5.322554 1792.515917
 34.400000 -0.982813 2.485869 19.125287 824.136637
 34.600000 -0.653287 2.211950 7.242045 1441.010241
 34.800000 -0.657271 1.785290 7.392686 1418.050473
 35.000000 -1.336547 1.911693 25.931738 0.377088
 35.200000 -2.089314 1.506866 21.119106 23.652989
 35.400000 -1.834168 1.125092 21.486341 8.394249
 35.600000 -0.673808 0.391786 8.025166 1319.265885
 35.800000 -0.455333 -0.500881 -0.000035 0.000110
 36.000000 -0.506724 -0.835337 0.974619 1868.832568
 36.200000 -0.468883 -0.211185 -0.002867 0.730017
 36.400000 -1.499098 0.711144 25.015276 93.401033
 36.600000 -2.274241 1.788275 22.194494 16.036407
 36.800000 -2.279583 2.964187 22.215650 15.349565
 37.000000 -2.948323 -2.928962 17.520644 921.217215
 37.200000 -3.106389 2.413193 11.897821 1859.483325
 37.400000 -2.042032 2.558904 20.939329 2.184299
 37.600000 -1.754171 2.629798 21.853155 48.916114
 37.800000 -2.260005 2.569622 22.115366 17.431444
 38.000000 -2.806276 2.628612 20.924163 273.946661
 38.200000 3.136709 -3.130787 10.032693 2409.033494
 38.400000 3.068062 2.710719 6.376814 3148.771526
 38.600000 -2.595456 2.789634 22.963465 24.480334
 38.800000 -2.177180 2.947857 21.654681 44.537050
 39.000000 -2.277268 2.399582 22.168352 13.830137
 39.200000 -2.588617 2.260424 22.972363 19.903151
 39.400000 -2.396635 -2.988927 22.632823 25.253802
 39.600000 2.956472 2.763708 0.615622 1706.446649
 39.800000 -2.544397 2.740305 23.100565 1.512652
 40.000000 -1.764019 2.561815 21.796118 39.999772
 40.200000 -2.012043 1.953998 20.900443 0.278577
 40.400000 -1.645922 2.040271 23.089821 217.308793
 40.600000 -1.964094 2.449989 20.996376 10.141385
 40.800000 -2.350215 2.885461 22.409727 16.665528
 41.000000 3.017758 2.822763 3.571747 2907.569454
 41.200000 -2.451504 2.763462 22.881638 19.854720
 41.400000 -2.075603 2.464938 21.027838 17.826139
 41.600000 -2.019974 2.429659 20.905625 0.009872
 41.800000 -2.062892 2.798065 20.979674 11.170520
 42.000000 -2.857390 2.667565 19.848254 502.012597
 42.200000 -3.031938 2.921945 14.711207 1197.114692
 42.400000 3.110161 3.012363 8.670934 2769.099284
 42.600000 -3.039715 2.522444 14.439823 1239.221421
 42.800000 -2.337139 3.038053 22.341933 15.295507
 43.000000 -2.491960 2.572575 23.018349 5.580153
 43.200000 -2.698324 2.739304 22.131929 79.528159
 43.400000 -2.908069 3.024474 18.547164 741.542457
 43.600000 3.059980 2.806581 5.912672 3170.674996
 43.800000 -2.644404 2.714905 22.563013 50.546290
 44.000000 -2.121832 2.819571 21.316091 36.462441
 44.200000 -2.311455 2.339274 22.230010 13.815831
 44.400000 -2.142274 2.718558 21.455865 36.564723
 44.600000 -2.519379 2.993754 23.043468 0.028250
 44.800000 2.910944 2.478968 -0.000082 0.000386
 45.000000 -2.210356 2.964094 21.837118 23.205580
 45.200000 -2.123868 2.306636 21.374287 33.298599
 45.400000 -2.050486 2.244780 21.035139 8.236466
 45.600000 -2.137983 2.779804 21.456603 34.418745
 45.800000 -2.842827 2.666669 20.115571 432.542803
 46.000000 -2.762203 2.975782 21.445893 158.436204
 46.200000 -2.902008 2.868710 18.703238 702.732392
 46.400000 -2.696200 2.467270 22.125258 74.845786
 46.600000 -2.339437 2.931004 22.339420 17.855850
 46.800000 -2.225510 2.781683 21.931560 15.292659
 47.000000 -2.395544 2.537088 22.607218 26.387558
 47.200000 -2.514513 2.956598 23.025190 0.050528
 47.400000 -2.895833 2.828151 18.870360 676.036547
 47.600000 -3.069095 2.914953 13.398843 1459.361043
 47.800000 -3.079690 2.823390 12.987198 1562.080811
 48.000000 -2.782531 2.742949 21.172286 205.987695
 48.200000 -2.567690 2.855090 22.933359 12.467570
 48.400000 -2.412140 2.820488 22.699948 26.035115
 48.600000 -2.644602 2.618576 22.517983 46.864202
 48.800000 -2.789567 3.004529 21.078045 224.648243
 49.000000 3.124942 2.674828 9.435265 2619.451373
 49.200000 -3.021449 3.059080 15.127210 1139.369482
 49.400000 -2.652992 2.933381 22.467516 49.390598
 49.600000 -2.909708 2.338411 18.529874 734.165437
 49.800000 -2.044175 2.931536 21.133672 13.409007
 50.000000 -2.235734 2.649896 22.014996 9.120199
 50.200000 -2.544948 2.302107 23.011776 4.466072
 50.400000 -2.377281 2.889767 22.533792 26.463998
 50.600000 -2.942963 2.887168 17.610395 858.868443
 50.800000 3.068589 2.683967 6.372012 3176.829956
 51.000000 -2.969418 -3.105919 16.815988 944.268080
 51.200000 -2.785062 2.580527 21.200265 207.178198
 51.400000 -2.313033 2.848846 22.261628 12.420722
 51.600000 -2.474636 2.689609 22.999643 7.754915
 51.800000 -2.658452 2.782198 22.447872 49.745115
 52.000000 -3.015756 2.783583 15.347233 1123.098899
 52.200000 3.140697 2.944054 10.238151 2416.763411
 52.400000 -2.869061 2.948138 19.637687 557.222269
 52.600000 -2.458409 2.738247 22.968552 13.422263
 52.800000 -2.241267 2.563886 22.070128 6.541666
 53.000000 -2.298184 2.783998 22.224662 10.143794
 53.200000 -2.619394 2.819197 22.719666 35.153941
 53.400000 3.018280 2.853883 3.578720 2898.797053
 53.600000 3.075623 2.958771 6.778548 3148.394748
 53.800000 -2.852258 2.805888 20.054388 474.410601
 54.000000 -2.037617 2.507873 21.181553 19.103610
 54.200000 -1.802561 2.421148 21.397359 32.499358
 54.400000 -1.928225 2.225267 20.983158 0.784248
 54.600000 -2.209119 2.689491 22.016441 8.851852
 54.800000 -2.941604 2.860421 17.753861 881.263665
 55.000000 3.133031 2.867479 9.872091 2528.367786
 55.200000 -2.467221 2.803612 23.075647 8.168468
 55.400000 -2.095478 2.418700 21.524871 33.064735
 55.600000 -2.025386 2.387292 21.152201 18.689028
 55.800000 -1.905005 2.799341 20.998616 2.883624
 56.000000 2.889914 2.576873 -0.000001 0.000000
 56.200000 -2.847171 3.116990 20.265373 443.296895
 56.400000 -2.826173 2.877205 20.680716 342.145620
 56.600000 -2.592902 2.603616 22.895834 27.845934
 56.800000 -1.993103 2.889591 21.048991 9.115052
 57.000000 -2.334736 2.532170 22.448997 21.748228
 57.200000 -2.232873 2.923688 22.137089 5.991113
 57.400000 -2.928945 2.651715 18.218240 850.777404
 57.600000 -2.897296 2.965180 19.101643 704.259799
 57.800000 -3.100641 2.873437 12.211180 1861.126622
 58.000000 -3.033507 2.788663 14.834532 1273.731024
 58.200000 -2.509409 2.808945 23.194048 0.308056
 58.400000 -2.322767 2.490011 22.439671 19.552459
 58.600000 -1.835810 2.623801 21.156363 17.603652
 58.800000 -2.314674 2.539778 22.405008 17.165660
 59.000000 -2.583532 2.793390 22.967500 25.580520
 59.200000 -2.917974 2.840188 18.608975 812.525994
 59.400000 3.050056 2.666848 5.398867 3174.763680
 59.600000 -2.407726 2.931424 22.928751 29.859373
 59.800000 -2.152077 2.509056 21.928206 18.653113
 60.000000 -2.182483 2.476831 22.043673 10.901416
 60.200000 -2.614752 2.730607 22.817272 36.347277
 60.400000 2.829107 2.896020 -0.000000 0.000000
 60.600000 -2.822041 3.004515 20.894313 307.239291
 60.800000 -2.449099 2.497087 23.152738 13.051347
 61.000000 -1.919417 2.221066 20.946856 0.001477
 61.200000 -1.545220 2.570348 24.216696 155.251863
 61.400000 -2.259427 2.395410 22.313320 7.046524
 61.600000 -3.112814 2.847241 11.723504 2042.233274
 61.800000 2.943469 -3.135433 0.117390 1503.325050
 62.000000 3.077846 2.653777 6.981482 3130.351559
 62.200000 -2.109239 2.738584 21.795127 35.169177
 62.400000 -1.784751 2.563728 21.355407 43.127274
 62.600000 -1.881345 2.237142 20.958957 3.006995
 62.800000 -2.383777 2.440303 22.892130 32.801099
 63.000000 -2.562239 -3.124308 23.134766 21.148824
 63.200000 -3.029086 2.816470 15.129213 1318.351200
 63.400000 -2.841162 2.680532 20.638215 385.459723
 63.600000 -2.192007 2.783905 22.200430 9.568918
 63.800000 -2.365170 2.486119 22.819969 31.937388
 64.000000 -2.239697 2.743131 22.326647 6.039052
 64.200000 -2.676583 2.739660 22.470103 41.830773
 64.400000 -2.992606 2.738097 16.439482 1160.469439
 64.600000 -3.007345 2.984653 15.930726 1223.342409
 64.800000 -2.909036 2.798538 19.050473 774.224667
 65.000000 -2.598583 2.769627 22.968649 37.528496
 65.200000 -2.592419 2.826805 23.026086 36.908573
 65.400000 -2.706133 2.859127 22.291210 47.144720
 65.600000 -2.946162 2.863951 17.998103 966.705631
 65.800000 -2.998103 2.895607 16.290060 1194.202358
 66.000000 -2.593717 2.931849 23.018182 37.267015
 66.200000 -2.715643 2.470720 22.250990 50.784443
 66.400000 -2.038716 3.064884 21.396663 45.856607
 66.600000 -2.416630 2.404928 23.214287 24.397487
 66.800000 -2.370680 2.774186 22.962127 32.421834
 67.000000 -2.695938 2.858600 22.386179 44.262110
 67.200000 2.885178 2.806500 -0.000000 0.000000
 67.400000 -2.544456 2.819679 23.335740 16.234804
 67.600000 -2.156008 2.463833 22.166066 22.642884
 67.800000 -2.030256 2.319947 21.348033 44.818889
 68.000000 -1.941189 2.419709 20.930280 4.756041
 68.200000 -2.304782 2.800004 22.706694 17.187389
 68.400000 2.979183 2.745107 1.730969 2236.825552
 68.600000 2.963211 3.066281 1.005612 1888.053545
 68.800000 -2.574125 2.759749 23.223690 30.097251
 69.000000 -2.047312 2.456275 21.478662 51.566525
 69.200000 -1.850943 2.387842 20.954291 8.004224
 69.400000 -2.066002 2.610432 21.631870 55.415929
 69.600000 -2.468825 2.884020 23.490833 2.790192
 69.800000 3.024204 2.873861 4.058504 2978.832875
 70.000000 -3.094694 2.998088 12.649552 1939.879476
 70.200000 -2.293617 2.797716 22.731407 14.538429
 70.400000 -1.871073 2.287499 20.905578 2.822301
 70.600000 -1.662847 2.224090 22.412348 159.171510
 70.800000 -1.929421 2.482890 20.906838 3.256953
 71.000000 -2.525902 2.925059 23.488157 7.381629
 71.200000 2.985763 2.746315 2.086765 2376.336411
 71.400000 -3.102796 3.002550 12.313375 2049.944274
 71.600000 -2.429458 2.856871 23.429519 16.921882
 71.800000 -2.375576 2.463305 23.160081 29.732771
 72.000000 -2.263458 2.864256 22.661142 9.961559
 72.200000 -2.753384 2.928023 22.125740 80.988451
 72.400000 3.059927 2.781164 6.083641 3139.268987
 72.600000 3.032631 3.128097 4.562026 3039.754048
 72.800000 -2.763688 2.777406 22.029178 95.296510
 73.000000 -2.056775 2.281560 21.620447 60.125051
 73.200000 -1.591320 2.422288 23.290228 179.385693
 73.400000 -2.013792 2.444488 21.314881 47.416575
 73.600000 -2.538355 2.664313 23.533672 12.504278
 73.800000 2.964891 -3.138223 1.152532 1952.097135
 74.000000 2.996318 2.766666 2.650587 2575.974004
 74.200000 -2.125677 2.582780 22.176395 44.419981
 74.400000 -1.665053 2.279263 22.308086 145.529600
 74.600000 -1.781952 2.004559 21.237147 36.558128
 74.800000 -2.153185 2.290167 22.344382 30.580201
 75.000000 -2.279346 3.072411 22.822240 12.155109
 75.200000 3.073892 2.759518 6.916677 3064.502402
 75.400000 -2.621040 2.973559 23.136952 42.677178
 75.600000 -2.595067 2.785299 23.301967 37.268159
 75.800000 -2.787376 2.688352 21.859985 136.576895
 76.000000 -2.624640 3.130544 23.113377 43.059484
 76.200000 2.995704 2.578659 2.690423 2568.993624
 76.400000 -2.436948 2.947293 23.604824 12.597301
 76.600000 -2.014287 2.682232 21.355836 52.887173
 76.800000 -1.886557 2.180985 20.890902 0.161764
 77.000000 -1.805001 2.345489 21.108470 22.904611
 77.200000 -1.863943 2.564097 20.917965 2.722115
 77.400000 -2.456255 2.801926 23.693982 5.979912
 77.600000 3.040437 2.744765 5.099322 3036.759648
 77.800000 -2.960680 -3.120518 17.982711 1123.466500
 78.000000 -2.736136 2.614159 22.404233 62.660326
 78.200000 -1.925987 2.616801 20.942765 5.211752
 78.400000 -1.759357 2.375291 21.372325 47.782916
 78.600000 -2.271158 2.219642 22.922949 11.225705
 78.800000 -2.697941 2.986186 22.709611 48.385383
 79.000000 2.919935 2.813643 -0.003795 0.937376
 79.200000 -3.123087 2.748273 11.443469 2277.256636
 79.400000 -2.982168 2.877248 17.295026 1279.338413
 79.600000 3.137544 2.872303 10.341620 2498.218047
 79.800000 3.084078 2.677958 7.541087 2956.342354
 80.000000 -3.121477 2.870136 11.520143 2261.928825
 80.200000 3.129624 2.983133 9.965330 2573.323977
 80.400000 -2.786493 2.713650 22.002285 130.471837
 80.600000 -1.856709 2.737911 20.953350 3.599394
 80.800000 -2.008276 2.487403 21.376823 53.988050
 81.000000 -1.928323 2.360860 20.969525 6.352374
 81.200000 -2.126720 2.717875 22.358450 51.030969
 81.400000 -2.615509 2.832274 23.356887 43.637425
 81.600000 2.988859 2.729973 2.467439 2477.860580
 81.800000 -2.979812 -3.084920 17.439736 1269.359636
 82.000000 3.103517 2.668433 8.636295 2806.069724
 82.200000 3.032193 2.870853 4.776891 2977.581499
 82.400000 3.079958 2.900101 7.398826 2961.874087
 82.600000 -3.042423 2.825612 15.070669 1663.181020
 82.800000 -2.441406 2.842785 23.781690 11.012547
 83.000000 -2.607973 2.612521 23.432286 41.941210
 83.200000 -3.133088 2.744615 11.061816 2363.072481
 83.400000 2.993761 -3.141588 2.772708 2579.272639
 83.600000 -2.792903 2.647765 21.997347 142.236662
 83.800000 -2.057401 2.528177 21.831280 75.625788
 84.000000 -1.578302 2.379341 23.215132 157.656440
 84.200000 -2.075605 2.247831 22.008018 75.768317
 84.400000 -2.339114 2.617350 23.355299 21.335747
 84.600000 3.097057 2.922457 8.386846 2838.837645
 84.800000 3.026120 2.959856 4.513856 2949.952825
 85.000000 -2.677557 2.857231 23.005823 50.534895
 85.200000 -1.948240 2.754506 21.102454 16.166382
 85.400000 -1.795275 2.301270 21.186854 18.824315
 85.600000 -1.912706 2.108692 21.001768 2.757515
 85.800000 -1.835707 2.254000 21.046669 6.629275
 86.000000 -1.969753 2.769411 21.204191 29.412470
 86.200000 -2.983347 2.852914 17.475399 1303.866863
 86.400000 -3.123393 2.823005 11.619159 2265.115862
 86.600000 -2.663954 2.883194 23.151537 51.597782
 86.800000 -2.580496 2.475645 23.710108 31.344692
 87.000000 -2.253285 3.093183 23.078706 10.598743
 87.200000 -3.022407 2.709294 16.028460 1557.684419
 87.400000 3.124491 2.858217 9.909995 2585.737080
 87.600000 3.004416 2.928989 3.448493 2768.123520
 87.800000 2.995857 2.634443 3.002599 2656.756224
 88.000000 -2.634618 2.933067 23.390762 49.131028
 88.200000 -2.537005 2.874544 23.952506 8.676300
 88.400000 -3.015749 2.759477 16.323608 1516.918588
 88.600000 -2.958307 3.086655 18.412313 1119.351750
 88.800000 3.075763 2.788120 7.372128 2960.667929
 89.000000 -3.075859 2.862206 13.843596 1896.089223
 89.200000 -2.815652 2.971313 21.845124 200.335179
 89.400000 -2.575815 2.668610 23.820143 26.707030
 89.600000 -2.427986 2.643790 23.881513 16.173428
 89.800000 -2.200757 2.798739 22.952958 18.269520
 90.000000 -2.894331 2.396338 20.324763 620.826329
 90.200000 -2.996149 -3.050244 17.144072 1390.895698
 90.400000 3.020600 2.857866 4.420384 2950.881250
 90.600000 -3.114331 2.636507 12.178398 2183.011351
 90.800000 -2.320802 3.103535 23.408982 16.844896
 91.000000 -2.711723 2.456829 22.918561 59.473971
 91.200000 -2.377324 2.740893 23.688621 23.648798
 91.400000 -2.861007 2.892787 21.138553 397.470595
 91.600000 2.943522 2.791581 0.648393 1775.868658
 91.800000 -2.381559 3.080467 23.709220 23.657783
 92.000000 -2.353352 2.366725 23.573767 21.819603
 92.200000 -2.004889 2.183072 21.524144 59.348804
 92.400000 -1.777346 2.439755 21.297122 20.018010
 92.600000 -2.007154 2.593693 21.541714 60.976058
 92.800000 -3.047044 2.760725 15.211563 1715.826266
 93.000000 2.982459 2.978479 2.481061 2529.407226
 93.200000 -2.701204 2.769177 23.093059 58.438758
 93.400000 -2.319277 2.374665 23.468680 16.410107
 93.600000 -1.681761 2.594408 21.896429 69.031721
 93.800000 -1.948245 2.483015 21.187452 18.611334
 94.000000 -2.496799 2.582338 24.133494 0.090496
 94.200000 3.055244 2.902626 6.474144 3050.049106
 94.400000 2.956494 2.991676 1.287832 2076.035521
 94.600000 -2.564871 2.752387 24.021675 18.298525
 94.800000 -1.799636 2.449809 21.215183 12.628980
 95.000000 -1.702490 2.103132 21.728904 52.033894
 95.200000 -1.840959 1.906143 21.107179 3.958465
 95.400000 -1.908794 2.084344 21.086405 2.733062
 95.600000 -1.707826 2.635150 21.688334 46.654828
 95.800000 -2.471915 2.680553 24.153590 4.281858
 96.000000 2.902177 2.764167 -0.000306 0.006729
 96.200000 -2.722023 -3.070116 23.017560 65.882034
 96.400000 -2.665543 2.455820 23.452926 54.915296
 96.600000 -2.126602 2.332200 22.643187 61.562312
 96.800000 -1.665956 2.749846 22.008759 72.650585
 97.000000 -2.148767 2.571812 22.806097 46.708143
 97.200000 -3.077298 2.534013 14.090225 1903.597269
 97.400000 3.108137 -2.920169 9.431342 2702.375622
 97.600000 3.089227 2.908305 8.433433 2863.859437
 97.800000 -2.935271 2.461899 19.457426 921.452562
 98.000000 -2.069986 2.762644 22.160513 87.883313
 98.200000 -2.045398 2.734905 21.941776 86.270102
 98.400000 -2.054586 2.304705 22.027694 88.366060
 98.600000 -2.059824 2.524978 22.077017 88.935395
 98.800000 -1.875784 2.974734 21.095578 0.129420
 99.000000 -2.685959 2.508883 23.360692 58.938510
 99.200000 -2.992013 2.794971 17.599894 1358.055563
 99.400000 3.004427 -3.053537 3.844077 2923.373805
 99.600000 -3.092044 2.595591 13.506057 1995.826404
 99.800000 -2.621592 2.592244 23.856871 43.566506
 100.000000 -2.027495 3.010705 21.797184 78.607192
 100.200000 -2.185217 2.200508 24.731647 27.329031
 100.400000 -1.750100 2.272150 23.103722 22.282094
 100.600000 -1.531968 2.563478 24.950959 107.928599
 100.800000 -1.669040 2.451468 23.602706 60.306231
 101.000000 -2.362380 2.286029 25.438645 22.555278
 101.200000 -2.729944 3.061878 24.704647 73.222326
 101.400000 2.884314 2.947278 0.386412 763.857906
 101.600000 -3.134111 2.585608 13.247869 2315.683644
 101.800000 -2.472079 2.824430 25.902376 5.554028
 102.000000 -2.318983 2.589870 25.250138 15.972578
 102.200000 -2.369414 2.620226 25.477904 23.197223
 102.400000 -2.576237 2.867306 25.799513 20.400703
 102.600000 -3.034006 3.042218 17.674511 1619.548060
 102.800000 -2.627821 2.934094 25.502157 45.810293
 103.000000 -2.103696 2.572828 24.159546 77.341312
 103.200000 -1.248518 2.552041 25.231651 136.902158
 103.400000 -0.721523 1.946455 9.426497 1201.235377
 103.600000 -0.964751 1.715652 18.430014 988.062005
 103.800000 -1.416130 1.289456 25.735734 18.540724
 104.000000 -0.865825 0.073009 14.979234 1471.021266
 104.200000 -0.491861 -0.708082 2.046449 1195.799418
 104.400000 -0.762599 -0.558993 10.869799 1445.240578
 104.600000 -1.191018 0.509525 24.313088 340.341643
 104.800000 -1.040821 1.704398 20.636291 799.679178
 105.000000 -0.570721 2.183303 4.701896 1004.375958
 105.200000 -1.066756 2.544358 21.310582 752.791487
 105.400000 -0.838301 2.001093 13.805317 1565.239993
 105.600000 -0.066142 1.474116 -0.000000 0.000000
 105.800000 -1.160019 1.458545 23.642568 467.893571
 106.000000 -1.473192 0.938264 25.302553 62.467417
 106.200000 -0.718449 0.146989 9.171437 1184.651454
 106.400000 -1.125610 -0.102363 22.803068 597.041479
 106.600000 -0.830661 0.180280 13.456447 1579.965162
 106.800000 -1.180391 0.936533 24.017480 383.300073
 107.000000 -1.261259 1.155181 25.230435 105.859463
 107.200000 -1.107214 0.831039 22.301616 655.405650
 107.400000 -1.398627 0.572013 25.639908 8.111841
 107.600000 -1.284202 0.949651 25.395534 59.758568
 107.800000 -1.261829 1.551508 25.194756 104.834706
 108.000000 -0.575907 1.190723 4.748976 959.298834
 108.200000 -1.221708 1.222613 24.651492 222.671523
 108.400000 -1.518869 0.908041 24.794049 92.924416
 108.600000 -0.784097 0.280720 11.519156 1541.343303
 108.800000 -0.713869 0.008213 8.925524 1158.231284
 109.000000 -0.877020 0.042447 15.172848 1417.501653
 109.200000 -0.599270 0.122479 5.378595 882.332813
 109.400000 -1.623374 0.428178 23.755150 73.850230
 109.600000 -1.571568 1.067168 24.241084 98.890275
 109.800000 -0.949522 1.234049 17.678273 1054.127561
 110.000000 -0.847418 1.832544 13.996983 1540.830475
 110.200000 -0.772957 2.221051 11.016178 1503.549677
 110.400000 -1.005437 2.423642 19.372554 875.309390
 110.600000 -0.555911 2.076818 4.011517 1011.345353
 110.800000 -0.274950 1.528212 -0.000000 0.000000
 111.000000 -1.112034 1.478027 22.317775 637.502526
 111.200000 -1.720295 0.527535 23.082130 21.919423
 111.400000 -0.774487 -0.674503 11.046155 1511.385491
 111.600000 -0.582157 -0.419667 4.793697 919.526434
 111.800000 -0.903720 0.179726 16.054909 1276.449834
 112.000000 -1.523566 0.986216 24.664148 92.065629
 112.200000 -1.337140 1.513101 25.483498 6.583585
 112.400000 -0.828551 1.638666 13.160983 1582.704402
 112.600000 -1.463897 1.860397 25.147880 51.206270
 112.800000 -1.850291 1.634084 22.691519 0.894182
 113.000000 -1.693816 1.632779 23.202871 31.038591
 113.200000 -0.888630 1.069951 15.448993 1355.138624
 113.400000 -1.840714 0.867511 22.692688 1.722312
 113.600000 -1.444264 0.606623 25.251283 34.910137
 113.800000 -1.049221 0.789445 20.549152 786.796694
 114.000000 -1.131331 1.236654 22.700500 565.634746
 114.200000 -1.808443 1.686659 22.743629 5.389131
 114.400000 -1.434055 1.681370 25.282531 26.707571
 114.600000 -0.855764 1.629912 14.178384 1507.087972
 114.800000 -0.864937 1.817383 14.532317 1469.512309
 115.000000 -1.039426 1.908744 20.248740 806.141200
 115.200000 -0.709192 2.259419 8.543691 1153.172461
 115.400000 -0.961440 2.151369 17.892927 1010.357549
 115.600000 -0.824434 2.127108 12.920965 1588.994644
 115.800000 -0.568324 1.787790 4.248901 946.941654
 116.000000 -0.743525 1.929675 9.761371 1363.210175
 116.200000 -1.539198 1.950013 24.407861 91.676835
 116.400000 -1.852327 2.037352 22.654592 0.708321
 116.600000 -2.056950 2.712735 23.655671 88.764502
 116.800000 -2.631387 2.906591 25.582597 49.582586
 117.000000 3.041067 2.579579 7.709624 3234.575359
 117.200000 3.048707 -3.119908 8.144312 3214.841382
 117.400000 -3.050486 2.830251 17.113445 1665.122533
 117.600000 -2.069939 2.625292 23.768427 88.618786
 117.800000 -1.891456 2.508200 22.650376 1.211168
 118.000000 -1.762013 2.403318 22.852280 11.571521
 118.200000 -2.168669 2.484358 24.566991 40.020178
 118.400000 -2.746386 2.819599 24.588069 100.310005
 118.600000 2.969230 2.963618 3.718983 2666.258668
 118.800000 -3.123266 2.851358 13.945394 2173.218893
 119.000000 -2.361181 2.823960 25.422337 23.377579
 119.200000 -2.003463 2.396731 23.154296 62.837221
 119.400000 -1.463301 2.080559 24.989449 45.704710
 119.600000 -1.593764 1.545007 23.842195 79.418777
 119.800000 -1.161207 0.699014 23.207647 432.153333
 120.000000 -0.935399 -0.002491 16.968059 1117.470063
 120.200000 -0.789180 -0.094889 11.430484 1568.812036
 120.400000 -0.897737 -0.167400 15.639554 1302.017976
 120.600000 -0.852092 0.343458 13.924411 1511.975638
 120.800000 -1.550351 1.310656 24.230768 89.217348
 121.000000 -1.737212 2.519610 22.923481 14.988369
 121.200000 -2.371933 2.975240 25.455841 24.778198
 121.400000 2.905547 2.667163 0.895086 1221.873751
 121.600000 -3.041234 2.763495 17.489093 1591.258209
 121.800000 -2.577746 2.961539 25.881639 16.489081
 122.000000 -2.516296 2.242781 25.995182 0.154539
 122.200000 -1.740877 2.708697 22.896774 13.668059
 122.400000 -2.042042 2.542461 23.460646 82.870124
 122.600000 -2.205999 2.481247 24.737706 24.597883
 122.800000 -2.524000 2.863034 25.993465 0.014812
 123.000000 2.980511 2.693672 4.304291 2902.978074
 123.200000 -2.414104 2.981436 25.657930 25.172517
 123.400000 -1.998739 2.361063 23.088716 57.049109
 123.600000 -1.445028 1.789507 25.021392 28.458850
 123.800000 -1.048240 1.126895 20.317700 778.403761
 124.000000 -1.537021 0.640497 24.310762 85.468890
 124.200000 -1.157395 0.310108 23.009836 432.106652
 124.400000 -1.084056 0.687817 21.269142 686.723274
 124.600000 -1.629937 1.212812 23.482418 56.721626
 124.800000 -0.855806 1.143981 14.000528 1488.227754
 125.000000 -1.176048 1.133224 23.381068 360.869705
 125.200000 -1.358061 0.899570 25.150204 2.331453
 125.400000 -1.016165 0.678946 19.365102 854.379626
 125.600000 -1.746797 1.060586 22.857664 11.673187
 125.800000 -1.041259 1.471468 20.086023 796.536249
 126.000000 -1.097559 1.422330 21.601775 646.147957
 126.200000 -1.785872 0.954487 22.736646 6.691329
 126.400000 -1.103081 0.337797 21.727387 627.630362
 126.600000 -0.619378 0.205921 5.469574 888.668601
 126.800000 -1.024507 0.080108 19.592188 837.371675
 127.000000 -0.641638 0.250528 6.137845 920.147152
 127.200000 -1.165709 0.665864 23.127937 391.022955
 127.400000 -1.373250 1.055606 25.120096 0.224350
 127.600000 -0.612050 0.924153 5.225429 889.423583
 127.800000 -1.468148 0.904575 24.824916 41.136492
 128.000000 -0.560291 0.299710 3.662285 955.943887
 128.200000 -0.581502 -0.672125 4.284789 914.840908
 128.400000 -0.984766 -0.404009 18.381895 941.293075
 128.600000 -0.932052 0.859699 16.692534 1127.440365
 128.800000 -0.934841 2.109379 16.785935 1115.590828
 129.000000 -0.636016 2.577660 5.920389 917.613334
 129.200000 -0.810044 2.150209 12.128653 1590.607894
 129.400000 -1.084227 1.372922 21.212229 684.929357
 129.600000 -1.474720 0.613703 24.766253 43.799755
 129.800000 -0.950184 0.290814 17.280986 1055.564573
 130.000000 -0.677345 0.269624 7.193985 1060.924337
 130.200000 -1.219550 0.312666 23.988617 195.656285
 130.400000 -1.043551 0.825851 20.096867 796.380095
 130.600000 -1.426398 1.224612 24.998042 10.618909
 130.800000 -1.234073 0.926024 24.181060 156.745635
 131.000000 -1.269548 0.544405 24.564208 83.454986
 131.200000 -1.184309 0.666921 23.422164 307.711788
 131.400000 -1.131312 1.113966 22.353411 512.693256
 131.600000 -1.606930 1.198697 23.624175 71.179201
 131.800000 -1.020112 0.562824 19.419321 854.929044
 132.000000 -1.159060 0.341812 22.946904 403.283882
 132.200000 -1.132853 0.717167 22.385621 504.194219
 132.400000 -1.329898 1.425584 24.929296 17.051361
 132.600000 -1.430205 1.323695 24.965544 11.557090
 132.800000 -0.841621 0.494231 13.353732 1531.965065
 133.000000 -1.784504 0.544757 22.703893 6.279822
 133.200000 -1.259028 0.864437 24.429220 98.449526
 133.400000 -0.708289 1.286579 8.187520 1244.527390
 133.600000 -0.913867 2.146778 16.030767 1215.905726
 133.800000 -0.853092 2.595518 13.792123 1492.817124
 134.000000 -0.811241 2.267178 12.142178 1594.364607
 134.200000 -0.693342 1.713358 7.657240 1169.296411
 134.400000 -1.214108 1.109325 23.883436 202.908261
 134.600000 -1.473252 0.438355 24.742836 39.125110
 134.800000 -1.372993 0.475494 25.017869 0.872414
 135.000000 -1.230145 1.158886 24.098776 159.224859
 135.200000 -1.420547 1.508925 24.972089 6.398308
 135.400000 -1.167541 0.967184 23.108362 362.219870
 135.600000 -1.324367 0.504752 24.877032 20.069310
 135.800000 -1.034472 0.823367 19.830731 828.388311
 136.000000 -1.328912 1.351355 24.896635 17.187856
 136.200000 -1.337316 1.107301 24.923870 12.469034
 136.400000 -1.321289 0.727287 24.858009 22.014141
 136.600000 -1.290861 0.715525 24.680414 49.219875
 136.800000 -1.385709 1.032107 25.011133 0.004408
 137.000000 -0.921392 1.069420 16.284751 1181.620371
 137.200000 -1.328933 1.012700 24.894602 16.782329
 137.400000 -1.253693 0.663745 24.367191 103.758309
 137.600000 -1.081550 0.620005 21.137939 697.584044
 137.800000 -1.414446 0.925139 24.983208 4.238097
 138.000000 -1.311173 1.159512 24.810311 29.199255
 138.200000 -1.372920 1.200085 25.011923 0.844967
 138.400000 -1.401364 0.786842 25.008901 1.298770
 138.600000 -1.295784 0.835140 24.727265 42.971137
 138.800000 -1.553927 1.052968 24.081708 87.229850
 139.000000 -0.861798 0.933392 14.118234 1456.767696
 139.200000 -1.365384 1.111461 25.011967 2.011967
 139.400000 -1.255894 0.807102 24.411648 99.082103
 139.600000 -1.178181 0.613978 23.334811 322.214285
 139.800000 -1.402583 0.996063 25.014967 1.613188
 140.000000 -1.392007 1.199610 25.024310 0.247696
 140.200000 -1.330867 1.085029 24.936391 14.816203
 140.400000 -1.506423 0.994251 24.507798 66.931686
 140.600000 -1.233433 0.858453 24.180697 147.443166
 140.800000 -1.367019 0.928490 25.028424 1.558600
 141.000000 -1.567549 1.017077 23.951666 90.745451
 141.200000 -1.056120 0.943184 20.469051 792.646473
 141.400000 -1.479648 1.300860 24.716413 47.253603
 141.600000 -1.447318 0.845860 24.904922 22.361751
 141.800000 -0.960843 0.490054 17.590852 1040.843480
 142.000000 -1.056601 0.500736 20.482584 791.285518
 142.200000 -1.415872 0.767236 25.033021 6.315215
 142.400000 -0.982072 1.108672 18.268279 983.510477
 142.600000 -1.356288 1.083315 25.051071 3.559128
 142.800000 -1.200282 0.696373 23.762463 247.458117
 143.000000 -1.260508 0.483841 24.519130 91.327136
 143.200000 -1.120515 0.768370 22.188128 575.974781
 143.400000 -1.417025 1.273337 25.047586 7.316000
 143.600000 -0.821005 0.879964 12.502738 1601.522196
 143.800000 -1.375651 0.469041 25.095561 0.143240
 144.000000 -0.903009 0.491725 15.629604 1275.320419
 144.200000 -0.730431 0.852525 8.899027 1441.715403
 144.400000 -1.487404 1.246334 24.692363 58.505184
 144.600000 -1.352157 0.713670 25.092062 4.177593
 144.800000 -0.793178 -0.081166 11.377550 1630.292921
 145.000000 -0.649777 -0.308018 6.069500 1049.303018
 145.200000 -0.507813 -0.216787 1.586022 1005.935342
 145.400000 -1.077335 0.337461 21.105539 749.670276
 145.600000 -1.404035 1.233315 25.119736 3.703400
 145.800000 -0.968934 1.295689 17.864981 1032.276286
 146.000000 -1.395210 1.099763 25.133771 1.578563
 146.200000 -1.567520 0.706867 23.961400 103.361198
 146.400000 -0.504640 0.186099 1.464752 1001.757056
 146.600000 -1.212413 0.311914 24.048376 215.494324
 146.800000 -1.337593 0.739473 25.108853 9.192908
 147.000000 -1.262912 1.271090 24.653570 88.497736
 147.200000 -1.170982 1.309991 23.367523 374.954601
 147.400000 -1.420024 0.950544 25.122277 11.256524
 147.600000 -1.340093 0.607549 25.145067 7.812117
 147.800000 -0.722673 0.585314 8.585174 1422.764461
 148.000000 -1.579051 0.875096 23.846908 104.103180
 148.200000 -1.116176 0.990846 22.172343 616.655629
 148.400000 -1.385510 1.045551 25.219918 0.625406
 148.600000 -1.555095 0.874216 24.098728 108.461302
 148.800000 -0.993995 0.741967 18.685087 976.922984
 149.000000 -1.511641 1.082481 24.533840 87.590866
 149.200000 -1.019928 0.885636 19.496670 919.976343
 149.400000 -0.943350 0.828001 17.057033 1129.064726
 149.600000 -1.526584 0.937933 24.402158 100.390974
 149.800000 -0.927935 0.966164 16.532476 1188.153022
 150.000000 -1.548285 1.275384 24.179034 109.825265
 150.200000 -1.226435 0.762015 24.356602 180.282510
 150.400000 -1.019525 0.466803 19.499316 923.748829
 150.600000 -1.317481 0.724860 25.157101 20.812264
 150.800000 -1.070925 1.258560 21.006363 789.401272
 151.000000 -1.190844 1.247066 23.808055 303.181057
 151.200000 -1.018961 0.804511 19.497931 928.363956
 151.400000 -1.522753 0.623354 24.470939 103.558887
 151.600000 -0.931467 0.882066 16.674228 1183.317396
 151.800000 -1.542237 1.464632 24.267316 113.933882
 152.000000 -1.150394 1.218711 23.037883 478.406686
 152.200000 -0.822813 0.469126 12.581122 1643.400406
 152.400000 -1.009796 -0.081680 19.232461 953.563839
 152.600000 -0.440929 -0.358351 -0.002129 0.218786
 152.800000 -0.528767 -0.084277 2.105883 1011.394893
 153.000000 -1.527754 0.809721 24.437881 109.898855
 153.200000 -1.371745 1.411306 25.386057 0.000434
 153.400000 -0.674544 1.409159 6.792490 1211.354669
 153.600000 -1.248414 1.481144 24.725506 126.691301
 153.800000 -0.953172 0.668883 17.433426 1112.832142
 154.000000 -1.555568 0.188507 24.150601 124.396685
 154.200000 -1.608687 0.449985 23.573615 111.951642
 154.400000 -0.978261 0.999978 18.270931 1040.763018
 154.600000 -0.991873 1.896468 18.706199 1004.851355
 154.800000 -0.572639 2.446154 3.460859 1001.478501
 155.000000 -1.081808 2.266526 21.392912 768.691578
 155.200000 -1.380930 1.296771 25.448254 0.830618
 155.400000 -1.012722 0.109609 19.378217 958.535382
 155.600000 -0.458772 -0.514951 -0.027449 1.670450
 155.800000 -0.500830 -0.610340 1.164013 984.773135
 156.000000 -1.007654 0.215158 19.220832 970.552838
 156.200000 -0.881944 0.869409 14.936827 1438.642610
 156.400000 -1.592360 1.284138 23.768661 128.366302
 156.600000 -1.071373 0.870125 21.147101 808.036350
 156.800000 -1.298174 0.384484 25.265926 40.079295
 157.000000 -0.426933 -0.144092 -0.000054 0.000146
 157.200000 -0.639956 -0.121434 5.584843 1099.619022
 157.400000 -0.876338 -0.307917 14.733372 1473.159996
 157.600000 -0.753740 -0.026936 9.765820 1626.685706
 157.800000 -1.127770 0.069167 22.673460 596.937908
 158.000000 -1.443665 0.354839 25.284803 38.499880
 158.200000 -1.176569 0.984099 23.779573 383.158216
 158.400000 -0.485112 1.652790 0.625884 958.936714
 158.600000 -0.733611 2.489584 8.964946 1547.374117
 158.800000 -0.964722 2.319037 17.902889 1100.675092
 159.000000 -0.702030 1.740449 7.755509 1383.332984
 159.200000 -0.808540 1.116464 12.031885 1713.708313
 159.400000 -1.701097 0.464052 22.746455 49.432519
 159.600000 -1.721218 0.263089 22.615306 36.198534
 159.800000 -1.163074 0.808569 23.533507 444.461583
 160.000000 -0.824397 1.268080 12.685999 1686.233821
 160.200000 -0.945788 2.088958 17.306476 1174.114594
 160.400000 -0.406726 2.135865 -0.000000 0.000000
 160.600000 -0.844549 2.104744 13.520718 1630.904602
 160.800000 -0.871514 1.832688 14.590928 1515.330358
 161.000000 -0.491081 1.444358 0.780418 966.230975
 161.200000 -1.043584 1.877362 20.456426 893.939592
 161.400000 -0.652433 1.792675 5.990817 1169.061060
 161.600000 -0.630309 1.842605 5.246411 1099.809251
 161.800000 -0.967922 2.198224 18.075787 1096.251741
 162.000000 -0.562220 2.021451 3.037218 1035.850242
 162.200000 -0.880903 2.130165 14.998337 1480.022821
 162.400000 -0.980434 1.585015 18.512307 1056.688468
 162.600000 -0.737179 0.767397 9.135095 1592.139473
 162.800000 -0.992867 0.089931 18.912978 1021.184456
 163.000000 -0.531501 -0.679371 2.038198 1036.632256
 163.200000 -0.512155 -0.196094 1.407201 1019.844370
 163.400000 -1.248772 0.383093 25.051358 133.738317
 163.600000 -1.609876 1.606966 23.631651 141.633620
 163.800000 -1.531831 2.505684 24.587065 139.072352
 164.000000 -2.246563 2.906650 24.212778 20.699131
 164.200000 2.906625 2.741453 0.317754 1323.735476
 164.400000 3.049039 2.921398 7.650872 3429.543132
 164.600000 -2.877573 2.750732 21.960558 470.969675
 164.800000 -2.430953 2.707356 25.133250 30.942039
 165.000000 -2.131903 2.811895 23.494508 60.985549
 165.200000 -1.980109 2.592801 22.309509 28.769720
 165.400000 -2.011472 2.306652 22.501807 46.879452
 165.600000 -1.954343 2.709166 22.188926 15.862770
 165.800000 -2.380580 2.639005 24.818430 33.603089
 166.000000 -3.019725 2.747324 17.680591 1336.933040
 166.200000 3.062092 -3.112740 8.370872 3337.096222
 166.400000 2.963699 2.851916 2.748240 2622.219483
 166.600000 -2.625945 2.766278 25.014478 55.165934
 166.800000 -1.962730 2.834066 22.207480 19.548061
 167.000000 -1.956614 2.246579 22.181446 16.741929
 167.200000 -1.659446 2.229078 23.085077 111.038041
 167.400000 -1.711672 2.183243 22.607901 59.025943
 167.600000 -1.936774 2.643213 22.095950 9.043521
 167.800000 -2.746756 2.850197 23.868164 114.817720
 168.000000 2.955912 2.954711 2.337676 2427.171673
 168.200000 -3.089987 2.657132 14.875281 1754.892976
 168.400000 -1.945827 2.721472 22.113375 12.099618
 168.600000 -1.792652 2.136400 22.144856 13.016771
 168.800000 -1.466198 2.178901 25.355985 72.519301
 169.000000 -1.900608 2.210905 22.009110 1.356605
 169.200000 -2.211089 2.709950 23.897479 28.664112
 169.400000 -2.979573 2.928166 19.001792 1114.877223
 169.600000 -3.039878 3.113358 16.849244 1431.127793
 169.800000 -2.996563 2.872102 18.422609 1208.632151
 170.000000 -2.411772 2.607899 24.918573 34.901247
 170.200000 -2.150836 2.667821 23.499023 51.248499
 170.400000 -1.934089 2.631428 22.053996 8.110944
 170.600000 -2.073196 2.444669 22.887329 65.885489
 170.800000 -2.005570 2.638224 22.385823 40.076561
 171.000000 -2.072673 2.770998 22.883085 65.814983
 171.200000 -2.232149 2.683883 23.962147 23.551886
 171.400000 -2.658312 2.522102 24.645091 76.648802
 171.600000 -2.871278 2.991592 21.949675 439.799965
 171.800000 3.020593 2.834067 5.842103 3481.647264
 172.000000 -2.960950 2.815778 19.569228 1001.755338
 172.200000 -2.105131 2.915042 23.118329 63.113101
 172.400000 -2.147546 2.166604 23.440716 50.948386
 172.600000 -1.443848 2.131693 25.593009 48.370834
 172.800000 -0.667070 2.099138 6.532765 1302.322713
 173.000000 -0.842987 2.232491 13.667545 1710.530469
 173.200000 -0.664650 2.158127 6.446137 1298.409532
 173.400000 -0.956065 1.742923 17.949297 1148.377605
 173.600000 -0.881387 1.469257 15.228324 1528.841269
 173.800000 -1.434844 1.100329 25.667037 39.320861
 174.000000 -1.223690 0.504101 24.941418 214.507062
 174.200000 -0.364284 0.197543 -0.000000 0.000000
 174.400000 -0.669428 -0.128240 6.621615 1326.319828
 174.600000 -1.062425 -0.290984 21.283639 828.088419
 174.800000 -0.516995 -0.229272 1.447500 1062.085759
 175.000000 -0.721656 0.143167 8.613425 1590.719930
 175.200000 -1.565930 0.589425 24.302088 182.033024
 175.400000 -1.157629 1.392957 23.755494 483.895099
 175.600000 -0.874861 1.828666 15.005016 1569.497257
 175.800000 -0.498571 2.187802 0.844362 1016.965381
 176.000000 -0.986912 2.277739 19.002360 1032.829287
 176.200000 -0.817486 1.827068 12.654760 1802.814782
 176.400000 -0.373604 1.491244 -0.000000 0.000000
 176.600000 -0.962909 1.841571 18.233594 1118.935898
 176.800000 -1.019026 1.988640 20.026977 937.999659
 177.000000 -0.452941 1.825760 -0.002483 0.311190
 177.200000 -0.999363 1.953616 19.435299 991.538171
 177.400000 -0.587760 1.864397 3.794141 1145.096153
 177.600000 -0.395155 1.595790 -0.000000 0.000000
 177.800000 -0.645518 1.772902 5.783547 1252.762878
 178.000000 -0.924555 2.090376 16.922683 1297.646973
 178.200000 -0.654662 2.272021 6.120164 1290.622687
 178.400000 -0.890196 2.014384 15.662162 1489.234313
 178.600000 -0.658456 1.839103 6.256830 1304.889776
 178.800000 -1.114397 1.695258 22.768084 658.120550
 179.000000 -0.918833 0.954478 16.736652 1328.403177
 179.200000 -1.589466 0.462961 24.004585 196.122484
 179.400000 -1.737937 0.425185 22.310198 51.567796
 179.600000 -1.222201 1.011788 25.012990 219.940002
 179.800000 -0.971169 1.838055 18.570013 1082.980646
 180.000000 -0.667649 2.137243 6.605677 1348.710447
 180.200000 -1.060380 2.401729 21.328733 822.698380
 180.400000 -1.462801 2.038933 25.547819 72.837357
 180.600000 -1.960581 2.163094 22.058073 17.631962
 180.800000 -2.146762 2.640626 23.306300 46.660698
 181.000000 -2.816396 -3.091314 22.748547 219.028449
 181.200000 -2.963460 2.785745 19.297846 1009.335100
 181.400000 -2.198177 2.711746 23.603766 29.249619
 181.600000 -2.069959 2.469617 22.723197 56.429258
 181.800000 -1.881136 2.428972 21.854904 0.422285
 182.000000 -2.065958 2.765813 22.693222 55.834758
 182.200000 -2.476849 2.821999 24.999831 14.117499
 182.400000 2.820954 2.832580 -0.000001 0.000000
 182.600000 3.011461 3.041903 5.098731 3442.319029
 182.800000 -2.632488 2.726423 24.640556 61.673820
 183.000000 -2.096678 2.551848 22.912341 56.374457
 183.200000 -1.765314 2.365319 22.092464 31.575985
 183.400000 -2.152946 2.501261 23.299787 42.930972
 183.600000 -2.194629 2.865340 23.550008 29.638036
 183.800000 -3.065616 2.628264 15.615110 1548.737633
 184.000000 -3.117551 3.112230 13.442421 1998.826955
 184.200000 2.986204 2.899529 3.613753 3093.445285
 184.400000 -2.686773 2.619066 24.126740 88.165717
 184.600000 -1.868815 2.564992 21.820727 0.046138
 184.800000 -1.737813 2.468924 22.264654 57.475403
 185.000000 -2.097718 2.487238 22.897999 54.487525
 185.200000 -2.540010 2.618718 25.033261 1.465984
 185.400000 3.124888 3.050347 11.480412 2537.516947
 185.600000 3.111507 2.798028 10.793103 2740.551494
 185.800000 -2.686476 2.942842 24.111152 87.782701
 186.000000 -1.853134 2.665331 21.814930 0.249532
 186.200000 -1.807112 2.313872 21.883989 8.968891
 186.400000 -1.633766 2.119938 23.408761 192.592871
 186.600000 -1.971228 2.600297 22.066110 21.762692
 186.800000 -2.464713 2.886393 24.878114 19.534894
 187.000000 2.954490 2.863873 1.923638 2345.993157
 187.200000 -3.101662 2.960569 14.077927 1818.538269
 187.400000 -2.840929 2.704911 22.226702 303.552389
 187.600000 -2.486017 2.832299 24.942468 9.816162
 187.800000 -2.170614 2.780497 23.356100 34.442944
 188.000000 -2.586583 2.430076 24.848522 26.061381
 188.200000 -2.337640 -3.053417 24.131049 27.019596
 188.400000 -2.554294 2.911899 24.955208 6.254731
 188.600000 3.021113 2.252115 5.577949 3528.298737
 188.800000 -2.473833 3.097605 24.884062 15.206855
 189.000000 -2.652660 2.481271 24.362176 73.562215
 189.200000 -2.988748 2.038066 18.313324 1140.661078
 189.400000 -2.315702 3.069634 24.009053 22.867394
 189.600000 -2.636455 2.788976 24.479744 64.086584
 189.800000 -3.029624 2.329954 16.876037 1331.837118
 190.000000 -2.407269 3.080923 24.521140 36.408804
 190.200000 -2.359557 2.703867 24.227517 32.149881
 190.400000 -2.554225 2.087341 24.925013 6.566022
 190.600000 -2.077663 3.076499 22.703376 48.688093
 190.800000 -2.405527 2.729920 24.500605 36.452493
 191.000000 -3.047034 2.440798 16.215659 1415.732225
 191.200000 -2.642986 -3.082556 24.395286 67.799440
 191.400000 -2.885084 2.966759 21.277366 527.876346
 191.600000 3.079638 2.367450 8.985743 3210.443009
 191.800000 -2.480085 -3.092204 24.871278 11.478564
 192.000000 -2.644013 2.683347 24.386810 68.387964
 192.200000 -2.599918 2.108110 24.694688 37.130782
 192.400000 -2.051038 2.921156 22.506496 43.681357
 192.600000 -1.879978 2.827497 21.780018 1.198827
 192.800000 -2.469344 1.923723 24.822141 15.900269
 193.000000 -1.941329 2.170797 21.925870 12.757405
 193.200000 -1.500262 2.839181 25.254841 126.736679
 193.400000 -1.958220 2.644738 21.989065 17.380667
 193.600000 -2.887953 2.172126 21.183350 548.193235
 193.800000 -2.743118 -3.014589 23.438240 106.977797
 194.000000 2.979156 2.961543 3.101720 2969.480361
 194.200000 -3.141113 2.525018 12.218497 2267.085641
 194.400000 -2.559379 2.886721 24.858405 9.536080
 194.600000 -1.906586 2.959689 21.817881 5.343404
 194.800000 -1.972051 2.161286 22.047130 21.180744
 195.000000 -1.733862 2.000993 22.222940 69.005671
 195.200000 -1.823145 1.849266 21.777493 3.083582
 195.400000 -1.869462 1.739585 21.757264 0.589788
 195.600000 -1.662474 1.751393 22.998197 175.493863
 195.800000 -1.219620 1.733257 25.107476 227.144894
 196.000000 -0.761725 1.335758 10.551834 1807.385609
 196.200000 -1.528663 1.097595 24.914964 167.660240
 196.400000 -1.580960 0.686686 24.181037 219.073249
 196.600000 -0.985097 0.700647 19.256129 1006.381815
 196.800000 -1.782875 0.895302 21.896566 20.465404
 197.000000 -1.422395 1.326100 25.919846 30.270640
 197.200000 -1.124693 1.150265 23.203644 596.594726
 197.400000 -1.682745 1.140190 22.740398 148.863861
 197.600000 -1.353316 0.802073 26.105456 0.131410
 197.800000 -1.244869 0.793908 25.458032 146.390910
 198.000000 -1.438977 0.995277 25.819950 46.503503
 198.200000 -0.645186 1.094395 5.925176 1384.276370
 198.400000 -1.231970 1.460527 25.297395 186.176778
 198.600000 -1.331859 0.714235 26.080715 5.750337
 198.800000 -0.853288 0.266295 14.470735 1699.146867
 199.000000 -1.011414 0.729309 20.086308 916.373067
 199.200000 -1.677568 1.196316 22.807453 160.692082
 199.400000 -1.056794 0.996745 21.419401 792.968116
 199.600000 -1.137623 0.870525 23.523290 548.684117
 199.800000 -1.694384 1.002307 22.603159 134.441253
 200.000000 -1.261774 0.752362 25.658259 102.335795
 200.200000 -1.005705 1.060413 19.805083 931.448325
 200.400000 -1.486135 1.197034 25.305843 105.610413
 200.600000 -0.756504 0.548073 10.239826 1797.704294
 200.800000 -1.181306 0.286658 24.342225 376.898301
 201.000000 -1.218063 0.787161 24.982454 235.347548
 201.200000 -1.373017 1.407933 25.999441 2.164340
 201.400000 -1.142754 1.521543 23.529348 528.074832
 201.600000 -1.112016 0.768630 22.787511 634.901679
 201.800000 -1.483212 0.537726 25.344502 101.719204
 202.000000 -1.151692 0.849027 23.731434 494.192373
 202.200000 -1.136118 1.463086 23.384669 552.028809
 202.400000 -0.997690 1.280130 19.581259 957.906168
 202.600000 -1.160665 0.697975 23.936800 459.281501
 202.800000 -1.236882 0.468924 25.269096 173.489301
 203.000000 -0.925025 0.830594 17.159708 1296.275339
 203.200000 -1.254371 1.178643 25.494227 123.083237
 203.400000 -1.625213 1.382850 23.437395 224.306061
 203.600000 -0.870858 0.498691 15.101291 1617.205996
 203.800000 -0.828509 0.096388 13.345917 1802.132540
 204.000000 -0.853967 -0.208571 14.412824 1703.428234
 204.200000 -0.582335 -0.448961 3.481330 1334.698016
 204.400000 -0.550057 -0.278890 2.310411 1292.196800
 204.600000 -0.750886 0.053041 10.028114 1787.977874
 204.800000 -1.285870 0.467396 25.798290 54.681457
 205.000000 -1.506517 0.860822 25.121655 135.820901
 205.200000 -0.998939 1.077639 19.660652 957.011003
 205.400000 -0.923185 1.397343 17.126963 1315.337680
 205.600000 -1.168796 1.400762 24.146174 426.726759
 205.800000 -1.376287 1.049868 26.043654 3.354236
 206.000000 -1.455740 0.575586 25.638001 67.050317
 206.200000 -0.540936 0.178323 1.972279 1281.166312
 206.400000 -1.175983 0.220807 24.306148 398.100847
 206.600000 -1.546198 0.830666 24.634733 190.880707
 206.800000 -1.404240 1.365166 25.971880 17.820792
 207.000000 -1.129161 1.030339 23.273140 574.258182
 207.200000 -1.614432 0.637232 23.631173 234.655643
 207.400000 -1.643296 0.884395 23.194634 219.354289
 207.600000 -1.094341 1.370100 22.415540 684.259566
 207.800000 -1.744659 1.393595 21.974454 68.797636
 208.000000 -1.508344 1.352809 25.133134 139.373657
 208.200000 -1.140054 0.595788 23.563015 534.489754
 208.400000 -1.518680 0.677004 25.021932 154.519213
 208.600000 -1.348580 1.106566 26.101565 0.476004
 208.800000 -1.174709 1.286762 24.312991 402.042629
 209.000000 -1.452224 1.051698 25.705002 63.316429
 209.200000 -1.305708 0.721031 25.995341 26.158036
 209.400000 -1.421728 0.982594 25.928348 31.720780
 209.600000 -1.567669 1.297940 24.365965 217.796760
 209.800000 -1.189544 1.308933 24.617517 343.371985
 210.000000 -1.532928 1.135265 24.854365 175.414994
 210.200000 -1.547552 0.827725 24.671288 196.267210
 210.400000 -0.611817 0.804993 4.560318 1401.420653
 210.600000 -1.686611 1.297703 22.602577 171.438927
 210.800000 -1.601098 1.234728 23.871113 241.429629
 211.000000 -1.140452 0.446256 23.610934 533.372716
 211.200000 -0.837944 0.219584 13.821184 1787.806613
 211.400000 -0.342395 -0.048658 -0.000000 0.000000
 211.600000 -0.819066 -0.255216 13.016483 1841.979204
 211.800000 -0.632300 -0.368447 5.331210 1436.972648
 212.000000 -0.496208 -0.343097 0.380187 1224.304892
 212.200000 -0.661218 -0.073685 6.442521 1505.868478
 212.400000 -1.023718 0.620553 20.526237 889.984167
 212.600000 -1.277833 1.328591 25.865310 67.759676
 212.800000 -1.840781 1.444251 21.529648 0.429395
 213.000000 -1.636504 1.669537 23.341013 240.518083
 213.200000 -1.519274 1.373765 25.099988 158.124796
 213.400000 -1.017495 0.635993 20.355905 910.711217
 213.600000 -1.689835 0.745903 22.570327 175.166498
 213.800000 -1.134708 1.106396 23.535826 556.093790
 214.000000 -1.182811 1.426601 24.570334 369.293975
 214.200000 -1.073119 0.998218 21.976333 752.798168
 214.400000 -1.609224 0.382191 23.795008 254.683562
 214.600000 -1.535903 0.701791 24.900859 184.260679
 214.800000 -1.089433 1.291673 22.416944 705.793515
 215.000000 -0.936172 1.458634 17.712947 1265.914026
 215.200000 -1.009042 1.820011 20.132991 943.142585
 215.400000 -0.602886 1.504046 4.223565 1415.350404
 215.600000 -0.776968 1.979924 11.237838 1873.027991
 215.800000 -1.031539 2.409340 20.810435 872.232758
 216.000000 -2.380785 2.411152 24.006244 31.757866
 216.200000 2.892326 2.778864 -0.000069 0.000255
 216.400000 -2.670633 -2.913593 23.686964 71.262371
 216.600000 -2.811690 2.267699 22.186419 221.468061
 216.800000 -2.033519 2.457515 22.087272 24.068679
 217.000000 -1.710847 2.685996 22.313977 144.858923
 217.200000 -2.182204 2.419029 22.878621 31.268785
 217.400000 -2.818872 2.734011 22.061226 244.840880
 217.600000 -3.100024 3.094270 13.590893 1737.099524
 217.800000 -2.956235 2.914302 18.786437 985.591871
 218.000000 -2.923696 2.634726 19.759692 800.356775
 218.200000 -2.268814 3.008467 23.339227 29.695852
 218.400000 -2.378828 2.368383 23.954932 31.656776
 218.600000 -2.130141 2.658812 22.571636 30.869861
 218.800000 -2.077193 2.819840 22.285035 27.304442
 219.000000 -2.752856 2.539433 22.892422 112.295548
 219.200000 -2.698721 2.843780 23.401710 79.869654
 219.400000 -2.762589 2.947985 22.773771 123.534376
 219.600000 -2.971857 2.335619 18.249661 1062.535775
 219.800000 -2.523320 2.932731 24.426084 0.478760
 220.000000 -2.434195 2.813928 24.230137 20.161119
 220.200000 -2.950174 2.529677 18.921329 955.999280
 220.400000 -3.010344 2.823507 16.930580 1219.288412
 220.600000 -2.890901 2.883477 20.576606 602.570651
 220.800000 -2.875986 2.583664 20.928765 513.811952
 221.000000 -2.399516 2.888191 24.046125 28.531909
 221.200000 -2.461319 2.415542 24.311791 10.706786
 221.400000 -2.275474 2.694901 23.340949 30.584447
 221.600000 -2.657763 2.704748 23.728470 64.606474
 221.800000 -3.030296 2.828240 16.209081 1296.244218
 222.000000 -2.884425 2.892398 20.720378 564.478164
 222.200000 -2.641720 2.622954 23.843126 57.535330
 222.400000 -2.294151 2.528601 23.433427 31.350102
 222.600000 -2.399985 2.730542 24.028818 28.302258
 222.800000 -3.014930 2.661506 16.742552 1236.661552
 223.000000 -2.405727 3.032184 24.059066 27.176680
 223.200000 -2.009581 2.662985 21.905374 19.381676
 223.400000 -1.700458 2.123091 22.456652 183.282703
 223.600000 -1.926301 1.419820 21.581216 10.048645
 223.800000 -0.938335 1.224843 17.901643 1270.376759
 224.000000 -1.439845 1.099772 26.049611 47.005647
 224.200000 -1.515477 0.820055 25.326385 156.933499
 224.400000 -1.437555 0.950528 26.077507 44.486123
 224.600000 -0.707894 1.148366 8.368234 1719.699509
 224.800000 -1.841492 1.224456 21.447410 0.716315
 225.000000 -1.519628 0.968339 25.273789 164.231785
 225.200000 -0.730338 0.439816 9.314203 1800.006522
 225.400000 -0.562193 0.007473 2.673059 1389.132846
 225.600000 -0.815024 -0.583994 12.983193 1877.705617
 225.800000 -0.307740 -0.565429 -0.000000 0.000000
 226.000000 -0.628820 0.297776 5.207891 1501.876183
 226.200000 -1.724777 1.268710 22.149849 138.138423
 226.400000 -1.593599 1.708347 24.190087 278.069203
 226.600000 -1.095773 1.773468 22.786644 700.325210
 226.800000 -0.650165 1.483598 6.044074 1552.212752
 227.000000 -0.759952 1.601743 10.592978 1878.864186
 227.200000 -1.887798 1.788127 21.456662 3.325299
 227.400000 -2.069392 2.272576 22.138597 22.843147
 227.600000 -2.213212 3.036714 22.915972 33.470488
 227.800000 -2.549277 2.781735 24.291256 7.355170
 228.000000 -3.102541 2.320282 13.339040 1763.920860
 228.200000 -2.055749 -3.058840 22.064046 21.171736
 228.400000 -2.318644 2.555691 23.522822 34.947450
 228.600000 -2.309782 1.672554 23.470436 34.932989
 228.800000 -1.758534 1.746544 21.804040 74.059199
 229.000000 -0.475058 1.978464 -0.009237 3.942581
 229.200000 -0.637245 2.023857 5.545678 1537.164442
 229.400000 -0.506421 1.871660 0.651726 1189.685490
 229.600000 -1.442613 1.815829 26.110989 48.679984
 229.800000 -2.020323 1.532132 21.899045 18.096586
 230.000000 -1.683020 0.998183 22.724851 233.015265
 230.200000 -0.944533 0.533694 18.187001 1250.106909
 230.400000 -1.802490 0.665947 21.516370 18.481478
 230.600000 -1.585586 1.207648 24.365580 277.465041
 230.800000 -1.242340 1.373879 25.775585 145.941049
 231.000000 -1.614906 1.180338 23.866109 298.520323
 231.200000 -1.476480 0.593232 25.855146 92.730687
 231.400000 -1.079696 0.525034 22.416839 755.924320
 231.600000 -1.690955 0.875004 22.612607 221.502822
 231.800000 -0.828054 1.366361 13.593223 1844.533482
 232.000000 -0.560014 1.362446 2.582133 1402.983029
 232.200000 -0.826699 2.069735 13.543404 1849.238068
 232.400000 -1.783280 2.848717 21.612879 39.505910
 232.600000 -3.078172 2.832533 14.260614 1557.501625
 232.800000 -2.972328 3.086643 18.054110 1067.117394
 233.000000 -1.951227 2.846476 21.609362 12.402152
 233.200000 -1.892813 1.905238 21.435562 3.909056
 233.400000 -1.240990 1.212899 25.794568 149.268761
 233.600000 -1.247285 0.438090 25.869117 131.534642
 233.800000 -0.557708 0.223151 2.493008 1401.996233
 234.000000 -1.485486 0.528182 25.792987 106.717323
 234.200000 -1.540699 1.284131 25.118441 209.344516
 234.400000 -0.667519 1.181067 6.765423 1630.729385
 234.600000 -0.878906 1.298619 15.740415 1619.132553
 234.800000 -1.204254 1.736543 25.277684 273.855284
 235.000000 -0.853445 0.899383 14.695174 1748.120767
 235.200000 -0.828372 -0.202993 13.640060 1846.247589
 235.400000 -0.565284 -0.743569 2.776276 1427.167686
 235.600000 -0.572149 -0.212511 3.036377 1443.246234
 235.800000 -1.375272 0.981423 26.473962 2.325667
 236.000000 -1.630040 1.504996 23.648422 309.346242
 236.200000 -1.516954 1.436937 25.469347 163.920808
 236.400000 -1.054757 0.420698 21.774325 838.366138
 236.600000 -0.488399 -0.512846 0.020497 473.013405
 236.800000 -0.570871 -0.585700 2.989272 1443.320816
 237.000000 -0.514732 0.007315 0.925067 1230.376486
 237.200000 -1.600469 0.826819 24.188944 304.831098
 237.400000 -1.858102 1.622207 21.381217 0.000787
 237.600000 -1.542450 1.772153 25.132849 214.932528
 237.800000 -1.293601 1.663306 26.320701 37.953193
 238.000000 -1.238755 0.559975 25.813866 154.513107
 238.200000 -0.521985 -0.469108 1.183648 1273.324008
 238.400000 -0.067227 -0.697913 -0.000000 0.000000
 238.600000 0.868928 -0.658698 -0.000000 0.000000
