#! FIELDS time phi psi ves.bias ves.force2
#! SET min_phi -pi
#! SET max_phi pi
#! SET min_psi -pi
#! SET max_psi pi
 0.000000 -1.498385 0.273949 25.037724 141.910265
 0.200000 -1.201498 1.113256 24.277657 384.525563
 0.400000 -0.961814 1.450665 17.619861 1404.669848
 0.600000 -0.468197 1.456332 -0.000000 0.000000
 0.800000 -0.845977 1.943306 13.060513 1563.219595
 1.000000 -0.697270 2.296094 7.012511 1968.090022
 1.200000 -0.764299 2.238902 10.147994 1696.925948
 1.400000 -0.851929 1.918883 13.668959 1589.132289
 1.600000 -0.521594 1.564787 -0.005265 1.631186
 1.800000 -0.909706 1.681113 15.960447 1531.717487
 2.000000 -0.812574 1.641643 12.099547 1596.180056
 2.200000 -0.570404 1.836256 1.513729 1891.174875
 2.400000 -0.538811 2.194262 0.212248 1677.814622
 2.600000 -0.861963 1.992812 14.285904 1521.295129
 2.800000 -0.656326 1.963494 5.587541 2341.715249
 3.000000 -0.636704 1.901860 4.633073 2378.979384
 3.200000 -0.571413 2.020693 1.805196 2075.595518
 3.400000 -0.755915 2.152456 10.341933 1619.194483
 3.600000 -0.815230 1.946492 12.654672 1466.060585
 3.800000 -0.633034 1.763284 4.783499 2441.464352
 4.000000 -0.814911 2.018396 12.642468 1466.262458
 4.200000 -0.629210 2.006306 4.933188 2549.835408
 4.400000 -0.611580 2.119010 4.040066 2568.771694
 4.600000 -0.707040 2.057862 8.624874 1877.255420
 4.800000 -0.446080 1.617410 -0.000000 0.000000
 5.000000 -0.603403 1.761966 3.626330 2547.964996
 5.200000 -1.412306 2.018774 25.755120 43.017232
 5.400000 -1.770822 1.992024 21.027227 38.349393
 5.600000 -2.187720 2.364831 22.394192 69.955428
 5.800000 -2.413906 3.071429 23.812886 23.572898
 6.000000 2.984520 2.802462 1.731858 2295.649129
 6.200000 -2.637648 2.816051 23.867491 37.545297
 6.400000 -1.878409 2.688749 20.910542 10.638694
 6.600000 -1.976383 2.044269 21.252496 9.320948
 6.800000 -1.570595 2.000199 23.839388 244.515781
 7.000000 -1.828285 1.632423 20.810840 0.045971
 7.200000 -1.593882 1.728413 23.474972 261.043132
 7.400000 -1.117640 0.802936 22.346871 450.413390
 7.600000 -0.512289 -0.250991 -0.025613 9.299800
 7.800000 -0.512003 -0.974259 -0.024691 11.524963
 8.000000 -0.584634 -0.308217 3.291089 2813.510876
 8.200000 -1.539986 1.248457 24.294357 186.869565
 8.400000 -1.034727 1.779604 20.455860 634.703325
 8.600000 -0.581315 1.960736 3.244246 2836.160442
 8.800000 -1.008489 2.354019 19.760873 775.813755
 9.000000 -0.903907 2.317758 16.323891 1309.238958
 9.200000 -0.696022 2.019627 9.017395 1670.428611
 9.400000 -1.094739 1.763268 21.821838 454.263818
 9.600000 -1.974541 1.422570 21.227897 6.448256
 9.800000 -1.707355 0.449414 21.720358 187.269308
 10.000000 -0.381349 -0.547176 -0.000000 0.000000
 10.200000 -0.387862 -0.319051 -0.000000 0.000000
 10.400000 -1.649740 0.363878 22.636104 270.948035
 10.600000 -1.813734 1.152277 20.911882 2.716055
 10.800000 -0.676984 1.498373 8.299533 1875.879789
 11.000000 -0.639216 1.730473 6.544258 2447.906924
 11.200000 -0.842146 2.348478 14.240204 1266.592414
 11.400000 -1.127926 2.465855 22.488290 442.979172
 11.600000 -0.767801 2.217724 11.704979 1110.182998
 11.800000 -0.661524 1.643257 7.697130 2038.280904
 12.000000 -0.965260 1.195076 18.574884 978.138056
 12.200000 -1.575199 0.652273 23.837120 199.975714
 12.400000 -1.450809 0.512803 25.251840 79.258813
 12.600000 -0.931622 1.122861 17.545035 1165.603566
 12.800000 -1.826795 1.790587 20.954123 0.309908
 13.000000 -2.188848 2.585944 22.255846 58.261627
 13.200000 -3.038657 -3.104620 14.329155 1322.689469
 13.400000 3.066710 2.825684 5.897885 3281.288489
 13.600000 -2.696790 2.843708 23.091512 82.802878
 13.800000 -2.641814 2.735518 23.504751 37.230577
 14.000000 -2.563226 2.947091 23.825835 3.486557
 14.200000 -3.030439 2.823012 14.592992 1278.768315
 14.400000 3.001520 3.008197 2.292710 2491.042240
 14.600000 -2.185304 2.822233 22.163344 51.786984
 14.800000 -2.020066 1.981866 21.314739 4.848354
 15.000000 -1.701063 1.575738 21.948974 196.482848
 15.200000 -0.972967 0.616810 18.989089 816.425000
 15.400000 -0.961404 -0.059505 18.650060 903.644024
 15.600000 -0.384902 -0.356801 -0.000000 0.000000
 15.800000 -0.530078 -0.232539 1.345793 2402.132820
 16.000000 -1.098666 0.451844 21.844155 409.475331
 16.200000 -1.406869 1.109662 25.526181 42.664214
 16.400000 -1.446429 1.307882 25.221437 74.321452
 16.600000 -1.199408 0.894833 23.964610 439.120256
 16.800000 -1.443309 0.785888 25.248155 72.358574
 17.000000 -1.073268 1.039858 21.333096 397.556321
 17.200000 -1.584671 1.325530 23.738731 185.651429
 17.400000 -1.318954 0.935869 25.690841 24.187747
 17.600000 -1.206800 0.442348 24.135669 423.794934
 17.800000 -1.165919 0.661768 23.263337 468.247008
 18.000000 -1.557840 1.415540 24.087575 153.279524
 18.200000 -1.038357 1.223364 20.679964 452.090054
 18.400000 -1.470629 0.791383 25.072979 89.449491
 18.600000 -1.616599 0.642274 23.299516 229.778773
 18.800000 -1.015979 0.802412 20.184640 535.182249
 19.000000 -1.456190 1.163753 25.206168 80.638980
 19.200000 -1.193752 0.824110 23.944268 434.670670
 19.400000 -1.182712 0.515045 23.712053 448.831179
 19.600000 -1.149419 0.715080 23.002732 449.982274
 19.800000 -1.026762 1.174792 20.471599 499.938216
 20.000000 -1.342844 1.442647 25.822364 1.753231
 20.200000 -1.449580 0.764961 25.396041 70.301707
 20.400000 -1.024437 0.250616 20.470564 528.904375
 20.600000 -0.528939 0.289539 1.547765 2430.166679
 20.800000 -1.405770 0.647883 25.709513 32.461770
 21.000000 -1.525906 1.337698 24.627390 139.320749
 21.200000 -0.834930 0.983641 14.269205 1405.158803
 21.400000 -1.442406 0.945568 25.521828 60.057832
 21.600000 -1.832360 0.846825 21.025594 1.833048
 21.800000 -1.169619 0.580630 23.610774 442.047193
 22.000000 -0.519782 0.652849 1.136670 2284.460397
 22.200000 -1.490278 1.300508 25.168941 101.530949
 22.400000 -1.648200 0.956041 22.884012 291.682881
 22.600000 -1.006171 0.736310 20.121387 657.657306
 22.800000 -1.744517 0.998276 21.502322 100.326569
 23.000000 -1.105704 1.265147 22.346917 440.306711
 23.200000 -1.322949 1.237720 25.920172 18.256543
 23.400000 -1.681760 0.790358 22.364707 256.658063
 23.600000 -0.966942 0.707236 19.052367 935.434694
 23.800000 -1.218465 1.037895 24.723770 316.009798
 24.000000 -1.351963 0.938876 25.989008 0.319278
 24.200000 -1.203250 0.538266 24.523542 346.700528
 24.400000 -1.398506 0.876652 25.955225 13.676446
 24.600000 -1.635538 1.252227 23.203793 318.643793
 24.800000 -0.973081 1.105139 19.268915 911.425020
 25.000000 -1.829286 0.961824 21.043260 5.295298
 25.200000 -1.487996 0.888933 25.438484 89.664807
 25.400000 -0.835775 0.798830 14.337999 1436.506403
 25.600000 -1.740351 1.156476 21.622319 123.233839
 25.800000 -1.655266 1.198806 22.906045 320.425129
 26.000000 -0.903604 0.981313 16.923119 1384.436103
 26.200000 -1.549239 0.835031 24.804212 206.541650
 26.400000 -1.479548 0.967860 25.601562 73.932026
 26.600000 -0.867541 1.045714 15.565406 1477.841253
 26.800000 -1.335459 1.579282 26.086234 7.229170
 27.000000 -1.808312 1.247685 21.134905 20.105497
 27.200000 -0.910819 0.775515 17.227181 1354.869416
 27.400000 -1.198811 0.215314 24.690012 320.226076
 27.600000 -0.547475 0.068511 2.635132 2499.791782
 27.800000 -0.808626 0.207005 13.352089 1366.317959
 28.000000 -1.011098 0.208662 20.463424 751.009047
 28.200000 -1.617200 0.679687 23.814995 364.314419
 28.400000 -1.102210 1.453517 22.766077 517.632510
 28.600000 -0.713581 1.505758 9.983736 1285.752053
 28.800000 -0.716280 2.030411 10.080346 1276.496649
 29.000000 -0.688670 2.436046 9.070443 1416.914874
 29.200000 -1.191249 2.266570 24.693824 326.056049
 29.400000 -0.529844 1.930884 1.821610 2345.757961
 29.600000 -0.467624 1.584276 -0.000162 0.002639
 29.800000 -0.890848 1.591796 16.554048 1431.484025
 30.000000 -1.505459 1.321570 25.620803 104.086511
 30.200000 -1.026951 -0.002604 21.024673 723.072723
 30.400000 -0.486844 -0.804985 -0.024925 31.056570
 30.600000 -0.519615 -0.562698 1.375015 2229.983317
 30.800000 -1.066212 0.387679 22.035246 611.863253
 31.000000 -1.718946 1.336069 22.063226 217.085855
 31.200000 -1.767103 2.018585 21.493659 91.755670
 31.400000 -1.979336 2.514774 20.737366 0.049277
 31.600000 -2.796180 3.137994 21.066618 463.353014
 31.800000 -2.872700 2.983873 19.066181 889.917792
 32.000000 -2.739881 2.511771 22.061162 194.544772
 32.200000 -2.151655 2.800050 21.312920 30.488982
 32.400000 -2.376212 2.575902 22.508081 51.060421
 32.600000 -2.205770 2.674183 21.591595 22.322383
 32.800000 -2.968391 2.657800 16.018325 1026.871517
 33.000000 3.102649 3.007445 7.138472 3162.187801
 33.200000 -2.715466 2.941497 22.299129 122.043149
 33.400000 -2.481680 2.262511 23.122512 13.439412
 33.600000 -1.723361 2.611506 22.068240 227.729213
 33.800000 -2.273015 2.644591 21.860876 21.141862
 34.000000 -2.716769 2.667398 22.284645 125.100959
 34.200000 -3.066528 3.121452 12.584791 1529.231169
 34.400000 3.037412 2.890315 3.397413 2848.319843
 34.600000 -2.647810 2.698504 22.826674 35.164450
 34.800000 -2.120105 2.701984 21.100015 30.261592
 35.000000 -1.950522 2.560110 20.686536 2.329625
 35.200000 -2.248734 2.441054 21.701812 17.326127
 35.400000 -2.517992 3.056390 23.154006 1.113691
 35.600000 3.126264 2.798980 8.337203 2931.314160
 35.800000 -3.101797 2.665855 11.085991 2032.822660
 36.000000 -2.516284 -3.105216 23.152100 1.385117
 36.200000 -2.594181 2.509782 23.024534 11.643257
 36.400000 -2.410958 2.646186 22.652407 49.959912
 36.600000 -2.052835 2.861316 20.745200 13.506853
 36.800000 -2.577836 2.467329 23.074191 7.030730
 37.000000 -2.562681 2.727016 23.108530 3.480111
 37.200000 -2.956766 2.952934 16.242224 978.210744
 37.400000 3.112358 2.826278 7.540425 3137.821655
 37.600000 -2.895582 2.844800 18.153132 956.078569
 37.800000 -2.526911 2.889743 23.128005 0.136191
 38.000000 -2.304161 2.381508 21.925842 28.248275
 38.200000 -1.986739 2.759072 20.579451 0.000887
 38.400000 -2.435627 2.575931 22.803014 40.737415
 38.600000 -2.637090 2.881117 22.833547 29.036506
 38.800000 -2.884723 2.950416 18.457668 931.784176
 39.000000 3.036159 2.737639 3.229082 2838.210827
 39.200000 -2.530809 3.032565 23.141133 0.025461
 39.400000 -2.529877 2.630162 23.140954 0.050319
 39.600000 -2.455076 2.769319 22.922704 30.003875
 39.800000 -2.311732 2.825285 21.947123 31.337524
 40.000000 -2.493647 2.660449 23.085456 8.202667
 40.200000 -2.398947 2.860437 22.564414 57.646126
 40.400000 -2.538194 2.886301 23.161744 0.194886
 40.600000 -2.838608 2.641596 19.754349 754.435068
 40.800000 3.084346 3.056209 5.905617 3347.505697
 41.000000 2.993289 2.989897 1.102831 1851.155859
 41.200000 -2.317655 2.678294 21.997528 38.000441
 41.400000 -1.869320 2.329359 20.827572 18.870079
 41.600000 -1.898038 2.381859 20.713459 13.103465
 41.800000 -2.428858 2.664175 22.812521 48.179270
 42.000000 2.966244 3.056595 0.021822 551.281721
 42.200000 -3.102311 2.867002 11.054291 2066.845083
 42.400000 -2.703352 2.905598 22.315541 117.266554
 42.600000 -2.840950 2.649755 19.648273 771.708291
 42.800000 -3.028949 2.811938 13.905038 1120.036023
 43.000000 3.022177 2.956443 2.434398 2580.652504
 43.200000 -3.083890 2.876476 11.870803 1740.541087
 43.400000 -2.886569 2.766522 18.291966 925.454892
 43.600000 -2.991229 2.803423 15.103414 940.007495
 43.800000 -3.076449 2.937721 12.175943 1624.588854
 44.000000 2.974294 2.852675 0.284724 1639.035715
 44.200000 -3.073807 2.710077 12.304696 1570.743647
 44.400000 -2.582198 2.867792 23.156916 13.413250
 44.600000 -2.507510 2.670371 23.251149 2.370840
 44.800000 -2.953133 2.644145 16.255087 907.804142
 45.000000 -3.020513 2.975867 14.194334 1034.447963
 45.200000 3.072151 2.844783 5.231569 3424.915569
 45.400000 -2.795112 2.749153 20.797500 523.725521
 45.600000 -2.410465 2.908162 22.762725 65.335016
 45.800000 -2.554964 2.656316 23.261360 4.467057
 46.000000 -2.815672 2.736398 20.300071 647.575774
 46.200000 3.098095 3.137301 6.781029 3424.606901
 46.400000 3.060300 2.836876 4.561864 3361.381924
 46.600000 -2.690371 2.639165 22.483280 101.930698
 46.800000 -2.394132 2.670748 22.641888 73.636020
 47.000000 -2.320572 2.690469 22.044429 49.380609
 47.200000 -2.520573 2.509285 23.349830 0.241677
 47.400000 -2.815999 2.854061 20.300442 648.420457
 47.600000 2.965389 2.957852 -0.013329 145.067951
 47.800000 -2.948637 2.791163 16.421724 886.148220
 48.000000 -2.363043 2.836790 22.389492 73.052526
 48.200000 -2.205688 2.598742 21.413279 27.561073
 48.400000 -2.034716 2.390496 20.449247 9.526352
 48.600000 -2.088051 2.680183 20.697612 34.840551
 48.800000 -2.427341 2.990733 22.961447 61.953322
 49.000000 3.050473 2.798928 4.047042 3290.748064
 49.200000 -3.109323 3.073700 10.944119 2159.354921
 49.400000 -2.741216 2.796856 21.857342 249.899684
 49.600000 -2.615595 2.514683 23.117476 35.874564
 49.800000 -2.219932 2.940600 21.491075 27.030198
 50.000000 -2.273089 2.816581 21.771443 32.104757
 50.200000 -2.557618 2.474537 23.402995 6.653193
 50.400000 -2.299958 2.896566 21.949559 44.063161
 50.600000 -2.396128 2.883790 22.741315 80.887629
 50.800000 -2.711859 2.416327 22.280902 159.437117
 51.000000 -2.932930 2.972366 16.943740 882.725802
 51.200000 3.070864 -3.128227 5.321618 3540.766330
 51.400000 3.110880 2.511198 7.689250 3344.410333
 51.600000 -2.578995 2.876531 23.362562 17.411012
 51.800000 -2.448905 2.899724 23.205665 46.351052
 52.000000 -2.698598 2.466292 22.452886 132.367634
 52.200000 -2.769549 2.841973 21.376941 382.684551
 52.400000 3.000489 2.953259 1.478230 2263.820670
 52.600000 2.985231 2.809988 0.787151 1848.628221
 52.800000 -2.854094 2.980175 19.308511 808.028129
 53.000000 -2.835244 2.827739 19.831868 730.426131
 53.200000 3.018043 2.772099 2.388853 2755.041030
 53.400000 3.118971 3.022174 8.229892 3210.120927
 53.600000 -2.880712 2.629102 18.551212 875.270602
 53.800000 -2.437413 2.760319 23.188423 59.278697
 54.000000 -2.077871 2.682175 20.580487 34.276773
 54.200000 -2.008064 2.471299 20.305598 1.552067
 54.400000 -2.132664 2.167688 20.939293 53.332037
 54.600000 -1.812995 2.920328 20.941266 49.306806
 54.800000 -2.649657 2.725343 23.012220 72.498075
 55.000000 3.039350 2.534445 3.596829 3236.238425
 55.200000 3.031238 3.058766 3.179802 3102.495445
 55.400000 3.056302 2.540461 4.622629 3481.672550
 55.600000 -2.742895 2.705516 21.916142 271.102204
 55.800000 -2.992902 2.904011 15.283187 868.876724
 56.000000 2.966459 2.548528 0.073146 1216.087270
 56.200000 -2.700290 2.877007 22.542945 148.456784
 56.400000 -2.857528 2.685494 19.293383 815.323898
 56.600000 3.080879 2.583032 6.144347 3567.944013
 56.800000 3.134775 -3.120088 9.237432 2871.834663
 57.000000 -3.076240 2.835141 12.565723 1491.000205
 57.200000 -2.707704 2.652202 22.473552 165.533805
 57.400000 -2.454008 2.918901 23.418717 45.374797
 57.600000 -2.532592 2.579116 23.675726 0.217502
 57.800000 -2.431892 2.586164 23.253416 66.172815
 58.000000 -2.190782 2.815339 21.355855 49.020585
 58.200000 -2.464420 2.513385 23.518084 35.561838
 58.400000 -2.578473 2.618991 23.593315 19.508741
 58.600000 -2.930854 2.940741 17.175959 885.733711
 58.800000 2.938560 2.761240 -0.000379 0.009190
 59.000000 -2.354742 2.812317 22.578079 84.242196
 59.200000 -1.772930 2.399049 21.156061 117.782404
 59.400000 -1.878943 1.756998 20.489410 12.916290
 59.600000 -1.633895 1.555873 23.803993 566.414487
 59.800000 -1.624751 0.919277 24.020473 552.967682
 60.000000 -0.956025 0.515730 18.746313 1103.556838
 60.200000 -0.908886 0.674786 17.072864 1337.327335
 60.400000 -1.272617 0.932186 25.714327 26.210861
 60.600000 -1.854143 1.108438 20.571000 18.314651
 60.800000 -1.178206 1.242522 24.696107 300.144353
 61.000000 -1.594695 1.092853 24.683308 446.334666
 61.200000 -1.032924 0.894239 21.082652 858.729262
 61.400000 -1.505994 0.861842 25.947089 47.732396
 61.600000 -1.053203 0.792583 21.668654 811.110764
 61.800000 -1.574642 1.135364 25.071193 339.661801
 62.000000 -1.221934 1.088198 25.296482 121.915548
 62.200000 -1.352041 0.580651 25.917629 4.724083
 62.400000 -0.998699 0.599385 20.030776 951.579037
 62.600000 -1.688043 1.137079 22.515717 474.382814
 62.800000 -1.424831 1.387874 26.076546 2.777801
 63.000000 -0.652204 0.835642 7.229765 1432.202536
 63.200000 -1.791623 1.023506 20.903399 78.511966
 63.400000 -2.026349 1.013166 20.268241 7.067239
 63.600000 -1.219831 0.422359 25.247923 128.964062
 63.800000 -1.203694 0.690073 25.046015 187.172326
 64.000000 -1.676437 0.995681 22.767010 519.836542
 64.200000 -1.344889 1.260157 25.886191 4.818073
 64.400000 -1.070480 0.869290 22.107247 777.498134
 64.600000 -1.768451 0.896469 21.128363 137.404346
 64.800000 -1.580541 0.967376 24.946809 368.219844
 65.000000 -1.084189 0.991003 22.484425 735.520586
 65.200000 -1.904772 1.030661 20.328134 7.354772
 65.400000 -1.585670 0.911228 24.845636 392.650070
 65.600000 -1.256834 0.840141 25.562176 44.517949
 65.800000 -1.429435 0.969584 26.062527 2.149687
 66.000000 -0.980832 1.084091 19.410538 1029.900521
 66.200000 -1.420791 1.088571 26.044917 3.130753
 66.400000 -1.318996 0.695887 25.821489 6.255618
 66.600000 -1.010289 0.622386 20.319259 946.662324
 66.800000 -1.574966 1.085465 25.048080 333.139044
 67.000000 -1.373803 1.115837 25.943684 5.018947
 67.200000 -1.228393 0.794317 25.333034 104.879850
 67.400000 -1.345793 0.727389 25.892321 4.519841
 67.600000 -1.367451 1.016738 25.938427 4.650729
 67.800000 -1.267575 1.012803 25.638500 31.561054
 68.000000 -1.584667 0.826274 24.865169 383.132636
 68.200000 -1.391398 0.913677 26.009337 4.275100
 68.400000 -1.314779 0.979441 25.843780 6.978580
 68.600000 -1.502605 0.885963 25.939204 39.721450
 68.800000 -1.183722 0.812164 24.742225 282.823475
 69.000000 -1.345026 0.955533 25.913109 4.355203
 69.200000 -1.476217 1.165887 26.067918 7.941751
 69.400000 -1.282899 0.849305 25.763321 20.116369
 69.600000 -1.420213 1.003585 26.085243 1.947238
 69.800000 -1.247115 1.017420 25.542819 65.624018
 70.000000 -1.096668 0.896138 22.801554 718.565972
 70.200000 -1.736876 0.847357 21.568419 272.266891
 70.400000 -1.725229 0.910204 21.769603 325.236703
 70.600000 -0.980061 0.904238 19.297576 1073.254088
 70.800000 -1.835087 1.394773 20.547108 30.306572
 71.000000 -1.745126 1.150442 21.436879 236.735574
 71.200000 -0.780703 0.682368 11.761945 1522.158380
 71.400000 -1.553407 0.676996 25.427543 223.877690
 71.600000 -1.365131 1.152233 26.060814 3.186818
 71.800000 -1.262321 1.163378 25.721915 44.922199
 72.000000 -1.098955 0.909003 22.862825 729.993205
 72.200000 -1.647776 0.696059 23.480030 572.547187
 72.400000 -1.590085 0.829827 24.789607 411.970810
 72.600000 -1.012861 1.024678 20.318805 991.561630
 72.800000 -1.193334 1.139062 24.978012 265.033636
 73.000000 -1.353631 0.753876 26.081757 3.185262
 73.200000 -1.150538 0.450213 24.166496 501.227838
 73.400000 -1.356383 0.801944 26.129294 2.794837
 73.600000 -1.326123 1.287023 26.070393 5.452665
 73.800000 -0.918598 1.175274 17.103719 1351.092155
 74.000000 -1.606430 0.859706 24.461116 484.187572
 74.200000 -1.811211 0.894851 20.693191 63.623145
 74.400000 -1.142819 1.065308 24.008329 553.274161
 74.600000 -1.536291 1.228834 25.709898 151.875069
 74.800000 -1.393396 0.888923 26.225722 1.203863
 75.000000 -0.899966 0.335495 16.389574 1442.446092
 75.200000 -0.766271 0.061757 11.081557 1493.148838
 75.400000 -0.624413 -0.463771 5.792770 1489.611718
 75.600000 -0.630206 -0.306875 6.015438 1465.598837
 75.800000 -0.554641 -0.179247 2.974907 1733.853296
 76.000000 -1.300116 0.652056 26.090906 14.126689
 76.200000 -1.128908 1.402826 23.703815 644.329660
 76.400000 -0.557824 1.489610 3.098090 1720.353737
 76.600000 -0.884310 2.348538 15.751380 1522.667451
 76.800000 -0.870569 2.408320 15.211141 1566.840813
 77.000000 -0.599846 2.109145 4.813061 1588.683060
 77.200000 -0.668273 1.558638 7.401183 1338.442024
 77.400000 -1.585214 0.992978 24.972239 387.442373
 77.600000 -1.729669 0.238158 21.761445 334.734898
 77.800000 -2.020648 0.021798 20.042177 3.385306
 78.000000 -1.884563 0.466708 20.256723 15.793076
 78.200000 -0.680294 1.162928 7.823678 1317.412326
 78.400000 -0.492455 1.747306 0.444841 1558.437311
 78.600000 -1.028880 2.475167 20.821102 999.372617
 78.800000 -2.060665 2.448407 20.153430 21.883040
 79.000000 2.955183 2.659912 0.006494 496.295678
 79.200000 -3.029486 -2.990135 14.347290 929.443114
 79.400000 -2.897545 2.427317 18.298116 904.909133
 79.600000 -2.661349 2.283011 23.184392 114.435387
 79.800000 -1.985388 -3.131507 19.983346 0.201132
 80.000000 -2.178658 2.636789 21.043527 86.616623
 80.200000 -2.740532 2.115187 22.110581 276.709855
 80.400000 -2.611173 3.044129 23.632745 53.995938
 80.600000 2.991244 2.975147 1.663056 2614.843980
 80.800000 -2.871592 2.667643 19.061704 844.604444
 81.000000 -2.002526 2.805739 19.967641 0.285013
 81.200000 -2.164836 2.230946 20.881462 86.354046
 81.400000 -2.044937 2.370617 20.034065 12.134614
 81.600000 -2.125649 2.722599 20.532277 69.836378
 81.800000 -2.437776 2.892157 23.490663 72.929719
 82.000000 -3.113751 2.443591 11.367573 1783.302740
 82.200000 -2.568710 -3.014252 23.871393 13.120494
 82.400000 -3.023304 2.581596 14.519594 909.129602
 82.600000 -2.734292 2.643119 22.204160 261.991906
 82.800000 -2.447475 2.999736 23.564692 64.035037
 83.000000 3.070138 2.674236 6.201296 3520.937664
 83.200000 -2.535184 3.071923 23.936429 0.005045
 83.400000 -2.954187 2.773889 16.569607 895.724258
 83.600000 -3.031986 2.699435 14.254866 936.769741
 83.800000 -2.871733 -3.114006 19.041829 842.256992
 84.000000 3.036948 2.787867 4.226040 3490.828988
 84.200000 -2.732352 3.009800 22.245482 259.932353
 84.400000 -3.120407 2.835586 11.080035 1896.758428
 84.600000 3.100050 2.959660 7.937828 3139.574538
 84.800000 -2.749272 2.864493 21.959667 312.700660
 85.000000 -2.712080 2.504086 22.554829 208.226033
 85.200000 -2.577487 3.011569 23.850625 17.295350
 85.400000 -2.854404 2.806450 19.549838 782.924665
 85.600000 3.027284 2.630316 3.666224 3383.397829
 85.800000 -2.861583 3.042641 19.347180 810.431544
 86.000000 -2.880915 2.800223 18.786196 870.310413
 86.200000 -2.711056 2.525555 22.600811 205.666690
 86.400000 -2.364390 3.028336 22.726037 104.980930
 86.600000 -2.344151 2.784018 22.520340 101.202177
 86.800000 -2.989262 2.431728 15.547960 874.961046
 87.000000 -2.946236 3.082821 16.830489 907.586604
 87.200000 2.846590 2.890689 -0.000000 0.000000
 87.400000 -2.565761 2.590815 23.903147 7.637257
 87.600000 -1.861227 2.328068 20.301371 37.636221
 87.800000 -2.159982 2.215117 20.752040 88.490717
 88.000000 -2.205844 2.795332 21.190910 91.820715
 88.200000 -2.801609 2.934445 20.962252 538.018883
 88.400000 3.014538 2.725890 2.949065 3185.152038
 88.600000 -1.907424 2.914493 20.057641 17.892739
 88.800000 -1.910367 2.102467 20.045351 16.996295
 89.000000 -2.634307 1.313874 23.513528 73.933837
 89.200000 -2.020182 1.228922 19.853088 2.499144
 89.400000 -0.335367 0.542656 -0.000000 0.000000
 89.600000 -1.072135 0.247260 22.157582 946.772061
 89.800000 -1.129769 0.247466 23.832984 724.982319
 90.000000 -1.552872 0.798082 25.620082 236.090717
 90.200000 -0.811236 1.399514 12.530465 1657.118619
 90.400000 -0.406667 1.808662 -0.000000 0.000000
 90.600000 -1.307850 1.940408 26.574834 13.967959
 90.800000 -2.347731 2.027021 22.522837 103.088009
 91.000000 3.102164 -3.056687 8.089013 3106.083340
 91.200000 -2.929557 -3.033835 17.405284 931.888360
 91.400000 -2.574547 2.450300 23.899943 9.773470
 91.600000 -1.880781 2.368427 20.167042 30.237846
 91.800000 -1.810641 2.551499 20.696790 103.815755
 92.000000 -2.435200 2.617827 23.396375 82.957950
 92.200000 2.985426 2.974243 1.402021 2497.441084
 92.400000 2.979453 2.980789 1.108610 2329.294894
 92.600000 -2.292891 2.597332 21.970961 91.453774
 92.800000 -1.539590 1.904545 25.811269 185.692222
 93.000000 -0.582045 0.934237 3.995726 1500.330394
 93.200000 -1.784148 0.471324 21.007040 167.384404
 93.400000 -2.094280 0.114898 20.127403 47.320935
 93.600000 -1.952497 0.303721 19.866690 7.235700
 93.800000 -1.405698 0.835636 26.671605 2.652102
 94.000000 -1.561060 1.866824 25.486916 271.441455
 94.200000 -2.224670 2.850891 21.304107 94.659465
 94.400000 2.827616 2.998172 -0.000000 0.000000
 94.600000 -2.524177 2.946176 23.924912 5.215943
 94.800000 -1.758215 2.120660 21.383976 250.932325
 95.000000 -1.697002 1.369187 22.551955 478.580241
 95.200000 -0.870442 0.033681 14.875410 1683.394590
 95.400000 -0.423327 -0.765511 -0.000000 0.000000
 95.600000 1.223898 -1.559629 -0.000000 0.000000
