#! FIELDS time phi psi ves.bias ves.force2
#! SET min_phi -pi
#! SET max_phi pi
#! SET min_psi -pi
#! SET max_psi pi
 0.000000 -1.498385 0.273949 25.037724 141.910265
 0.200000 -0.735672 0.919926 8.664784 1740.632273
 0.400000 -1.393541 2.077528 25.934000 15.970993
 0.600000 -2.297356 2.536500 23.530604 39.634039
 0.800000 2.979057 2.978560 1.719209 2354.752996
 1.000000 -3.002036 3.002664 16.292768 1248.442106
 1.200000 -2.687921 2.678407 23.766148 88.146321
 1.400000 -2.273402 2.747507 23.480786 34.753722
 1.600000 -2.007995 2.357257 21.581228 17.881747
 1.800000 -1.906260 2.248384 21.219650 8.097264
 2.000000 -1.847345 2.657473 21.116818 0.044015
 2.200000 -2.408670 2.685637 24.000577 13.684709
 2.400000 3.046072 2.964203 5.517911 3214.346698
 2.600000 2.975970 2.979046 1.737584 2343.906663
 2.800000 -2.435548 2.741336 24.106383 17.059695
 3.000000 -1.886130 2.077952 21.351037 2.525707
 3.200000 -1.415380 2.546402 25.859342 43.807244
 3.400000 -2.212748 2.312495 23.218889 63.526371
 3.600000 -2.692037 2.754088 23.668113 114.971137
 3.800000 3.075062 2.979994 7.228201 3043.012836
 4.000000 -3.122534 2.934066 11.528031 2004.584350
 4.200000 -2.571638 2.659692 24.507013 4.013083
 4.400000 -2.069155 2.605229 22.007713 40.353146
 4.600000 -1.819102 2.608192 21.467468 1.067034
 4.800000 -2.091127 2.289628 22.161140 57.627597
 5.000000 -2.313077 2.785684 23.746739 7.934034
 5.200000 -2.890149 2.941326 20.109375 810.578400
 5.400000 2.803591 2.757898 -0.000000 0.000000
 5.600000 -2.971418 3.001622 17.448187 1291.732434
 5.800000 3.115332 2.550429 9.468229 2453.593648
 6.000000 -2.814090 2.787407 21.898793 353.946226
 6.200000 -3.022262 2.997216 15.595960 1416.568242
 6.400000 2.961968 2.647593 1.357860 2222.069982
 6.600000 -2.479167 2.793325 24.385895 19.042335
 6.800000 -1.876140 2.693435 21.528896 0.159427
 7.000000 -1.871568 1.993455 21.527299 0.088691
 7.200000 -1.804246 1.903399 21.634016 5.988550
 7.400000 -1.561794 2.098557 24.038352 199.937731
 7.600000 -2.042545 2.504405 21.912208 29.911586
 7.800000 -2.903401 2.858277 19.839175 908.322180
 8.000000 3.058508 -3.093833 6.659837 3066.290449
 8.200000 -2.663336 2.943930 23.871504 96.835833
 8.400000 -2.089182 2.428913 22.239350 71.406032
 8.600000 -1.622449 2.309725 23.212142 174.679498
 8.800000 -1.646627 2.350991 22.902476 152.386176
 9.000000 -2.461090 2.499655 24.309475 23.702793
 9.200000 3.095789 -3.138131 8.785829 2554.193730
 9.400000 -3.112926 2.998154 12.163091 1672.039124
 9.600000 -2.497667 2.608605 24.474019 12.879904
 9.800000 -2.085525 2.644104 22.214754 70.875012
 10.000000 -2.022896 2.698292 21.819815 16.502554
 10.200000 -2.463315 2.531925 24.325769 24.639346
 10.400000 -2.624013 2.882005 24.206112 63.321774
 10.600000 2.983161 2.876549 2.685871 2820.754082
 10.800000 2.994632 3.031010 3.304505 2989.193173
 11.000000 -2.829265 2.756537 21.753850 355.153214
 11.200000 -2.625644 2.743905 24.190401 68.556233
 11.400000 -2.712003 2.803261 23.332283 115.678256
 11.600000 3.036139 2.732172 5.728286 3160.361801
 11.800000 3.015777 3.079095 4.579442 3179.944231
 12.000000 -2.960649 2.885199 18.036632 1334.520822
 12.200000 -2.985247 2.538480 17.143637 1429.510907
 12.400000 -3.027542 -3.137838 15.534267 1446.500908
 12.600000 2.948628 2.816424 1.119767 2202.644621
 12.800000 -2.923045 2.733550 19.378947 1089.954566
 13.000000 -2.332936 2.792121 23.844099 3.999461
 13.200000 -2.453677 2.569939 24.321014 29.440772
 13.400000 -2.523393 2.738725 24.610697 3.345852
 13.600000 -2.818657 2.833692 22.021450 274.965497
 13.800000 2.976458 2.940613 2.600989 2823.269033
 14.000000 -3.113301 2.816241 12.310781 1585.238688
 14.200000 -2.627582 2.874810 24.270044 74.814295
 14.400000 -2.546522 2.532795 24.659076 0.161460
 14.600000 -2.242413 2.944412 23.607748 26.996650
 14.800000 -2.580216 2.494175 24.581684 17.604418
 15.000000 2.930539 2.829810 0.431413 2004.005400
 15.200000 -3.009256 3.060985 16.468283 1487.458068
 15.400000 -2.774208 2.764206 22.692903 156.784318
 15.600000 -2.209867 2.522453 23.418647 58.401052
 15.800000 -1.599209 2.842251 23.497909 151.143748
 16.000000 -2.118726 2.297325 22.560489 92.847240
 16.200000 -2.135820 2.576755 22.730078 102.467622
 16.400000 -2.413053 3.013853 24.174742 24.061660
 16.600000 3.026979 2.467224 5.641193 3174.790528
 16.800000 -3.054563 2.866006 14.786303 1489.384070
 17.000000 -2.767291 2.998813 22.796158 151.472292
 17.200000 -2.748719 2.385764 23.040911 145.823178
 17.400000 -2.102055 2.788965 22.428299 81.564191
 17.600000 -1.901720 2.770246 21.802879 0.196188
 17.800000 -2.100790 2.179636 22.416913 80.434777
 18.000000 -2.090714 2.671998 22.329242 70.898680
 18.200000 -2.131502 2.794672 22.754727 97.235493
 18.400000 -2.503726 2.615697 24.745118 21.105740
 18.600000 -2.451652 2.713070 24.444070 39.235321
 18.800000 -2.606871 2.975141 24.649837 50.687326
 19.000000 -3.055606 2.484826 14.876183 1494.634816
 19.200000 -2.861167 2.982141 21.396361 442.355499
 19.400000 -2.994678 3.108159 17.272592 1439.896011
 19.600000 -3.133640 2.558262 11.844749 1723.033257
 19.800000 -2.539876 3.019680 24.910889 0.933274
 20.000000 -2.596985 2.605295 24.762360 38.126404
 20.200000 -2.658942 2.629685 24.229928 133.990083
 20.400000 -3.020647 2.866389 16.346258 1492.505796
 20.600000 2.999005 2.844105 4.238086 3218.764157
 20.800000 -2.664597 2.748017 24.163792 139.384363
 21.000000 -2.087352 2.762908 22.467148 64.817414
 21.200000 -1.855567 2.320235 21.770410 0.081509
 21.400000 -1.634893 2.337750 22.944324 107.935550
 21.600000 -1.849273 2.472517 21.772823 0.233231
 21.800000 -2.425744 2.755010 24.450824 39.140724
 22.000000 3.090795 2.704526 9.288825 2443.074479
 22.200000 -2.885834 3.087287 20.945412 603.470224
 22.400000 -2.438210 2.665046 24.576898 43.440268
 22.600000 -2.029231 2.480005 22.176573 28.705605
 22.800000 -1.777915 2.556350 21.904189 12.492929
 23.000000 -1.424266 2.595986 25.022158 21.668458
 23.200000 -2.162291 2.349300 23.224246 64.958567
 23.400000 -2.192608 2.704678 23.455711 50.680098
 23.600000 -2.790215 2.896800 22.723883 191.415015
 23.800000 2.922274 2.724136 0.348817 2111.689051
 24.000000 -2.246458 3.110480 23.774908 22.068871
 24.200000 -1.705796 2.342176 22.267594 47.315138
 24.400000 -1.572385 1.482986 23.529353 128.528893
 24.600000 -0.823723 0.293104 11.020229 1537.665630
 24.800000 -0.486223 -0.899311 -0.000000 0.000000
 25.000000 -0.882504 -0.284097 13.293091 1477.812563
 25.200000 -1.369938 0.633225 24.970155 6.054645
 25.400000 -1.513286 1.768478 24.174096 118.380765
 25.600000 -1.226516 2.223085 23.435256 287.639619
 25.800000 -0.649283 2.224659 3.380653 2020.499351
 26.000000 -1.431554 2.164351 24.876702 27.284870
 26.200000 -1.884505 1.558066 21.827021 2.257295
 26.400000 -1.429694 1.222302 24.867921 24.011867
 26.600000 -1.066805 0.592877 19.809438 866.479128
 26.800000 -0.814614 0.084928 10.577909 1562.912064
 27.000000 -0.645480 0.023998 3.177965 1980.490366
 27.200000 -0.801460 0.087244 10.031770 1613.579521
 27.400000 -0.752068 0.014087 7.973360 1875.766132
 27.600000 -0.825943 0.303355 11.001289 1529.100324
 27.800000 -0.923880 0.261264 14.760223 1454.515948
 28.000000 -1.062390 0.428688 19.644608 896.414237
 28.200000 -1.147691 0.852639 21.809781 480.224924
 28.400000 -1.606752 1.198536 23.103622 110.342857
 28.600000 -0.953089 1.107789 15.845918 1407.009122
 28.800000 -0.331876 0.551219 -0.000000 0.000000
 29.000000 -1.148377 0.424753 21.824798 477.907396
 29.200000 -1.381407 0.577485 24.893184 2.563785
 29.400000 -0.929479 1.158666 14.942085 1419.417200
 29.600000 -1.334126 1.273752 24.673183 57.807770
 29.800000 -0.979991 0.884211 16.820930 1324.736669
 30.000000 -1.498631 0.648321 24.293010 103.397938
 30.200000 -1.055188 0.685177 19.349375 940.008306
 30.400000 -1.081409 1.203051 20.119334 786.930234
 30.600000 -0.779127 1.208440 9.141788 1727.841589
 30.800000 -1.542264 1.176460 23.805748 130.975234
 31.000000 -1.109201 0.668816 20.860580 640.931772
 31.200000 -1.097204 0.545227 20.539764 703.610412
 31.400000 -0.612575 0.430207 1.714709 1650.571237
 31.600000 -1.719944 0.616228 22.151121 31.727082
 31.800000 -1.444936 0.985451 24.742944 37.831657
 32.000000 -0.826239 1.159138 11.045617 1508.877329
 32.200000 -1.194345 1.552400 22.719892 358.160009
 32.400000 -1.176772 1.132592 22.377553 402.013273
 32.600000 -1.356505 0.670462 24.821723 23.575093
 32.800000 -0.943123 0.455952 15.451409 1367.873164
 33.000000 -1.160875 0.869215 22.050156 447.544711
 33.200000 -1.229335 1.122166 23.370861 282.920519
 33.400000 -1.011520 0.841956 17.912241 1173.335764
 33.600000 -1.484990 0.885263 24.425631 92.484148
 33.800000 -1.151698 1.014112 21.871194 484.031707
 34.000000 -1.214962 1.153248 23.122558 314.242354
 34.200000 -1.371028 1.015067 24.914303 6.828899
 34.400000 -1.175984 0.681074 22.424113 414.916183
 34.600000 -0.881728 0.638016 13.201468 1379.863054
 34.800000 -1.409677 0.895656 24.917511 5.773565
 35.000000 -1.310530 1.185552 24.525350 99.827908
 35.200000 -1.038171 1.244611 18.822122 1065.295527
 35.400000 -1.352155 1.007342 24.875604 23.558636
 35.600000 -1.234805 0.517710 23.560586 268.396510
 35.800000 -0.580500 0.441403 0.458363 1280.680514
 36.000000 -1.558223 1.135063 23.628005 136.532348
 36.200000 -1.128954 0.979688 21.467368 610.969942
 36.400000 -0.919394 0.755239 14.623051 1344.920035
 36.600000 -1.393598 0.842397 24.997074 0.467473
 36.800000 -1.204365 0.866257 23.090552 344.819962
 37.000000 -1.150763 1.079451 21.985135 519.196444
 37.200000 -1.121757 1.087298 21.341156 661.965190
 37.400000 -1.074432 0.959736 20.017915 909.481360
 37.600000 -1.620466 0.940269 22.940969 109.563330
 37.800000 -0.845217 0.781378 11.895079 1443.866564
 38.000000 -1.545614 1.056265 23.800852 143.761765
 38.200000 -1.385577 1.028733 25.073912 0.012741
 38.400000 -0.740930 0.628590 7.562126 2113.413121
 38.600000 -0.591818 -0.035833 0.823778 1361.965482
 38.800000 -0.748015 -0.349606 7.885981 2064.721512
 39.000000 -0.513905 -0.695340 -0.000002 0.000000
 39.200000 -0.500898 -0.032998 -0.000000 0.000000
 39.400000 -1.014044 0.809439 18.104067 1227.723027
 39.600000 -1.226829 1.258426 23.717721 277.873275
 39.800000 -1.030229 1.015117 18.664605 1168.973029
 40.000000 -1.366969 0.512171 25.093025 3.970841
 40.200000 -1.459072 0.777979 24.802291 68.689701
 40.400000 -0.878632 1.375676 13.208234 1358.083632
 40.600000 -0.891575 2.038696 13.683753 1343.158638
 40.800000 -1.154932 2.444548 22.366295 547.815409
 41.000000 -2.425184 2.732414 24.543337 54.953637
 41.200000 3.067272 2.880696 8.045107 2864.849066
 41.400000 -3.076446 3.046136 14.448712 1588.493567
 41.600000 -2.640980 2.540083 24.603848 98.739714
 41.800000 -2.227926 2.491459 23.510310 15.980317
 42.000000 -1.824148 2.802838 21.660723 0.931840
 42.200000 -1.992725 2.404408 22.103270 32.041562
 42.400000 -2.118499 2.438294 22.915978 41.149858
 42.600000 -2.191437 2.740557 23.327998 22.566464
 42.800000 -2.756042 2.830142 23.169190 190.543893
 43.000000 3.055938 2.802654 7.412322 2970.127337
 43.200000 3.114150 2.983737 10.390140 2316.016890
 43.400000 -3.041019 2.642385 15.792953 1455.263121
 43.600000 -2.602156 2.828744 24.889161 41.222581
 43.800000 -3.037159 2.834100 15.939855 1441.806210
 44.000000 3.038494 2.782859 6.433512 3083.206257
 44.200000 -3.002090 3.047979 17.231708 1307.048918
 44.400000 3.111985 2.688566 10.274493 2341.200759
 44.600000 -2.767193 2.917510 22.988250 199.533920
 44.800000 -2.577193 2.857462 24.995745 13.323419
 45.000000 -2.833095 2.515066 21.941689 335.269097
 45.200000 -2.430298 2.985504 24.464733 57.734367
 45.400000 -2.645530 2.599750 24.496470 100.687493
 45.600000 -2.868612 2.682482 21.223583 491.044474
 45.800000 -2.854878 3.014801 21.516855 422.954545
 46.000000 3.051778 2.849880 7.148851 2993.477548
 46.200000 -2.792603 2.876670 22.617630 231.250196
 46.400000 -2.589880 2.836962 24.920260 24.401089
 46.600000 -2.420841 2.651918 24.372898 58.649796
 46.800000 -2.251549 2.761298 23.499413 10.698210
 47.000000 -2.312898 2.683577 23.714719 16.982097
 47.200000 -2.521064 2.659046 24.982122 7.812562
 47.400000 -3.046414 2.702457 15.584003 1485.496199
 47.600000 -3.095359 2.988346 13.635954 1699.812973
 47.800000 -2.961155 2.838905 18.664314 1089.895983
 48.000000 -2.165653 2.748438 23.140677 25.698619
 48.200000 -1.953950 2.311978 21.819721 24.688964
 48.400000 -1.535477 2.532326 24.080550 171.792534
 48.600000 -2.185006 2.535033 23.219628 20.170621
 48.800000 -2.705908 2.897865 23.811741 154.617978
 49.000000 -3.110560 -3.131011 13.002963 1802.077643
 49.200000 3.132645 2.773161 11.233022 2147.130316
 49.400000 -2.380644 2.753823 24.055073 46.408341
 49.600000 -2.031224 2.669589 22.270579 44.168489
 49.800000 -1.733288 2.316690 21.792427 41.955826
 50.000000 -1.858339 2.541669 21.494581 1.595479
 50.200000 -2.296495 2.559911 23.609372 14.400569
 50.400000 -2.586984 3.032046 24.926152 18.788163
 50.600000 2.995991 2.847692 4.042082 2982.666227
 50.800000 3.130021 2.809187 11.111146 2178.384278
 51.000000 -2.640778 3.007004 24.548738 87.551983
 51.200000 -2.740065 2.780701 23.390833 176.099346
 51.400000 -2.742588 2.781709 23.357277 177.799169
 51.600000 -2.943253 3.022138 19.279289 963.557844
 51.800000 -2.879100 2.965603 21.026111 542.073357
 52.000000 -3.057785 2.611914 15.177026 1550.742727
 52.200000 -2.458027 2.915948 24.613279 53.149639
 52.400000 -2.388482 2.699656 24.089842 49.419604
 52.600000 -2.604538 2.485807 24.849522 35.402169
 52.800000 -2.196555 2.870037 23.236082 17.743106
 53.000000 -2.715574 2.702971 23.729233 161.673315
 53.200000 3.059003 2.689882 7.512007 2931.568945
 53.400000 -2.647591 -2.816578 24.527005 93.445609
 53.600000 -3.128354 2.384832 12.254449 1987.072775
 53.800000 -2.366266 2.676779 23.945873 39.813251
 54.000000 -1.855010 2.897416 21.444665 2.112485
 54.200000 -1.930431 2.518544 21.667550 20.495940
 54.400000 -2.221517 2.206722 23.323401 14.191522
 54.600000 -2.349997 2.827043 23.851053 32.953818
 54.800000 -2.715980 2.977503 23.764069 163.772381
 55.000000 3.133005 2.906839 11.265392 2196.493557
 55.200000 -2.757245 3.004424 23.229869 196.987225
 55.400000 -2.994914 2.529853 17.618383 1271.824805
 55.600000 -2.517020 2.900150 24.982852 13.633796
 55.800000 -2.823601 2.964365 22.198054 309.760945
 56.000000 3.116693 2.619504 10.491014 2372.021001
 56.200000 -2.891389 3.038978 20.799380 608.729457
 56.400000 -2.722068 2.766462 23.735824 169.944876
 56.600000 -2.656702 2.529922 24.504902 101.823296
 56.800000 -2.378506 2.980914 24.043013 46.607064
 57.000000 -2.542992 2.691692 25.058213 1.442137
 57.200000 -2.794131 2.537839 22.742574 251.200571
 57.400000 -2.687965 2.978041 24.198244 138.169255
 57.600000 -2.883547 2.676106 21.010614 567.481588
 57.800000 -2.798227 2.798206 22.677174 258.715216
 58.000000 -2.633108 2.903287 24.754473 66.464215
 58.200000 -2.977942 2.524955 18.269787 1174.960218
 58.400000 -2.484593 3.019637 24.850393 40.684471
 58.600000 -2.452660 2.752031 24.623453 58.535088
 58.800000 -2.311747 2.499816 23.676917 20.846146
 59.000000 -2.140891 2.759223 22.930060 33.771852
 59.200000 -2.620589 2.884652 24.919254 43.529005
 59.400000 -3.125350 2.602381 12.446873 2027.929667
 59.600000 3.099688 2.986195 9.661282 2589.596141
 59.800000 -2.873953 2.871631 21.298687 532.872175
 60.000000 -2.823300 2.611975 22.336636 329.722193
 60.200000 -2.115706 3.008242 22.760909 41.774197
 60.400000 -2.290225 2.544828 23.598509 17.916127
 60.600000 -2.337499 2.437363 23.826418 30.754547
 60.800000 -2.236436 3.018711 23.383599 16.016975
 61.000000 -2.549650 2.784249 25.148076 1.117671
 61.200000 -3.025318 2.542495 16.619585 1446.840270
 61.400000 3.098482 2.972263 9.611733 2626.439340
 61.600000 3.026884 2.980114 5.745888 3081.404091
 61.800000 -2.967963 2.785969 18.679444 1124.680547
 62.000000 -2.266024 3.061117 23.515352 16.845753
 62.200000 -2.118685 2.415947 22.766436 43.757693
 62.400000 -2.166046 2.441247 23.057734 31.721521
 62.600000 -2.317225 2.986941 23.763857 26.154257
 62.800000 3.117401 2.901857 10.575627 2441.729639
 63.000000 3.078135 2.987328 8.558543 2830.282212
 63.200000 3.088941 3.016621 9.141411 2733.447252
 63.400000 -2.457415 2.767032 24.758647 55.916932
 63.600000 -1.928961 2.363320 21.526651 21.751197
 63.800000 -1.650803 2.011308 22.269666 153.062566
 64.000000 -1.688762 2.327458 21.849293 93.645050
 64.200000 -2.326243 2.624342 23.865496 28.884947
 64.400000 3.087775 3.103261 9.095303 2747.173062
 64.600000 3.140661 2.968823 11.728477 2218.939311
 64.800000 -2.767129 2.783743 23.473967 224.495904
 65.000000 -2.320802 2.639547 23.836646 27.377572
 65.200000 -1.675131 2.738314 21.948238 114.682365
 65.400000 -2.101592 2.203441 22.641585 54.301768
 65.600000 -1.844827 2.421418 21.226532 1.726638
 65.800000 -1.815638 2.674059 21.210482 0.065992
 66.000000 -2.044731 2.641795 22.216604 54.673443
 66.200000 -2.384908 2.492490 24.288572 49.392302
 66.400000 -2.282191 2.980612 23.698386 22.671645
 66.600000 -2.949222 2.582417 19.404632 1027.743987
 66.800000 2.961488 2.904204 2.297369 2470.103910
 67.000000 -2.722697 -3.004291 24.167969 160.228013
 67.200000 -2.263527 2.660229 23.634957 23.562857
 67.400000 -1.722402 1.943158 21.496115 46.679007
 67.600000 -1.134946 1.414059 22.365456 834.622194
 67.800000 -0.823848 0.692083 11.042611 1558.599858
 68.000000 -1.833428 0.582354 21.192673 0.629771
 68.200000 -1.588554 0.566834 23.029718 218.885272
 68.400000 -0.730768 1.259641 6.832363 2489.071207
 68.600000 -0.805900 2.241743 10.295591 1728.885215
 68.800000 -1.057480 2.720405 19.710014 1440.339564
 69.000000 -0.624745 2.045757 1.660806 1828.407499
 69.200000 -0.585469 1.166376 0.103779 1144.689349
 69.400000 -1.034805 0.467442 18.818045 1513.896827
 69.600000 -1.312134 0.515970 25.014177 16.000668
 69.800000 -0.763788 0.854917 8.418231 2198.007865
 70.000000 -1.546735 1.502316 23.629990 207.517082
 70.200000 -1.498574 1.215955 24.254507 142.084797
 70.400000 -0.754961 0.515888 7.988855 2297.865532
 70.600000 -0.662158 -0.248763 3.339063 2377.538971
 70.800000 -0.632987 -0.643674 1.975751 1967.036749
 71.000000 -0.591999 -0.157816 0.325626 1429.673110
 71.200000 -1.613670 0.944958 22.619818 198.105062
 71.400000 -1.573364 1.413969 23.207458 219.538079
 71.600000 -0.617756 0.964932 1.308634 1704.638725
 71.800000 -1.408640 0.965367 24.975018 17.486002
 72.000000 -1.506993 0.934557 24.136859 155.882025
 72.200000 -0.990953 0.831234 17.067120 1476.483284
 72.400000 -1.414471 0.830339 24.935490 21.964686
 72.600000 -1.524263 0.817651 23.902070 180.907380
 72.800000 -0.917345 0.936213 14.366360 1234.395680
 73.000000 -1.223608 1.148819 24.214119 200.269207
 73.200000 -1.409273 1.159874 24.948162 17.657370
 73.400000 -1.356386 0.762057 25.051294 0.053207
 73.600000 -1.093044 0.852189 20.955174 1231.215517
 73.800000 -0.980907 0.876118 16.674271 1445.199897
 74.000000 -1.193136 1.237267 23.706190 360.973989
 74.200000 -1.339232 0.840873 25.030504 2.519867
 74.400000 -1.067768 0.496570 20.035756 1413.107064
 74.600000 -0.901106 0.542499 13.783552 1215.102940
 74.800000 -0.843407 0.611715 11.727414 1394.155097
 75.000000 -1.699405 0.934480 21.599862 74.464016
 75.200000 -1.600892 1.016232 22.773975 209.516419
 75.400000 -0.517941 0.916485 -0.000000 0.000000
 75.600000 -0.737134 1.331201 7.084042 2489.414403
 75.800000 -1.220767 1.809840 24.171717 208.805344
 76.000000 -1.598950 2.159928 22.802130 210.890331
 76.200000 -2.271838 2.716333 23.819372 34.422385
 76.400000 2.953993 2.889108 2.005760 2309.947750
 76.600000 3.076850 3.002558 8.593795 2860.841404
 76.800000 -2.661852 2.870617 25.017107 60.529650
 77.000000 -2.169201 2.602978 23.159030 52.797848
 77.200000 -1.798179 2.473019 21.083206 2.496023
 77.400000 -1.741531 2.272361 21.280451 30.228359
 77.600000 -1.908450 2.492630 21.247347 17.767392
 77.800000 -2.701343 2.621711 24.662350 114.047019
 78.000000 -3.084151 -3.121366 14.450879 1807.702101
 78.200000 -3.110373 2.824960 13.309607 1995.600775
 78.400000 -2.916702 2.679396 20.534684 854.572293
 78.600000 -2.549909 2.968881 25.371288 2.218986
 78.800000 -2.552287 2.633489 25.374625 1.734759
 79.000000 -2.450073 2.587753 24.946550 37.112404
 79.200000 -2.472112 2.730125 25.084134 30.639469
 79.400000 -2.795482 2.597847 23.359371 310.828996
 79.600000 2.998601 2.821148 4.323980 2915.507124
 79.800000 2.963541 3.072269 2.496779 2471.014225
 80.000000 -2.833575 2.647965 22.625568 439.671944
 80.200000 -1.832432 2.719440 21.037630 0.084003
 80.400000 -1.591463 2.384530 22.881737 215.109305
 80.600000 -2.143339 2.307860 22.953523 66.389892
 80.800000 -2.614420 2.837592 25.321022 13.490931
 81.000000 2.943314 3.075276 1.542170 2103.411247
 81.200000 -2.858249 2.805778 22.100230 547.018522
 81.400000 -2.071446 2.687509 22.332407 75.810746
 81.600000 -1.803155 2.489215 21.048219 2.132933
 81.800000 -1.902767 2.264295 21.174994 14.351877
 82.000000 -2.294598 2.387467 24.012564 37.557560
 82.200000 -2.487185 2.987688 25.194887 24.120630
 82.400000 2.948883 2.713186 1.825881 2212.548178
 82.600000 -2.247374 2.989127 23.724131 43.501216
 82.800000 -1.710567 2.401844 21.466817 61.177906
 83.000000 -1.500810 1.610957 24.144978 148.887925
 83.200000 -0.730317 0.264947 6.689546 2578.469564
 83.400000 -0.588915 -0.931543 0.032903 666.553543
 83.600000 -0.692646 -0.470215 4.746703 2677.485727
 83.800000 -1.379120 0.833384 25.002063 2.889794
 84.000000 -1.626387 1.636536 22.373581 179.776841
 84.200000 -1.246054 1.244111 24.459714 114.906187
 84.400000 -1.456809 0.803306 24.599372 74.190261
 84.600000 -1.139706 0.898089 22.435214 795.725375
 84.800000 -1.343657 0.926954 25.002543 1.509365
 85.000000 -1.328223 1.037482 24.974003 6.116376
 85.200000 -0.983325 0.860207 16.707043 1485.932597
 85.400000 -1.501756 0.910011 24.129996 148.499496
 85.600000 -1.339124 0.800304 24.992395 2.590834
 85.800000 -1.033386 0.814093 18.676350 1565.566626
 86.000000 -1.412524 0.986804 24.890283 20.562121
 86.200000 -1.323635 0.793624 24.959763 8.218352
 86.400000 -1.543914 0.784477 23.570947 204.499342
 86.600000 -1.446507 0.980463 24.687030 58.082599
 86.800000 -0.985157 1.052001 16.772289 1495.391736
 87.000000 -1.272430 1.198832 24.697658 57.617299
 87.200000 -1.026549 1.010138 18.401446 1578.256074
 87.400000 -1.657667 1.073000 21.992084 138.470745
 87.600000 -1.267734 0.949544 24.663262 65.629605
 87.800000 -1.132712 0.785448 22.234018 867.104697
 88.000000 -1.445578 0.847445 24.700583 56.143706
 88.200000 -1.594083 1.277008 22.855736 213.977589
 88.400000 -1.263856 1.161644 24.636597 73.021931
 88.600000 -1.408180 0.699904 24.925159 16.529677
 88.800000 -1.632219 0.670775 22.319371 176.923365
 89.000000 -0.654525 0.793649 2.761616 2374.178811
 89.200000 -1.200816 1.367425 23.842015 304.692309
 89.400000 -0.946951 1.290588 15.330498 1349.865658
 89.600000 -1.414237 0.921779 24.912080 20.886608
 89.800000 -1.126703 0.745178 22.066720 926.845831
 90.000000 -0.723730 0.783019 6.293128 2639.101851
 90.200000 -1.119319 1.066718 21.848443 1000.882938
 90.400000 -1.501767 1.036138 24.186185 146.688356
 90.600000 -0.565472 0.449124 -0.000344 0.006923
 90.800000 -1.141680 0.163841 22.514630 777.573959
 91.000000 -0.582198 -0.152743 -0.017280 9.927818
 91.200000 -0.504038 -0.394736 -0.000000 0.000000
 91.400000 -0.843303 -0.391694 11.622649 1403.280314
 91.600000 -0.466752 -0.501743 -0.000000 0.000000
 91.800000 -0.591166 0.070912 0.012280 455.011175
 92.000000 -1.887271 0.490473 21.033631 6.882172
 92.200000 -2.140664 1.095691 22.851024 87.936671
 92.400000 -0.626910 0.898858 1.432439 1928.217130
 92.600000 -1.034441 1.020411 18.756388 1587.893265
 92.800000 -1.495751 1.301563 24.291951 136.761757
 93.000000 -1.777147 1.111400 21.065689 13.993544
 93.200000 -0.920168 0.960735 14.372936 1281.652471
 93.400000 -1.687765 1.244583 21.690429 107.265955
 93.600000 -1.106711 0.975798 21.474544 1123.611211
 93.800000 -0.532299 0.159686 -0.000000 0.000000
 94.000000 -0.598538 -0.450686 0.257537 1651.112386
 94.200000 -0.611314 -0.578032 0.766021 1646.522651
 94.400000 -0.651857 0.079727 2.584783 2360.427478
 94.600000 -1.503320 1.177496 24.233198 150.398604
 94.800000 -1.622813 1.605230 22.510931 203.644640
 95.000000 -1.123730 0.922938 22.033936 949.892130
 95.200000 -0.953687 0.227308 15.614665 1419.065060
 95.400000 -0.672063 -0.315231 3.597205 2599.133096
 95.600000 -0.573666 -0.472986 -0.001858 0.215269
 95.800000 -0.912015 -0.140745 14.089277 1277.151175
 96.000000 -0.521622 0.210869 -0.000000 0.000000
 96.200000 -0.983909 0.485155 16.790350 1547.544949
 96.400000 -1.402154 1.041628 25.065008 10.545611
 96.600000 -1.530816 1.218824 23.905892 194.118079
 96.800000 -1.048749 0.672347 19.376077 1548.468299
 97.000000 -0.531751 0.163637 -0.000000 0.000000
 97.200000 -0.497352 -0.367397 -0.000000 0.000000
 97.400000 -0.625000 -0.591656 1.358175 1933.772765
 97.600000 -0.561889 -0.202863 -0.000097 0.000556
 97.800000 -0.987471 0.689322 16.946158 1566.198154
 98.000000 -1.050747 1.429249 19.472258 1538.194305
 98.200000 -0.795831 2.071632 9.729928 1831.405727
 98.400000 -0.854261 2.252590 12.033112 1351.418798
 98.600000 -0.731125 2.347698 6.689206 2564.748589
 98.800000 -0.580413 1.771519 -0.009847 4.989353
 99.000000 -1.298054 1.888976 24.969470 30.256020
 99.200000 -2.332899 1.672646 24.326168 37.077018
 99.400000 -1.850723 2.749268 20.872856 0.114648
 99.600000 -1.927748 3.001520 21.062934 19.608380
 99.800000 -2.519615 2.253395 25.308558 11.005319
 100.000000 -2.803970 2.409848 23.225272 338.564534
 100.200000 -2.184459 -2.948850 23.787310 88.942437
 100.400000 -2.598346 2.534998 25.973872 4.350689
 100.600000 -2.516471 2.278973 25.895618 12.088469
 100.800000 -2.178685 3.133353 23.732579 90.712717
 101.000000 -2.153871 2.658814 23.492291 96.247130
 101.200000 -2.779681 2.163713 24.233333 270.638351
 101.400000 -2.522774 3.068835 25.903651 10.084051
 101.600000 -2.482794 2.946892 25.743350 21.944514
 101.800000 -2.878834 2.273784 22.175144 655.542102
 102.000000 -2.406341 2.986527 25.341451 30.556584
 102.200000 -2.682724 2.787474 25.472291 85.413996
 102.400000 -3.049242 2.333412 16.346078 1682.795926
 102.600000 -2.923171 -3.016192 20.919163 927.549332
 102.800000 2.975131 2.714191 3.756449 2498.834465
 103.000000 -2.734769 2.634120 24.887611 173.187175
 103.200000 -1.605388 2.645736 23.464050 232.466758
 103.400000 -1.745087 2.134479 21.782005 55.159940
 103.600000 -2.021506 2.162733 22.191754 64.902354
 103.800000 -1.701674 2.675410 22.175203 113.289181
 104.000000 -2.147629 3.014269 23.380307 101.299910
 104.200000 -3.008225 2.340139 17.943774 1474.441216
 104.400000 -2.624128 -2.987026 25.853207 18.917945
 104.600000 3.141264 2.854580 12.238931 2211.108305
 104.800000 -2.988968 2.577125 18.669107 1361.935682
 105.000000 -2.823831 2.924968 23.399525 405.102782
 105.200000 -3.097077 2.805113 14.261984 1938.237396
 105.400000 -3.029074 2.832482 17.117192 1592.885249
 105.600000 -2.980578 3.115742 18.968413 1314.758682
 105.800000 3.057660 2.484759 8.039429 2763.318233
 106.000000 -2.688460 2.982268 25.388917 94.230395
 106.200000 -2.778395 2.833316 24.214707 264.761737
 106.400000 -2.744998 2.493106 24.716658 190.875014
 106.600000 -2.653198 2.919773 25.673725 46.588131
 106.800000 3.106716 2.880052 10.540152 2464.297675
 107.000000 -2.961543 2.782898 19.638843 1193.627888
 107.200000 -2.384819 2.645950 25.194069 31.224282
 107.400000 -1.661635 2.592058 22.652438 181.809206
 107.600000 -1.884135 2.040463 21.376059 4.649259
 107.800000 -1.703622 2.341265 22.136953 119.826471
 108.000000 -2.127784 2.601679 23.118078 102.717303
 108.200000 -2.265886 2.988613 24.412058 63.041661
 108.400000 3.066631 2.391933 8.472823 2725.224258
 108.600000 2.975492 2.847986 3.708803 2468.269531
 108.800000 -2.409144 -3.071817 25.322084 29.817113
 109.000000 -2.964985 2.108121 19.510099 1222.722214
 109.200000 -2.341397 3.018387 24.928198 37.563726
 109.400000 -1.996287 2.998543 21.901146 53.503041
 109.600000 -2.597677 2.037934 25.904747 3.984228
 109.800000 -1.648754 2.588719 22.829692 199.549581
 110.000000 -0.820425 2.867488 11.330164 1514.533694
 110.200000 -0.912585 1.253886 14.729103 1384.952459
 110.400000 -0.983589 -0.217394 17.493574 1634.232032
 110.600000 -0.541840 -1.037320 -0.000136 0.000810
 110.800000 -0.699002 0.017845 5.763452 2656.208656
 111.000000 -1.833044 1.731540 21.309380 1.939889
 111.200000 -2.048685 3.012954 22.303638 79.761676
 111.400000 -2.763936 3.068142 24.454233 225.731104
 111.600000 -2.955635 2.715140 19.823511 1174.648639
 111.800000 -2.149807 2.808618 23.293539 104.082706
 112.000000 -1.675366 2.299941 22.467173 166.125793
 112.200000 -1.828446 1.821633 21.292474 3.474459
 112.400000 -1.692650 1.756232 22.250662 142.245105
 112.600000 -1.065155 1.381961 20.738791 1382.591628
 112.800000 -1.366146 0.814324 25.751288 0.176655
 113.000000 -1.890075 0.674687 21.313255 5.747394
 113.200000 -1.198832 0.390360 24.404856 291.038283
 113.400000 -0.619433 0.401899 1.813912 2005.493322
 113.600000 -0.889952 -0.153390 13.881583 1346.009111
 113.800000 -0.553127 -0.483467 -0.001386 0.098555
 114.000000 -0.582254 -0.158710 0.295539 1500.254278
 114.200000 -0.816426 0.277997 11.141275 1528.831385
 114.400000 -0.987081 1.091367 17.641596 1650.446870
 114.600000 -1.039072 1.442510 19.738858 1547.272928
 114.800000 -0.687181 1.227811 5.164681 2658.093662
 115.000000 -0.871240 1.333278 13.191977 1335.138952
 115.200000 -1.260471 1.335219 25.195927 95.278364
 115.400000 -0.662607 0.387958 3.913475 2576.966530
 115.600000 -0.697917 -0.524592 5.725944 2630.874399
 115.800000 -0.795873 -0.601573 10.316449 1693.419445
 116.000000 -0.909916 0.200859 14.618208 1405.454508
 116.200000 -1.373327 1.233918 25.725016 0.029615
 116.400000 -1.396644 1.646401 25.695585 5.600345
 116.600000 -0.926486 1.236758 15.250288 1470.537453
 116.800000 -1.190501 0.765903 24.227659 329.309278
 117.000000 -0.636357 0.212659 2.626349 2300.837128
 117.200000 -0.740980 -0.015974 7.888665 2269.775788
 117.400000 -0.628948 -0.189196 2.286618 2196.976760
 117.600000 -0.841376 -0.052249 12.091600 1394.528271
 117.800000 -1.054519 0.489216 20.352304 1429.607786
 118.000000 -1.011844 0.740448 18.671930 1636.493874
 118.200000 -1.652341 1.054313 22.772327 195.763137
 118.400000 -1.268533 0.964422 25.247451 82.106487
 118.600000 -0.934609 0.716348 15.579177 1515.127389
 118.800000 -1.209364 0.589633 24.530564 240.665574
 119.000000 -1.396908 0.629280 25.684740 5.773199
 119.200000 -1.400032 1.184221 25.675125 7.301956
 119.400000 -0.946277 1.240490 16.046709 1565.631541
 119.600000 -0.984240 1.385518 17.574499 1656.231501
 119.800000 -1.074323 1.254097 21.095509 1253.107450
 120.000000 -1.726626 0.924677 21.862842 100.190974
 120.200000 -1.210776 0.842761 24.542185 233.984053
 120.400000 -1.029489 0.920368 19.417118 1563.438989
 120.600000 -1.130387 1.145804 22.860183 731.244067
 120.800000 -1.476342 1.129369 25.188242 97.030364
 121.000000 -1.167551 0.412833 23.756511 451.460487
 121.200000 -0.911283 0.524861 14.710298 1453.545801
 121.400000 -0.627924 0.219016 2.301636 2219.797561
 121.600000 -1.273428 0.516789 25.281806 76.348850
 121.800000 -0.867915 0.742150 13.089613 1362.959978
 122.000000 -1.225086 1.068667 24.746428 184.808598
 122.200000 -1.643169 1.241365 22.894173 206.607281
 122.400000 -0.886764 0.756139 13.798310 1391.613060
 122.600000 -1.659475 0.895735 22.664102 191.031475
 122.800000 -1.478710 1.126057 25.163394 101.916915
 123.000000 -0.998851 1.252443 18.220755 1656.153935
 123.200000 -1.109743 1.152148 22.294107 891.429756
 123.400000 -1.178810 1.064089 23.989266 376.001308
 123.600000 -1.476527 0.835458 25.187807 99.037909
 123.800000 -1.260437 0.693921 25.162548 100.023274
 124.000000 -0.713513 0.944062 6.634427 2473.222570
 124.200000 -1.379561 1.409751 25.727947 0.618183
 124.400000 -1.363558 0.756472 25.728072 0.583647
 124.600000 -0.875041 0.469521 13.384405 1385.712892
 124.800000 -0.555931 0.055192 -0.003278 0.607097
 125.000000 -0.673033 -0.381599 4.593785 2621.993696
 125.200000 -0.618333 -0.271870 1.911143 2106.937741
 125.400000 -1.163523 0.216403 23.688237 459.412445
 125.600000 -1.472445 0.936177 25.236733 94.290835
 125.800000 -0.883329 1.575297 13.708498 1406.465802
 126.000000 -0.873923 1.800278 13.356771 1391.303267
 126.200000 -0.587736 2.263027 0.614163 1575.018540
 126.400000 -0.658597 2.236780 3.891362 2575.910318
 126.600000 -0.878616 1.961079 13.546866 1404.314860
 126.800000 -0.539492 1.195814 -0.000071 0.000258
 127.000000 -1.819231 0.811923 21.171858 11.460708
 127.200000 -1.056217 0.296701 20.565704 1337.728507
 127.400000 -0.550954 0.153192 -0.001112 0.073170
 127.600000 -0.613202 -0.067188 1.709404 2042.806952
 127.800000 -0.571711 -0.611586 0.017659 521.524160
 128.000000 -0.642860 -0.178378 3.121791 2459.599863
 128.200000 -1.060290 0.596427 20.729440 1295.225232
 128.400000 -1.449537 1.472616 25.452735 61.703386
 128.600000 -1.236073 1.487840 24.914737 157.957993
 128.800000 -0.927803 0.873059 15.474199 1560.492000
 129.000000 -1.866806 0.748939 21.068659 0.044936
 129.200000 -1.778671 0.615477 21.345855 47.318114
 129.400000 -0.660787 0.782285 4.076815 2599.002792
 129.600000 -1.160741 1.117224 23.650595 467.555574
 129.800000 -1.235274 1.003181 24.911158 161.574580
 130.000000 -1.052871 0.519961 20.476084 1346.272876
 130.200000 -1.213691 0.555923 24.621543 226.089698
 130.400000 -1.014229 0.981289 19.011005 1582.847887
 130.600000 -1.031365 1.215379 19.683391 1491.306630
 130.800000 -0.783482 1.005992 9.956826 1719.066806
 131.000000 -1.689077 1.075464 22.247987 167.432776
 131.200000 -1.691899 0.943108 22.207871 165.215942
 131.400000 -0.541454 0.457044 -0.000150 0.001273
 131.600000 -0.798197 0.218485 10.572520 1598.972789
 131.800000 -0.570176 -0.363713 0.018332 542.014231
 132.000000 -0.650961 -0.498099 3.628515 2553.343003
 132.200000 -0.673262 0.093972 4.794883 2623.052739
 132.400000 -1.178469 0.761741 24.044384 369.763955
 132.600000 -1.207351 1.547791 24.549147 249.580376
 132.800000 -0.701326 1.064298 6.221058 2510.644194
 133.000000 -1.220886 0.895104 24.752977 205.488781
 133.200000 -1.535304 0.802005 24.494829 195.788182
 133.400000 -0.881688 0.775333 13.787405 1444.829299
 133.600000 -1.051542 1.314735 20.508866 1329.545444
 133.800000 -1.704716 1.594751 22.040928 151.331703
 134.000000 -1.720428 1.159139 21.854713 129.571054
 134.200000 -0.487932 0.403239 -0.000000 0.000000
 134.400000 -1.310622 0.082857 25.681321 32.736037
 134.600000 -1.569887 0.244684 23.993443 224.367919
 134.800000 -1.700893 1.047277 22.088276 158.026935
 135.000000 -0.648430 1.351998 3.588069 2550.165311
 135.200000 -0.643681 1.760232 3.377925 2522.083067
 135.400000 -1.000894 2.440878 18.597331 1625.170359
 135.600000 -0.720350 2.398034 7.237071 2312.863820
 135.800000 -0.756336 1.924763 8.894660 1931.906256
 136.000000 -0.919350 1.360246 15.286201 1575.143663
 136.200000 -1.712632 0.882638 21.945435 145.702334
 136.400000 -1.522645 0.190337 24.676907 181.899490
 136.600000 -1.073598 0.317647 21.342374 1123.866729
 136.800000 -1.232513 1.139024 24.971181 177.108745
 137.000000 -1.565660 1.753063 24.062883 221.383761
 137.200000 -1.926556 1.682539 21.044138 13.808544
 137.400000 -1.725851 1.912555 21.791108 129.479547
 137.600000 -1.899532 2.173060 20.966261 4.035254
 137.800000 -1.976896 2.792003 21.299498 39.839937
 138.000000 -2.690019 2.731697 25.029909 73.059491
 138.200000 2.879938 2.886594 -0.006149 1.496476
 138.400000 3.137723 2.821998 11.549652 2276.350310
 138.600000 -3.046204 2.704512 15.947488 1717.662421
 138.800000 -2.971285 2.904542 18.897084 1363.425695
 139.000000 3.003028 2.877354 4.619569 2648.682879
 139.200000 -2.468579 2.850383 25.234016 25.795532
 139.400000 -2.307631 2.359242 24.251349 49.316970
 139.600000 -1.909410 2.612120 20.960789 6.316677
 139.800000 -1.978815 2.597405 21.274268 39.563079
 140.000000 -2.190145 2.603404 23.244416 101.777351
 140.200000 -2.540337 2.768547 25.474852 3.164506
 140.400000 3.050460 2.953464 7.078384 2817.087348
 140.600000 3.045304 2.959094 6.804566 2822.227310
 140.800000 -2.975307 2.657630 18.711078 1385.869625
 141.000000 -2.765162 2.748167 24.136013 195.826116
 141.200000 -2.838588 2.989454 22.820267 478.587984
 141.400000 -3.043946 2.704092 15.992143 1700.938674
 141.600000 -3.029889 2.985911 16.566911 1643.095172
 141.800000 3.064167 2.738190 7.788701 2784.639615
 142.000000 -2.779618 2.801912 23.907713 233.749994
 142.200000 -1.961771 2.731668 21.135207 28.850552
 142.400000 -1.734867 1.992070 21.693322 126.816622
 142.600000 -1.633854 1.813638 23.068157 226.488930
 142.800000 -1.556585 1.654755 24.229118 211.795712
 143.000000 -1.556960 1.094135 24.223649 212.056325
 143.200000 -0.450447 0.029514 -0.000000 0.000000
 143.400000 -0.625867 -0.456798 2.706447 2424.534280
 143.600000 -0.721252 -0.278987 7.483173 2227.036684
 143.800000 -0.611877 -0.128088 2.030207 2239.650141
 144.000000 -1.022933 0.218438 19.628469 1485.332674
 144.200000 -0.970959 0.245218 17.559488 1688.234658
 144.400000 -0.428781 0.395528 -0.000000 0.000000
 144.600000 -1.763111 0.946971 21.401370 89.436288
 144.800000 -1.736159 1.082163 21.682654 129.071957
 145.000000 -1.118806 0.741426 22.807456 714.789980
 145.200000 -1.654183 0.932980 22.787293 218.548102
 145.400000 -1.673866 1.107275 22.500446 205.342563
 145.600000 -0.638137 0.680391 3.369693 2553.007192
 145.800000 -0.857224 0.601828 13.048013 1428.772712
 146.000000 -1.771588 0.747504 21.324023 79.057461
 146.200000 -1.777889 0.984838 21.270557 71.968369
 146.400000 -0.436732 1.000084 -0.000000 0.000000
 146.600000 -0.632953 1.498961 3.134122 2521.587097
 146.800000 -0.784670 1.847087 10.293626 1587.888832
 147.000000 -0.609014 2.192058 1.963504 2234.360559
 147.200000 -1.030224 2.161093 19.972464 1416.160087
 147.400000 -0.705797 1.638430 6.843578 2354.328592
 147.600000 -0.693072 1.736121 6.218231 2472.202665
 147.800000 -1.051914 1.938283 20.763971 1244.614773
 148.000000 -0.614429 1.888455 2.246690 2326.954684
 148.200000 -0.600089 1.923980 1.595873 2118.991716
 148.400000 -0.796585 1.822796 10.800052 1503.849653
 148.600000 -0.392908 1.706620 -0.000000 0.000000
 148.800000 -1.193724 1.997576 24.482021 310.569013
 149.000000 -0.650679 1.746640 4.093113 2628.524777
 149.200000 -0.858762 2.065228 13.172076 1433.360931
 149.400000 -0.960774 2.190077 17.238360 1700.567205
 149.600000 -0.603364 2.151082 1.774633 2191.070867
 149.800000 -0.854311 1.902688 13.003826 1424.421855
 150.000000 -0.653550 1.499417 4.273359 2638.257612
 150.200000 -0.697665 1.150086 6.541222 2415.581819
 150.400000 -1.443126 1.142101 25.621028 74.447654
 150.600000 -1.511080 0.501417 24.880357 161.689831
 150.800000 -0.596034 0.514056 1.462377 2081.662651
 151.000000 -1.212348 1.091639 24.803072 248.432103
 151.200000 -1.142219 1.198721 23.449828 539.894799
 151.400000 -1.248646 0.742896 25.316918 149.674767
 151.600000 -1.021691 0.678866 19.728759 1446.615327
 151.800000 -1.422408 0.979505 25.783503 46.947057
 152.000000 -1.083419 1.066958 21.865510 947.703388
 152.200000 -0.599700 0.801986 1.683156 2176.730841
 152.400000 -0.616027 0.902197 2.466621 2417.037486
 152.600000 -1.618686 1.241977 23.369245 224.039749
 152.800000 -1.546595 0.890848 24.415813 190.860076
 153.000000 -0.645435 0.629514 3.952356 2641.112768
 153.200000 -1.151210 0.866112 23.672513 488.373661
 153.400000 -1.640875 0.999540 23.043502 225.266254
 153.600000 -1.591236 1.251268 23.784307 215.911377
 153.800000 -0.938221 0.919246 16.415389 1681.539745
 154.000000 -1.625880 1.062189 23.268683 225.254994
 154.200000 -1.561820 0.798449 24.217215 199.155200
 154.400000 -0.632393 0.513040 3.348867 2594.372968
 154.600000 -1.121403 0.747733 22.973702 653.747273
 154.800000 -1.517926 1.056676 24.810962 164.926099
 155.000000 -1.136694 0.876687 23.350414 562.723475
 155.200000 -1.192661 1.115043 24.515457 315.101538
 155.400000 -1.448925 1.084774 25.591840 83.861822
 155.600000 -1.383781 0.800460 26.004488 9.568521
 155.800000 -1.255548 0.980004 25.440802 135.134675
 156.000000 -1.422784 1.120530 25.804390 49.427094
 156.200000 -1.225743 1.146328 25.064526 213.619982
 156.400000 -1.342536 0.887377 26.049643 2.827996
 156.600000 -1.457182 0.742964 25.523276 95.347860
 156.800000 -1.170297 0.924909 24.106429 399.919029
 157.000000 -1.479148 1.252341 25.293789 122.798871
 157.200000 -1.798510 1.200689 21.078484 58.110278
 157.400000 -0.922573 0.862138 15.879649 1659.032889
 157.600000 -0.731552 0.345038 8.343471 1994.462896
 157.800000 -1.117763 0.067340 22.921259 668.027911
 158.000000 -0.617053 -0.126721 2.663621 2487.459914
 158.200000 -0.747705 -0.205088 9.074373 1814.513029
 158.400000 -0.837620 0.202250 12.586220 1413.077987
 158.600000 -0.615676 0.568286 2.623015 2483.260049
 158.800000 -1.357279 1.236060 26.094097 0.048837
 159.000000 -1.783798 1.353902 21.198061 81.147179
 159.200000 -0.591088 0.831663 1.465048 2132.049634
 159.400000 -1.663300 0.993787 22.758752 231.301640
 159.600000 -1.600503 1.000224 23.710820 220.142859
 159.800000 -0.862739 0.757277 13.562244 1468.303070
 160.000000 -0.902362 0.653977 15.114815 1605.781540
 160.200000 -1.386630 0.818902 26.065072 13.966798
 160.400000 -1.647906 0.995977 23.003084 234.831751
 160.600000 -0.854061 0.947336 13.255978 1447.294488
 160.800000 -1.590052 0.999593 23.875558 214.512588
 161.000000 -1.085250 0.804539 22.067483 880.252759
 161.200000 -0.798382 0.545871 11.178409 1456.841979
 161.400000 -0.773822 -0.046108 10.223535 1580.621122
 161.600000 -0.472453 -0.489369 -0.000000 0.000000
 161.800000 -0.570760 -0.474481 0.610563 1798.414683
 162.000000 -0.534093 0.203765 -0.000466 0.015755
 162.200000 -1.501644 1.002603 25.094703 146.664765
 162.400000 -1.308181 1.119403 26.028936 32.686332
 162.600000 -1.056718 0.960706 21.208898 1091.137119
 162.800000 -1.472826 0.815124 25.425879 116.839357
 163.000000 -1.136989 0.879102 23.467664 550.990524
 163.200000 -1.251284 1.222996 25.529791 152.583717
 163.400000 -1.202106 1.060316 24.800962 295.047424
 163.600000 -1.350920 0.695802 26.177168 0.088016
 163.800000 -1.021436 0.693407 19.994607 1362.984170
 164.000000 -1.445881 0.838334 25.710159 84.851709
 164.200000 -1.390239 1.113342 26.115528 19.145495
 164.400000 -1.100874 0.924306 22.581688 754.730931
 164.600000 -1.103704 0.564937 22.658958 736.565518
 164.800000 -1.254000 0.727228 25.585313 146.701050
 165.000000 -1.357407 1.084246 26.198105 0.320467
 165.200000 -1.132244 1.439037 23.406780 573.422558
 165.400000 -0.981742 1.115838 18.516580 1598.091069
 165.600000 -1.224111 0.946512 25.200171 231.776128
 165.800000 -1.600761 0.704656 23.780971 224.097707
 166.000000 -1.102627 0.862417 22.649907 741.085708
 166.200000 -0.978983 1.176017 18.436192 1607.652524
 166.400000 -1.302789 1.355890 26.092517 40.332490
 166.600000 -1.086013 0.634040 22.203999 848.697750
 166.800000 -0.765775 0.095680 10.028139 1619.672473
 167.000000 -0.487723 -0.324604 -0.000000 0.000000
 167.200000 -0.763964 -0.074023 9.979242 1630.059311
 167.400000 -0.787298 0.153468 10.899195 1491.691735
 167.600000 -0.910588 0.457700 15.670441 1657.335538
 167.800000 -0.801178 0.597534 11.430687 1444.875737
 168.000000 -1.645891 0.982355 23.107998 249.359953
 168.200000 -1.204757 1.162426 24.959724 295.568117
 168.400000 -1.072548 0.756819 21.853950 936.341187
 168.600000 -1.000821 0.388258 19.360564 1481.863664
 168.800000 -0.833443 0.081781 12.675458 1433.036622
 169.000000 -0.496415 -0.065708 -0.000000 0.000000
 169.200000 -1.042170 -0.010200 20.899445 1166.610242
 169.400000 -0.602348 0.079358 2.254527 2445.354200
 169.600000 -0.703551 0.346790 7.390311 2252.916330
 169.800000 -1.378199 0.567943 26.267230 11.933466
 170.000000 -1.211529 0.977279 25.098887 275.095821
 170.200000 -1.214183 1.242165 25.167420 268.091253
 170.400000 -0.681421 0.727229 6.341965 2494.490294
 170.600000 -1.220974 0.176971 25.276431 247.237612
 170.800000 -0.395884 -0.557456 -0.000000 0.000000
 171.000000 -0.448527 -0.607240 -0.000000 0.000000
 171.200000 -0.817801 0.084106 12.166910 1433.288060
 171.400000 -0.836444 0.945650 12.874187 1450.913334
 171.600000 -0.814101 1.946518 12.026816 1434.138821
 171.800000 -0.855656 2.609292 13.611564 1499.302611
 172.000000 -0.743144 2.374054 9.226541 1797.924529
 172.200000 -0.564489 1.380509 0.578106 1844.903105
 172.400000 -0.578153 0.330946 1.181286 2079.107535
 172.600000 -0.750944 -0.525457 9.585512 1721.345802
 172.800000 -0.449593 -0.707468 -0.000000 0.000000
 173.000000 -0.877996 0.399171 14.520756 1580.832782
 173.200000 -1.607911 1.396808 23.761526 241.184098
 173.400000 -1.906628 2.174088 20.570442 0.072271
 173.600000 -2.008348 3.007865 20.869018 28.010765
 173.800000 -3.139727 2.875218 11.286118 2268.939685
 174.000000 3.140031 2.821976 11.122241 2304.658354
 174.200000 -2.718220 2.845479 23.943497 84.577375
 174.400000 -2.607203 2.579947 24.614832 8.510135
 174.600000 -1.820716 2.600464 20.820139 46.494424
 174.800000 -2.182190 2.412516 22.332471 103.560879
 175.000000 -2.183988 2.740606 22.350754 103.138409
 175.200000 -2.428794 2.883413 24.157142 36.376280
 175.400000 -2.576612 2.897677 24.647669 0.871334
 175.600000 -2.829220 2.704227 22.339147 427.548712
 175.800000 -2.556229 -3.048878 24.652637 0.199552
 176.000000 -2.694157 2.664202 24.120548 59.611156
 176.200000 -2.558231 2.665035 24.629452 0.097360
 176.400000 -1.989446 2.972948 20.725889 18.049163
 176.600000 -2.081055 2.527797 21.303220 69.434354
 176.800000 -1.891611 2.533174 20.539570 0.734443
 177.000000 -2.067480 2.586860 21.193970 60.178360
 177.200000 -2.144698 2.950549 21.880550 101.829765
 177.400000 -2.560655 2.556789 24.607395 0.021218
 177.600000 -2.632919 3.067670 24.446891 19.611715
 177.800000 3.090967 2.877937 8.557840 2815.166138
 178.000000 -3.139408 2.893502 11.223483 2267.354074
 178.200000 -2.939589 2.911083 19.183636 1162.443681
 178.400000 -3.040632 2.876794 15.442899 1549.753238
 178.600000 -2.152930 2.884323 21.945793 102.768251
 178.800000 -1.847960 2.172628 20.629062 19.395613
 179.000000 -1.809331 1.312151 20.869657 65.744300
 179.200000 -0.755617 0.308272 9.985658 1648.693293
 179.400000 -1.015982 -0.079410 20.276917 1320.184023
 179.600000 -0.873543 -0.240091 14.551750 1591.287671
 179.800000 -0.345536 -0.459919 -0.000000 0.000000
 180.000000 -0.454050 0.083630 -0.000000 0.000000
 180.200000 -1.205391 0.365438 25.238749 298.635372
 180.400000 -1.398421 1.142168 26.336953 41.764033
 180.600000 -1.663579 1.771791 22.884491 287.738993
 180.800000 -1.919922 1.778758 20.493627 0.664237
 181.000000 -1.729642 2.352539 21.802780 227.513963
 181.200000 -2.336270 2.720540 23.425277 41.016027
 181.400000 2.934580 2.805575 0.620413 1397.624278
 181.600000 -3.025346 3.072708 15.976593 1486.009817
 181.800000 -2.628138 2.737152 24.387115 17.672760
 182.000000 -2.421545 2.312204 23.966923 39.613257
 182.200000 -1.915777 3.053152 20.470699 0.260370
 182.400000 -2.300773 2.525803 23.167372 46.680668
 182.600000 -2.560620 2.295633 24.510242 0.033284
 182.800000 -2.472106 2.896769 24.244240 28.120370
 183.000000 -2.851244 2.817966 21.693806 570.791722
 183.200000 -2.286040 2.847795 23.042131 50.811024
 183.400000 -1.678103 2.609498 22.642069 293.144167
 183.600000 -1.968004 2.085814 20.557849 9.404208
 183.800000 -2.041350 2.077223 20.902181 40.441023
 184.000000 -1.485200 2.944391 25.524320 141.251596
 184.200000 -2.565042 2.625255 24.479814 0.015556
 184.400000 -3.133367 2.588009 11.382527 2207.895687
 184.600000 -3.091867 -2.965095 13.237951 1815.979911
 184.800000 -3.071971 2.756177 14.069128 1680.668555
 185.000000 -2.643418 2.472483 24.264259 26.290023
 185.200000 -1.699484 2.908794 22.278497 282.867131
 185.400000 -1.949632 2.563734 20.494495 4.667135
 185.600000 -2.644483 1.868150 24.242030 27.216395
 185.800000 -2.665509 2.700050 24.120677 39.904850
 186.000000 -3.105655 -2.978436 12.625253 1928.407797
 186.200000 -3.137507 2.841163 11.155138 2254.015670
 186.400000 -1.915476 2.440263 20.442499 0.168542
 186.600000 -1.017212 2.239048 20.490144 1283.623941
 186.800000 -0.558192 1.908111 0.626069 1896.901784
 187.000000 -1.124250 1.449520 23.659424 573.190340
 187.200000 -1.614466 0.941542 23.734897 267.203088
 187.400000 -1.318090 0.187242 26.563099 10.872309
 187.600000 -0.793275 0.519028 11.631177 1441.330549
 187.800000 -0.667297 0.808494 6.159228 2590.970212
 188.000000 -1.645291 1.343039 23.216583 295.962841
 188.200000 -1.410476 0.762549 26.314140 62.108783
 188.400000 -1.041644 0.771777 21.370033 1077.284432
 188.600000 -1.895040 0.998442 20.433184 0.741324
 188.800000 -1.622371 1.606859 23.609256 277.575289
 189.000000 -0.295936 1.090878 -0.000000 0.000000
 189.200000 -0.127793 1.021426 -0.000000 0.000000
 189.400000 0.585482 0.865892 -0.000000 0.000000
 189.600000 1.140722 -0.344671 -0.000000 0.000000
