#! FIELDS time phi psi ves.bias ves.force2
#! SET min_phi -pi
#! SET max_phi pi
#! SET min_psi -pi
#! SET max_psi pi
 0.000000 -1.498385 0.273949 25.037724 141.910265
 0.200000 -0.536240 0.093957 -0.012993 143.701811
 0.400000 -1.147915 0.334479 23.135434 522.436722
 0.600000 -0.703255 0.167489 7.276805 1931.507853
 0.800000 -1.201799 0.633816 24.283570 383.661529
 1.000000 -1.408644 1.076394 25.861185 31.541684
 1.200000 -1.599541 1.422903 23.533132 240.489253
 1.400000 -1.409224 1.079112 25.840817 52.420188
 1.600000 -1.136660 0.709911 23.186089 558.596351
 1.800000 -1.492124 1.096941 25.017746 142.640250
 2.000000 -1.299458 1.353841 25.929482 47.905829
 2.200000 -1.094302 0.871660 22.199306 766.133804
 2.400000 -1.311113 0.634231 26.243025 21.633384
 2.600000 -1.062250 0.805105 21.282806 873.265428
 2.800000 -0.560763 1.206637 0.849362 1535.985611
 3.000000 -0.908230 1.734534 15.910498 1560.693884
 3.200000 -0.638537 1.827770 4.301994 2242.792790
 3.400000 -0.644122 2.083595 4.566775 2250.700342
 3.600000 -0.958197 2.268964 17.895993 1378.355229
 3.800000 -0.514889 2.047127 -0.000483 0.014680
 4.000000 -0.726102 1.786885 8.370885 1979.849437
 4.200000 -0.753663 1.469393 9.740471 1769.676541
 4.400000 -0.570975 1.077868 1.387011 1810.673167
 4.600000 -1.348368 1.020096 26.577860 2.648704
 4.800000 -1.597042 0.742572 23.780959 281.466541
 5.000000 -0.938590 0.734308 17.203106 1467.829946
 5.200000 -1.341539 1.040485 26.645670 1.029650
 5.400000 -1.694322 1.174439 22.114551 281.898776
 5.600000 -0.911368 0.627936 16.242706 1517.319128
 5.800000 -0.557547 -0.125435 0.902220 1690.676321
 6.000000 -0.511892 -0.815647 -0.000445 0.013706
 6.200000 -0.566124 -0.459665 1.381329 1871.832073
 6.400000 -0.965366 0.804645 18.330063 1230.285887
 6.600000 -1.802469 1.672708 20.901580 21.899099
 6.800000 -2.082453 2.852289 21.578776 22.364332
 7.000000 -2.542831 -3.056864 24.146940 0.078995
 7.200000 -2.977902 2.627398 16.701061 1187.305157
 7.400000 -2.036136 2.640344 21.387403 11.119943
 7.600000 -1.654795 2.692284 22.937028 328.860044
 7.800000 -1.998408 2.150166 21.266896 10.232596
 8.000000 -1.816441 2.508239 20.836586 11.486876
 8.200000 -2.218388 2.964834 22.530695 63.374835
 8.400000 -2.817811 2.511171 21.448299 488.557857
 8.600000 -3.034469 2.934065 14.665498 1347.200762
 8.800000 -3.110826 3.098891 11.593053 2019.650428
 9.000000 3.093299 2.672795 7.575369 3126.220451
 9.200000 -3.036750 2.839127 14.602625 1358.481789
 9.400000 -2.588940 3.108285 23.951463 7.936471
 9.600000 -2.836026 2.381308 21.018315 591.965607
 9.800000 -2.397262 2.731368 23.613538 19.790444
 10.000000 -2.140619 3.083675 21.963172 40.045484
 10.200000 -2.448188 2.333836 23.801835 12.757305
 10.400000 -2.191334 2.531609 22.321362 53.569619
 10.600000 -2.208321 2.886079 22.447587 56.465892
 10.800000 -2.454184 2.404171 23.822901 11.928463
 11.000000 -2.601856 2.566503 23.927125 9.617673
 11.200000 -2.650586 -3.098182 23.730160 34.842223
 11.400000 2.915788 2.559487 -0.000084 0.000365
 11.600000 -3.072316 2.725200 13.256764 1614.496924
 11.800000 -2.765636 3.030175 22.494603 273.388837
 12.000000 -2.844900 2.472236 20.805457 675.008406
 12.200000 -2.300943 2.867571 23.121763 31.983168
 12.400000 -2.141580 2.707850 22.122481 28.684734
 12.600000 -2.193394 2.336482 22.432364 42.190386
 12.800000 -2.063311 2.704542 21.765513 17.601667
 13.000000 -2.185477 2.715411 22.381410 40.610351
 13.200000 -2.873412 2.456606 20.060834 856.602010
 13.400000 3.048397 2.882866 4.985951 3296.864913
 13.600000 3.045389 3.045304 4.813554 3275.688337
 13.800000 -2.872392 2.484805 20.090615 851.606615
 14.000000 -2.292002 2.763193 23.110942 32.476054
 14.200000 -2.370771 2.582820 23.535303 17.672452
 14.400000 -2.800993 2.639167 21.953760 457.737874
 14.600000 3.081254 3.022283 6.932995 3305.309729
 14.800000 -2.903324 3.065100 19.176784 997.283491
 15.000000 -2.608451 2.424665 23.999517 6.036969
 15.200000 -2.131301 2.619708 22.232611 27.336410
 15.400000 -1.759320 2.837878 21.098863 197.990649
 15.600000 -2.433309 2.470420 23.818073 10.701517
 15.800000 -3.018977 2.721902 15.331695 1233.999318
 16.000000 2.952857 -3.033331 0.252065 1761.159501
 16.200000 3.010542 2.860746 2.979736 2876.889999
 16.400000 -2.633684 2.743240 23.952998 14.111880
 16.600000 -2.467053 2.870262 23.961965 6.306223
 16.800000 -2.609073 2.624503 24.027788 5.564555
 17.000000 -2.748459 2.859819 22.984110 207.573207
 17.200000 -3.101329 2.892942 12.224516 1881.022230
 17.400000 -3.023814 3.007763 15.220945 1249.130959
 17.600000 -2.805690 2.631196 21.986387 482.149570
 17.800000 -2.825824 2.539821 21.517259 605.894527
 18.000000 -3.045856 2.934578 14.427509 1351.198219
 18.200000 -2.853055 2.925787 20.881094 778.350774
 18.400000 -2.902144 2.632878 19.395644 1035.603012
 18.600000 2.989296 2.938069 1.961454 2459.113590
 18.800000 2.994080 2.913702 2.201462 2572.400680
 19.000000 -2.786582 2.678307 22.452593 363.671517
 19.200000 -2.307059 2.835381 23.439463 38.204433
 19.400000 -2.157808 2.632642 22.469187 33.754780
 19.600000 -2.334228 2.544124 23.599963 31.525320
 19.800000 -2.575052 2.667728 24.164745 1.803272
 20.000000 -3.022559 2.756342 15.346922 1277.285207
 20.200000 -3.000405 2.923330 16.174655 1261.000942
 20.400000 -2.814108 2.867474 22.066567 499.142666
 20.600000 -2.957392 2.472735 17.691890 1227.666406
 20.800000 -2.873083 2.865335 20.502068 916.276225
 21.000000 3.053247 2.834203 5.598438 3402.071960
 21.200000 -2.729550 2.833634 23.490892 95.231732
 21.400000 -2.753314 2.753279 23.224496 162.603475
 21.600000 -2.881228 2.784976 20.356088 984.019970
 21.800000 2.880599 2.869644 -0.000000 0.000000
 22.000000 -2.425334 2.779580 24.101257 9.277856
 22.200000 -1.938801 2.424814 20.828128 100.079858
 22.400000 -1.657245 2.068106 22.672746 295.708837
 22.600000 -2.057443 2.245606 21.917305 50.641471
 22.800000 -1.812041 2.696469 20.341210 34.193172
 23.000000 -2.313746 2.758461 23.594827 41.027181
 23.200000 -3.113291 2.588429 11.964546 1993.059721
 23.400000 3.042301 -3.077638 5.114253 3422.424486
 23.600000 3.099360 2.807735 8.417022 3097.161460
 23.800000 -2.731402 2.526153 23.597949 74.870108
 24.000000 -2.735076 2.824828 23.565358 82.673605
 24.200000 -2.687687 2.803242 23.913493 17.944608
 24.400000 -3.104437 2.864164 12.410473 1876.191359
 24.600000 3.118647 2.848255 9.524885 2795.998674
 24.800000 -2.952003 2.730620 18.218389 1331.061905
 25.000000 -2.735944 2.776170 23.614105 75.206486
 25.200000 -2.930006 2.779213 19.108395 1287.946109
 25.400000 2.864158 2.739518 -0.000000 0.000000
 25.600000 -2.844348 2.919247 21.847757 690.467370
 25.800000 -2.984782 2.671873 17.103972 1358.924336
 26.000000 -2.908699 3.051039 19.859898 1192.908561
 26.200000 3.060385 2.888292 6.361961 3498.636961
 26.400000 -3.023119 2.724832 15.789463 1395.079448
 26.600000 -2.602266 3.014487 24.169500 3.188667
 26.800000 -2.541853 2.804617 24.270139 1.931543
 27.000000 -2.393503 2.590991 24.115874 17.224816
 27.200000 -2.380671 2.818881 24.078824 23.691844
 27.400000 -2.178763 2.848502 22.702948 45.140984
 27.600000 -2.617257 2.263906 24.162871 3.358677
 27.800000 -1.864472 2.959486 20.227052 8.464035
 28.000000 -2.105250 2.475787 22.226123 43.154726
 28.200000 -2.165124 2.368470 22.621173 44.239468
 28.400000 -1.912002 2.601869 20.496706 70.123273
 28.600000 -1.699566 2.630523 21.759006 292.747583
 28.800000 -2.430167 2.365563 24.299443 6.850259
 29.000000 -2.494405 2.855671 24.368755 0.110988
 29.200000 -2.755055 3.061020 23.690111 84.573077
 29.400000 -2.831680 2.339873 22.492391 512.126438
 29.600000 -2.325584 2.790336 23.812730 47.364591
 29.800000 -2.036103 2.736173 21.718511 75.874166
 30.000000 -1.792657 2.228016 20.419979 78.039227
 30.200000 -1.487017 1.540915 24.372675 129.233853
 30.400000 -1.069449 0.421444 20.531179 747.166703
 30.600000 -0.698582 -0.453700 7.109207 1816.046614
 30.800000 -0.579347 -0.544018 1.868469 1776.775195
 31.000000 -0.616367 -0.143114 3.482783 1987.133844
 31.200000 -1.718944 1.079015 21.361686 260.783337
 31.400000 -1.578559 1.607394 23.382066 114.857899
 31.600000 -0.667855 1.415447 5.738583 1930.478807
 31.800000 -0.989825 1.445658 18.220117 930.670861
 32.000000 -0.952275 1.369083 17.017224 1130.834596
 32.200000 -1.140624 0.697868 22.413893 781.752964
 32.400000 -0.810133 0.100044 11.591203 1596.785458
 32.600000 -0.497362 -0.163622 -0.000026 0.000040
 32.800000 -0.737697 -0.196381 8.669938 1683.655975
 33.000000 -1.028842 0.547104 19.322236 794.183658
 33.200000 -1.309178 1.237202 25.722823 18.497273
 33.400000 -0.641489 1.439161 4.526060 1977.903815
 33.600000 -0.588413 1.819821 2.192769 1813.161185
 33.800000 -1.202900 2.607276 24.060905 610.519300
 34.000000 -2.406484 2.700549 24.348024 12.400990
 34.200000 -3.139196 2.829447 11.356035 2493.273262
 34.400000 -2.967040 3.053636 18.451617 1398.467309
 34.600000 -2.231711 2.692104 23.156351 66.299645
 34.800000 -2.167573 1.644396 22.669987 48.365551
 35.000000 -0.527796 1.163678 -0.027255 2.272167
 35.200000 -1.431118 1.182172 24.898363 147.937633
 35.400000 -1.530303 0.837606 23.765504 104.160265
 35.600000 -0.575930 0.429026 1.653617 1697.780532
 35.800000 -0.728649 0.031982 8.251363 1695.415431
 36.000000 -1.060851 -0.229613 20.152385 766.814200
 36.200000 -0.480728 -0.223713 -0.000001 0.000000
 36.400000 -0.421838 0.214243 -0.000000 0.000000
 36.600000 -1.793706 0.874821 20.325119 56.694746
 36.800000 -1.419825 1.620266 25.011420 138.016321
 37.000000 -0.572284 1.234701 1.504632 1662.351542
 37.200000 -0.756232 1.261647 9.362441 1604.054917
 37.400000 -1.415622 1.072461 25.040297 131.218943
 37.600000 -1.527980 0.712866 23.756508 106.468687
 37.800000 -1.126271 0.925978 21.946350 773.972883
 38.000000 -1.089143 1.408077 20.914437 769.527549
 38.200000 -0.771533 1.755400 9.969469 1564.380684
 38.400000 -0.510298 1.940138 -0.000622 0.025034
 38.600000 -0.800801 2.175708 11.121218 1537.083333
 38.800000 -0.715339 2.154828 7.701944 1716.455439
 39.000000 -0.747689 2.025325 9.019991 1611.298190
 39.200000 -1.073200 2.115476 20.477019 783.367566
 39.400000 -0.818811 2.122182 11.829758 1513.904133
 39.600000 -0.970389 2.115806 17.416166 1070.034559
 39.800000 -0.663044 2.065583 5.489991 1922.454016
 40.000000 -0.871491 1.948165 13.866363 1461.800041
 40.200000 -0.598882 2.069486 2.681281 1892.069872
 40.400000 -0.946859 1.956052 16.628314 1185.762080
 40.600000 -0.685933 1.815438 6.509672 1830.588751
 40.800000 -0.598840 1.932245 2.679455 1891.840978
 41.000000 -0.919311 2.101014 15.654736 1309.834849
 41.200000 -0.582211 2.198599 2.002829 1790.948051
 41.400000 -0.820133 2.020828 11.908263 1491.825920
 41.600000 -0.921354 1.846833 15.738083 1301.467697
 41.800000 -0.677948 2.030960 6.205374 1855.772494
 42.000000 -1.207161 2.143158 24.051753 518.113797
 42.200000 -0.575041 2.248259 1.740783 1750.003923
 42.400000 -0.575545 1.769846 1.761881 1754.628584
 42.600000 -1.155323 1.723996 22.749184 704.120851
 42.800000 -0.943602 1.048245 16.539008 1197.727937
 43.000000 -1.307668 0.319191 25.468563 18.603742
 43.200000 -0.797136 0.129235 11.090754 1468.943287
 43.400000 -0.671599 0.057847 6.040744 1878.596064
 43.600000 -0.698484 -0.005606 7.185623 1747.098388
 43.800000 -0.743238 0.145509 9.001422 1560.198234
 44.000000 -0.771893 0.141332 10.119819 1494.128480
 44.200000 -1.214142 0.458865 24.176392 450.736704
 44.400000 -0.852263 1.253042 13.235933 1435.124732
 44.600000 -0.795846 2.425037 11.091205 1454.424084
 44.800000 -0.732319 2.457075 8.628603 1586.701318
 45.000000 -0.820962 1.926633 12.047370 1445.984440
 45.200000 -0.811806 1.220503 11.753058 1432.986311
 45.400000 -1.294811 0.539793 25.329520 44.271254
 45.600000 -1.562964 0.466428 23.255093 130.624550
 45.800000 -1.314744 1.152616 25.421929 6.981862
 46.000000 -1.006113 1.615206 18.627675 912.225132
 46.200000 -0.586894 1.973470 2.443979 1945.037904
 46.400000 -1.177731 2.311601 23.338252 600.012125
 46.600000 -0.830770 2.340190 12.523354 1416.717309
 46.800000 -0.670314 1.936323 6.181237 1899.822423
 47.000000 -0.558796 1.728665 1.242704 1688.840951
 47.200000 -1.359330 1.964779 25.320224 26.059761
 47.400000 -2.091102 1.736498 21.991892 50.808882
 47.600000 -2.045106 2.521146 21.645220 65.679946
 47.800000 -1.889915 3.016336 20.197086 51.204528
 48.000000 -2.405714 2.381662 24.288458 10.072821
 48.200000 -2.520925 2.575457 24.310150 2.213105
 48.400000 -2.639857 -2.897280 24.199137 0.003366
 48.600000 2.932421 2.724026 -0.008216 219.719273
 48.800000 -2.152403 2.647394 22.413865 54.998488
 49.000000 -0.709491 2.170774 7.982107 1674.712677
 49.200000 -0.637320 1.647267 4.909668 2078.066529
 49.400000 -0.854748 1.402391 13.571732 1368.956033
 49.600000 -1.721294 1.255354 20.858473 217.007484
 49.800000 -1.555871 0.702916 23.265995 134.289819
 50.000000 -1.108962 0.800471 21.583632 704.233138
 50.200000 -1.809400 1.491888 19.973521 13.167057
 50.400000 -1.868765 1.704257 20.023436 24.296657
 50.600000 -1.410995 2.139483 24.855465 101.309614
 50.800000 -0.641835 2.309375 5.176567 2075.774612
 51.000000 -0.457801 1.876621 -0.000000 0.000000
 51.200000 -1.055912 1.641115 20.192434 744.364953
 51.400000 -1.295874 0.744784 25.244614 34.785249
 51.600000 -1.085011 0.166364 20.975937 709.086375
 51.800000 -0.559495 -0.080908 1.484854 1841.118638
 52.000000 0.432748 -0.834267 -0.000000 0.000000
