#! FIELDS time phi psi ves.bias ves.force2
#! SET min_phi -pi
#! SET max_phi pi
#! SET min_psi -pi
#! SET max_psi pi
 0.000000 -1.498385 0.273949 27.215882 148.921278
 0.200000 -0.697807 0.511702 7.634284 1542.516461
 0.400000 -1.585464 1.174935 25.922523 274.756616
 0.600000 -1.362966 0.960705 27.993778 1.946225
 0.800000 -1.099603 0.703596 23.633824 919.974743
 1.000000 -0.705616 0.238935 7.943982 1602.459130
 1.200000 -0.771823 -0.392051 10.903620 2015.726180
 1.400000 -0.668674 -0.542770 6.566386 1401.122726
 1.600000 -0.693527 0.102729 7.531759 1613.926310
 1.800000 -0.948702 0.844414 18.550190 1581.395413
 2.000000 -0.892341 1.197595 16.236103 1791.380188
 2.200000 -0.494489 1.517499 2.156211 308.515681
 2.400000 -0.981143 2.367821 19.964744 1391.303721
 2.600000 -0.781162 2.303889 11.439620 1999.553327
 2.800000 -0.757762 2.002955 10.403293 1916.119864
 3.000000 -1.027194 1.222116 21.611252 1169.945573
 3.200000 -0.959380 0.204596 19.316924 1470.800849
 3.400000 -0.605870 -0.578264 4.948172 910.780168
 3.600000 -0.262077 -1.003744 -0.023311 0.318712
 3.800000 -0.727201 -0.157784 9.324103 1711.090561
 4.000000 -1.091790 0.949327 23.723426 805.222291
 4.200000 -1.110721 1.518527 24.276136 674.264516
 4.400000 -0.433231 1.514160 1.291035 195.020983
 4.600000 -0.560077 2.216839 3.835703 686.189227
 4.800000 -1.224070 2.312448 26.766777 303.006728
 5.000000 -0.437509 2.260242 1.351596 205.998466
 5.200000 -1.189908 1.429011 26.143844 400.548608
 5.400000 -1.244814 0.511087 27.116241 230.846936
 5.600000 -0.332300 -0.791554 0.250281 67.719016
 5.800000 -0.117944 -0.832199 -0.000028 0.000002
 6.000000 -0.802195 -0.056711 12.898116 2041.229370
 6.200000 -1.704308 1.125712 23.925489 214.024368
 6.400000 -1.679466 1.915631 24.305555 253.368254
 6.600000 -1.979490 2.182100 22.545678 10.343291
 6.800000 -2.404925 3.069364 25.492596 23.545207
 7.000000 2.889362 2.637793 1.357492 206.003332
 7.200000 3.097845 2.747282 8.578240 2838.541219
 7.400000 -2.594767 3.031454 25.353250 20.512006
 7.600000 -2.738277 2.626179 24.221768 165.425887
 7.800000 -2.755819 2.661161 23.981879 210.247207
 8.000000 -2.506889 2.936341 25.626539 1.963659
 8.200000 -2.999267 2.607029 17.674750 1448.155258
 8.400000 3.027365 3.038249 5.133177 1854.814336
 8.600000 -2.993507 3.081630 17.891826 1392.719664
 8.800000 -3.123318 2.418484 11.932564 2837.633560
 9.000000 -2.421016 2.628518 25.528939 15.268999
 9.200000 -2.114945 2.874655 23.138835 35.141435
 9.400000 -2.062122 2.415034 22.842769 28.182246
 9.600000 -2.207179 2.356770 23.772509 64.855987
 9.800000 -1.804238 2.814294 22.763640 68.415983
 10.000000 -2.342002 2.625983 24.999101 73.899091
 10.200000 2.957204 2.531651 2.655416 796.510315
 10.400000 -3.085047 -3.059648 13.947540 2455.875884
 10.600000 3.105113 2.717381 9.028350 2870.822188
 10.800000 -2.407237 2.617989 25.442281 27.013771
 11.000000 -1.716227 2.648879 23.758877 197.588108
 11.200000 -2.215238 2.291094 23.882274 53.638231
 11.400000 -2.401722 2.714115 25.404556 33.074295
 11.600000 -2.866349 3.006681 21.866406 632.154341
 11.800000 3.034151 2.764825 5.562055 2041.259938
 12.000000 -2.920834 2.929656 20.368439 891.774866
 12.200000 3.021938 2.841576 5.110934 1896.158376
 12.400000 3.093600 2.857626 8.602517 2743.667926
 12.600000 3.034720 2.835023 5.681875 2093.416683
 12.800000 -3.135832 2.714575 11.446481 2757.058387
 13.000000 -2.975920 2.838070 18.579251 1249.026827
 13.200000 3.126973 2.977412 10.518296 2745.708645
 13.400000 3.015091 2.796590 4.937717 1892.274306
 13.600000 -2.668274 2.777924 24.961864 51.327013
 13.800000 -2.594744 2.703764 25.389197 22.465256
 14.000000 -2.702670 2.741545 24.682699 84.540271
 14.200000 -3.033278 2.928360 16.449649 1669.774121
 14.400000 3.120536 2.863203 10.336640 2699.050597
 14.600000 3.121730 2.871860 10.398682 2695.765008
 14.800000 3.012533 2.858459 4.949562 1957.215041
 15.000000 -2.633353 3.023512 25.225916 34.723806
 15.200000 -2.394075 2.423994 25.367257 44.164087
 15.400000 -2.019020 2.575611 22.707933 40.047110
 15.600000 -1.864106 2.693868 22.311501 11.524611
 15.800000 -2.469155 2.535409 25.690239 3.077064
 16.000000 3.007730 2.956857 4.867290 2021.478121
 16.200000 -3.082633 -2.929050 14.524594 1927.742178
 16.400000 -3.138621 2.386354 11.908916 2435.782858
 16.600000 -2.402680 2.528903 25.427574 39.480569
 16.800000 -1.772211 2.934341 22.977744 117.317744
 17.000000 -2.589608 2.428173 25.516415 18.906506
 17.200000 -3.056597 2.664661 15.714263 1632.693697
 17.400000 3.031075 -2.845049 6.228557 2540.308306
 17.600000 2.871849 2.640533 0.580580 289.932490
 17.800000 -2.258833 2.448077 24.270814 60.256359
 18.000000 -1.694939 2.565069 23.952304 200.005897
 18.200000 -2.245350 2.495743 24.175085 54.712553
 18.400000 -3.106111 2.601126 13.722991 2006.111565
 18.600000 3.038446 -3.107905 6.732236 2690.611348
 18.800000 -2.764587 2.872181 24.082408 219.616219
 19.000000 -2.078244 2.407489 23.110098 42.361111
 19.200000 -1.681910 2.361219 24.114147 196.026586
 19.400000 -2.103022 2.492575 23.274599 40.078912
 19.600000 -2.855400 2.772951 22.319494 595.364508
 19.800000 3.055198 -2.975121 7.749656 2836.351736
 20.000000 -2.985676 2.750980 18.465529 1142.298700
 20.200000 -1.856943 2.507862 22.378165 16.314824
 20.400000 -1.604943 2.211023 25.214479 223.368908
 20.600000 -2.099223 2.159099 23.253785 41.140714
 20.800000 -2.619666 2.922826 25.487034 30.124492
 21.000000 2.882818 -3.096212 0.689518 457.159976
 21.200000 -3.010656 2.506785 17.706487 1176.557891
 21.400000 -2.202638 2.812763 23.904942 41.660923
 21.600000 -1.928496 2.639806 22.332944 3.227967
 21.800000 -2.012958 2.408849 22.696742 37.206990
 22.000000 -2.543109 2.402970 25.808927 3.666817
 22.200000 -2.416813 -3.026428 25.554467 38.227176
 22.400000 2.858959 2.573242 0.172551 297.402767
 22.600000 -2.736734 2.810631 24.531064 154.750889
 22.800000 -2.338743 2.835756 24.959027 71.465444
 23.000000 -2.307309 2.637856 24.693490 69.866857
 23.200000 -2.217803 2.586969 24.034668 45.542409
 23.400000 -2.192337 2.712170 23.867741 40.817760
 23.600000 -2.310200 2.774330 24.741449 71.062698
 23.800000 -2.891841 2.414335 21.437322 751.014537
 24.000000 -2.959861 -3.110045 19.430656 975.358487
 24.200000 -2.967665 2.892294 19.214848 991.768211
 24.400000 -2.575646 2.780207 25.801889 13.571317
 24.600000 -2.362782 2.614082 25.224330 64.953547
 24.800000 -2.411203 2.826003 25.579992 41.019247
 25.000000 -2.571262 2.609832 25.817548 11.963664
 25.200000 -3.027056 2.741481 17.312688 1156.116542
 25.400000 3.027837 2.897783 6.872889 3073.375633
 25.600000 -2.610220 3.006970 25.681521 29.830810
 25.800000 -2.258966 2.401980 24.422235 60.500741
 26.000000 -1.648031 2.568944 24.499863 176.241470
 26.200000 -1.978877 2.556418 22.615842 17.645917
 26.400000 -2.665368 2.754181 25.351164 66.233875
 26.600000 -3.141124 3.140395 12.925871 2092.937186
 26.800000 -2.957626 2.964458 19.610316 955.241782
 27.000000 -2.019765 2.476517 22.821253 32.665607
 27.200000 -1.713533 2.024650 23.677558 118.817305
 27.400000 -1.743759 1.893332 23.364809 95.371782
 27.600000 -1.902127 2.178082 22.486256 0.247569
 27.800000 -2.085721 2.757264 23.247349 45.657114
 28.000000 -2.787069 2.990802 23.895979 295.696788
 28.200000 2.988414 3.022182 4.897711 2842.608494
 28.400000 3.069375 2.739727 9.395934 2993.008719
 28.600000 -2.526501 2.843496 26.083142 0.486075
 28.800000 -2.254931 2.447716 24.525251 66.320381
 29.000000 -1.817103 2.699428 22.819928 35.780122
 29.200000 -2.118135 2.465042 23.498428 53.190941
 29.400000 -2.256258 2.426970 24.573210 67.701218
 29.600000 -2.370264 2.925141 25.503582 56.409233
 29.800000 3.073721 2.616041 9.706825 2945.697871
 30.000000 -2.444318 3.050810 25.963036 20.481707
 30.200000 -2.113543 2.726261 23.483693 54.311790
 30.400000 -1.925935 2.204640 22.603174 0.144591
 30.600000 -1.946539 2.173003 22.623499 2.510541
 30.800000 -1.606310 2.480206 24.940943 173.352979
 31.000000 -2.590388 2.672191 26.000490 22.294918
 31.200000 2.824583 3.079289 -0.002816 0.041809
 31.400000 -3.023963 3.064036 17.649762 1106.417919
 31.600000 -2.879557 2.160820 21.985656 657.144888
 31.800000 -2.221425 2.488397 24.370375 69.769622
 32.000000 -1.673564 2.960406 24.121217 113.829213
 32.200000 -2.313519 2.346970 25.186642 68.186502
 32.400000 -2.754365 2.209023 24.507951 211.304347
 32.600000 -2.557913 -3.059106 26.203119 7.686534
 32.800000 2.904242 2.944164 1.165732 1218.450147
 33.000000 -2.614772 2.415260 25.940735 40.517147
 33.200000 -1.462186 2.643494 26.729246 103.740289
 33.400000 -0.528781 2.085607 2.638917 660.327883
 33.600000 -0.689362 1.064829 7.727803 1458.848267
 33.800000 -1.788774 0.236102 23.195628 35.559245
 34.000000 -1.991780 0.015006 22.853916 10.200109
 34.200000 -1.352226 0.274090 27.156970 7.668852
 34.400000 -0.679172 0.874963 7.315099 1387.230081
 34.600000 -0.711798 1.706925 8.576606 1605.696144
 34.800000 -0.546865 2.559121 3.082709 738.703112
 35.000000 -1.105755 2.320508 23.458757 539.831929
 35.200000 -0.554452 1.510419 3.264160 777.176820
 35.400000 -1.557144 0.970915 25.493836 180.896723
 35.600000 -1.481481 0.515918 26.466828 129.687082
 35.800000 -1.256184 0.556839 26.279893 194.414358
 36.000000 -1.156535 0.962204 24.531654 419.457370
 36.200000 -2.044446 1.656808 23.137873 25.853428
 36.400000 -1.564181 2.642213 25.389986 178.124610
 36.600000 -2.160333 2.864199 23.983386 77.910609
 36.800000 3.003460 2.379028 6.101608 3348.655818
 37.000000 -2.494911 -2.977604 26.365050 3.825003
 37.200000 -1.893314 2.890927 22.959593 3.612938
 37.400000 -2.064387 1.611497 23.265708 35.169574
 37.600000 -0.739641 0.809985 9.689690 1779.518759
 37.800000 -1.068218 0.153558 22.444958 664.528199
 38.000000 -0.726613 -0.202834 9.146259 1699.523243
 38.200000 -0.721914 -0.118534 8.949201 1671.391937
 38.400000 -0.777684 0.193154 11.334791 1966.090761
 38.600000 -1.635146 0.939121 24.502981 120.786292
 38.800000 -0.639442 1.450505 5.851645 1174.808319
 39.000000 -0.512882 2.054789 2.072832 636.881927
 39.200000 -0.676450 2.448480 7.182698 1390.233620
 39.400000 -1.088043 2.217044 22.888940 590.696669
 39.600000 -0.612980 1.693692 4.969347 1062.122050
 39.800000 -0.637839 1.599778 5.800889 1178.773778
 40.000000 -0.937770 1.418791 18.255865 1464.100240
 40.200000 -1.173090 0.884427 24.714564 372.149133
 40.400000 -1.118732 0.094727 23.585475 497.137342
 40.600000 -0.336672 -0.398336 -0.001506 0.001532
 40.800000 -0.344126 -0.411104 -0.001872 0.003695
 41.000000 -1.007931 0.058895 20.671414 965.888686
 41.200000 -0.541028 0.484513 2.774108 805.631253
 41.400000 -0.756702 1.658053 10.464050 1837.400540
 41.600000 -0.692371 2.488912 7.835310 1492.850680
 41.800000 -0.942904 2.431814 18.426901 1418.518778
 42.000000 -0.840484 1.767248 14.161243 1966.124629
 42.200000 -0.636355 0.897431 5.808023 1217.737744
 42.400000 -1.591307 0.762130 25.001257 157.974921
 42.600000 -1.346572 0.712973 26.894126 17.879878
 42.800000 -1.303287 0.964556 26.601248 84.311527
 43.000000 -1.814426 1.197387 23.321585 11.682807
 43.200000 -1.119722 0.905138 23.592580 485.605308
 43.400000 -1.304554 0.436009 26.590871 81.254060
 43.600000 -1.582584 0.433487 25.112235 162.645576
 43.800000 -1.696042 1.065242 23.935017 55.891871
 44.000000 -1.059770 1.172924 22.146822 696.630450
 44.200000 -1.766317 1.189607 23.535919 20.452669
 44.400000 -1.206752 0.902589 25.276860 282.141371
 44.600000 -0.990076 0.280555 20.090749 1078.916820
 44.800000 -0.488454 -0.311823 1.343845 594.643884
 45.000000 -0.614093 -0.419258 5.087085 1155.822894
 45.200000 -0.795568 -0.034274 12.270526 1906.630764
 45.400000 -0.877397 0.220746 15.823332 1780.711129
 45.600000 -0.946117 0.502348 18.561254 1371.670410
 45.800000 -1.396104 0.861259 26.903860 2.544970
 46.000000 -1.223768 0.927589 25.540339 243.468215
 46.200000 -1.330444 0.964563 26.738600 39.339910
 46.400000 -1.260077 0.703200 26.047995 168.090069
 46.600000 -0.871752 0.584290 15.606256 1796.604287
 46.800000 -0.987745 0.226852 20.035047 1087.543077
 47.000000 -0.760548 0.351015 10.792537 1807.136275
 47.200000 -1.107128 0.584787 23.322257 501.180403
 47.400000 -1.433223 0.860239 26.769063 31.962890
 47.600000 -1.248844 1.110042 25.888329 190.528103
 47.800000 -1.193773 1.214340 25.029919 296.902212
 48.000000 -1.560440 0.967922 25.441929 163.620593
 48.200000 -1.069088 0.455234 22.438187 633.564606
 48.400000 -1.234303 0.537492 25.681087 217.703543
 48.600000 -1.452762 0.990934 26.651384 57.918026
 48.800000 -1.264990 1.221366 26.101874 158.809637
 49.000000 -1.000112 0.850045 20.484859 1002.223287
 49.200000 -1.670671 0.739472 24.210301 79.461091
 49.400000 -1.416852 0.914459 26.872489 13.984007
 49.600000 -0.911553 1.468201 17.330761 1590.551801
 49.800000 -0.883060 1.898887 16.166785 1741.069569
 50.000000 -0.515187 2.057194 1.998317 828.605410
 50.200000 -0.739521 2.254981 10.049501 1724.152571
 50.400000 -0.742805 1.968787 10.186107 1736.186483
 50.600000 -0.635590 1.732713 5.998020 1328.459370
 50.800000 -1.029034 1.806336 21.423207 827.423731
 51.000000 -1.216263 1.212067 25.431331 244.975862
 51.200000 -1.174353 0.568540 24.749499 316.344980
 51.400000 -0.846314 0.066061 14.675948 1855.372322
 51.600000 -0.553120 -0.102129 3.169151 1055.906422
 51.800000 -0.673312 -0.080065 7.446229 1472.778912
 52.000000 -0.650082 0.045860 6.567449 1390.660363
 52.200000 -0.876697 0.286809 16.007051 1751.175274
 52.400000 -1.158318 0.341255 24.484949 346.129215
 52.600000 -1.099299 0.714500 23.276905 507.323178
 52.800000 -1.471156 1.484349 26.557688 85.743990
 53.000000 -1.617322 1.483138 24.782251 138.283080
 53.200000 -1.029572 0.747509 21.532566 825.895767
 53.400000 -1.242623 0.491353 25.876325 188.247253
 53.600000 -1.227401 0.718858 25.660417 214.253065
 53.800000 -1.511454 1.210733 26.141492 143.974977
 54.000000 -1.041730 0.978724 21.874774 759.462065
 54.200000 -1.495014 0.828389 26.352687 123.525951
 54.400000 -1.262567 0.866502 26.160545 151.181098
 54.600000 -1.229310 1.192934 25.715862 206.993145
 54.800000 -1.351130 1.057845 26.923432 18.252419
 55.000000 -1.122247 0.709940 23.848493 430.654684
 55.200000 -1.396431 0.700584 27.028200 1.133963
 55.400000 -1.184586 1.219702 25.058263 281.359081
 55.600000 -1.203836 1.401228 25.370834 246.641398
 55.800000 -1.217571 0.806253 25.581325 223.295332
 56.000000 -1.389082 0.631081 27.032751 0.030344
 56.200000 -1.229617 1.047262 25.808871 201.250327
 56.400000 -1.388397 1.287854 27.070005 0.034061
 56.600000 -1.141778 0.893522 24.340036 376.384291
 56.800000 -1.682373 0.726735 24.116918 76.701015
 57.000000 -1.121850 0.963825 23.939535 433.295562
 57.200000 -1.334092 1.284817 26.956859 34.515077
 57.400000 -1.582119 0.940669 25.277570 186.155616
 57.600000 -0.769509 0.345926 11.610921 1784.619997
 57.800000 -0.530679 -0.199587 2.510192 1091.348297
 58.000000 -0.723200 -0.355933 9.688545 1655.817410
 58.200000 -0.689496 0.012105 8.374758 1555.665596
 58.400000 -0.799921 0.417137 12.939234 1830.613683
 58.600000 -1.540864 0.864650 25.868636 190.866044
 58.800000 -1.477158 1.172611 26.658220 105.638934
 59.000000 -0.675716 1.127447 7.834505 1518.598401
 59.200000 -1.357995 1.179760 27.158394 9.620400
 59.400000 -1.378653 0.721667 27.197808 0.480651
 59.600000 -0.430460 -0.105866 -0.020344 3.699336
 59.800000 -0.539463 -0.398825 2.825378 1180.326176
 60.000000 -0.621155 -0.401713 5.788861 1413.964285
 60.200000 -0.642748 0.033112 6.653466 1467.089170
 60.400000 -1.200663 0.618472 25.612115 247.218457
 60.600000 -1.748227 1.430057 23.622036 31.471132
 60.800000 -1.358388 1.362703 27.206191 9.104498
 61.000000 -0.960011 1.075979 19.528763 1305.026410
 61.200000 -1.615256 0.699505 24.876832 180.128935
 61.400000 -1.195136 0.375472 25.577926 257.530839
 61.600000 -1.013928 0.712789 21.385163 982.782371
 61.800000 -1.697857 1.079166 23.965089 71.137580
 62.000000 -1.165386 0.901477 25.071324 325.385922
 62.200000 -1.088631 0.555533 23.510456 592.110765
 62.400000 -1.573978 0.839700 25.489377 221.021391
 62.600000 -1.216597 1.041709 25.960165 214.137639
 62.800000 -1.126669 1.277310 24.371492 441.044223
 63.000000 -1.546989 1.181865 25.891063 218.074825
 63.200000 -1.255762 0.566197 26.538094 145.076924
 63.400000 -0.990369 0.412250 20.698637 1141.602039
 63.600000 -0.785421 0.265122 12.535144 1762.707366
 63.800000 -0.901622 -0.029090 17.388871 1617.479810
 64.000000 -0.914673 0.165569 17.909211 1561.067509
 64.200000 -0.720842 -0.003399 9.919039 1631.209799
 64.400000 -0.692034 0.262481 8.766061 1574.356860
 64.600000 -1.124383 0.448488 24.433917 455.008669
 64.800000 -1.729763 1.042951 23.714111 49.377990
 65.000000 -1.275044 1.442698 26.810791 112.547818
 65.200000 -0.812210 1.135869 13.753633 1774.841719
 65.400000 -1.815594 1.093784 23.261499 14.966537
 65.600000 -1.339511 0.780540 27.371394 24.079122
 65.800000 -0.886430 0.474623 16.853248 1668.631622
 66.000000 -0.903603 0.410001 17.548387 1606.540034
 66.200000 -1.207969 0.630967 26.053081 226.833354
 66.400000 -1.513255 1.164634 26.524820 196.304533
 66.600000 -1.240910 1.269257 26.513259 165.905444
 66.800000 -0.887680 0.940553 16.947701 1662.977381
 67.000000 -1.702345 0.879109 23.937619 81.860909
 67.200000 -1.477000 0.810110 27.028478 124.441662
 67.400000 -0.632256 0.912329 6.555042 1540.927903
 67.600000 -1.059742 1.453110 23.014016 756.852725
 67.800000 -1.482851 1.482950 26.961568 137.206759
 68.000000 -1.463994 0.833336 27.165022 96.426347
 68.200000 -1.139143 0.709934 24.951130 407.964548
 68.400000 -1.143437 0.928291 25.037078 393.584636
 68.600000 -1.264735 1.263724 26.900442 124.891508
 68.800000 -1.114774 1.044490 24.433271 498.512329
 69.000000 -1.334525 0.763794 27.488477 28.419487
 69.200000 -1.140424 0.790934 25.033073 406.115225
 69.400000 -1.266333 0.956387 26.976100 121.648491
 69.600000 -1.388047 1.120869 27.671648 0.494709
 69.800000 -1.122080 0.909356 24.648933 472.761978
 70.000000 -1.540480 0.966698 26.246844 246.071190
 70.200000 -1.266599 0.986588 27.038833 120.592981
 70.400000 -1.227344 1.044819 26.553921 187.632487
 70.600000 -1.477413 1.127789 27.173086 129.650052
 70.800000 -0.958516 0.774823 19.892651 1342.108754
 71.000000 -1.295214 0.731174 27.322483 77.444242
 71.200000 -2.112511 1.038519 23.252320 61.214357
 71.400000 -1.375856 1.239793 27.787257 0.512029
 71.600000 -0.951725 1.314267 19.688909 1382.042288
 71.800000 -1.105781 1.581264 24.398218 546.949614
 72.000000 -1.259980 1.444151 27.028123 130.364250
 72.200000 -1.194283 0.626838 26.191459 255.879002
 72.400000 -1.277207 0.172942 27.274309 102.246988
 72.600000 -0.590726 -0.047240 5.061754 1620.600423
 72.800000 -0.700425 -0.060602 9.462367 1621.890248
 73.000000 -0.588198 -0.322450 4.960030 1619.956566
 73.200000 -0.367178 -0.237514 -0.000001 0.000000
 73.400000 -0.935631 -0.158445 19.169986 1470.402000
 73.600000 -0.935978 0.317792 19.183281 1468.738400
 73.800000 -1.026649 0.665059 22.352493 969.393410
 74.000000 -1.407598 1.355780 27.861204 10.592516
 74.200000 -1.326639 1.154339 27.794654 34.012324
 74.400000 -1.626156 0.795033 25.024159 252.060744
 74.600000 -1.367185 0.846082 27.947836 2.533382
 74.800000 -1.421359 1.320564 27.857430 25.465979
 75.000000 -1.617356 1.177649 25.165707 265.168713
 75.200000 -1.065367 0.682908 23.601980 763.501128
 75.400000 -1.208190 0.460452 26.601089 224.163525
 75.600000 -1.350727 0.816671 27.967866 11.499667
 75.800000 -1.575226 1.479268 25.918076 305.102337
 76.000000 -0.985731 1.201677 21.106116 1213.857750
 76.200000 -0.870298 0.922191 16.688108 1721.293256
 76.400000 -1.160551 0.548562 25.866790 352.861157
 76.600000 -1.617791 0.788911 25.219932 282.613480
 76.800000 -1.121453 1.252647 25.064327 498.090861
 77.000000 -0.366205 1.271726 -0.000000 0.000000
 77.200000 -0.561017 1.847437 3.969957 1700.142276
 77.400000 -1.036413 2.475575 22.878096 935.044193
 77.600000 -1.022526 2.529683 22.444524 1014.862756
 77.800000 -0.559775 1.881438 3.918766 1698.095967
 78.000000 -0.578189 1.368935 4.679888 1713.912173
 78.200000 -1.303278 1.468590 27.879041 60.328609
 78.400000 -1.450655 0.685816 27.889432 78.268657
 78.600000 -0.692977 0.025450 9.403516 1634.349803
 78.800000 -0.520085 -0.134060 2.327129 1561.705964
 79.000000 -0.512324 -0.433171 2.023154 1504.992201
 79.200000 -0.981313 -0.375119 21.169753 1264.180798
 79.400000 -0.396180 -0.291960 -0.000004 0.000000
 79.600000 -0.648522 0.078894 7.648006 1652.801659
 79.800000 -1.394241 0.655165 28.242870 2.772442
 80.000000 -1.509088 1.244651 27.229775 232.665700
 80.200000 -1.006552 1.054859 22.096986 1122.468750
 80.400000 -0.633245 0.807363 7.070260 1681.787235
 80.600000 -1.629433 0.870285 25.139078 302.882677
 80.800000 -1.762345 1.004872 23.433147 65.254517
 81.000000 -0.869227 0.987887 16.827508 1748.744487
 81.200000 -1.500293 1.378221 27.464789 213.618647
 81.400000 -1.808494 1.096546 23.106386 34.953529
 81.600000 -1.013796 0.697260 22.393173 1083.348642
 81.800000 -0.794450 0.436018 13.713117 1775.438470
 82.000000 -1.250844 0.461405 27.540177 134.689778
 82.200000 -1.158759 0.906288 26.208836 356.994047
 82.400000 -1.245125 1.624188 27.529164 143.160772
 82.600000 -0.788014 1.642795 13.487850 1767.772485
 82.800000 -0.505470 1.666175 1.807048 1565.519710
 83.000000 -0.739288 2.320449 11.464512 1679.139672
 83.200000 -0.795216 2.313896 13.835277 1781.980210
 83.400000 -0.468873 1.838684 0.453511 1253.627729
 83.600000 -0.690649 1.400272 9.535657 1623.890850
 83.800000 -1.176069 1.030483 26.586847 303.228016
 84.000000 -1.412474 0.525799 28.402076 15.825022
 84.200000 -1.758413 0.675341 23.457098 82.657749
 84.400000 -1.122667 1.072314 25.584698 507.904640
 84.600000 -1.099691 1.363613 25.040637 616.251170
 84.800000 -1.556556 1.245764 26.650917 354.101715
 85.000000 -1.532722 0.434455 27.085433 307.221960
 85.200000 -1.032895 0.794656 23.217393 983.478251
 85.400000 -1.491972 1.160667 27.781247 192.459939
 85.600000 -2.005158 1.167157 22.424657 0.418554
 85.800000 -1.291007 0.872980 28.175475 67.983443
 86.000000 -1.031476 0.348340 23.172825 991.565999
 86.200000 -0.600187 0.008218 5.952124 1819.048385
 86.400000 -0.414520 -0.400900 -0.000020 0.000015
 86.600000 -0.454356 -0.290270 -0.010527 149.822322
 86.800000 -0.986143 -0.031872 21.706254 1251.426191
 87.000000 -0.535574 0.226010 3.149669 1872.176412
 87.200000 -0.646909 -0.069483 7.949584 1674.181934
 87.400000 -0.638142 -0.590614 7.589654 1697.626475
 87.600000 -0.391354 -0.436879 -0.000000 0.000000
 87.800000 -0.790600 0.174709 13.832725 1790.908717
 88.000000 -0.738984 0.353373 11.680420 1683.032160
 88.200000 -1.302894 0.380188 28.425325 48.090036
 88.400000 -0.836766 0.530948 15.849599 1821.950215
 88.600000 -1.645589 0.955843 25.080261 345.183079
 88.800000 -1.368256 1.140104 28.695318 1.124901
 89.000000 -1.097927 0.920609 25.224291 643.577134
 89.200000 -1.656576 0.818776 24.903480 330.010656
 89.400000 -0.977461 0.742884 21.550945 1296.440876
 89.600000 -1.197246 1.026160 27.310365 240.895013
 89.800000 -1.835948 1.122654 22.850769 34.646910
 90.000000 -1.513277 0.891329 27.649323 258.192549
 90.200000 -0.879457 0.620793 17.760087 1749.497579
 90.400000 -1.514305 0.536900 27.680466 262.319645
 90.600000 -1.511622 1.134517 27.723567 253.749605
 90.800000 -0.853178 1.539136 16.650127 1812.173765
 91.000000 -0.585818 1.794425 5.526092 1914.428800
 91.200000 -0.586124 2.176736 5.584307 1927.611461
 91.400000 -0.847278 2.424687 16.451458 1824.301494
 91.600000 -0.503147 1.837133 1.893213 1837.420200
 91.800000 -0.620556 1.525301 7.064572 1769.137108
 92.000000 -1.304874 1.550335 28.588818 42.405690
 92.200000 -1.419643 0.795123 28.788498 22.510654
 92.400000 -1.230399 0.401552 27.940326 153.748050
 92.600000 -1.216511 0.811754 27.759592 185.989410
 92.800000 -1.721609 1.315673 23.909280 189.768254
 93.000000 -1.753509 1.568162 23.512364 124.314369
 93.200000 -0.817313 1.247526 15.271652 1840.300179
 93.400000 -1.623944 0.855519 25.656091 428.357203
 93.600000 -1.543182 0.880099 27.314792 358.985869
 93.800000 -1.015554 0.935918 23.072309 1088.739819
 94.000000 -0.997938 1.385779 22.478780 1182.187510
 94.200000 -1.154457 1.134907 26.838126 393.403996
 94.400000 -1.186844 0.686742 27.425746 271.449975
 94.600000 -1.358425 0.871693 28.964059 3.604121
 94.800000 -1.279357 1.064400 28.553135 68.761952
 95.000000 -1.419341 1.198452 28.889274 21.750152
 95.200000 -1.466405 1.099873 28.580528 115.144036
 95.400000 -1.042101 0.820944 24.018160 951.365908
 95.600000 -0.410644 0.458293 -0.000003 0.000000
 95.800000 -1.656218 0.627222 25.061306 383.918873
 96.000000 -1.688674 1.151276 24.462344 296.146472
 96.200000 -0.933041 0.997804 20.244075 1517.361528
 96.400000 -0.713720 0.824531 11.094687 1611.943322
 96.600000 -1.495365 1.162165 28.266800 209.067631
 96.800000 -1.501845 0.806658 28.170610 231.811751
 97.000000 -0.815886 0.625413 15.356178 1849.681595
 97.200000 -1.833348 1.089104 22.794328 51.407401
 97.400000 -1.431194 1.084981 28.988762 39.752291
 97.600000 -1.065842 0.637176 24.823191 831.996013
 97.800000 -0.608196 0.270660 6.837712 1872.606043
 98.000000 -1.646604 0.508627 25.311179 421.140123
 98.200000 -1.760001 1.144490 23.475165 139.081472
 98.400000 -1.100174 1.316176 25.809254 661.289560
 98.600000 -0.783317 1.354291 14.053806 1801.405975
 98.800000 -0.766645 1.958713 13.350761 1753.743422
 99.000000 -0.715545 2.175787 11.258325 1610.096515
 99.200000 -0.456264 2.283011 0.044578 943.278194
 99.400000 -0.910254 2.011646 19.489681 1631.847322
 99.600000 -0.500763 1.540317 1.953524 2102.387401
 99.800000 -0.724219 1.526886 11.653109 1624.211504
 100.000000 -0.971839 1.900400 21.851414 1308.790048
 100.200000 -1.755945 2.121497 22.220926 156.854349
 100.400000 -2.507343 2.659075 23.834067 5.495929
 100.600000 2.948106 -3.022180 0.255815 4136.598242
 100.800000 3.111579 -3.084355 9.569846 1937.270010
 101.000000 -2.472579 2.486548 23.721991 15.710992
 101.200000 -1.863368 2.389857 21.243978 44.497826
 101.400000 -1.991526 2.472852 20.715136 0.945164
 101.600000 -2.783289 2.870134 21.314081 327.119029
 101.800000 3.106753 -2.976294 9.339646 2013.173008
 102.000000 -2.985159 2.677625 16.221061 1056.716630
 102.200000 -1.955416 2.613751 20.781015 9.560819
 102.400000 -2.009921 2.413452 20.697686 0.037850
 102.600000 -1.940858 2.586843 20.831272 14.444934
 102.800000 -2.823480 2.647104 20.525540 412.190507
 103.000000 3.017868 2.915355 4.562330 3760.477226
 103.200000 -2.937173 2.896181 17.683103 879.922738
 103.400000 -2.097359 2.639848 20.976442 39.043140
 103.600000 -1.957548 2.205537 20.772577 9.261785
 103.800000 -1.889368 2.510003 21.085544 35.520772
 104.000000 -2.487180 2.804023 23.721996 11.166881
 104.200000 3.051227 2.804013 6.505439 3143.295955
 104.400000 -2.803748 3.015744 20.877783 365.757462
 104.600000 -2.400756 2.576300 23.310725 28.686310
 104.800000 -2.148462 2.360968 21.354225 74.270258
 105.000000 -1.799651 2.847213 21.798460 102.451806
 105.200000 -2.513311 2.540904 23.759550 3.446617
 105.400000 -3.065342 2.767671 13.478542 1153.610139
 105.600000 -2.910208 3.077484 18.419615 751.716289
 105.800000 -3.030134 2.268941 14.665300 1121.698613
 106.000000 -2.352453 2.665817 23.024114 37.082821
 106.200000 -1.777314 3.022941 22.071554 141.093191
 106.400000 -2.701721 2.108998 22.551439 202.204371
 106.600000 -2.610884 2.725015 23.533485 45.653965
 106.800000 -3.097167 -3.028977 12.374501 1229.669960
 107.000000 2.992025 2.574378 2.902610 3992.563310
 107.200000 -2.004077 2.572058 20.700264 0.180159
 107.400000 -1.907676 2.601680 21.001133 29.269279
 107.600000 -2.530792 2.292050 23.750907 0.334294
 107.800000 -3.012871 3.027552 15.222389 1101.031997
 108.000000 2.961367 3.082162 0.970469 3774.040130
 108.200000 -2.654650 2.762778 23.120685 115.813930
 108.400000 -1.977963 2.611538 20.736311 4.164880
 108.600000 -2.034512 2.434766 20.719987 2.468798
 108.800000 -2.405676 2.435762 23.294860 27.651401
 109.000000 -2.348907 3.082955 22.969366 39.243799
 109.200000 2.990270 2.611964 2.765327 4007.513870
 109.400000 -2.956513 3.049232 17.020031 952.066759
 109.600000 -2.893722 2.774503 18.809889 669.852277
 109.800000 -2.879299 2.481710 19.174051 606.214201
 110.000000 -2.407986 3.089836 23.299982 26.856175
 110.200000 -2.956791 2.698530 17.005308 953.828526
 110.400000 -2.969413 2.678627 16.610793 999.077237
 110.600000 -2.749151 3.068372 21.780465 274.286873
 110.800000 2.947358 2.621666 0.070985 2963.719617
 111.000000 -2.646214 2.891626 23.184963 98.657898
 111.200000 -2.365622 2.798736 23.051971 35.780320
 111.400000 -2.516987 2.459641 23.685059 1.868540
 111.600000 -2.295925 2.773473 22.575151 60.327082
 111.800000 -2.563828 2.814768 23.671212 4.666400
 112.000000 -2.982656 2.543158 16.184084 1040.129341
 112.200000 -2.757050 -3.125592 21.644583 284.843600
 112.400000 2.919129 2.539441 -0.000001 0.000000
 112.600000 -2.606747 2.882816 23.484074 37.527368
 112.800000 -2.134903 2.665388 21.180269 53.452678
 113.000000 -2.361424 2.172863 23.026773 37.356782
 113.200000 -1.800625 2.676291 21.895497 122.739816
 113.400000 -2.501943 2.753880 23.642937 4.246685
 113.600000 2.960119 2.829720 0.845067 3794.724719
 113.800000 -2.588506 2.968200 23.569614 19.122675
 114.000000 -2.518480 2.424794 23.669604 1.295356
 114.200000 -2.008918 2.268237 20.724952 0.098068
 114.400000 -1.859535 2.776798 21.351981 60.368681
 114.600000 -2.818372 2.610356 20.516587 402.247998
 114.800000 2.978657 2.923620 1.997455 3997.239523
 115.000000 -2.793732 -3.088378 20.992934 347.706286
 115.200000 -2.998773 2.339166 15.657058 1079.758823
 115.400000 -2.049094 2.818578 20.766043 4.524490
 115.600000 -2.004882 2.797281 20.732088 0.313114
 115.800000 -2.415063 2.227824 23.324554 23.043842
 116.000000 -2.406922 2.524885 23.284656 25.018621
 116.200000 -2.324389 -3.046367 22.783814 53.935876
 116.400000 -2.928927 2.425528 17.834073 833.634981
 116.600000 -2.704096 2.713662 22.459387 192.890716
 116.800000 -2.644613 3.032883 23.158271 87.806667
 117.000000 2.915112 2.509480 -0.000000 0.000000
 117.200000 -2.403172 2.893070 23.274812 25.038182
 117.400000 -2.062411 2.646466 20.807787 7.990900
 117.600000 -2.129702 2.293439 21.131547 44.497127
 117.800000 -2.267326 2.718514 22.318666 79.782855
 118.000000 3.033592 2.691836 5.400719 3509.543021
 118.200000 -2.715303 3.128221 22.304613 210.226928
 118.400000 -2.542294 2.712280 23.642587 0.443567
 118.600000 -2.712963 2.371324 22.338366 206.103241
 118.800000 -2.703305 -3.101333 22.474094 188.894310
 119.000000 -3.067571 3.097197 13.344466 1177.045454
 119.200000 -2.554813 2.526737 23.626821 2.318505
 119.400000 -1.994343 2.604325 20.770985 1.296935
 119.600000 -2.316958 2.675352 22.743019 60.003148
 119.800000 -2.485791 2.939163 23.587369 5.214497
 120.000000 3.067180 2.889476 7.276909 2785.527966
 120.200000 -2.786972 3.026638 21.136029 338.932526
 120.400000 -2.449339 2.762323 23.483363 11.861096
 120.600000 -2.283849 2.424449 22.474712 77.229641
 120.800000 -1.766200 2.812227 22.393122 199.494248
 121.000000 -2.543767 2.511523 23.637323 0.557636
 121.200000 -3.063832 3.010810 13.473191 1181.341863
 121.400000 -3.061200 -3.136536 13.563575 1177.412996
 121.600000 -2.723541 2.501873 22.206610 224.775149
 121.800000 -2.099051 2.420452 20.972705 22.281957
 122.000000 -1.812490 2.600531 21.825827 116.255446
 122.200000 -2.514840 2.689911 23.631859 0.728532
 122.400000 3.107012 2.700656 9.203499 2009.648772
 122.600000 3.089173 -3.035006 8.373727 2328.729249
 122.800000 -2.690415 2.576419 22.676073 161.423409
 123.000000 -1.893207 2.328135 21.161162 36.589843
 123.200000 -1.917772 2.322853 21.035422 22.808965
 123.400000 -2.289833 2.733545 22.550919 78.020848
 123.600000 2.961504 2.967695 0.884595 3842.020907
 123.800000 -3.082334 2.984714 12.837777 1225.594162
 124.000000 -2.707960 2.793857 22.451345 194.598726
 124.200000 -2.700869 2.670880 22.557010 180.084145
 124.400000 -2.830616 2.896412 20.298964 447.661988
 124.600000 -3.097291 2.915903 12.313426 1276.874678
 124.800000 -3.090195 2.732749 12.565732 1252.265260
 125.000000 -2.576290 2.824988 23.575922 8.311912
 125.200000 -2.843639 2.841885 20.026788 488.083310
 125.400000 3.050395 2.777536 6.346309 3153.018784
 125.600000 -2.828779 3.117739 20.347720 445.761379
 125.800000 -2.627057 2.653437 23.331185 49.276785
 126.000000 -2.632925 2.518325 23.288441 56.990594
 126.200000 -2.241032 2.938272 22.106583 96.331661
 126.400000 -2.381161 2.703535 23.232337 27.528003
 126.600000 -2.890001 2.438955 18.933533 657.483266
 126.800000 -2.903926 3.047092 18.568633 716.644794
 127.000000 -2.961586 2.878025 16.895563 965.793676
 127.200000 -2.713985 2.621162 22.427259 203.092379
 127.400000 -2.353709 2.793006 23.081930 41.416472
 127.600000 -2.787862 2.547050 21.196071 355.399893
 127.800000 3.081186 2.744946 7.982983 2495.675671
 128.000000 -3.011079 -3.135979 15.303711 1114.817839
 128.200000 -2.819241 2.694275 20.594243 429.659024
 128.400000 -2.606479 2.675999 23.480094 23.278268
 128.600000 -3.047457 2.914444 14.081365 1177.754231
 128.800000 2.895597 2.760092 -0.000000 0.000000
 129.000000 -2.512651 2.853411 23.629991 0.715807
 129.200000 -2.081614 2.412509 20.945231 10.263927
 129.400000 -2.053029 2.343041 20.876032 2.755337
 129.600000 -2.305234 2.617206 22.732003 75.676618
 129.800000 -2.646434 3.019339 23.231948 68.304710
 130.000000 -3.078699 2.699139 13.008418 1240.916670
 130.200000 3.140428 2.849677 10.636115 1605.597322
 130.400000 -2.612122 2.964106 23.471833 25.472666
 130.600000 -2.686496 2.467116 22.846083 139.495840
 130.800000 -2.321905 2.806086 22.881673 64.644824
 131.000000 -2.373442 2.896320 23.230663 30.107100
 131.200000 -2.551916 2.560498 23.643787 0.571189
 131.400000 -2.641321 2.769150 23.303217 56.568168
 131.600000 3.125634 3.026123 10.034854 1777.822643
 131.800000 -2.944690 2.911644 17.482187 898.990961
 132.000000 -2.549219 2.655552 23.645642 0.385203
 132.200000 -2.492279 2.779885 23.624123 1.957775
 132.400000 -2.957130 2.869007 17.120332 949.967367
 132.600000 3.041148 2.988658 5.829131 3360.643145
 132.800000 -2.698323 2.783516 22.747426 161.979002
 133.000000 -2.285011 2.581756 22.574661 92.864058
 133.200000 -1.966852 2.769096 20.935700 4.842986
 133.400000 -2.450468 2.680733 23.555248 5.649178
 133.600000 -2.611678 2.753521 23.520184 21.378507
 133.800000 -2.994786 2.992112 15.937333 1082.953704
 134.000000 3.102193 2.802500 9.011474 2132.363005
 134.200000 -2.202356 2.684051 21.750622 92.798225
 134.400000 -1.972742 2.411551 20.929903 3.715254
 134.600000 -1.995389 2.456592 20.896479 1.052455
 134.800000 -2.664511 2.812370 23.170387 89.772724
 135.000000 3.013204 2.764700 4.152335 3854.429384
 135.200000 -2.924235 2.764327 18.154681 807.776261
 135.400000 -2.571318 2.586089 23.670434 2.226461
 135.600000 -2.584416 2.704742 23.645549 5.417572
 135.800000 -2.766396 2.780971 21.766283 321.804701
 136.000000 -2.880652 2.883887 19.320473 630.075715
 136.200000 -2.852909 2.695617 20.012169 538.287861
 136.400000 -2.908646 2.745760 18.609882 741.480100
 136.600000 -2.814998 2.822393 20.846882 435.977992
 136.800000 -2.971820 2.795532 16.740549 1009.624453
 137.000000 -2.677531 2.953889 23.086037 112.741092
 137.200000 -2.863517 2.683183 19.790210 571.205307
 137.400000 -2.925498 2.903738 18.168500 813.862202
 137.600000 -2.867824 2.865152 19.686642 585.448636
 137.800000 -2.863207 2.833478 19.797610 570.197250
 138.000000 -2.996273 2.783373 15.972811 1099.829739
 138.200000 -2.570730 -3.119720 23.712538 1.459710
 138.400000 -2.912361 2.567189 18.573752 757.712149
 138.600000 -2.854766 2.930057 20.032994 541.615657
 138.800000 -2.945124 2.902846 17.629832 904.313265
 139.000000 3.002351 2.762318 3.483044 3978.155272
 139.200000 -2.362994 2.819806 23.284064 37.113740
 139.400000 -2.057460 2.449789 20.951238 2.216303
 139.600000 -2.138438 2.253752 21.248644 37.672102
 139.800000 -2.243878 2.841135 22.197061 116.161869
 140.000000 -2.965851 2.866772 17.030562 1002.314513
 140.200000 -3.008599 2.982353 15.653220 1173.307890
 140.400000 -2.927590 2.900412 18.228859 829.747145
 140.600000 -2.942198 2.586023 17.799343 899.450959
 140.800000 -2.524254 3.103762 23.740380 0.555407
 141.000000 -2.809187 2.647824 21.101134 411.794176
 141.200000 -2.950566 2.724143 17.587099 943.689376
 141.400000 -3.048119 3.051765 14.295743 1287.098867
 141.600000 3.071515 2.660177 7.526196 2734.856000
 141.800000 -2.398577 2.795050 23.486331 16.746948
 142.000000 -2.494645 2.758916 23.719123 1.827208
 142.200000 -2.769168 2.688303 21.930160 312.227132
 142.400000 -2.962201 2.924377 17.268655 1004.619880
 142.600000 3.105360 2.798214 9.194024 2133.339280
 142.800000 -2.877252 2.712298 19.660756 605.895735
 143.000000 -2.522824 2.843778 23.762659 0.717663
 143.200000 -2.474304 2.714198 23.711850 2.893403
 143.400000 -3.055289 2.719409 14.095533 1335.487654
 143.600000 3.122366 2.985783 9.965410 1911.888332
 143.800000 -2.975289 2.689413 16.891584 1073.532299
 144.000000 -2.576661 2.549377 23.776559 1.390534
 144.200000 -2.470284 2.929780 23.717927 3.206087
 144.400000 -2.951462 2.680920 17.698865 960.489652
 144.600000 -2.931512 2.842245 18.299744 854.522215
 144.800000 -2.536218 3.055693 23.800579 0.349800
 145.000000 3.135279 2.304635 10.529514 1783.047875
 145.200000 -2.695184 3.073078 23.119405 131.515345
 145.400000 -2.940680 2.822730 18.076268 906.569002
 145.600000 -3.042232 2.347796 14.635892 1338.891507
 145.800000 -2.582469 3.001953 23.805883 1.896971
 146.000000 2.963410 2.809071 1.026190 3927.817337
 146.200000 -2.955102 3.040184 17.681650 990.029828
 146.400000 3.117728 2.489392 9.787248 2004.141242
 146.600000 3.018353 2.394798 4.498369 3786.849284
 146.800000 -2.906750 -2.941851 19.095328 727.565814
 147.000000 3.013197 2.507196 4.179545 3860.764989
 147.200000 -2.822264 2.783468 21.122543 412.981525
 147.400000 -2.570314 2.780629 23.857680 0.291212
 147.600000 -3.002673 2.280327 16.137344 1238.563141
 147.800000 -2.880679 2.915892 19.817582 604.931053
 148.000000 -2.984805 -2.950872 16.755843 1156.066444
 148.200000 -2.929578 2.702960 18.556923 852.882702
 148.400000 -2.141581 2.679846 21.280262 35.495848
 148.600000 -1.682517 2.546810 23.893721 441.212532
 148.800000 -2.631861 2.278858 23.724060 24.888315
 149.000000 -2.572432 -3.083807 23.877396 0.334625
 149.200000 3.085761 2.943755 8.309118 2508.135677
 149.400000 -2.993384 2.443605 16.547224 1221.400981
 149.600000 -2.266792 2.857492 22.476486 129.388671
 149.800000 -2.019532 2.512749 20.981850 0.001205
 150.000000 -2.512020 2.334819 23.861165 1.897953
 150.200000 -3.069158 2.843333 13.778309 1481.992156
 150.400000 2.931152 3.110362 -0.000125 0.003941
 150.600000 -2.876020 2.777593 20.080148 578.791760
 150.800000 -2.056944 2.881668 21.006528 1.250689
 151.000000 -2.105477 2.460491 21.112493 11.919716
 151.200000 -2.064061 2.345010 21.021554 1.851043
 151.400000 -2.097988 2.742799 21.093086 8.765972
 151.600000 -2.299381 2.877124 22.845365 112.526718
 151.800000 -2.960523 2.463331 17.744446 1055.250112
 152.000000 3.043342 2.956431 6.045625 3343.988898
 152.200000 -2.860168 -3.076443 20.543779 510.070705
 152.400000 -2.688422 2.514585 23.408594 103.565141
 152.600000 -1.972147 2.450287 21.014670 0.674517
 152.800000 -1.987009 2.763975 21.005004 0.238437
 153.000000 -2.387197 2.646295 23.560983 27.590280
 153.200000 3.089216 2.866403 8.534452 2454.835659
 153.400000 2.889289 -3.005210 -0.000000 0.000000
 153.600000 -3.034307 2.680493 15.197488 1439.648611
 153.800000 -2.370931 2.666227 23.478018 40.353140
 154.000000 -2.024464 2.839144 21.009961 0.098943
 154.200000 -2.379260 2.620750 23.539771 34.551773
 154.400000 -3.009010 2.622074 16.178007 1356.547043
 154.600000 -2.821931 -2.997341 21.435777 384.417754
 154.800000 -3.074075 2.864718 13.687636 1545.558595
 155.000000 -2.748247 2.778783 22.711786 224.349857
 155.200000 -2.542675 2.871942 24.014942 1.082295
 155.400000 -2.497994 2.618906 23.946806 3.560942
 155.600000 -2.641678 2.653257 23.855818 29.216519
 155.800000 -2.661013 2.942980 23.733298 52.983140
 156.000000 3.116693 2.574691 9.868944 2063.491480
 156.200000 -2.659877 3.132804 23.772454 50.653343
 156.400000 -2.885520 2.653370 20.128648 613.817747
 156.600000 -2.693251 2.605313 23.480785 106.759771
 156.800000 -2.597296 3.016885 24.036395 2.580007
 157.000000 -2.891428 2.756428 19.980455 644.635962
 157.200000 -2.792981 2.828339 22.101595 306.167458
 157.400000 -2.712408 2.736585 23.301876 142.797901
 157.600000 -2.928566 2.484128 19.010215 877.183446
 157.800000 -2.443566 3.058564 23.855428 9.315539
 158.000000 -2.096812 2.938073 21.143301 7.457665
 158.200000 -2.092660 2.237059 21.139657 6.307261
 158.400000 -1.722283 2.161845 23.028710 335.312124
 158.600000 -1.924043 2.735455 21.082171 3.428833
 158.800000 -2.743673 2.626465 22.930374 203.529735
 159.000000 2.977282 2.860675 2.035014 4142.816669
 159.200000 -3.105818 2.996482 12.527540 1671.670940
 159.400000 -2.672968 2.447491 23.771372 66.606773
 159.600000 -1.945274 2.353856 21.054805 0.751750
 159.800000 -2.074520 2.509985 21.110935 3.040592
 160.000000 -2.896946 2.671608 19.988211 680.290332
 160.200000 2.988005 3.018239 2.750097 4159.297975
 160.400000 -2.867202 3.079954 20.763973 525.624575
 160.600000 -2.818529 2.646068 21.775733 356.729418
 160.800000 -2.268401 2.991564 22.541993 137.992041
 161.000000 -2.618461 2.604994 24.103889 9.071909
 161.200000 3.104672 2.574262 9.410994 2232.738472
 161.400000 2.965233 3.120129 1.295473 4092.178042
 161.600000 -3.033584 2.809605 15.474929 1543.798777
 161.800000 -2.594928 2.325230 24.181050 1.315535
 162.000000 -1.879427 2.850695 21.211258 19.145423
 162.200000 -2.262755 2.589827 22.486768 139.358825
 162.400000 -2.798526 2.426450 22.227296 303.324369
 162.600000 -2.869116 -3.102841 20.813765 533.661168
 162.800000 2.979913 2.948164 2.255062 4190.900048
 163.000000 -2.938204 2.450129 18.944852 975.994409
 163.200000 -1.709723 2.985437 23.214148 365.992570
 163.400000 -2.180955 2.252661 21.633220 67.536232
 163.600000 -2.391625 2.233396 23.723064 34.434761
 163.800000 -1.921262 2.872892 21.088161 2.313246
 164.000000 -2.214917 2.716227 21.951324 108.282517
 164.200000 -2.976170 2.510964 17.751572 1278.101153
 164.400000 2.946377 -3.097805 0.116493 4059.713737
 164.600000 2.902218 2.916620 -0.000000 0.000000
 164.800000 -2.502595 2.400662 24.154620 6.238955
 165.000000 -1.794114 2.663758 21.879630 142.726768
 165.200000 -2.328299 2.430398 23.245756 98.673195
 165.400000 -2.848244 2.729907 21.409368 442.010939
 165.600000 3.107799 -3.075044 9.640473 2197.238608
 165.800000 3.106897 2.654558 9.598130 2209.133172
 166.000000 -2.197155 2.928894 21.791302 86.987397
 166.200000 -1.834443 2.341448 21.469509 63.431027
 166.400000 -1.892979 2.177377 21.155354 9.080311
 166.600000 -2.113596 2.424780 21.271749 11.925448
 166.800000 -2.328739 2.942484 23.260867 99.051365
 167.000000 2.908552 2.699111 -0.000000 0.000000
 167.200000 -3.104312 2.845922 12.770893 1714.956164
 167.400000 -2.861005 2.921219 21.221979 493.909358
 167.600000 -2.935845 2.867068 19.228469 985.370988
 167.800000 -2.281862 2.730921 22.753754 138.994568
 168.000000 -2.005365 2.461649 21.108262 0.593192
 168.200000 -2.017393 2.441435 21.128395 0.777396
 168.400000 -2.460960 2.662356 24.110451 11.880832
 168.600000 -2.770785 2.892165 22.924082 230.845949
 168.800000 2.944890 2.796931 0.073841 3321.424180
 169.000000 3.107413 2.831845 9.686747 2203.800319
 169.200000 -2.168562 2.733630 21.592895 51.939002
 169.400000 -1.842937 2.313605 21.402985 48.099345
 169.600000 -1.783464 2.277911 21.984759 159.701808
 169.800000 -2.291465 2.543564 22.887051 135.231379
 170.000000 -2.402955 2.980586 23.874391 31.385623
 170.200000 -3.049948 2.512449 15.081329 1666.952067
 170.400000 2.951220 2.953258 0.519431 4191.117348
 170.600000 -3.064270 3.058973 14.494891 1684.444322
 170.800000 -2.984991 2.522667 17.646895 1394.362678
 171.000000 -2.708243 2.805102 23.802141 111.161872
 171.200000 -2.031628 3.086668 21.176286 1.166920
 171.400000 -2.310124 2.146185 23.122708 120.970158
 171.600000 -1.652099 2.393207 24.316216 484.977744
 171.800000 -2.290260 2.577294 22.897112 135.831579
 172.000000 -2.399922 2.942399 23.886551 34.381447
 172.200000 -3.034445 2.801471 15.773294 1649.063420
 172.400000 3.084571 2.839121 8.664818 2566.864135
 172.600000 -3.097743 2.851527 13.167808 1724.731356
 172.800000 -2.809951 2.870935 22.434243 305.844159
 173.000000 -2.340587 2.819810 23.449243 89.140850
 173.200000 -1.948166 2.386390 21.128171 0.041641
 173.400000 -1.744088 2.291944 22.525246 250.259624
 173.600000 -1.924297 2.596427 21.133390 0.503396
 173.800000 -2.783239 2.694491 22.911426 242.680100
 174.000000 3.090029 3.072233 8.964591 2476.111784
 174.200000 3.003227 2.782759 3.974990 4195.197319
 174.400000 -2.505494 2.860705 24.375037 9.043883
 174.600000 -2.110717 2.360336 21.368852 11.126018
 174.800000 -1.849021 2.564258 21.371368 36.139475
 175.000000 -2.060047 2.658799 21.251975 2.455885
 175.200000 -2.749595 2.710217 23.461008 175.550507
 175.400000 2.927125 2.954350 -0.000118 0.003755
 175.600000 3.129091 3.130670 10.848794 1980.037310
 175.800000 -2.938346 2.534408 19.459464 1038.472579
 176.000000 -2.094141 2.831433 21.336055 6.640550
 176.200000 -2.135509 2.612031 21.500880 23.214410
 176.400000 -2.289376 2.588065 22.955360 135.295330
 176.600000 -2.303797 2.740122 23.120475 126.220292
 176.800000 -2.268813 2.779518 22.713303 140.104309
 177.000000 -2.321859 2.671155 23.317056 110.085608
 177.200000 -2.105088 2.580783 21.399464 9.614471
 177.400000 -2.148686 2.549358 21.588549 32.944507
 177.600000 -2.174141 2.599561 21.757953 57.456300
 177.800000 -2.190303 2.901761 21.889806 76.135533
 178.000000 -2.338844 2.447321 23.505565 92.023182
 178.200000 -1.994234 2.725029 21.225014 1.440868
 178.400000 -2.165901 2.587114 21.721029 49.150354
 178.600000 -2.443439 2.513890 24.226479 19.334522
 178.800000 -2.500348 2.979825 24.441871 10.769063
 179.000000 -2.744605 2.745538 23.613810 162.385136
 179.200000 -2.722832 2.725881 23.901080 124.841713
 179.400000 -2.408002 3.022607 24.070071 32.605575
 179.600000 -2.455216 2.735574 24.297784 16.950838
 179.800000 -2.479537 2.494572 24.391903 13.304269
 180.000000 -2.195498 2.947194 21.985464 82.668347
 180.200000 -2.255326 2.689922 22.645600 135.463667
 180.400000 -2.579336 2.487731 24.667118 0.347449
 180.600000 -2.050125 2.984963 21.337281 2.878592
 180.800000 -2.474892 2.652318 24.399741 14.068073
 181.000000 -2.458950 2.636963 24.337572 16.477610
 181.200000 -2.609886 2.958968 24.681199 2.372823
 181.400000 -2.372047 2.796741 23.880460 58.095637
 181.600000 -2.328479 2.281072 23.494105 101.250886
 181.800000 -1.788148 2.895164 21.882511 121.631117
 182.000000 -2.270126 2.513172 22.844336 137.495766
 182.200000 -2.502928 2.570209 24.555266 10.735334
 182.400000 -2.417902 2.969486 24.203246 28.528641
 182.600000 -2.456209 2.728283 24.382773 17.178153
 182.800000 -2.313419 2.545519 23.364770 115.745580
 183.000000 -1.926785 2.810298 21.210954 0.007786
 183.200000 -2.194266 2.557408 22.078396 81.914093
 183.400000 -2.312569 2.433961 23.383199 116.964101
 183.600000 -2.085970 3.072445 21.475977 7.373642
 183.800000 -2.517834 2.622544 24.634748 8.771593
 184.000000 -2.665479 2.681497 24.518578 41.034246
 184.200000 -2.511596 3.019119 24.648987 9.626366
 184.400000 -2.565710 2.841729 24.773709 1.537445
 184.600000 -2.671319 2.403651 24.508268 48.364314
 184.800000 -2.117094 3.012657 21.605842 16.698523
 185.000000 -2.216453 2.722107 22.322273 106.689376
 185.200000 -2.297815 2.175415 23.275257 128.254792
 185.400000 -1.805429 2.689537 21.690608 80.761190
 185.600000 -2.069456 2.784604 21.482357 5.927230
 185.800000 -3.109516 2.634491 12.997721 1764.164019
 186.000000 -3.121363 -2.923969 12.498190 1794.770509
 186.200000 -2.814774 2.638660 22.794822 300.472764
 186.400000 -2.628175 2.585959 24.790034 10.518446
 186.600000 -2.140139 3.037068 21.770731 30.157929
 186.800000 -2.204047 2.588870 22.255789 93.037511
 187.000000 -2.188452 2.355887 22.112704 75.463898
 187.200000 -1.923492 2.963431 21.251748 0.221628
 187.400000 -2.359328 2.797070 23.952849 72.451901
 187.600000 -2.925545 2.668728 20.226827 954.056682
 187.800000 2.943599 3.038999 0.225528 4913.234176
 188.000000 3.013557 2.957600 4.875065 4169.271945
 188.200000 -2.763986 2.780504 23.636810 190.370768
 188.400000 -2.392184 2.664989 24.232156 45.619033
 188.600000 -1.922245 2.422738 21.259683 0.286498
 188.800000 -1.992897 2.431557 21.374200 4.877134
 189.000000 -2.342695 2.750147 23.832224 88.903630
 189.200000 -2.856894 2.904916 22.068902 459.977276
 189.400000 3.045497 2.780083 6.885943 3477.883274
 189.600000 3.100830 2.979975 9.842965 2335.105859
 189.800000 -3.009432 2.992227 17.236285 1631.557322
 190.000000 -3.039095 2.687151 16.017934 1727.380194
 190.200000 -2.855731 2.910500 22.121545 453.442471
 190.400000 3.043786 2.825024 6.803530 3522.722868
 190.600000 3.023409 2.797862 5.554126 3990.425401
 190.800000 -2.673069 2.810162 24.668760 53.938124
 191.000000 -3.089195 2.737505 13.945746 1753.881250
 191.200000 -2.931570 2.996290 20.151764 1015.564775
 191.400000 -3.114234 2.803696 12.916728 1785.510744
 191.600000 -2.927006 2.743133 20.295696 973.127110
 191.800000 -2.993907 2.910825 17.909744 1551.513878
 192.000000 -3.015366 2.768048 17.047843 1667.054737
 192.200000 -2.982225 2.933712 18.397314 1471.719717
 192.400000 3.000474 2.640460 4.100146 4412.583503
 192.600000 -2.865913 2.976257 21.959516 502.664740
 192.800000 -2.560407 2.603367 25.028674 1.854766
 193.000000 -2.452577 2.081333 24.682226 20.878623
 193.200000 -1.610126 2.722729 24.891260 514.027238
 193.400000 -2.572801 2.613954 25.072814 0.410982
 193.600000 2.891617 2.685275 -0.000000 0.000000
 193.800000 -2.653711 3.073222 24.879165 33.729650
 194.000000 -2.737230 2.283707 24.112605 147.342283
 194.200000 -2.054167 2.507544 21.648041 9.028716
 194.400000 -1.938658 2.881092 21.334635 3.503676
 194.600000 -2.730941 2.418389 24.212912 138.478202
 194.800000 -3.071898 2.577390 14.780177 1777.031323
 195.000000 3.071050 -3.007318 8.427742 2907.419494
 195.200000 -2.854407 2.745456 22.299977 433.003536
 195.400000 -1.841479 2.409671 21.424293 20.897344
 195.600000 -1.723218 1.957399 22.628985 244.859202
 195.800000 -1.824600 2.290349 21.514717 37.859721
 196.000000 -2.657123 2.881815 24.915916 38.577774
 196.200000 2.939411 3.037433 0.061392 3174.714065
 196.400000 -3.109376 2.822070 13.252775 1805.988179
 196.600000 -2.340093 2.636912 24.023671 91.824728
 196.800000 -2.018758 2.563101 21.579529 9.329372
 197.000000 -1.844309 2.603337 21.414216 17.822613
 197.200000 -2.438782 2.459710 24.759209 26.436782
 197.400000 -2.786949 3.025621 23.538963 224.282325
 197.600000 3.044950 2.906502 7.006616 3533.955945
 197.800000 -2.624518 2.884931 25.130008 11.612540
 198.000000 -1.966388 2.567659 21.437410 8.072077
 198.200000 -1.954509 2.142233 21.418229 7.221496
 198.400000 -1.817063 2.316602 21.565366 43.371653
 198.600000 -2.331246 2.710958 23.988484 100.913046
 198.800000 -2.950569 2.978101 19.761142 1189.201977
 199.000000 3.072217 2.980910 8.571383 2903.954792
 199.200000 -2.997426 2.742213 18.039069 1596.727298
 199.400000 -2.776742 2.875528 23.737409 205.682954
 199.600000 -2.780362 2.873265 23.685128 211.489961
 199.800000 -2.677946 2.911313 24.874076 66.622100
 200.000000 -2.770127 2.814643 23.831087 195.518920
 200.200000 -2.995255 2.777524 17.814954 1584.296603
 200.400000 -2.783347 2.938738 23.327439 215.916246
 200.600000 -3.107065 2.713423 13.113199 1827.042338
 200.800000 -3.122950 2.882833 12.431399 1862.013990
 201.000000 3.053257 3.014987 7.208632 3349.762844
 201.200000 3.126935 2.793730 10.989434 2068.422101
 201.400000 -2.234117 2.831521 22.629693 122.815369
 201.600000 -1.800060 2.369414 21.352343 62.290111
 201.800000 -2.063350 1.942500 21.472875 11.684801
 202.000000 -1.870523 2.272130 21.027775 2.294908
 202.200000 -1.974652 2.862927 21.197127 10.458202
 202.400000 -2.745546 2.867483 23.907120 160.020510
 202.600000 -3.017093 2.880857 16.996619 1718.190444
 202.800000 3.092511 2.930782 9.373184 2530.395625
 203.000000 2.948178 2.683740 0.384112 4818.549913
 203.200000 -2.425590 2.902921 24.512654 32.379978
 203.400000 -2.028555 2.700990 21.395644 11.248458
 203.600000 -2.040464 2.404986 21.435544 11.234996
 203.800000 -1.971795 2.538009 21.204933 10.518865
 204.000000 -2.232081 2.768044 22.654222 122.133314
 204.200000 -2.784041 2.747676 23.441548 215.000230
 204.400000 3.136919 2.954224 11.523055 2003.232988
 204.600000 2.992023 2.962465 3.394519 4613.973671
 204.800000 -3.108055 2.619365 13.192058 1849.527162
 205.000000 -2.639289 2.757119 24.931324 22.865034
 205.200000 -2.286322 2.970042 23.327827 135.692932
 205.400000 -2.070037 2.512291 21.584015 12.672661
 205.600000 -1.912090 2.396934 21.085376 2.486048
 205.800000 -1.877723 2.624547 21.066357 0.357654
 206.000000 -2.206225 2.759021 22.427079 98.187509
 206.200000 -2.669595 2.723932 24.802990 55.440351
 206.400000 3.115404 2.898134 10.596184 2221.591389
 206.600000 -3.121541 -3.138163 12.674266 1889.035714
 206.800000 -2.976714 2.765403 18.746272 1434.373523
 207.000000 -2.968972 2.694017 19.035813 1362.652813
 207.200000 -2.778167 3.070603 23.613465 204.509251
 207.400000 -3.134799 2.671557 12.126226 1948.744269
 207.600000 3.056867 2.826713 7.580974 3324.099776
 207.800000 -2.947521 2.980653 19.831177 1148.300091
 208.000000 -3.098738 2.570483 13.692492 1850.644549
 208.200000 -2.997148 2.946615 18.023082 1600.054396
 208.400000 -2.878712 2.918187 21.829751 543.371421
 208.600000 2.987940 2.746325 3.191712 4699.290504
 208.800000 3.102248 2.961276 10.023288 2414.876116
 209.000000 3.025217 2.838470 5.677780 4100.352549
 209.200000 -3.033117 2.783095 16.576850 1788.343624
 209.400000 -2.795420 3.017642 23.417569 230.771006
 209.600000 -2.635978 2.612821 25.086132 19.952746
 209.800000 -2.153681 2.629621 22.079912 45.202989
 210.000000 -2.063124 2.635129 21.655271 12.263971
 210.200000 -2.115865 2.627188 21.886857 22.565317
 210.400000 -2.357233 2.571864 24.193229 80.887693
 210.600000 -2.195893 2.916249 22.440051 86.823760
 210.800000 -2.349643 2.658472 24.123466 88.124725
 211.000000 -2.057473 2.598270 21.657724 12.063001
 211.200000 -2.012122 2.538513 21.520676 13.432655
 211.400000 -2.014683 2.614488 21.530040 13.297895
 211.600000 -2.321372 2.697743 23.864706 114.768226
 211.800000 -2.660415 2.809811 25.004658 44.341588
 212.000000 -2.991895 2.992170 18.347437 1560.363713
 212.200000 3.002712 2.845719 4.289521 4593.168754
 212.400000 -2.978431 2.883124 18.906615 1445.412587
 212.600000 -2.783351 2.682343 23.682868 206.724854
 212.800000 -2.328184 2.754319 23.962622 108.558565
 213.000000 -2.219216 2.629992 22.721820 112.297090
 213.200000 -2.103904 2.472472 21.903258 18.493025
 213.400000 -2.319772 2.495538 23.898953 116.048065
 213.600000 -2.245811 3.072505 23.042889 133.622044
 213.800000 -2.469487 2.655025 24.993201 20.954301
 214.000000 -2.420930 2.673097 24.740065 35.575805
 214.200000 -2.056734 2.931132 21.750355 12.293328
 214.400000 -2.204213 2.512645 22.620513 97.139149
 214.600000 -2.016767 2.636799 21.607781 13.732276
 214.800000 -2.083576 2.698624 21.847199 14.326430
 215.000000 -2.531741 2.728542 25.258350 8.237861
 215.200000 -2.960173 2.793510 19.684474 1267.416729
 215.400000 3.010382 2.989462 4.875980 4502.624830
 215.600000 -2.990200 2.689149 18.555974 1549.993138
 215.800000 -2.225970 2.789120 22.877524 118.787657
 216.000000 -1.871933 2.580225 21.179549 0.066771
 216.200000 -1.790018 2.378041 21.441992 47.591924
 216.400000 -1.848956 2.460429 21.200462 2.024435
 216.600000 -2.347857 2.778077 24.265300 88.421242
 216.800000 -2.707572 2.739665 24.730063 107.060996
 217.000000 -3.011945 2.939797 17.712063 1705.947734
 217.200000 -3.121224 2.975600 13.050373 1925.179767
 217.400000 -2.893607 2.879414 21.774178 625.575666
 217.600000 -2.582209 2.541041 25.422429 0.000385
 217.800000 -1.907204 2.760915 21.259907 7.045096
 218.000000 -1.977093 2.471297 21.518443 17.332146
 218.200000 -2.209383 2.604312 22.792524 103.009859
 218.400000 -2.448508 2.868014 25.027688 26.632857
 218.600000 -2.537175 2.968457 25.386193 6.990807
 218.800000 -2.968857 2.674781 19.472940 1355.682950
 219.000000 -2.565716 3.137282 25.440914 1.209315
 219.200000 -2.699629 2.728904 24.885147 97.149100
 219.400000 -2.515278 2.558944 25.348064 12.226624
 219.600000 -1.843962 2.858361 21.233935 2.028012
 219.800000 -2.089490 2.388839 22.003441 16.973443
 220.000000 -1.988843 2.406745 21.610432 17.769043
 220.200000 -2.025185 2.909028 21.780725 15.340519
 220.400000 -2.144219 2.655741 22.310649 41.138195
 220.600000 -2.545397 2.345482 25.466854 5.062935
 220.800000 -2.007303 2.996543 21.709106 16.780006
 221.000000 -2.246921 2.534249 23.264170 132.567077
 221.200000 -2.071267 2.229774 21.983248 15.344105
 221.400000 -1.802631 2.470773 21.375315 23.995366
 221.600000 -2.284747 2.734765 23.737144 133.855813
 221.800000 2.979224 2.564688 2.849609 4926.104595
 222.000000 2.915816 -3.084156 -0.000002 0.000001
 222.200000 -3.055519 2.701351 16.050314 1864.967851
 222.400000 -3.095265 2.780601 14.328174 1886.792076
 222.600000 -2.741213 3.013947 24.498325 147.583025
 222.800000 -2.899690 2.690894 21.776843 665.559617
 223.000000 -2.967488 2.698277 19.650989 1344.824397
 223.200000 -3.004633 -3.055534 18.235375 1672.794693
 223.400000 3.061290 2.653183 8.263415 3343.621023
 223.600000 2.937284 2.856747 -0.001664 1005.447378
 223.800000 2.859063 2.887461 -0.000000 0.000000
 224.000000 -2.758820 2.741125 24.303527 165.427819
 224.200000 -1.966568 2.554817 21.619737 20.538311
 224.400000 -1.684810 2.428010 22.595769 256.909831
 224.600000 -2.061175 2.350642 22.020422 16.000146
 224.800000 -2.428120 2.732937 25.084722 34.103836
 225.000000 -2.555698 3.039579 25.606873 2.724307
 225.200000 -3.073616 2.484271 15.352909 1880.577170
 225.400000 3.068553 2.981263 8.734402 3172.999447
 225.600000 3.036867 2.948819 6.840166 3994.042549
 225.800000 -2.952399 2.726939 20.283640 1191.211768
 226.000000 -1.915705 2.746689 21.421633 13.799462
 226.200000 -2.039003 2.324011 21.979079 16.799091
 226.400000 -1.990665 2.445793 21.770995 20.583778
 226.600000 -2.062254 2.780721 22.073893 16.809523
 226.800000 -2.319457 2.910456 24.269367 108.374322
 227.000000 -2.861398 2.322072 22.777829 403.627960
 227.200000 -2.313682 -3.130146 24.236800 112.534609
 227.400000 -2.248369 2.544607 23.498501 130.715778
 227.600000 -1.931467 2.087641 21.521385 18.753235
 227.800000 -1.785587 2.312562 21.478306 32.050197
 228.000000 -2.194247 2.776039 22.922772 90.298480
 228.200000 3.084208 2.844028 9.677435 2825.591473
 228.400000 3.006214 2.942399 4.887196 4744.382959
 228.600000 -2.961798 2.986412 20.043796 1297.037694
 228.800000 -2.763985 2.619367 24.363628 165.507366
 229.000000 -2.266004 2.684538 23.731923 133.088359
 229.200000 -2.134453 2.508088 22.511469 39.505300
 229.400000 -2.159002 2.596372 22.681521 57.702352
 229.600000 -2.193526 2.672469 22.977080 90.212935
 229.800000 -2.152899 2.679252 22.636201 52.657538
 230.000000 -2.317666 2.644315 24.336715 108.139222
 230.200000 -2.335023 2.773845 24.540393 92.612561
 230.400000 -2.051394 2.796891 22.133663 18.101640
 230.600000 -2.195013 2.382744 23.026086 91.821793
 230.800000 -1.847954 2.837891 21.339951 0.127195
 231.000000 -2.003872 2.643725 21.925074 21.283927
 231.200000 -2.283620 2.543971 24.031344 126.231131
 231.400000 -2.220580 2.857857 23.323328 113.938439
 231.600000 -2.279776 2.727927 23.988028 127.592575
 231.800000 -2.138737 2.570786 22.607024 43.723388
 232.000000 -1.724838 2.740464 21.983657 127.771805
 232.200000 -2.392062 2.496572 25.071694 48.818119
 232.400000 -2.340299 2.824671 24.653960 84.903897
 232.600000 -2.191067 2.842131 23.066430 89.096098
 232.800000 -2.037330 2.568263 22.128546 19.890323
 233.000000 -1.883543 2.344959 21.426292 8.733296
 233.200000 -1.808502 2.771011 21.405969 6.849867
 233.400000 -2.254582 2.484632 23.784085 127.632421
 233.600000 -2.183173 2.734296 23.035676 82.834216
 233.800000 -2.045748 2.676830 22.194547 20.483804
 234.000000 -2.102390 2.377678 22.464317 28.261538
 234.200000 -1.896172 2.411663 21.500269 14.344760
 234.400000 -1.990146 2.656659 21.956688 25.611676
 234.600000 -2.457457 2.769285 25.513474 25.789368
 234.800000 -2.835007 2.712044 23.483725 283.294696
 235.000000 -2.638943 3.012425 25.729412 30.175875
 235.200000 -2.809502 2.720189 23.908631 218.012773
 235.400000 -2.264634 3.054424 23.984956 125.425709
 235.600000 -2.103849 2.523775 22.543249 31.112955
 235.800000 -1.769279 2.439519 21.584104 38.168136
 236.000000 -2.229588 2.225245 23.594160 119.546539
 236.200000 -1.766008 3.026708 21.606166 40.702319
 236.400000 -2.244903 2.628115 23.808793 124.297046
 236.600000 -2.315831 2.600246 24.572686 96.236472
 236.800000 -1.855201 2.634655 21.414763 2.623940
 237.000000 -2.004782 2.685344 22.081476 25.965694
 237.200000 -2.484002 2.528301 25.716965 19.795223
 237.400000 -2.518577 3.087155 25.855521 12.001326
 237.600000 -2.550551 2.775664 25.942916 3.525970
 237.800000 -2.709773 2.256621 25.208686 113.494971
 238.000000 -1.710910 2.968098 22.110374 144.049352
 238.200000 -2.269125 2.482562 24.171736 120.988648
 238.400000 -2.454140 2.467412 25.604165 24.336447
 238.600000 -2.470613 2.917898 25.683290 21.815536
 238.800000 -2.232751 2.894414 23.768015 121.404215
 239.000000 -2.406460 2.404645 25.348148 34.876101
 239.200000 -1.994249 2.729796 22.101220 29.216516
 239.400000 -2.139176 2.759580 22.923083 56.024091
 239.600000 -2.379210 2.375689 25.212109 45.122855
 239.800000 -1.970647 2.696236 21.971757 30.732775
 240.000000 -1.969648 2.854600 21.966221 30.759858
 240.200000 -2.343439 2.440570 24.985935 66.449059
 240.400000 -2.203433 2.584455 23.546894 107.708850
 240.600000 -1.745677 2.899469 21.756179 63.185948
 240.800000 -2.245998 2.341909 24.009034 123.433362
 241.000000 -1.915659 2.660565 21.694733 24.999990
 241.200000 -1.908277 2.815774 21.677499 23.485337
 241.400000 -2.096955 2.436114 22.718171 37.403199
 241.600000 -2.212471 2.445989 23.691141 113.937123
 241.800000 -1.871413 3.016864 21.527016 10.011170
 242.000000 -2.180405 2.574487 23.364963 91.763488
 242.200000 -2.184202 2.538348 23.450833 95.813279
 242.400000 -1.954477 2.750074 21.949886 33.141525
 242.600000 -1.851404 2.534161 21.492144 3.924320
 242.800000 -2.227008 2.000874 23.898591 119.765970
 243.000000 -1.623750 2.686853 23.450189 373.514564
 243.200000 -2.167140 2.746736 23.338186 83.999922
 243.400000 2.989312 2.400253 3.989604 5154.875394
 243.600000 2.946308 -3.128700 0.909677 4850.164023
 243.800000 2.799305 2.917536 -0.000000 0.000000
 244.000000 -2.797917 2.472711 24.241131 195.070560
 244.200000 -1.595649 2.703354 23.981343 423.548174
 244.400000 -1.849580 2.547510 21.523084 4.305002
 244.600000 -2.198806 2.342790 23.697426 107.769627
 244.800000 -2.215294 2.881725 23.872012 115.922358
 245.000000 -2.218354 2.970652 23.905034 117.032547
 245.200000 -2.698943 2.507950 25.484909 107.773908
 245.400000 -2.481873 2.920554 25.938865 17.617395
 245.600000 -2.350048 2.892584 25.237715 52.447823
 245.800000 -2.562147 2.428355 26.172863 0.736612
 246.000000 -2.083090 2.756906 22.788686 39.506360
 246.200000 -1.867715 2.860358 21.609934 11.743240
 246.400000 -2.066642 2.265076 22.723683 37.323032
 246.600000 -1.892573 2.380609 21.711126 21.618566
 246.800000 -1.845219 2.715948 21.548384 3.986530
 247.000000 -2.913855 2.458135 22.015171 796.079572
 247.200000 2.932710 -3.128517 0.019014 1942.010248
 247.400000 3.026223 3.035045 6.623501 4420.435699
 247.600000 -2.868370 2.447070 23.137727 424.653154
 247.800000 -1.849952 2.832842 21.577778 5.969239
 248.000000 -1.713876 2.397985 22.044553 105.028606
 248.200000 -2.132284 1.688373 23.262514 67.097875
 248.400000 -1.633914 1.440054 23.181848 323.451643
 248.600000 -0.504046 0.773759 0.031373 882.674595
 248.800000 -1.452291 0.689081 26.508275 126.050655
 249.000000 -1.697257 0.883406 22.226392 141.231810
 249.200000 -1.078119 1.151385 22.578740 840.111376
 249.400000 -0.969567 1.235240 18.994681 1309.443272
 249.600000 -1.676105 1.234763 22.495710 195.032053
 249.800000 -1.381691 0.906741 26.905882 0.599914
 250.000000 -0.803205 0.592448 12.333664 1862.038822
 250.200000 -1.487818 0.487292 25.983272 250.947376
 250.400000 -1.994997 1.015042 22.416130 39.040727
 250.600000 -1.620386 1.190336 23.408805 351.958991
 250.800000 -0.689555 0.931219 7.489927 1650.058921
 251.000000 -1.800355 1.125038 21.589447 1.116328
 251.200000 -1.721010 0.834879 21.981322 78.529552
 251.400000 -0.723657 0.330518 8.870383 1756.428073
 251.600000 -0.673963 -0.169314 6.833803 1610.257901
 251.800000 -0.713271 -0.278062 8.437146 1723.687777
 252.000000 -0.767499 -0.123234 10.737853 1858.722638
 252.200000 -0.871773 0.485480 15.147600 1667.189127
 252.400000 -1.628072 1.524361 23.248460 323.993839
 252.600000 -1.827187 2.444449 21.627380 1.848375
 252.800000 -2.406363 2.977197 25.808995 22.438941
 253.000000 2.955417 2.731026 1.672498 5112.817483
 253.200000 3.095683 2.776367 10.782405 2575.966459
 253.400000 -2.741526 3.039686 25.133650 148.487696
 253.600000 -2.745990 2.400123 25.079013 151.038012
 253.800000 -1.991484 2.766902 22.473386 40.950800
 254.000000 -1.835660 2.506981 21.660308 4.223109
 254.200000 -2.127577 2.177789 23.454103 73.604237
 254.400000 -1.874593 2.554471 21.809179 19.248315
 254.600000 -1.959723 2.763523 22.294386 40.946737
 254.800000 -2.435177 2.663952 25.991132 18.196910
 255.000000 -3.051742 2.738571 16.868968 1895.524350
 255.200000 2.910862 -3.034478 -0.000004 0.000005
 255.400000 2.847810 2.618910 -0.000000 0.000000
 255.600000 -1.881977 2.799699 21.866160 22.676706
 255.800000 -0.521321 2.059705 0.620428 1661.179535
 256.000000 -0.668655 1.230897 6.524898 1599.470263
 256.200000 -1.539214 0.654210 24.951366 388.834280
 256.400000 -1.813652 0.747623 21.685383 0.539801
 256.600000 -0.912545 0.660518 16.671825 1506.649327
 256.800000 -0.976290 1.594596 19.052786 1288.546432
 257.000000 -0.709856 2.362681 8.177507 1715.940295
 257.200000 -0.569673 2.263949 2.545726 1628.886339
 257.400000 -0.836249 1.834671 13.552231 1783.404974
 257.600000 -1.544328 0.962320 24.835407 394.128252
 257.800000 -1.122446 0.234979 23.570521 602.490876
 258.000000 -0.623712 0.040856 4.699025 1557.990609
 258.200000 -0.505881 -0.196624 -0.016657 134.784458
 258.400000 -1.013992 -0.420009 20.324248 1151.931737
 258.600000 -0.648675 -0.133040 5.664015 1567.233897
 258.800000 -0.882041 0.058588 15.421606 1619.054324
 259.000000 -1.726676 0.530370 21.970358 51.496161
 259.200000 -1.605667 1.214802 23.596501 353.560563
 259.400000 -0.476309 1.121455 -0.000010 0.000010
 259.600000 -0.508074 1.975221 0.017170 647.658300
 259.800000 -1.212306 2.945427 25.303968 235.618055
 260.000000 -2.231482 2.294332 24.689573 115.204045
 260.200000 -2.647921 2.399348 26.207648 56.150071
 260.400000 -2.929526 2.959466 21.766895 978.969593
 260.600000 2.764111 3.117752 -0.000000 0.000000
 260.800000 -2.890878 2.554418 22.837635 585.229972
 261.000000 -2.206647 2.635667 24.454814 118.054494
 261.200000 -2.258492 2.409944 25.038817 100.399056
 261.400000 -1.733076 2.850530 21.945012 36.870665
 261.600000 -2.078700 2.305907 23.274665 57.888234
 261.800000 -1.815817 2.627336 21.771689 1.973194
 262.000000 -2.275049 2.691060 25.199557 87.841543
 262.200000 -2.840719 2.899567 23.880998 288.070112
 262.400000 -2.873417 -3.071801 23.259710 453.520440
 262.600000 3.135724 2.628238 12.795647 2009.834468
 262.800000 -3.052278 2.724455 16.932377 1901.147815
 263.000000 -2.493681 2.971194 26.392261 12.136591
 263.200000 -2.847975 2.248743 23.767825 316.553001
 263.400000 -2.539328 2.619686 26.538164 3.182646
 263.600000 -2.026552 -2.933955 22.953580 46.743657
 263.800000 -2.276958 2.223198 25.280526 84.290004
 264.000000 -1.854256 1.853907 21.914700 15.389499
 264.200000 -0.797620 1.596856 11.766353 1855.766337
 264.400000 -0.719979 1.751830 8.444683 1750.153542
 264.600000 -0.693054 2.271787 7.332031 1665.612668
 264.800000 -0.618995 2.328241 4.382519 1551.518623
 265.000000 -0.640002 1.862001 5.209978 1555.344520
 265.200000 -0.771585 1.263944 10.626363 1857.771775
 265.400000 -1.683300 0.505890 22.378532 121.305787
 265.600000 -1.661267 0.278156 22.648044 180.343577
 265.800000 -1.640688 0.260432 22.946201 240.565203
 266.000000 -1.484549 1.281580 25.779382 221.849531
 266.200000 -1.730627 1.987214 21.989715 31.790717
 266.400000 -2.056254 2.779624 23.237206 54.746169
 266.600000 -3.001904 3.079842 19.143357 1750.338879
 266.800000 -3.120127 2.872559 14.037807 1867.997133
 267.000000 -3.077112 2.999571 15.892352 1876.332778
 267.200000 2.859102 2.666894 -0.000000 0.000000
 267.400000 -2.731140 3.037704 25.447800 146.752201
 267.600000 -2.496676 2.532139 26.500406 10.961084
 267.800000 -2.494423 2.712493 26.492897 11.254318
 268.000000 -2.228054 2.908565 24.915514 114.066455
 268.200000 -2.363499 2.526677 26.013582 22.608439
 268.400000 -2.225101 2.379323 24.914032 115.049098
 268.600000 -1.991425 2.894793 22.826985 45.997436
 268.800000 -2.114513 2.574969 23.764932 82.735415
 269.000000 -2.010989 2.413904 22.960800 47.684691
 269.200000 -1.746701 2.604958 21.940281 13.349360
 269.400000 -2.007439 2.405211 22.959260 48.073252
 269.600000 -2.136310 2.688858 24.001358 96.611535
 269.800000 -2.313878 2.830498 25.753412 48.336134
 270.000000 -2.196655 2.904463 24.636622 119.701023
 270.200000 -2.493289 2.515150 26.548654 10.898038
 270.400000 -2.182941 3.076376 24.520221 117.714417
 270.600000 -2.322910 2.677839 25.840904 41.167137
 270.800000 -2.127233 2.466335 23.945507 91.999745
 271.000000 -2.084974 2.731438 23.567480 69.250657
 271.200000 -2.028844 2.630706 23.161703 52.985064
 271.400000 -1.843834 2.436882 22.015236 14.659597
 271.600000 -1.809166 2.600300 21.916288 3.159037
 271.800000 -1.937916 2.551280 22.533166 43.046787
 272.000000 -2.273651 2.629296 25.493949 79.743356
 272.200000 -2.215041 2.814197 24.939542 116.648722
 272.400000 2.890268 2.632341 -0.000000 0.000000
 272.600000 -3.093546 2.887477 15.237002 1857.051012
 272.800000 -3.053014 2.729960 16.996690 1908.853006
 273.000000 -3.122132 2.400493 14.005681 1870.436008
 273.200000 -2.688777 -3.070694 26.010141 116.391599
 273.400000 -2.879810 2.705611 23.250836 498.974925
 273.600000 -2.440104 2.629489 26.427686 11.783168
 273.800000 -2.226391 2.627665 25.095087 112.055517
 274.000000 -2.206648 2.707311 24.882666 118.513106
 274.200000 -2.301872 2.570014 25.818787 53.157287
 274.400000 -2.418303 2.796886 26.376305 11.533020
 274.600000 -2.770899 2.786588 25.029204 167.464298
 274.800000 -3.101060 2.713505 14.934864 1853.109367
 275.000000 2.858381 2.939209 -0.000000 0.000000
 275.200000 -2.924220 2.853160 22.104955 925.171781
 275.400000 -2.553303 2.780008 26.770432 0.261735
 275.600000 -2.407565 2.770348 26.364465 11.502854
 275.800000 -2.158739 3.033365 24.429716 112.446739
 276.000000 -2.030898 2.560221 23.283820 56.814162
 276.200000 -1.888234 2.198526 22.323803 34.146580
 276.400000 -1.589738 2.265078 23.743347 327.648006
 276.600000 -2.013079 2.619719 23.176350 54.810359
 276.800000 3.012110 2.824473 6.033958 4817.564267
 277.000000 2.971080 3.029962 3.082559 5342.672268
 277.200000 -2.226660 2.609734 25.231980 111.093244
 277.400000 -1.621337 2.138134 23.196264 253.241265
 277.600000 -0.521025 1.583604 0.275756 1814.959041
 277.800000 -0.924865 1.664210 16.699912 1433.427429
 278.000000 -0.639455 1.628877 4.968277 1554.017882
 278.200000 -1.101104 1.643668 22.571145 724.688474
 278.400000 -1.109334 1.373605 22.789140 678.730745
 278.600000 -1.397611 0.785794 26.311708 5.097087
 278.800000 -1.638190 0.525841 22.937789 203.902209
 279.000000 -1.464407 0.984771 25.836882 140.355613
 279.200000 -0.875899 1.504338 14.753919 1599.073583
 279.400000 -0.952482 1.765069 17.687828 1348.874515
 279.600000 -0.483712 1.869486 -0.000013 0.000018
 279.800000 -1.016282 2.201036 19.944784 1145.295450
 280.000000 -0.527927 2.166949 0.530025 1603.382000
 280.200000 -0.692642 1.980243 7.047399 1669.468574
 280.400000 -0.833048 1.705007 12.983494 1744.675253
 280.600000 -1.045533 1.208856 20.889386 1020.640842
 280.800000 -1.249148 0.930732 25.375254 154.522667
 281.000000 -1.874505 0.830766 22.312515 31.357934
 281.200000 -0.410790 0.456578 -0.000000 0.000000
 281.400000 -1.163118 0.376032 23.975383 406.253887
 281.600000 -1.058179 0.718412 21.269405 958.771144
 281.800000 -1.360477 1.094003 26.247352 7.311666
 282.000000 -1.101387 1.234775 22.522808 722.938007
 282.200000 -1.359127 0.975432 26.226916 8.359146
 282.400000 -1.084182 0.659410 22.029185 819.145694
 282.600000 -1.422643 0.595858 26.145389 33.360603
 282.800000 -1.310185 1.095260 25.958223 61.031617
 283.000000 -1.317504 1.263861 26.013096 51.516959
 283.200000 -0.984360 1.188507 18.767571 1257.034940
 283.400000 -1.698203 0.891220 22.292483 53.632063
 283.600000 -1.229209 0.843450 25.058270 195.091751
 283.800000 -0.722270 1.053551 8.233301 1756.412768
 284.000000 -1.073413 1.456606 21.699640 878.637944
 284.200000 -1.558562 1.463007 24.246474 331.600433
 284.400000 -1.207462 0.618899 24.719540 249.207551
 284.600000 -0.798937 0.094194 11.483447 1813.086667
 284.800000 -0.522480 -0.271753 0.233925 1816.573666
 285.000000 -0.823623 -0.116274 12.527739 1761.314231
 285.200000 -0.819213 0.248979 12.327602 1770.184716
 285.400000 -1.350511 1.113408 26.158326 15.522747
 285.600000 -1.835814 1.542763 22.188503 16.988630
 285.800000 -1.390241 1.892732 26.218719 1.158666
 286.000000 -1.139852 1.900473 23.415077 512.363963
 286.200000 -0.724558 1.613399 8.291498 1760.584465
 286.400000 -0.701888 1.516851 7.348283 1700.187590
 286.600000 -0.975088 1.938556 18.391853 1289.551722
 286.800000 -0.770056 2.164886 10.222860 1826.543360
 287.000000 -0.623928 1.920499 4.221865 1549.773184
 287.200000 -1.128684 1.932657 23.129305 568.994628
 287.400000 -0.573856 1.721928 2.237355 1561.474451
 287.600000 -1.948058 1.946051 22.905189 55.654981
 287.800000 -1.934802 2.743036 22.807410 53.072701
 288.000000 -2.243358 2.931160 25.678215 97.484364
 288.200000 -2.826326 2.394369 24.374391 244.158511
 288.400000 -2.608437 2.766912 26.847441 21.913802
 288.600000 -2.215165 3.073409 25.409474 115.228433
 288.800000 -2.857162 2.259497 23.846621 355.981760
 289.000000 -2.298180 2.898817 26.167067 48.517757
 289.200000 -2.232553 2.920730 25.615730 105.221098
 289.400000 -2.092892 2.178139 24.140250 89.403067
 289.600000 -1.554599 2.281643 24.284681 320.222978
 289.800000 -0.478464 2.349650 -0.000001 0.000000
 290.000000 -0.572812 1.850164 2.173493 1562.428971
 290.200000 -0.762362 1.723723 9.854947 1815.032804
 290.400000 -1.314204 1.584692 25.882751 58.202695
 290.600000 -1.235146 1.158398 25.040306 183.108149
 290.800000 -1.673363 0.761027 22.526769 89.807889
 291.000000 -1.019529 0.783459 19.891048 1142.379811
 291.200000 -1.364115 1.250372 26.130777 5.986079
 291.400000 -1.634150 1.279267 22.978353 180.966851
 291.600000 -1.151008 0.737812 23.581932 455.033332
 291.800000 -1.128355 0.439159 23.070388 568.438364
 292.000000 -1.611923 0.542001 23.299522 236.554317
 292.200000 -1.052260 0.927138 20.938444 991.894855
 292.400000 -0.685824 1.776997 6.635618 1661.931812
 292.600000 -0.707378 2.437524 7.521558 1717.398698
 292.800000 -0.874903 2.445392 14.522780 1582.052674
 293.000000 -0.599449 1.772927 3.194060 1556.924906
 293.200000 -1.152338 1.190342 23.585926 448.090835
 293.400000 -1.225178 0.235013 24.864378 205.206215
 293.600000 -0.413316 -0.061051 -0.000000 0.000000
 293.800000 -0.519035 -0.281855 0.012483 550.267601
 294.000000 -0.921550 -0.158184 16.323602 1439.228912
 294.200000 -0.733104 0.019530 8.585904 1773.768046
 294.400000 -0.967352 0.314333 18.012923 1316.569949
 294.600000 -1.663106 1.149103 22.636168 106.375870
 294.800000 -0.946327 1.306771 17.241887 1372.714581
 295.000000 -0.695888 1.299828 7.036342 1689.245292
 295.200000 -1.274311 1.491077 25.458714 116.997932
 295.400000 -1.797352 1.021524 22.157772 4.498931
 295.600000 -0.794282 0.443742 11.174928 1788.695362
 295.800000 -1.189437 0.338759 24.276798 302.179032
 296.000000 -0.961113 0.555757 17.775432 1333.918417
 296.200000 -1.708943 1.318925 22.284551 28.845660
 296.400000 -0.962750 1.216798 17.825478 1329.687230
 296.600000 -0.673981 0.654958 6.136068 1640.183156
 296.800000 -1.059990 0.353144 21.138603 950.205297
 297.000000 -0.747607 0.043645 9.191125 1790.710235
 297.200000 -0.560665 0.357223 1.620116 1573.216188
 297.400000 -1.597999 0.579543 23.507637 254.751864
 297.600000 -1.483589 1.117089 25.394255 186.612626
 297.800000 -0.975483 1.143905 18.278345 1294.707436
 298.000000 -1.389639 1.259162 26.099949 0.708976
 298.200000 -1.399124 0.721323 26.078456 4.720424
 298.400000 -0.496531 0.194418 -0.000151 0.002378
 298.600000 -0.780129 0.014724 10.564412 1790.836336
 298.800000 -0.777682 0.023665 10.460828 1792.317520
 299.000000 -0.814302 0.254551 12.002061 1740.231018
 299.200000 -0.799911 0.056027 11.396759 1763.747424
 299.400000 -0.709429 0.066575 7.587116 1722.320466
 299.600000 -1.023809 0.203368 19.948491 1124.548412
 299.800000 -0.636725 0.328984 4.634137 1593.564229
 300.000000 -1.255941 0.615086 25.207857 148.228315
 300.200000 -1.147084 1.161600 24.324584 467.519125
 300.400000 -0.527303 1.448124 1.207158 1514.906940
 300.600000 -0.507859 1.953195 0.457558 1514.050177
 300.800000 -0.749592 2.352515 10.195597 1781.998431
 301.000000 -0.911129 2.253295 16.791503 1462.000841
 301.200000 -0.731345 1.552298 9.426554 1759.343131
 301.400000 -0.790755 1.390405 11.931186 1768.359691
 301.600000 -1.240082 1.203548 25.906799 177.360476
 301.800000 -1.672528 0.700997 23.488591 80.002174
 302.000000 -0.797503 0.444061 12.214594 1758.984261
 302.200000 -1.552962 0.749331 25.171974 296.125394
 302.400000 -1.318022 1.071801 26.719080 57.010090
 302.600000 -0.951926 1.158295 18.307265 1356.661281
 302.800000 -1.297619 1.179632 26.547146 85.793886
 303.000000 -1.241798 0.852898 25.917664 174.630569
 303.200000 -1.254901 0.525984 26.075101 152.092438
 303.400000 -0.765494 0.500319 10.864235 1777.228014
 303.600000 -1.152040 0.680261 24.395515 442.681200
 303.800000 -1.442067 1.143281 26.734801 70.171657
 304.000000 -1.146747 1.221854 24.282658 466.732802
 304.200000 -1.075021 1.150690 22.445826 855.922255
 304.400000 -1.568768 0.979937 24.890983 285.135559
 304.600000 -1.146269 0.602056 24.263266 468.444986
 304.800000 -1.441446 1.102129 26.732620 68.821341
 305.000000 -1.507905 1.033508 25.910563 244.528897
 305.200000 -0.428821 0.291777 -0.000000 0.000000
 305.400000 -0.797286 -0.191131 12.195951 1742.394554
 305.600000 -0.406948 -0.238817 -0.000000 0.000000
 305.800000 -0.004185 -0.493396 -0.000000 0.000000
 306.000000 1.008961 -1.059533 -0.000000 0.000000
