#! FIELDS time phi psi ves.bias ves.force2
#! SET min_phi -pi
#! SET max_phi pi
#! SET min_psi -pi
#! SET max_psi pi
 0.000000 -1.498385 0.273949 27.215882 148.921278
 0.200000 -1.261290 0.913006 27.257169 175.628485
 0.400000 -0.972552 1.435041 19.267959 1435.330816
 0.600000 -0.480489 1.394664 1.926582 208.759121
 0.800000 -1.080832 2.265092 23.051383 1005.063459
 1.000000 -0.771748 2.542798 10.752980 1955.674772
 1.200000 -0.754027 1.857565 10.047704 2064.373643
 1.400000 -0.875303 1.066050 15.717361 2035.595748
 1.600000 -1.422157 0.299366 28.016409 31.609489
 1.800000 -1.224487 0.606799 26.853520 323.097657
 2.000000 -0.828403 0.936101 13.541225 2239.200909
 2.200000 -0.858704 1.566790 15.081088 2017.470746
 2.400000 -0.642863 2.034209 5.805227 1158.732832
 2.600000 -0.505853 2.195465 2.318484 312.775589
 2.800000 -0.727708 2.125231 9.115075 1873.168467
 3.000000 -0.731526 1.602074 9.280852 1898.801947
 3.200000 -0.931649 1.556238 18.261627 1557.347246
 3.400000 -1.618782 1.223242 25.291071 332.343032
 3.600000 -1.370775 0.537414 28.312097 0.876990
 3.800000 -0.848690 -0.069643 14.813199 1878.203076
 4.000000 -0.470636 -0.220486 1.711286 227.867896
 4.200000 -0.730053 -0.056113 9.818878 1818.591816
 4.400000 -0.983026 0.487270 20.261770 1314.134457
 4.600000 -1.251704 1.461067 27.310636 230.363403
 4.800000 -1.724796 2.171199 23.593191 169.027357
 5.000000 -2.366509 2.848254 25.363408 46.942289
 5.200000 -3.117046 3.107612 12.345022 2808.022236
 5.400000 3.099464 2.793529 8.748451 2841.181796
 5.600000 -2.536012 2.661189 25.638539 5.510096
 5.800000 -2.419150 2.634679 25.597445 13.264433
 6.000000 -2.721651 2.680445 24.509486 134.668632
 6.200000 3.022371 2.756727 5.059151 1794.189920
 6.400000 2.884749 3.103816 1.280978 201.840423
 6.600000 -2.532409 2.614782 25.654093 4.660722
 6.800000 -1.926633 2.514182 22.472871 3.076104
 7.000000 -2.024069 2.720417 22.801317 19.895551
 7.200000 -2.277314 2.822293 24.539674 91.418295
 7.400000 -2.957835 2.530316 19.199716 1105.595711
 7.600000 3.022510 -3.141191 5.135330 1834.066141
 7.800000 -2.847316 -3.135000 22.305191 540.626252
 8.000000 -2.625047 2.230263 25.311503 30.651033
 8.200000 -2.080537 2.309752 23.055083 22.066643
 8.400000 -0.722975 2.831920 9.902608 1782.924185
 8.600000 -0.925598 1.706993 18.182425 1499.109907
 8.800000 -1.210089 0.381741 26.578373 345.548171
 9.000000 -0.652378 -0.130519 6.975075 1597.700847
 9.200000 -0.616928 -0.243074 5.625135 1404.269835
 9.400000 -0.750496 -0.131339 11.122412 1773.488768
 9.600000 -0.957287 0.183879 19.399324 1389.630667
 9.800000 -0.532749 0.348789 2.923637 673.209689
 10.000000 -1.473204 0.660212 27.735018 142.122067
 10.200000 -1.696959 1.342007 23.869682 246.595156
 10.400000 -1.024537 1.278910 21.782632 1094.108047
 10.600000 -1.319531 1.011647 28.072317 63.984850
 10.800000 -1.603169 0.801071 25.551429 363.787484
 11.000000 -0.994113 0.812376 20.743909 1235.050196
 11.200000 -0.749313 1.272482 11.224129 1742.505695
 11.400000 -1.005523 2.293563 21.151774 1172.146438
 11.600000 -0.809205 2.552946 13.681370 1625.131814
 11.800000 -0.763497 1.915781 11.813915 1715.278117
 12.000000 -0.949048 1.215694 19.127163 1384.533156
 12.200000 -1.609647 0.601795 25.471875 369.971095
 12.400000 -1.722499 0.383876 23.484396 205.168513
 12.600000 -1.860841 0.537369 22.437348 1.161938
 12.800000 -0.873187 0.947788 16.295086 1513.456135
 13.000000 -0.604930 1.545882 5.346222 1410.499055
 13.200000 -0.795328 2.678605 13.284102 1628.998752
 13.400000 -1.732348 2.538193 23.356111 185.592899
 13.600000 -2.580546 2.368509 25.534032 7.850508
 13.800000 -3.138031 3.032371 11.411319 2565.118954
 14.000000 3.018170 -2.919887 5.155050 1885.107260
 14.200000 -2.834800 2.682371 22.422908 509.023962
 14.400000 -1.764105 2.329719 22.974845 110.349740
 14.600000 -0.693875 2.205319 9.120698 1818.226422
 14.800000 -0.808146 1.688374 13.861361 1592.020952
 15.000000 -0.869536 1.204989 16.268655 1490.792580
 15.200000 -1.716515 0.565207 23.593171 232.272721
 15.400000 -1.644454 0.018971 24.864817 372.230656
 15.600000 -2.123767 0.553441 23.066454 33.831882
 15.800000 -1.030146 1.091220 22.078886 1000.145509
 16.000000 -1.000560 1.618901 21.113438 1128.551135
 16.200000 -0.660847 1.998883 7.820937 1806.503488
 16.400000 -0.942412 2.462994 19.114849 1308.724030
 16.600000 -0.575690 2.148531 4.445459 1248.503157
 16.800000 -0.575414 1.584124 4.435700 1245.925697
 17.000000 -1.374846 1.196056 28.336987 1.063640
 17.200000 -1.541350 0.723255 26.862291 283.531614
 17.400000 -0.908132 0.574712 17.933039 1365.641420
 17.600000 -1.326070 0.951820 28.124734 53.345541
 17.800000 -1.638109 1.180846 25.044065 378.974223
 18.000000 -1.146011 0.896461 25.243900 525.449586
 18.200000 -1.474268 0.543057 27.841865 118.989025
 18.400000 -1.626081 1.122495 25.322135 384.444727
 18.600000 -0.989817 1.198093 20.861674 1091.854419
 18.800000 -0.941951 1.066225 19.221477 1251.848434
 19.000000 -1.643817 1.161144 24.975399 378.073836
 19.200000 -1.152142 0.424041 25.392973 507.351162
 19.400000 -0.762633 0.210465 12.377542 1760.920962
 19.600000 -1.234085 0.693227 27.010024 278.887590
 19.800000 -1.290651 1.370961 27.811159 130.048815
 20.000000 -0.672732 1.320022 8.513063 1863.125844
 20.200000 -1.442814 1.348197 28.197450 46.217087
 20.400000 -1.420640 0.579140 28.319445 17.549750
 20.600000 -0.939094 0.120351 19.235678 1201.547567
 20.800000 -0.351024 -0.261175 -0.004908 9.477605
 21.000000 -0.650069 -0.623844 7.590770 1812.882145
 21.200000 -1.055086 0.111663 22.947006 822.343249
 21.400000 -0.637292 0.789089 7.100348 1761.113788
 21.600000 -1.220873 1.557217 26.867907 314.060356
 21.800000 -1.103282 1.393950 24.265740 676.091625
 22.000000 -1.068160 0.800969 23.317373 782.748939
 22.200000 -1.884521 0.721123 22.368818 0.007371
 22.400000 -1.529737 0.759313 27.316522 231.872162
 22.600000 -0.680666 0.891041 9.013405 1903.048300
 22.800000 -0.622767 1.700141 6.547721 1683.845485
 23.000000 -0.827727 2.202036 15.267387 1575.045364
 23.200000 -0.750504 2.494872 12.131820 1883.486358
 23.400000 -0.805850 2.060871 14.474699 1684.411439
 23.600000 -0.635554 1.368023 7.128703 1756.216735
 23.800000 -1.026861 1.170569 22.196319 879.847672
 24.000000 -1.731184 0.808424 23.507617 257.219595
 24.200000 -1.562212 0.429755 26.872185 322.173998
 24.400000 -1.036797 0.861768 22.527095 849.004625
 24.600000 -1.162950 1.384181 25.835473 503.381380
 24.800000 -0.580897 1.643756 5.012468 1418.013644
 25.000000 -0.746699 2.210773 12.053373 1904.283358
 25.200000 -1.334718 2.345944 28.335758 31.806340
 25.400000 -2.364833 1.957666 24.907249 42.373908
 25.600000 -2.876347 2.797591 21.062592 706.256672
 25.800000 2.952278 -3.003167 2.408204 1132.548599
 26.000000 3.082828 2.751507 8.144731 2496.213245
 26.200000 -2.205476 2.494139 23.419396 82.458751
 26.400000 -1.820194 2.363460 22.510935 37.715821
 26.600000 -2.157843 2.468374 23.036954 46.897604
 26.800000 -3.052472 2.678388 15.088126 1720.649555
 27.000000 -3.017515 -3.056883 16.481115 1461.374273
 27.200000 -2.716756 2.718572 24.152827 154.310759
 27.400000 -1.832943 2.485896 22.440698 23.597115
 27.600000 -1.816701 2.314670 22.533930 44.222366
 27.800000 -2.373438 2.390381 24.899547 35.976935
 28.000000 -3.096791 3.092507 13.133098 2058.561239
 28.200000 3.131359 3.059892 10.516847 2384.719936
 28.400000 -2.632488 2.593693 24.874653 33.516089
 28.600000 -1.850077 2.476800 22.382860 11.057628
 28.800000 -1.955681 2.572983 22.366828 2.382107
 29.000000 -2.662426 2.497136 24.671087 61.895027
 29.200000 -3.077379 3.141347 13.966780 1889.024812
 29.400000 3.130248 2.926334 10.464178 2374.938440
 29.600000 -2.621036 2.544777 24.911012 26.090395
 29.800000 -2.284928 2.862556 24.141423 94.014420
 30.000000 -2.443888 2.790403 25.137037 4.823017
 30.200000 -2.564323 2.707712 25.097272 5.745986
 30.400000 -2.908361 2.926526 20.059830 847.676345
 30.600000 3.018053 2.964774 5.014175 2088.002761
 30.800000 -2.958031 2.649318 18.515213 1095.160228
 31.000000 -2.914136 2.716431 19.890358 874.689349
 31.200000 -2.902236 3.139876 20.233733 819.970154
 31.400000 3.016936 2.890792 4.972839 2092.136785
 31.600000 -2.760263 2.664557 23.447810 266.322372
 31.800000 -2.476186 2.650846 25.160952 0.561087
 32.000000 -2.154487 2.823371 22.930934 46.488432
 32.200000 -2.539803 2.548504 25.135076 2.171014
 32.400000 -2.669644 2.777523 24.551244 71.527683
 32.600000 -2.969755 2.990804 18.121016 1159.193548
 32.800000 2.982611 2.775701 3.482267 1710.366125
 33.000000 -2.037103 3.070169 22.454474 3.305008
 33.200000 -2.153948 2.031900 22.907665 46.299589
 33.400000 -2.065573 1.997670 22.507850 6.603005
 33.600000 -2.035465 2.314290 22.443406 3.161309
 33.800000 -2.226400 2.926929 23.523419 95.976836
 34.000000 2.875338 2.751695 0.156732 402.115241
 34.200000 -2.554356 2.922218 25.118786 4.241716
 34.400000 -2.392651 2.495185 24.932019 24.447520
 34.600000 -2.082603 2.553473 22.555651 9.893048
 34.800000 -1.823061 2.859000 22.583834 41.262345
 35.000000 -2.693412 2.429364 24.322469 109.082428
 35.200000 -2.901010 3.056264 20.269961 808.757923
 35.400000 -2.990723 -3.072455 17.392471 1273.721725
 35.600000 -2.979108 2.245365 17.801593 1207.850855
 35.800000 -2.475648 2.842831 25.171999 0.861921
 36.000000 -2.266008 -3.108599 23.910554 102.566908
 36.200000 -2.703900 2.172226 24.217551 129.128834
 36.400000 -2.341232 2.806155 24.614429 62.166769
 36.600000 -2.272417 2.910507 23.975593 104.328823
 36.800000 -2.419778 2.549322 25.061614 12.128060
 37.000000 -2.298822 2.488890 24.239130 93.372177
 37.200000 -1.981930 3.110706 22.414988 0.621005
 37.400000 -2.578137 2.412507 25.082950 9.484101
 37.600000 -2.816101 2.606050 22.394060 452.011615
 37.800000 -3.036340 -3.106833 15.707727 1546.490913
 38.000000 2.868517 2.737383 -0.023761 8.684633
 38.200000 -1.835814 2.672917 22.567065 24.764582
 38.400000 -0.760043 2.168183 13.134683 1883.069390
 38.600000 -0.777772 1.687006 13.896915 1811.320787
 38.800000 -0.937589 1.238011 19.802933 989.572681
 39.000000 -2.078494 0.716692 22.559485 6.757191
 39.200000 -1.740820 -0.028310 23.530814 236.267339
 39.400000 -1.590043 0.149827 26.527307 392.979385
 39.600000 -1.241704 1.247539 27.417599 202.872026
 39.800000 -0.457248 2.015388 1.090181 665.265707
 40.000000 -0.639393 2.572477 7.808412 1888.423000
 40.200000 -1.198899 1.917844 26.705323 343.013345
 40.400000 -1.178247 0.840818 26.302278 419.882516
 40.600000 -0.911385 -0.327572 18.961373 1080.778443
 40.800000 -0.099093 -0.972324 -0.000046 0.000008
 41.000000 0.114409 -0.561923 -0.000000 0.000000
