#! FIELDS time phi psi ves.bias ves.force2
#! SET min_phi -pi
#! SET max_phi pi
#! SET min_psi -pi
#! SET max_psi pi
 0.000000 -1.498385 0.273949 25.037724 141.910265
 0.200000 -0.802066 0.546929 11.332972 1544.241456
 0.400000 -1.485022 1.226879 25.192570 126.615575
 0.600000 -1.463989 1.121953 25.417107 101.270299
 0.800000 -0.641767 0.582093 4.467704 2182.726308
 1.000000 -0.456822 -0.221865 -0.000000 0.000000
 1.200000 -0.969674 -0.468581 18.028144 1255.282329
 1.400000 -0.957844 -0.091897 17.603680 1319.110481
 1.600000 -1.071617 0.549834 21.214142 748.639632
 1.800000 -1.878781 1.517224 21.254803 2.875257
 2.000000 -1.672144 2.328219 22.576548 250.631808
 2.200000 -2.213490 3.128731 22.766876 62.233451
 2.400000 2.992457 2.701620 2.252255 2562.429785
 2.600000 -2.772490 2.947974 22.641961 279.111316
 2.800000 -2.786702 2.739467 22.392739 337.798991
 3.000000 -2.944482 2.800100 18.103330 1118.715537
 3.200000 -3.015932 2.862399 15.647432 1250.869212
 3.400000 -3.069709 2.897492 13.668111 1514.200407
 3.600000 -2.883764 2.831430 20.114900 944.649389
 3.800000 -1.607269 2.674906 23.728304 234.873865
 4.000000 -1.619329 1.769752 23.542965 237.005467
 4.200000 -0.866084 1.011334 14.059532 1551.937068
 4.400000 -0.876912 -0.046547 14.485658 1544.774208
 4.600000 -1.026823 -0.059926 19.868514 922.286290
 4.800000 -0.770224 -0.109026 10.255486 1639.036504
 5.000000 -0.597677 -0.000892 2.578083 2020.462405
 5.200000 -1.138229 0.633401 22.800811 531.456318
 5.400000 -1.350394 1.405684 25.991100 7.112981
 5.600000 -1.645287 2.080998 23.152251 204.207844
 5.800000 -1.866228 2.616672 21.354526 2.052046
 6.000000 -2.783316 2.842759 22.744535 313.369481
 6.200000 -2.984185 3.026764 16.741362 1211.926399
 6.400000 -2.778730 2.777693 22.840411 292.958780
 6.600000 -2.633766 2.574003 24.070942 9.168808
 6.800000 -2.034782 2.820136 21.480725 10.836003
 7.000000 -2.136652 2.628472 22.039843 52.984842
 7.200000 -2.339459 2.433248 23.422051 32.900595
 7.400000 -2.504312 2.923370 24.150662 4.121772
 7.600000 -2.868840 2.879929 20.661888 929.610081
 7.800000 3.091162 2.800304 7.958270 3215.196301
 8.000000 -3.077134 2.867619 13.442562 1505.015178
 8.200000 -3.034597 3.046295 15.055105 1252.948082
 8.400000 -2.876436 2.672265 20.447148 966.516914
 8.600000 -2.586674 3.035225 24.206221 1.757315
 8.800000 -2.442012 2.630803 23.983379 18.388490
 9.000000 -2.520262 2.636023 24.209296 1.710043
 9.200000 -2.386407 3.008570 23.774464 35.698174
 9.400000 -2.646306 2.720955 24.075211 16.755220
 9.600000 -3.012953 2.739027 15.892648 1196.803461
 9.800000 -2.987820 3.028241 16.757034 1174.584240
 10.000000 2.886186 2.798835 -0.000001 0.000000
 10.200000 -2.393015 2.773174 23.882917 39.437073
 10.400000 -2.073885 2.559263 21.571392 23.402117
 10.600000 -1.932749 2.324034 21.317140 0.319928
 10.800000 -1.901236 2.550978 21.346189 1.628165
 11.000000 -2.314322 2.718709 23.338575 54.054376
 11.200000 -3.102961 2.785629 12.627929 1926.016291
 11.400000 -3.135825 3.104159 11.092508 2463.489690
 11.600000 3.066563 2.790092 6.591355 3565.069896
 11.800000 -2.556119 2.805560 24.416304 2.207331
 12.000000 -1.996969 2.598018 21.349665 1.518918
 12.200000 -1.974599 2.426818 21.334887 0.193242
 12.400000 -2.133757 2.572024 21.920548 49.527667
 12.600000 -2.332497 2.872850 23.553808 65.953012
 12.800000 -2.803580 2.591106 22.382581 391.166956
 13.000000 3.027332 2.930810 4.311353 3387.259931
 13.200000 2.909225 2.966473 -0.000082 0.000373
 13.400000 -2.794431 2.934875 22.565914 331.550926
 13.600000 -1.972561 2.609278 21.353074 0.278711
 13.800000 -1.862872 2.264767 21.432661 3.769584
 14.000000 -2.023459 2.030329 21.423641 5.574111
 14.200000 -1.968607 2.567528 21.373646 0.158269
 14.400000 -2.411376 2.841218 24.244357 47.891056
 14.600000 3.103205 2.684901 8.901365 3205.841487
 14.800000 3.038427 3.079027 5.069471 3542.835169
 15.000000 -2.680236 2.944104 23.919448 58.241331
 15.200000 -2.293141 2.245921 23.285687 74.074582
 15.400000 -1.720457 2.691536 22.135940 69.296127
 15.600000 -2.123433 2.389043 21.955614 41.522819
 15.800000 -2.378228 2.711105 24.020099 68.219313
 16.000000 -2.863455 3.109494 21.035883 718.453316
 16.200000 3.027801 2.783810 4.581580 3458.502719
 16.400000 -2.365007 2.762362 23.932552 76.589405
 16.600000 -1.903332 2.560151 21.453169 0.599253
 16.800000 -1.818547 2.314623 21.610019 10.048996
 17.000000 -2.126117 2.552201 22.016813 39.940016
 17.200000 -2.475357 2.979155 24.715925 12.337526
 17.400000 2.949423 2.818897 0.565124 1807.928610
 17.600000 3.113894 2.911650 9.654350 2934.323965
 17.800000 -3.016923 2.945400 16.151403 1220.503914
 18.000000 -2.866361 2.820935 20.985026 720.033974
 18.200000 -2.515063 2.855532 24.828778 0.012581
 18.400000 -2.640317 2.465592 24.270164 56.869051
 18.600000 -2.552021 2.898033 24.772683 9.390980
 18.800000 -2.984256 2.879507 17.319096 1158.385349
 19.000000 -2.696303 2.786487 23.804395 84.643093
 19.200000 -2.114423 2.897447 22.085295 34.010165
 19.400000 -1.983202 2.189880 21.558123 3.198625
 19.600000 -1.792707 1.883112 21.783367 16.959513
 19.800000 -1.510963 1.992043 24.433944 140.014440
 20.000000 -1.877712 1.992690 21.550389 2.207296
 20.200000 -2.028118 2.492762 21.710533 11.722092
 20.400000 -2.307907 3.021055 23.449975 72.724032
 20.600000 2.887237 2.573957 -0.000002 0.000000
 20.800000 -2.603369 2.837515 24.655154 48.897989
 21.000000 -2.071914 2.690072 21.892968 23.519265
 21.200000 -2.386467 2.450867 24.187837 93.748930
 21.400000 -2.220814 2.765983 22.819054 43.426212
 21.600000 -2.751908 2.748203 23.204132 173.524440
 21.800000 2.906456 2.794111 -0.000180 0.002142
 22.000000 -2.996370 -3.122827 17.012746 1202.982481
 22.200000 -2.707864 2.496556 23.746563 131.955433
 22.400000 -2.331145 2.082116 23.681751 80.933547
 22.600000 -1.007277 2.727010 18.776053 1144.342288
 22.800000 -0.985624 2.178865 18.021831 1280.138556
 23.000000 -0.816887 1.442694 11.502316 1524.437672
 23.200000 -1.919402 1.136553 21.658960 0.000055
 23.400000 -1.084144 0.597030 21.022237 658.176145
 23.600000 -0.728885 0.249867 7.917340 1799.782891
 23.800000 -0.989657 -0.095287 18.122431 1257.502443
 24.000000 -0.666150 -0.579508 5.148062 2061.317982
 24.200000 -0.274102 -0.218130 -0.000000 0.000000
 24.400000 -1.030803 0.463063 19.463785 986.413894
 24.600000 -1.553016 1.138353 23.775967 141.623675
 24.800000 -1.039484 1.029550 19.732311 927.759952
 25.000000 -1.465431 1.041117 24.739060 80.412496
 25.200000 -1.648066 0.697162 22.735969 84.982819
 25.400000 -0.769982 0.765124 9.571776 1589.196989
 25.600000 -1.088044 1.119405 21.048791 632.237956
 25.800000 -1.000084 1.028715 18.419898 1192.625179
 26.000000 -1.064420 0.666434 20.425611 764.419995
 26.200000 -1.439647 0.758641 24.885173 43.866118
 26.400000 -1.150320 1.068723 22.420341 395.110437
 26.600000 -1.486316 1.182241 24.489882 99.993164
 26.800000 -1.181470 0.801595 23.009334 323.794682
 27.000000 -1.285877 0.843322 24.556318 119.292419
 27.200000 -1.648906 1.349405 22.725514 82.699563
 27.400000 -1.773498 1.287972 21.939563 12.838152
 27.600000 -0.570624 0.582220 0.985844 1476.648062
 27.800000 -0.943481 0.078936 16.292301 1490.692181
 28.000000 -0.596735 -0.535224 2.041186 1779.536969
 28.200000 -0.508559 -0.367726 -0.000040 0.000084
 28.400000 -1.060868 0.318257 20.288514 796.773086
 28.600000 -1.149828 1.316465 22.403915 401.789873
 28.800000 -0.722134 1.562089 7.585288 1774.401603
 29.000000 -0.469600 1.990984 -0.000000 0.000000
 29.200000 -0.823797 2.471415 11.603504 1459.702193
 29.400000 -0.681146 2.135485 5.819531 1980.306613
 29.600000 -0.639787 1.806100 3.955146 2042.816600
 29.800000 -1.091935 1.616058 21.116019 628.126764
 30.000000 -1.506475 0.718856 24.264380 116.599825
 30.200000 -0.689239 -0.071327 6.207612 1934.235183
 30.400000 -0.836891 -0.096797 12.103300 1454.021244
 30.600000 -0.831792 0.034287 11.909046 1449.182545
 30.800000 -1.133333 0.329392 22.086268 459.806344
 31.000000 -0.846630 0.849487 12.475393 1465.935567
 31.200000 -1.764742 1.318954 21.964564 15.787773
 31.400000 -1.399515 1.334604 25.046259 7.500840
 31.600000 -0.823934 0.811708 11.623517 1430.643516
 31.800000 -1.588994 0.803941 23.326611 118.850550
 32.000000 -1.139732 0.835245 22.235774 442.217867
 32.200000 -0.839629 1.261190 12.232846 1432.637835
 32.400000 -1.187910 1.657617 23.185063 317.369366
 32.600000 -1.000664 1.184256 18.378205 1231.261362
 32.800000 -1.455446 0.904599 24.735673 65.043551
 33.000000 -1.813751 0.690249 21.810213 4.896528
 33.200000 -0.619980 0.527832 3.199199 2011.764006
 33.400000 -1.092928 1.031917 21.189724 642.087852
 33.600000 -1.548045 1.176336 23.787901 127.620009
 33.800000 -0.830065 0.497991 11.897185 1414.022980
 34.000000 -0.689703 -0.237062 6.337876 1918.872161
 34.200000 -0.685855 -0.539059 6.208502 1939.938651
 34.400000 -0.984922 -0.063730 17.846512 1327.908150
 34.600000 -0.795917 0.442217 10.644581 1408.810103
 34.800000 -1.653864 1.158536 22.684892 80.682365
 35.000000 -0.977124 1.261484 17.560171 1368.544143
 35.200000 -0.715393 0.885038 7.523406 1752.192502
 35.400000 -1.182780 1.112102 23.153825 324.081983
 35.600000 -1.691279 1.158819 22.378300 56.714499
 35.800000 -0.600607 0.734516 2.411684 1916.444124
 36.000000 -1.763018 1.076294 21.956177 18.276755
 36.200000 -1.737100 1.398208 22.084434 30.861601
 36.400000 -1.077450 1.117043 20.843955 734.150375
 36.600000 -1.171693 0.815281 22.970866 349.698081
 36.800000 -1.687873 0.730349 22.413615 61.032370
 37.000000 -0.957293 0.894705 16.850985 1442.593551
 37.200000 -1.106539 1.349568 21.609204 581.570249
 37.400000 -1.576358 1.113459 23.535046 126.772726
 37.600000 -0.933204 0.439846 15.944660 1487.881070
 37.800000 -0.685206 -0.181617 6.318805 1957.974263
 38.000000 -0.584047 -0.429990 1.759572 1794.846026
 38.200000 -0.617808 -0.335839 3.288453 2080.842157
 38.400000 -0.465666 0.025493 -0.000000 0.000000
 38.600000 -1.222403 0.456351 23.874444 229.088480
 38.800000 -1.447695 1.454097 24.859656 50.900694
 39.000000 -0.771507 1.906870 9.895006 1433.874850
 39.200000 -0.765667 2.222185 9.721281 1450.511457
 39.400000 -0.642068 2.352028 4.453103 2137.175883
 39.600000 -0.872515 2.011002 13.679628 1411.360470
 39.800000 -0.876701 1.644747 13.837124 1419.268698
 40.000000 -1.214226 1.835020 23.775818 247.725117
 40.200000 -1.381542 1.134138 25.159870 0.687826
 40.400000 -0.967964 0.205163 17.332575 1375.450879
 40.600000 -0.560324 -0.154503 0.902785 1558.006366
 40.800000 -0.598007 -0.398007 2.496565 1989.272500
 41.000000 -0.753981 -0.173562 9.329499 1495.208983
 41.200000 -0.539552 -0.017109 0.140265 1445.275651
 41.400000 -1.130595 0.145411 22.247474 492.687799
 41.600000 -1.266822 0.557194 24.551188 131.795172
 41.800000 -1.353928 1.439354 25.159930 4.632631
 42.000000 -0.563204 1.729326 1.068001 1625.579178
 42.200000 -0.488608 1.985751 -0.000002 0.000000
 42.400000 -0.690874 2.282202 6.868379 1896.532667
 42.600000 -0.753563 2.082381 9.426257 1462.953459
 42.800000 -0.920796 1.906785 15.612711 1443.892018
 43.000000 -0.872486 1.973999 13.791172 1383.765807
 43.200000 -0.912688 2.172184 15.343965 1428.812639
 43.400000 -0.550824 2.230535 0.689413 1536.535336
 43.600000 -1.020914 2.089034 19.269792 1080.284982
 43.800000 -0.591080 1.874571 2.389152 2007.927679
 44.000000 -1.059351 1.891330 20.461875 846.819609
 44.200000 -0.647316 2.062258 5.075876 2155.425185
 44.400000 -0.964498 2.115671 17.322389 1345.588509
 44.600000 -1.212889 2.130332 23.901560 263.123927
 44.800000 -2.267727 1.939925 22.852302 34.479607
 45.000000 -2.839863 2.617483 21.171152 451.107772
 45.200000 2.921188 -2.804782 -0.008005 3.590024
 45.400000 3.079272 2.717716 7.601775 3202.539912
 45.600000 -1.904965 2.483971 21.500304 0.706341
 45.800000 -1.364702 2.339482 25.260811 0.045458
 46.000000 -1.705414 2.241989 22.309822 63.760845
 46.200000 -2.480726 2.357041 24.861547 61.298810
 46.400000 -2.945965 -2.975642 18.329563 940.584682
 46.600000 3.088941 2.957575 8.117858 3103.246661
 46.800000 -2.656483 2.599391 24.148794 185.971813
 47.000000 -2.129094 2.958789 22.080505 27.730630
 47.200000 -1.967708 2.486172 21.458006 1.010142
 47.400000 -2.065985 2.142728 21.737458 20.358177
 47.600000 -1.788469 2.684979 21.767332 20.713237
 47.800000 -2.299965 2.732053 22.964323 52.524704
 48.000000 -3.069026 2.604917 14.039065 1542.451151
 48.200000 3.102990 3.118940 8.848865 2929.768275
 48.400000 -2.920863 2.992269 19.016054 824.325314
 48.600000 -2.699851 2.503187 23.470280 230.631708
 48.800000 -2.130352 2.693521 22.042765 27.365428
 49.000000 -2.062535 2.795213 21.705574 19.116982
 49.200000 -2.373481 2.508876 23.596100 131.519726
 49.400000 -2.711718 2.875142 23.263028 238.376187
 49.600000 2.934326 2.861229 0.032874 755.833353
 49.800000 3.061472 2.675584 6.510502 3280.120849
 50.000000 -2.726637 2.842721 23.030879 245.960766
 50.200000 -2.663006 2.823985 23.968563 200.632616
 50.400000 3.083932 2.653679 7.781533 3122.473973
 50.600000 -2.655030 -3.099053 24.080056 189.950610
 50.800000 -2.614346 2.538208 24.584405 113.851705
 51.000000 -3.107774 2.089697 12.372399 1913.528096
 51.200000 -2.573321 -3.106480 24.914438 29.896545
 51.400000 2.927144 2.653494 -0.023834 9.800525
 51.600000 -2.892593 2.761790 19.726147 691.713371
 51.800000 -1.940998 2.865156 21.412327 0.000573
 52.000000 -2.045250 2.034837 21.604656 13.911098
 52.200000 -1.823526 2.089462 21.579068 9.383698
 52.400000 -1.499288 2.376727 24.466479 108.170521
 52.600000 -2.108303 2.684768 21.877495 24.345525
 52.800000 2.949408 2.751586 0.649007 1738.545779
 53.000000 -2.709549 -3.059191 23.261389 240.998284
 53.200000 -2.915313 2.394769 19.068745 807.453943
 53.400000 -2.702482 2.693236 23.367909 237.985266
 53.600000 -2.235731 -2.783268 22.447134 19.512653
 53.800000 -2.887587 2.568694 19.823401 674.541657
 54.000000 -2.542489 2.481887 24.991141 0.205609
 54.200000 -2.050793 2.986154 21.604115 14.094701
 54.400000 -2.113734 2.738978 21.882532 23.091610
 54.600000 -2.401367 2.037878 23.799981 158.805992
 54.800000 -1.622666 2.784465 23.048597 129.697462
 55.000000 -2.176670 2.718624 22.175827 19.098560
 55.200000 -2.902629 2.246482 19.404005 757.195877
 55.400000 -2.843744 -2.957095 20.864264 486.357753
 55.600000 3.038228 3.096824 5.205054 3232.998323
 55.800000 -3.058831 2.370271 14.290030 1419.166610
 56.000000 -2.373377 2.721437 23.438555 136.940598
 56.200000 -1.879697 2.989242 21.431546 1.665612
 56.400000 -2.244497 2.170740 22.429828 19.348673
 56.600000 -2.185426 2.494330 22.187600 17.017944
 56.800000 -2.174697 -3.068405 22.142797 17.890826
 57.000000 -2.732621 2.558268 22.900916 256.908259
 57.200000 -2.778759 2.936121 22.131246 306.009322
 57.400000 3.007036 3.040066 3.483302 2936.706942
 57.600000 3.115844 2.744988 9.500809 2637.639642
 57.800000 -2.720859 2.747807 23.087276 249.992191
 58.000000 -2.180801 2.973071 22.166171 16.962457
 58.200000 -2.295059 2.443877 22.679262 41.729235
 58.400000 -2.458131 2.481653 24.448927 124.689742
 58.600000 -2.311009 -3.118537 22.790539 56.447489
 58.800000 2.998767 2.574911 3.050325 2807.312284
 59.000000 3.117024 2.806155 9.562028 2608.076600
 59.200000 -2.789393 3.035039 21.948506 323.457774
 59.400000 -2.499505 2.442878 24.825214 44.529011
 59.600000 -1.970719 2.306017 21.403521 1.066960
 59.800000 -1.800964 2.517694 21.597953 12.823324
 60.000000 -2.115559 2.641742 21.875249 21.686922
 60.200000 -2.985303 2.526235 16.837790 1120.287646
 60.400000 -2.839504 -3.012070 20.962011 472.423959
 60.600000 -2.787666 2.868911 21.980134 319.554949
 60.800000 -2.570716 2.277430 24.913633 20.528415
 61.000000 -1.492350 2.764465 24.469788 100.241553
 61.200000 -1.551620 2.456279 23.807889 134.451783
 61.400000 -2.245308 2.004962 22.412284 17.329742
 61.600000 -2.189546 2.472865 22.194991 15.564670
 61.800000 -1.868986 3.125498 21.436307 1.810485
 62.000000 -3.010639 2.464651 15.970710 1206.492532
 62.200000 -2.797425 2.926841 21.812427 338.494693
 62.400000 3.078737 3.090305 7.551480 3016.870229
 62.600000 -3.134417 2.770373 11.105961 2111.953125
 62.800000 -2.570887 2.855262 24.925057 20.786987
 63.000000 -2.796369 2.664743 21.831813 336.087957
 63.200000 -3.030677 2.876564 15.256472 1281.351245
 63.400000 -3.090194 2.884424 13.007883 1624.650628
 63.600000 -2.897110 2.657089 19.565494 755.913454
 63.800000 -2.584864 2.671985 24.854048 44.028015
 64.000000 -2.076139 3.084407 21.697340 18.074249
 64.200000 -2.394750 2.483713 23.641422 165.106639
 64.400000 -2.150074 2.577615 22.034723 19.640603
 64.600000 -2.044311 2.791287 21.574546 11.829642
 64.800000 -2.456629 2.684408 24.434872 136.293603
 65.000000 -2.691344 2.813707 23.579989 230.241973
 65.200000 3.009212 2.843579 3.695722 2972.168946
 65.400000 -3.091687 2.832076 12.953265 1633.164391
 65.600000 -2.942389 2.810643 18.249902 990.745019
 65.800000 -2.720320 2.926098 23.146702 244.990176
 66.000000 -2.913687 2.563461 19.122113 852.988163
 66.200000 -2.538770 2.802425 25.011222 0.671033
 66.400000 -2.538532 2.835098 25.011023 0.737258
 66.600000 -2.228232 2.470059 22.357277 14.123084
 66.800000 -2.435200 2.450954 24.179628 165.983002
 67.000000 -2.130559 3.090537 21.959834 21.553243
 67.200000 -2.759987 2.554680 22.554847 270.207247
 67.400000 3.130293 2.810262 10.265916 2337.238750
 67.600000 2.930413 3.027603 0.002942 379.088917
 67.800000 -3.095946 2.766194 12.795623 1668.097066
 68.000000 -2.330167 2.427937 22.945584 77.317538
 68.200000 -1.663014 2.764524 22.412874 104.282962
 68.400000 -1.874389 2.458076 21.406292 0.716516
 68.600000 -2.641275 2.418766 24.333744 156.902239
 68.800000 -3.057975 3.027287 14.289937 1405.547999
 69.000000 -3.117690 -3.084814 11.892505 1886.767338
 69.200000 -2.860673 2.623391 20.621241 587.210083
 69.400000 -1.954027 2.668653 21.390657 0.529810
 69.600000 -1.798169 2.490088 21.528469 8.025577
 69.800000 -1.981157 2.375018 21.421347 2.443361
 70.000000 -2.302281 2.565116 22.753955 45.360516
 70.200000 -2.528322 3.101716 25.015864 6.016414
 70.400000 -3.102727 2.658820 12.553313 1727.312246
 70.600000 -3.096635 3.004545 12.804358 1670.695879
 70.800000 -2.796961 2.828202 21.986482 335.447890
 71.000000 -3.113278 2.692233 12.108125 1835.265482
 71.200000 -2.990886 2.975254 16.725852 1181.565713
 71.400000 3.085799 2.880292 8.036256 2935.018906
 71.600000 -3.041398 2.789994 14.939961 1328.792553
 71.800000 -2.535964 2.969091 25.035333 1.407135
 72.000000 -2.590505 2.468552 24.867047 50.246711
 72.200000 -2.622452 2.660657 24.590165 113.073413
 72.400000 -3.140323 2.940816 10.939701 2157.786635
 72.600000 3.061911 3.023709 6.737600 3154.437149
 72.800000 -2.870875 2.824358 20.436540 651.037577
 73.000000 -2.769794 2.751318 22.509215 273.705283
 73.200000 -2.980159 2.832815 17.128251 1159.002111
 73.400000 2.968845 2.957838 1.696198 2308.747171
 73.600000 -3.083625 2.787001 13.378798 1552.294695
 73.800000 -2.607535 2.739336 24.755088 81.796706
 74.000000 -2.665996 2.817367 24.078800 179.724695
 74.200000 2.980521 2.807991 2.291606 2571.995642
 74.400000 -3.119205 2.932925 11.932198 1884.871323
 74.600000 3.107574 2.570106 9.258690 2646.243785
 74.800000 -2.933129 2.965537 18.700450 991.164938
 75.000000 -3.057232 2.916675 14.412111 1394.160546
 75.200000 2.964144 2.784480 1.508798 2226.974510
 75.400000 -2.908686 2.861811 19.480352 866.070831
 75.600000 -3.057638 2.703542 14.427028 1400.392274
 75.800000 -2.881626 3.074418 20.240698 713.128496
 76.000000 3.069617 2.790736 7.245025 3100.417144
 76.200000 2.964765 2.777938 1.560064 2256.728951
 76.400000 -2.738066 2.788780 23.121119 229.776188
 76.600000 -2.697420 2.418946 23.717351 201.966603
 76.800000 -2.734422 3.079232 23.176167 226.750460
 77.000000 3.027793 2.873356 4.909478 3206.820047
 77.200000 -2.931991 2.821712 18.854214 989.616346
 77.400000 -2.963115 2.589994 17.841691 1120.642183
 77.600000 -2.854311 2.964387 21.010136 556.645107
 77.800000 -2.999489 3.033155 16.593886 1227.222679
 78.000000 -3.068159 2.591792 14.091703 1464.465624
 78.200000 -2.743924 2.992186 23.102458 229.308152
 78.400000 -3.120736 2.799478 11.985463 1904.398934
 78.600000 -2.747916 2.904929 23.041732 233.354999
 78.800000 -2.314474 2.807112 22.916048 56.389331
 79.000000 -1.943150 2.548833 21.330725 0.418864
 79.200000 -2.261477 2.331681 22.606275 21.588976
 79.400000 -2.219713 2.839438 22.429682 16.431434
 79.600000 -2.460396 2.795958 24.575738 130.093276
 79.800000 -2.747361 2.648340 23.088246 230.160540
 80.000000 -2.946967 3.040484 18.465447 1064.011793
 80.200000 3.072721 2.937582 7.582699 3070.397265
 80.400000 -2.887836 2.600552 20.294961 743.203688
 80.600000 -2.292959 2.824305 22.778463 36.734071
 80.800000 -2.244995 2.649063 22.540063 17.770644
 81.000000 -2.159957 2.718572 22.172317 24.752481
 81.200000 -2.537359 2.547723 25.142465 3.821016
 81.400000 -2.196406 2.915602 22.352649 18.830561
 81.600000 -2.773181 2.689643 22.760325 261.270621
 81.800000 -3.056577 2.788407 14.680440 1430.821897
 82.000000 -2.993014 3.062229 16.991786 1232.130511
 82.200000 -2.954346 2.701000 18.362318 1099.284145
 82.400000 -2.834582 2.830292 21.669625 447.242289
 82.600000 -3.105088 2.861904 12.793292 1764.441137
 82.800000 2.998065 2.783811 3.433256 2975.538172
 83.000000 -2.890690 2.914936 20.307267 753.834082
 83.200000 -2.858609 2.909934 21.175842 561.768908
 83.400000 -3.100801 2.679701 13.016357 1736.260977
 83.600000 -3.074717 3.048045 14.070540 1543.256256
 83.800000 -3.024809 2.862314 15.953515 1330.289637
 84.000000 -3.023128 2.582128 16.014756 1325.194365
 84.200000 -2.708297 3.038919 23.821567 186.996654
 84.400000 3.000168 2.819957 3.598566 3031.247571
 84.600000 -2.928830 2.878024 19.296096 965.595606
 84.800000 -2.297953 2.887842 22.865349 37.779184
 85.000000 -2.204748 2.226941 22.428652 19.770267
 85.200000 -1.612966 2.389546 22.564167 126.379723
 85.400000 -1.910580 2.407484 21.210508 0.007328
 85.600000 -2.102673 2.687910 21.867366 39.889336
 85.800000 3.134827 2.683848 10.984773 2305.010215
 86.000000 -2.999338 2.996257 16.992876 1260.512567
 86.200000 -2.633944 2.848326 24.776956 97.483033
 86.400000 -2.101552 2.387157 21.862506 41.720561
 86.600000 -1.535307 2.573936 23.442919 131.701513
 86.800000 -1.962213 2.200854 21.235767 2.821027
 87.000000 -2.089237 2.475598 21.783455 40.476040
 87.200000 -2.570973 3.031348 25.197873 5.535456
 87.400000 2.967103 2.911609 1.926846 2460.477988
 87.600000 -2.705795 3.100363 23.945393 175.685039
 87.800000 -2.149718 2.657845 22.175530 36.858959
 88.000000 -1.888885 2.200171 21.182954 0.087554
 88.200000 -1.567480 2.434993 23.017436 138.960475
 88.400000 -2.067765 2.628147 21.649876 38.079829
 88.600000 -2.651025 2.848022 24.640803 118.498580
 88.800000 2.992058 2.936127 3.251882 2958.340845
 89.000000 2.992775 2.880784 3.290962 2969.832988
 89.200000 -2.152363 2.824679 22.209525 38.616800
 89.400000 -1.787308 2.423596 21.276287 5.867630
 89.600000 -1.889155 2.177920 21.160622 0.035609
 89.800000 -1.846313 2.248333 21.183929 0.806826
 90.000000 -1.846542 2.946428 21.183723 0.799588
 90.200000 -2.877643 2.597299 21.046598 621.598447
 90.400000 3.012985 3.083729 4.473669 3243.286227
 90.600000 3.094602 2.946796 9.112815 2915.513111
 90.800000 2.991354 2.423117 3.265542 2969.993294
 91.000000 -2.143582 2.989585 22.160263 42.526199
 91.200000 -2.208602 2.650771 22.541410 23.806614
 91.400000 -2.168873 2.319181 22.326304 35.869631
 91.600000 -2.192586 2.692527 22.460054 28.028634
 91.800000 -2.463444 2.823040 24.659146 126.994619
 92.000000 -2.859754 2.622411 21.512251 516.350286
 92.200000 -2.951670 2.829154 18.994817 1053.221465
 92.400000 -2.561989 2.981970 25.262099 0.269530
 92.600000 -2.530506 2.403317 25.206260 16.344522
 92.800000 -1.948362 2.650116 21.177721 1.643934
 93.000000 -2.076068 2.620252 21.702486 45.127483
 93.200000 -2.283537 2.567878 22.934769 26.496768
 93.400000 -2.400683 2.708532 23.917654 138.096217
 93.600000 -2.399801 2.909585 23.907307 137.340532
 93.800000 -2.248022 2.510216 22.766135 20.648845
 94.000000 -2.210792 2.565569 22.590756 25.355183
 94.200000 -2.063989 2.957971 21.628109 43.298678
 94.400000 -2.546627 2.617384 25.270556 3.470968
 94.600000 -3.100837 2.873373 13.511065 1843.859666
 94.800000 -3.089757 -3.108973 13.980540 1748.830447
 95.000000 -2.648932 2.588014 24.774897 103.656864
 95.200000 -2.400171 2.105167 23.945723 131.299834
 95.400000 -1.733142 2.994979 21.408991 20.128222
 95.600000 -2.048547 2.670019 21.534768 37.427245
 95.800000 -2.520258 2.384940 25.180764 30.788331
 96.000000 -2.284911 2.991253 22.999842 26.483519
 96.200000 -2.307781 2.967885 23.154196 36.122386
 96.400000 -2.745895 2.426879 23.632352 186.832044
 96.600000 -2.742254 3.062972 23.681918 183.844919
 96.800000 3.049028 2.792239 6.747068 3379.602940
 97.000000 -2.729043 2.814693 23.858612 174.198104
 97.200000 -1.618946 2.929161 22.240274 106.372517
 97.400000 -1.305780 1.835068 24.082987 39.558939
 97.600000 -0.828144 -0.009876 12.183272 1052.758973
 97.800000 -0.453128 -1.269056 -0.000000 0.000000
 98.000000 -0.617449 -0.157863 3.905704 2069.704648
 98.200000 -1.490804 0.977299 23.594300 88.473235
 98.400000 -1.522631 1.792968 23.273979 112.806912
 98.600000 -0.813140 2.327703 11.665561 1080.179330
 98.800000 -0.946563 2.137861 15.973649 1051.655043
 99.000000 -1.065723 2.009139 19.673163 807.733043
 99.200000 -0.777138 1.633923 10.425868 1204.871963
 99.400000 -0.521338 1.534492 -0.024621 23.280686
 99.600000 -1.203898 2.264798 22.830223 286.088479
 99.800000 -0.886987 2.525707 14.020046 1032.503857
 100.000000 -0.577826 2.061171 2.104630 1827.458035
 100.200000 -0.843236 1.302370 13.226207 1035.232394
 100.400000 -1.479491 0.504698 24.284635 76.630289
 100.600000 -0.854766 0.217578 13.596544 1028.953743
 100.800000 -0.973783 0.392033 17.434392 1034.165637
 101.000000 -1.268425 0.879424 24.316795 105.542426
 101.200000 -1.019862 1.358898 18.860818 951.105528
 101.400000 -0.854496 1.613985 13.557570 1029.388069
 101.600000 -1.009740 1.906864 18.546633 975.423711
 101.800000 -0.817178 2.007803 12.351216 1071.478564
 102.000000 -0.841988 2.028168 13.155665 1036.479574
 102.200000 -0.969158 2.136689 17.229577 1039.075410
 102.400000 -0.527418 1.952599 0.734947 1209.472309
 102.600000 -0.995784 2.109990 18.081331 1003.490853
 102.800000 -0.876510 2.220113 14.236114 1029.858358
 103.000000 -0.902219 2.358112 15.063069 1040.361096
 103.200000 -1.339069 2.083638 24.685019 8.520704
 103.400000 -0.836391 1.100164 12.926717 1043.970007
 103.600000 -1.515562 0.918189 23.860473 106.030805
 103.800000 -1.331722 0.562762 24.660831 13.445287
 104.000000 -0.808330 0.652140 12.010870 1093.512121
 104.200000 -1.385409 1.083298 24.686485 2.457119
 104.400000 -0.857851 0.967240 13.600329 1032.628337
 104.600000 -1.332174 1.116075 24.634737 12.999840
 104.800000 -1.114799 0.789147 21.454076 614.083290
 105.000000 -1.309062 0.699980 24.523974 35.859846
 105.200000 -1.526015 1.031892 23.707140 112.335295
 105.400000 -1.310897 1.253877 24.510150 33.626540
 105.600000 -1.847429 2.013278 21.676925 0.092827
 105.800000 -1.732156 2.656190 21.869725 15.730683
 106.000000 -2.387402 2.888532 24.539250 97.826928
 106.200000 3.057871 2.481234 8.067354 3380.167232
 106.400000 -2.182606 -2.977880 23.274001 53.599739
 106.600000 -1.859089 2.424548 21.659581 0.022228
 106.800000 -1.746437 1.485011 21.800223 10.071157
 107.000000 -0.837969 0.448459 12.924746 1050.574816
 107.200000 -0.649824 -0.520270 5.802373 1964.997073
 107.400000 -0.902411 -0.569826 14.986265 1042.612654
 107.600000 -0.868451 0.409059 13.891626 1037.431158
 107.800000 -1.603988 1.461208 22.810591 114.208637
 108.000000 -1.440738 1.940094 24.406724 36.789204
 108.200000 -1.588515 1.727934 22.963411 121.731641
 108.400000 -1.531393 1.464850 23.596428 115.171815
 108.600000 -1.173250 0.566641 22.671161 386.170406
 108.800000 -0.999991 -0.016717 18.104965 980.352666
 109.000000 -0.664559 -0.161215 6.431866 1900.986135
 109.200000 -0.777815 -0.074329 10.860941 1218.815188
 109.400000 -1.173521 0.502718 22.657556 384.215973
 109.600000 -1.120349 1.307728 21.489671 586.624741
 109.800000 -2.068964 1.847455 22.277882 69.601242
 110.000000 -1.848580 3.058016 21.628454 0.040280
 110.200000 -2.683689 2.771438 25.241048 130.517292
 110.400000 2.952639 2.410432 2.184754 2334.482208
 110.600000 -2.946835 -3.115821 20.299065 979.219762
 110.800000 -2.958524 2.838811 19.926470 1052.549678
 111.000000 -2.581372 2.448613 26.006047 3.463439
 111.200000 -1.833865 2.771943 21.607949 0.081027
 111.400000 -1.640331 2.320622 22.382341 88.326725
 111.600000 -2.131500 1.850264 22.842901 88.664438
 111.800000 -1.531832 2.357920 23.554740 115.837047
 112.000000 -0.693277 2.514429 7.597050 1727.405495
 112.200000 -0.502531 1.826157 -0.027588 0.820072
 112.400000 -1.188322 1.399781 22.881004 328.666726
 112.600000 -1.353484 0.222006 24.520952 2.921068
 112.800000 -0.537724 -0.545943 1.004329 1295.284391
 113.000000 -0.534966 -0.538217 0.905710 1261.694844
 113.200000 -0.911675 0.141190 15.219032 1049.434904
 113.400000 -1.352316 0.906504 24.500805 3.476905
 113.600000 -1.193589 1.461831 22.955769 309.814127
 113.800000 -0.646843 1.716683 5.565307 1936.391120
 114.000000 -0.544233 1.793824 1.235258 1371.277987
 114.200000 -1.132660 2.363601 21.697356 529.893700
 114.400000 -0.858810 2.472910 13.493231 1063.025610
 114.600000 -0.670359 1.999284 6.576879 1844.893256
 114.800000 -0.886264 1.467991 14.385959 1053.728787
 115.000000 -1.491744 0.653948 23.919051 82.539469
 115.200000 -0.757830 -0.041410 10.047794 1332.057069
 115.400000 -0.531770 -0.335146 0.780573 1219.876190
 115.600000 -0.809222 -0.243312 11.845057 1137.740819
 115.800000 -1.024547 0.141544 18.778536 904.836035
 116.000000 -1.021717 0.713960 18.693227 912.408572
 116.200000 -1.749144 1.309419 21.653810 7.651319
 116.400000 -0.842785 0.882997 12.953375 1082.791786
 116.600000 -1.460152 0.934805 24.155054 50.773356
 116.800000 -1.723438 1.018234 21.743198 17.911017
 117.000000 -0.862300 0.863777 13.592940 1067.080163
 117.200000 -1.559855 1.323497 23.173257 128.507413
 117.400000 -1.683954 1.166253 21.950289 45.953207
 117.600000 -0.816778 0.629261 12.083737 1127.339074
 117.800000 -1.689262 0.517079 21.915239 41.322171
 118.000000 -1.452390 0.551207 24.198354 43.094714
 118.200000 -0.680316 0.822366 6.965173 1778.036763
 118.400000 -1.495421 1.749970 23.845268 86.538275
 118.600000 -2.103029 2.127561 22.543550 95.616883
 118.800000 -2.159867 3.080490 23.087406 78.580610
 119.000000 -2.830842 2.891539 23.207841 328.338992
 119.200000 2.970405 2.656005 3.078030 2748.850360
 119.400000 -2.691043 3.134269 25.164291 127.120431
 119.600000 -1.989742 2.661042 21.689833 16.826937
 119.800000 -1.905052 1.754836 21.526330 0.164139
 120.000000 -0.716986 0.901433 8.455754 1565.356135
 120.200000 -1.467333 0.656163 24.066522 57.514786
 120.400000 -0.865093 0.240511 13.669617 1078.914645
 120.600000 -1.462217 0.716850 24.104414 52.242318
 120.800000 -1.212574 1.191331 23.156504 243.802385
 121.000000 -1.182393 1.152663 22.643391 337.485170
 121.200000 -0.983724 0.551581 17.503373 983.070559
 121.400000 -1.453739 0.589493 24.156790 43.646901
 121.600000 -1.086468 1.203091 20.488639 679.603705
 121.800000 -1.671798 1.677019 22.011830 55.009412
 122.000000 -1.598988 2.133317 22.698149 120.224931
 122.200000 -1.709668 2.669676 21.773046 24.320203
 122.400000 -2.376607 2.805324 24.372598 72.580086
 122.600000 2.979685 2.636006 3.566836 2932.658727
 122.800000 3.097513 3.080888 10.352645 3028.775595
 123.000000 -2.691825 2.859465 25.145300 125.001093
 123.200000 -2.149727 2.325089 22.984967 87.027260
 123.400000 -1.259634 2.434614 23.754398 123.757690
 123.600000 -0.535404 2.027066 0.886180 1251.363452
 123.800000 -0.918016 1.179066 15.390701 1062.167246
 124.000000 -1.828862 0.538656 21.507395 0.422648
 124.200000 -1.384906 0.090230 24.398700 0.441909
 124.400000 -0.717094 0.132513 8.404984 1566.530303
 124.600000 -1.518724 1.014957 23.576019 109.615715
 124.800000 -1.234749 1.227752 23.439355 180.426312
 125.000000 -0.061080 0.890890 -0.000000 0.000000
 125.200000 0.442697 0.942797 -0.000000 0.000000
 125.400000 1.315403 -0.369414 -0.000000 0.000000
