#! FIELDS time phi psi ves.bias ves.force2
#! SET min_phi -pi
#! SET max_phi pi
#! SET min_psi -pi
#! SET max_psi pi
 0.000000 -1.498385 0.273949 27.215882 148.921278
 0.200000 -0.809417 0.261327 12.432155 1998.961211
 0.400000 -0.523973 0.739840 2.634992 335.366174
 0.600000 -1.188931 1.446825 25.985675 474.841164
 0.800000 -1.303474 0.991017 27.709616 67.540556
 1.000000 -0.506502 -0.032508 2.329985 276.611522
 1.200000 -0.754684 -0.531891 10.318650 1932.632429
 1.400000 -0.518482 -0.348259 2.587047 373.716280
 1.600000 -0.989697 0.273675 19.963221 1302.589038
 1.800000 -1.070647 1.267753 22.821143 1182.445084
 2.000000 -1.626312 1.460734 25.162700 271.529299
 2.200000 -1.179096 0.752824 26.165085 566.759850
 2.400000 -0.842105 0.064805 14.251981 1900.102763
 2.600000 -0.694684 -0.179720 7.908706 1541.143361
 2.800000 -1.011397 -0.217749 20.960596 1276.224837
 3.000000 -0.377194 -0.149019 0.660668 90.899699
 3.200000 -0.708507 0.177559 8.630199 1623.825895
 3.400000 -1.094757 0.383331 23.821913 975.225763
 3.600000 -0.991198 0.716028 20.316805 1306.152152
 3.800000 -1.079983 0.971912 23.353918 1030.923789
 4.000000 -1.211496 1.061670 26.866443 380.093956
 4.200000 -0.983040 0.805896 20.106086 1367.381145
 4.400000 -1.725257 0.870307 23.559804 162.163690
 4.600000 -1.150288 0.852866 25.590639 703.179444
 4.800000 -1.367571 1.163497 28.240840 2.241988
 5.000000 -1.828584 1.109671 22.686469 19.039685
 5.200000 -1.008884 0.740833 21.152432 1326.025730
 5.400000 -0.894752 0.368751 16.745137 1664.944642
 5.600000 -1.311462 0.242772 28.202012 20.677994
 5.800000 -0.705951 0.492193 8.805465 1597.435570
 6.000000 -0.950981 1.084707 18.978899 1493.139355
 6.200000 -1.320232 1.550153 28.310638 9.262435
 6.400000 -0.700921 0.548978 8.701138 1561.093700
 6.600000 -1.091416 0.050426 24.099367 1028.956277
 6.800000 -0.569857 -0.383139 4.183769 820.393314
 7.000000 -0.292608 -0.273431 -0.020174 1.925689
 7.200000 -0.790271 0.087998 12.478270 1803.308114
 7.400000 -1.296240 0.902407 28.289520 32.950324
 7.600000 -1.332553 1.320879 28.414541 1.545996
 7.800000 -1.238203 0.834946 27.722937 194.278375
 8.000000 -0.770682 -0.014844 11.649411 1774.374222
 8.200000 -0.330428 -0.451105 0.104788 49.024812
 8.400000 -0.791504 -0.081348 12.620570 1790.697284
 8.600000 -1.203533 0.626056 27.254282 358.936078
 8.800000 -1.207538 1.148993 27.328976 337.028525
 9.000000 -0.833268 1.383456 14.389675 1785.652044
 9.200000 -0.896530 1.403061 17.098613 1653.431819
 9.400000 -1.003365 1.283880 21.293288 1420.830894
 9.600000 -0.869063 0.813557 15.972969 1704.422627
 9.800000 -1.072948 0.241130 23.805081 1160.188010
 10.000000 -0.458591 -0.110887 1.685961 354.904916
 10.200000 -0.525246 -0.277600 3.223240 699.214439
 10.400000 -0.754058 -0.359650 11.300355 1719.002751
 10.600000 -0.304915 -0.202241 -0.022711 1.111726
 10.800000 -0.746054 -0.019229 10.969285 1702.246748
 11.000000 -0.924224 0.191868 18.339441 1592.050971
 11.200000 -0.661751 0.405117 7.757869 1404.772098
 11.400000 -1.180118 0.651682 27.045485 455.511865
 11.600000 -1.448045 0.821137 28.029790 109.813285
 11.800000 -1.221128 1.062030 27.795806 231.815362
 12.000000 -1.169827 0.912395 26.818151 521.154581
 12.200000 -0.892637 0.568182 17.316365 1644.815251
 12.400000 -1.260980 0.535067 28.355963 83.714426
 12.600000 -0.788448 0.530274 12.979882 1773.385516
 12.800000 -1.061435 0.398134 23.730943 1188.464176
 13.000000 -0.752118 0.400007 11.457994 1726.584668
 13.200000 -0.749922 0.166165 11.493083 1741.778148
 13.400000 -0.906639 0.063314 18.027223 1610.501268
 13.600000 -0.663705 0.158428 8.038320 1439.590638
 13.800000 -0.659975 0.275940 7.897208 1423.188262
 14.000000 -1.320547 0.683292 28.708339 1.637300
 14.200000 -1.447961 1.301151 28.077252 121.026491
 14.400000 -1.207309 1.062775 27.791473 271.976869
 14.600000 -0.686358 0.413924 9.052342 1561.301450
 14.800000 -1.692420 0.586297 23.924102 263.813397
 15.000000 -1.652845 0.998103 24.609821 333.710920
 15.200000 -1.050786 1.090662 23.690795 1183.369862
 15.400000 -0.801027 1.185671 13.932484 1786.407660
 15.600000 -1.622804 1.476220 25.188069 370.246267
 15.800000 -1.421048 0.831921 28.364987 77.275296
 16.000000 -0.804756 0.538151 14.090049 1784.323729
 16.200000 -0.835794 0.265513 15.518854 1739.729190
 16.400000 -0.715702 -0.132715 10.470814 1701.752898
 16.600000 -0.389733 -0.385635 0.593766 175.739726
 16.800000 -0.709047 -0.190241 10.196987 1683.914070
 17.000000 -0.683385 -0.014963 9.156078 1603.987486
 17.200000 -0.399084 0.083651 0.723670 211.858143
 17.400000 -1.626719 0.339606 25.164424 383.685540
 17.600000 -2.084013 1.149214 22.512024 36.072953
 17.800000 -1.484803 1.352858 27.707276 196.094599
 18.000000 -0.773203 0.913431 13.034605 1786.090178
 18.200000 -1.571544 0.853030 26.276440 366.901939
 18.400000 -1.753598 0.779241 23.007686 176.910694
 18.600000 -1.229447 0.938788 28.330836 149.754226
 18.800000 -0.864809 1.252756 16.961886 1603.347768
 19.000000 -0.959917 1.215832 20.641198 1405.077313
 19.200000 -0.839287 0.670626 16.050605 1635.139197
 19.400000 -1.798402 0.490812 22.484797 101.590968
 19.600000 -2.116277 0.638529 22.650254 38.930124
 19.800000 -1.565939 0.703050 26.421906 359.782819
 20.000000 -0.662515 0.776466 8.662279 1654.967900
 20.200000 -1.649521 1.362154 24.811238 383.850412
 20.400000 -1.799898 0.945138 22.465589 104.384892
 20.600000 -0.830064 0.488010 15.797293 1632.110038
 20.800000 -1.118279 0.495852 26.191083 794.956780
 21.000000 -0.910786 0.577944 18.942924 1427.011278
 21.200000 -1.951044 1.107250 21.846012 3.050592
 21.400000 -1.673810 1.626345 24.384623 357.046396
 21.600000 -1.811808 1.761306 22.352930 90.962069
 21.800000 -1.887483 1.975987 21.878636 9.033249
 22.000000 -2.348704 2.782590 24.412051 65.503183
 22.200000 -2.558142 -3.070677 24.759779 11.120035
 22.400000 -3.133096 2.794490 10.681125 2896.530385
 22.600000 -2.825934 2.745550 22.003717 450.176875
 22.800000 -2.629463 2.825979 24.454199 29.116107
 23.000000 -2.677095 2.730938 24.142142 62.903175
 23.200000 -2.664716 2.872895 24.210921 50.786526
 23.400000 3.125151 2.826479 9.291869 2914.629832
 23.600000 -2.968725 3.021032 18.064787 1182.967011
 23.800000 -2.698942 2.697649 23.927327 91.358640
 24.000000 -2.375104 2.379892 24.538434 45.800344
 24.200000 -2.209432 2.875329 23.114427 53.749860
 24.400000 -2.209520 2.644853 23.115071 53.790378
 24.600000 -2.489056 2.708714 24.853916 0.527009
 24.800000 -2.813797 2.805145 22.216348 412.565039
 25.000000 2.930397 2.957142 1.220179 494.847179
 25.200000 -3.043321 2.796201 15.072752 2002.203771
 25.400000 -2.808701 2.713176 22.307208 396.616345
 25.600000 -3.042338 2.889930 15.116663 1989.758337
 25.800000 3.136596 -3.077794 9.849305 2921.894165
 26.000000 -2.970989 2.618688 17.940018 1209.472732
 26.200000 -2.543581 2.597248 24.717258 8.226238
 26.400000 -2.217237 2.835137 23.140093 58.123016
 26.600000 -2.287093 2.623496 23.744772 87.739538
 26.800000 -2.230340 2.517442 23.242913 65.089637
 27.000000 -2.356325 2.920769 24.364830 62.033401
 27.200000 -2.623970 2.629894 24.402625 22.472759
 27.400000 3.099413 2.687930 7.838364 2814.289471
 27.600000 2.953924 2.996960 1.707977 764.904339
 27.800000 -2.304622 2.685833 23.917156 87.436682
 28.000000 -1.850527 2.198302 22.095521 58.309839
 28.200000 -1.669632 2.404843 24.699377 353.926373
 28.400000 -2.754019 2.607263 23.237513 212.787917
 28.600000 2.903158 3.099514 0.532202 325.731759
 28.800000 -2.878018 2.960721 20.709876 656.282086
 29.000000 -2.477955 2.481051 24.817744 0.281254
 29.200000 -1.852096 2.565515 22.087520 59.240902
 29.400000 -2.129607 2.718669 22.580939 31.477170
 29.600000 3.032675 2.609134 4.560198 1982.708673
 29.800000 3.030599 -3.056196 4.468153 1949.531166
 30.000000 -3.136975 2.836833 10.379890 2909.526879
 30.200000 -2.965411 2.812524 18.127331 1150.830238
 30.400000 -2.975399 2.993355 17.782517 1234.298292
 30.600000 3.043702 2.674862 5.088658 2174.484514
 30.800000 -3.075575 2.856003 13.580429 2377.848510
 31.000000 3.084638 3.047935 7.114287 2690.136399
 31.200000 -2.805746 2.764434 22.368044 389.514633
 31.400000 -2.083657 2.695477 22.322844 29.015516
 31.600000 -2.078929 2.615067 22.297430 28.764362
 31.800000 -2.178967 2.537603 22.882106 46.017566
 32.000000 -2.474643 2.738569 24.811153 0.497863
 32.200000 -3.092900 2.882098 12.781558 2497.929917
 32.400000 -2.962484 3.084244 18.225713 1123.090856
 32.600000 3.100832 2.678926 8.070913 2813.959181
 32.800000 -3.136163 2.778336 10.540015 2828.687715
 33.000000 3.087626 -3.128296 7.375253 2729.923777
 33.200000 3.096155 2.772248 7.890468 2790.560800
 33.400000 -1.853926 2.604497 22.091539 61.509331
 33.600000 -1.743214 2.058012 23.462001 257.349273
 33.800000 -2.019146 2.082243 21.994293 21.600521
 34.000000 -1.808690 2.643197 22.539004 139.764232
 34.200000 -2.365815 2.885116 24.497251 45.775091
 34.400000 3.047178 2.661078 5.460648 2356.186811
 34.600000 3.046872 2.932744 5.445778 2352.331684
 34.800000 -2.679511 2.965557 24.056678 51.261021
 35.000000 -2.672418 2.311393 24.105662 44.343312
 35.200000 -2.020931 3.017697 22.026956 20.937639
 35.400000 -2.059068 2.585263 22.216645 27.695425
 35.600000 -2.161596 2.311037 22.803340 41.557993
 35.800000 -2.030246 2.585617 22.070697 23.113026
 36.000000 -2.248011 2.897006 23.468991 80.495509
 36.200000 -2.916610 2.515595 19.686352 860.854999
 36.400000 -2.923091 2.942570 19.494503 891.836531
 36.600000 -3.139450 3.050331 10.611596 2706.510359
 36.800000 -2.965766 2.594033 18.141951 1131.506872
 37.000000 -2.100675 2.668159 22.476976 30.590855
 37.200000 -1.840769 2.508876 22.250273 77.678130
 37.400000 -2.456785 2.445231 24.799627 0.001488
 37.600000 -3.051994 2.828443 14.859572 1855.981023
 37.800000 -2.712254 -3.040234 23.811929 90.177838
 38.000000 -2.816890 2.429764 22.225889 436.192776
 38.200000 -1.893934 2.758847 21.930909 13.301887
 38.400000 -2.114633 2.488684 22.612544 30.757832
 38.600000 -2.031514 2.480534 22.163748 25.699513
 38.800000 -2.357393 2.757819 24.454315 49.295955
 39.000000 -2.213370 2.871364 23.234839 57.059080
 39.200000 -2.855840 2.456721 21.381068 615.061127
 39.400000 -2.927539 2.800211 19.388680 936.172746
 39.600000 -2.519843 3.086867 24.703959 7.726900
 39.800000 -2.283394 2.538054 23.847761 80.801826
 40.000000 -1.547583 2.212892 26.865527 247.594998
 40.200000 -2.058509 2.104773 22.377650 29.456973
 40.400000 -1.973637 2.825041 21.983062 9.562971
 40.600000 -2.619341 2.923517 24.384394 13.312313
 40.800000 2.891219 2.703041 -0.013507 48.517619
 41.000000 -2.775526 2.999302 23.068572 260.026624
 41.200000 -1.917724 2.819023 21.944912 1.048722
 41.400000 -1.982300 1.613900 22.043711 13.275378
 41.600000 -1.089147 0.951210 25.503559 950.187265
 41.800000 -0.829846 0.176941 16.528554 1528.671946
 42.000000 -0.585368 -0.736096 5.684346 1655.276328
 42.200000 -0.499128 -0.685031 2.534213 979.766027
 42.400000 -0.610486 0.210732 6.713366 1843.052863
 42.600000 -1.545124 0.876873 26.848527 236.698351
 42.800000 -2.310624 1.364534 24.157883 72.907035
 43.000000 -1.654888 2.121453 24.970008 313.462965
 43.200000 -2.062610 2.582156 22.517336 29.126135
 43.400000 2.863118 2.927868 -0.001283 0.023916
 43.600000 -2.939282 3.019229 19.055558 1024.662497
 43.800000 -2.618655 2.551390 24.395870 11.514413
 44.000000 -2.110600 2.596855 22.773036 27.729082
 44.200000 -1.687852 2.827513 24.393294 286.284246
 44.400000 -2.972690 2.337717 17.954707 1190.406875
 44.600000 2.957185 3.121228 1.882273 1497.621899
 44.800000 -2.782185 -3.060194 23.044058 278.593822
 45.000000 -2.666514 2.226539 24.208683 24.020659
 45.200000 -1.699093 2.109319 24.211285 272.247667
 45.400000 -0.931422 2.415952 20.117657 1143.961065
 45.600000 -0.682757 1.930094 9.946582 2198.313905
 45.800000 -1.027874 1.185374 23.409018 1172.423096
 46.000000 -1.708418 0.530656 24.058685 263.158053
 46.200000 -1.745513 0.627040 23.492958 215.493008
 46.400000 -1.814485 0.970118 22.623106 102.654424
 46.600000 -0.557689 1.097143 4.528192 1450.212377
 46.800000 -1.780637 1.715533 23.010709 160.616687
 47.000000 -1.970910 2.290066 22.171052 12.748313
 47.200000 -2.901067 2.968008 20.293423 877.562050
 47.400000 2.937770 3.067683 1.165976 1279.460398
 47.600000 -2.576382 2.591366 24.546158 10.396606
 47.800000 -1.278264 2.422364 28.534838 7.345942
 48.000000 -0.314844 1.789883 -0.000518 0.000096
 48.200000 -0.152545 1.153815 -0.000753 0.000496
 48.400000 -1.687814 1.245612 24.427425 268.157252
 48.600000 -2.023375 0.431418 22.476379 27.579787
 48.800000 -1.237603 -0.332668 28.308662 60.769614
 49.000000 -0.393205 -0.227609 -0.027137 0.868598
 49.200000 1.364628 -0.818198 -0.000000 0.000000
