#! FIELDS time phi psi ves.bias ves.force2
#! SET min_phi -pi
#! SET max_phi pi
#! SET min_psi -pi
#! SET max_psi pi
 0.000000 -1.498385 0.273949 23.369432 70.063852
 0.200000 -0.491061 -0.286546 -0.000000 0.000000
 0.400000 -0.557039 -0.384818 -0.002951 0.639241
 0.600000 -0.976116 -0.318894 16.638097 1198.869087
 0.800000 -0.680117 -0.270241 4.762671 2214.983893
 1.000000 -0.649417 -0.004895 3.320805 2169.117252
 1.200000 -1.017590 0.236852 18.162073 1048.221989
 1.400000 -1.469012 0.975887 23.516188 53.168168
 1.600000 -0.813391 1.475226 10.808086 1331.143857
 1.800000 -0.887793 1.652947 13.516320 1352.588139
 2.000000 -0.841459 2.079280 11.826934 1312.703875
 2.200000 -0.923241 2.474550 15.042376 1429.237681
 2.400000 -0.939811 2.328621 15.665167 1392.633303
 2.600000 -1.057672 1.686557 19.554544 745.225823
 2.800000 -1.419674 0.950041 23.813017 21.153511
 3.000000 -1.598620 0.330294 22.250385 152.159524
 3.200000 -1.576341 0.241149 22.549522 135.547615
 3.400000 -0.720541 1.089585 7.312933 1808.451678
 3.600000 -1.024206 1.958354 18.636916 909.594609
 3.800000 -0.663862 2.372675 4.775034 2178.176828
 4.000000 -0.954002 2.164512 16.287813 1314.838588
 4.200000 -1.165360 1.708067 22.041633 340.837896
 4.400000 -1.771619 0.754233 19.964321 99.831061
 4.600000 -1.839534 0.054963 19.507175 12.615595
 4.800000 -1.601548 0.082242 22.319466 172.101047
 5.000000 -1.024857 0.876977 18.719657 901.674586
 5.200000 -1.794018 1.927306 19.817820 76.358012
 5.400000 -2.177449 2.696065 20.895792 87.198163
 5.600000 2.974998 3.068771 0.458338 1659.886216
 5.800000 3.085675 2.780155 6.040509 3156.362745
 6.000000 -2.629671 2.811009 22.858783 38.431429
 6.200000 -2.168677 2.653820 20.777727 88.311436
 6.400000 -2.117647 2.709724 20.311492 74.570903
 6.600000 -2.371326 2.397727 22.341867 40.502828
 6.800000 -2.390743 2.789364 22.464854 39.657965
 7.000000 -2.598420 2.838070 22.992816 16.800855
 7.200000 -3.107170 2.552929 10.794773 2284.213607
 7.400000 -3.090819 -3.116608 11.558419 2080.760354
 7.600000 -3.016546 2.847361 14.615084 1390.172173
 7.800000 -2.928080 2.680581 17.617542 946.197485
 8.000000 -2.798381 2.899927 20.834307 330.529550
 8.200000 3.116599 2.658025 7.755907 2992.778782
 8.400000 -3.090398 2.914953 11.616265 2098.957712
 8.600000 -3.060004 2.921912 12.947596 1751.801850
 8.800000 -3.136178 2.863564 9.378737 2682.760845
 9.000000 -2.602344 2.920648 22.927068 20.584751
 9.200000 -2.588884 2.692862 22.971755 12.942710
 9.400000 -2.768506 2.883714 21.326191 236.368786
 9.600000 -3.120902 2.914710 10.255012 2505.773339
 9.800000 3.113817 2.888729 7.691187 3047.619150
 10.000000 -2.207047 2.735675 21.153745 87.987594
 10.200000 -1.842305 2.095352 19.500518 37.567572
 10.400000 -1.698516 1.929495 21.214167 231.560128
 10.600000 -1.588750 2.084636 22.674822 106.665810
 10.800000 -1.960865 2.330818 19.345774 6.542362
 11.000000 -2.215339 2.940863 21.216731 88.832856
 11.200000 3.105234 2.977005 7.353846 3158.496154
 11.400000 -2.937803 2.893535 17.458609 892.381990
 11.600000 -2.360829 2.885910 22.345753 38.994481
 11.800000 -2.053635 2.428856 19.778841 42.093183
 12.000000 -1.813579 2.491026 19.742032 77.331407
 12.200000 -2.438946 2.620084 22.762181 23.546684
 12.400000 3.028494 3.013601 3.128378 2761.725411
 12.600000 -2.891277 3.041769 18.802378 700.850500
 12.800000 -2.409399 2.487786 22.609847 29.352968
 13.000000 -1.838719 2.385115 19.587027 39.291917
 13.200000 -1.801338 2.562641 19.908513 89.132138
 13.400000 -2.588946 2.653271 23.011626 7.198304
 13.600000 3.069360 2.965994 5.436453 3225.406002
 13.800000 2.987792 2.898727 1.191077 1965.904497
 14.000000 -2.476866 2.546665 22.920942 14.084403
 14.200000 -1.567111 2.323770 22.842520 75.936638
 14.400000 -0.902371 2.359192 14.221487 1397.109736
 14.600000 -0.540325 1.889590 -0.001914 0.319742
 14.800000 -0.694383 1.491197 6.205879 1923.474900
 15.000000 -1.302634 1.155355 23.604324 33.941197
 15.200000 -1.348396 0.304988 23.729897 1.810813
 15.400000 -0.521586 0.105656 -0.000008 0.000005
 15.600000 -0.479071 -0.162154 -0.000000 0.000000
 15.800000 -0.870921 -0.227834 13.021299 1388.664098
 16.000000 -0.512743 -0.325999 -0.000001 0.000000
 16.200000 -0.527694 0.014335 -0.000056 0.000287
 16.400000 -1.659140 0.754692 21.780242 182.676508
 16.600000 -1.360003 1.258946 23.711555 0.140976
 16.800000 -0.706168 1.077786 6.685809 1804.415382
 17.000000 -1.078612 1.215868 19.937677 638.321687
 17.200000 -1.511120 0.947450 23.197785 31.928435
 17.400000 -0.711353 0.309080 6.914193 1746.642636
 17.600000 -1.035824 0.011444 18.762832 838.697758
 17.800000 -0.720391 -0.060774 7.288806 1689.630903
 18.000000 -0.813059 0.179020 10.861154 1381.912993
 18.200000 -1.597404 1.013541 22.529978 104.597665
 18.400000 -1.032183 1.533753 18.652009 847.039989
 18.600000 -0.639537 1.621694 3.789630 2090.554097
 18.800000 -0.778330 2.162551 9.576118 1411.511925
 19.000000 -0.756194 2.455975 8.735356 1480.009035
 19.200000 -0.574413 2.171209 0.923530 1812.756170
 19.400000 -0.734005 1.237987 7.906692 1559.241148
 19.600000 -1.473192 0.756175 23.381156 19.485745
 19.800000 -1.431596 0.574254 23.542473 10.910468
 20.000000 -1.303803 0.913578 23.501047 32.289804
 20.200000 -1.188715 1.203552 22.159018 277.284670
 20.400000 -1.316451 1.142121 23.555416 19.968355
 20.600000 -1.329104 0.766098 23.603967 10.347167
 20.800000 -1.273574 0.807999 23.267671 80.659103
 21.000000 -1.494215 1.206577 23.287011 24.470119
 21.200000 -1.123801 0.969147 20.938032 444.648924
 21.400000 -1.247100 0.795427 23.022884 142.245681
 21.600000 -1.796716 0.947861 20.011414 81.054877
 21.800000 -1.321999 1.087682 23.618418 15.433801
 22.000000 -1.325628 1.095894 23.632000 12.660053
 22.200000 -1.728541 1.051262 20.788838 185.085623
 22.400000 -0.813581 0.315485 10.969336 1313.486328
 22.600000 -0.893439 0.308176 13.926262 1413.841835
 22.800000 -1.734304 0.599268 20.711174 178.031596
 23.000000 -1.081493 1.048861 19.986080 584.005915
 23.200000 -1.173018 1.685833 21.925618 337.706301
 23.400000 -1.021793 1.911666 18.403382 869.165559
 23.600000 -0.907583 2.063336 14.481238 1407.359198
 23.800000 -0.751057 2.328134 8.727616 1370.524355
 24.000000 -1.125988 2.343409 20.996720 445.265414
 24.200000 -0.543349 2.082839 -0.027834 0.086357
 24.400000 -0.786415 1.992231 10.042775 1289.585394
 24.600000 -0.827301 1.887947 11.519246 1333.853929
 24.800000 -0.610775 1.609269 2.852260 2148.112410
 25.000000 -0.810965 1.973961 10.925968 1305.537807
 25.200000 -1.357220 2.276950 23.842684 0.296464
 25.400000 -2.055318 2.535768 19.632370 30.366591
 25.600000 -2.928825 2.927237 17.680408 832.013353
 25.800000 -2.667852 -2.913724 22.405458 54.712820
 26.000000 -2.325442 2.572283 21.819412 32.348746
 26.200000 -1.815676 2.286222 19.781876 62.733567
 26.400000 -1.898566 2.371186 19.385259 4.677206
 26.600000 -2.152467 2.853894 20.380142 95.273822
 26.800000 -3.076176 2.774937 12.636777 1738.479050
 27.000000 -3.043642 3.090757 13.920290 1396.393216
 27.200000 -2.732987 3.040550 21.720987 145.504344
 27.400000 -2.428711 2.570439 22.323728 27.253618
 27.600000 -1.770992 2.283105 20.214501 137.942286
 27.800000 -2.028920 2.314171 19.461908 14.370773
 28.000000 -2.483753 2.835565 22.586801 16.574313
 28.200000 3.096762 3.036497 7.116579 3164.715903
 28.400000 3.127987 2.644383 8.834408 2854.608305
 28.600000 -2.201911 2.933776 20.822009 92.696008
 28.800000 -1.950254 2.461586 19.314599 0.002418
 29.000000 -2.002610 2.265313 19.369430 5.044021
 29.200000 -2.414543 2.664434 22.218351 25.239984
 29.400000 -2.518688 3.103402 22.645869 5.349902
 29.600000 3.016583 2.704802 2.678900 2630.052938
 29.800000 -2.982323 2.765844 15.957099 1005.547933
 30.000000 -2.588053 2.945433 22.663729 3.888987
 30.200000 -2.964752 2.544954 16.492959 937.915541
 30.400000 -2.646547 2.934490 22.408401 33.733386
 30.600000 -2.689283 2.742028 22.099574 75.270622
 30.800000 -2.970662 2.440379 16.310995 958.453704
 31.000000 -2.506976 3.078535 22.588540 7.941027
 31.200000 -2.674282 2.778070 22.217620 57.141146
 31.400000 -2.823713 2.563964 20.185876 420.087324
 31.600000 -2.750952 3.029986 21.419623 182.796077
 31.800000 3.042102 2.701448 4.048310 3018.138894
 32.000000 -2.670489 2.771933 22.245799 53.263940
 32.200000 -1.953942 2.737357 19.317200 0.116594
 32.400000 -1.828666 2.217571 19.682791 43.597759
 32.600000 -2.016869 2.087975 19.373003 5.551158
 32.800000 -1.760458 2.667895 20.329087 150.964739
 33.000000 -2.601028 2.681226 22.583693 5.502278
 33.200000 3.080030 2.567732 6.179010 3200.686290
 33.400000 -2.568128 -3.122643 22.611100 0.000003
 33.600000 -2.346849 2.456508 21.846448 23.270235
 33.800000 -1.852739 2.266266 19.552987 21.761719
 34.000000 -1.782407 2.478913 20.075130 108.303795
 34.200000 -2.740003 2.719482 21.614350 155.558766
 34.400000 3.057480 3.034453 4.907553 3138.022950
 34.600000 -2.993679 -3.034118 15.603308 1066.528065
 34.800000 -3.033954 2.392337 14.221582 1310.128705
 35.000000 -2.577952 2.726808 22.599756 0.166681
 35.200000 -2.296881 -3.121567 21.573106 41.819430
 35.400000 -2.852291 2.414179 19.622610 542.925749
 35.600000 -2.359625 2.708368 21.902357 18.935693
 35.800000 -1.945524 3.005188 19.360317 0.563816
 36.000000 -2.396718 2.290357 22.055564 16.005484
 36.200000 -1.991997 2.689014 19.369018 0.370063
 36.400000 -2.482261 2.794678 22.376213 13.068027
 36.600000 -2.971625 2.749558 16.346142 980.594227
 36.800000 -3.021641 2.930660 14.690803 1236.807623
 37.000000 -2.272708 2.888136 21.405651 59.728364
 37.200000 -2.291504 2.257312 21.551432 45.441587
 37.400000 -1.733898 2.655519 20.643645 184.393361
 37.600000 -2.032604 2.860574 19.441261 6.187185
 37.800000 -2.749649 2.540741 21.555452 178.017306
 38.000000 -3.066671 3.009031 13.005102 1648.733294
 38.200000 -3.080751 3.090678 12.426268 1824.311851
 38.400000 3.098113 2.490566 7.199660 3123.485569
 38.600000 -2.615060 2.815133 22.562074 3.633157
 38.800000 -1.996134 2.896690 19.398108 0.408999
 39.000000 -2.339034 2.190689 21.830187 20.445886
 39.200000 -1.849208 2.684826 19.603785 17.078143
 39.400000 -2.190781 2.760120 20.647367 119.707478
 39.600000 -2.342480 2.660730 21.861757 18.290629
 39.800000 -2.672163 2.710694 22.348910 38.183328
 40.000000 -2.627276 2.971875 22.544309 6.794613
 40.200000 -3.011388 2.634650 15.103120 1193.787602
 40.400000 3.112600 2.878366 8.014651 3007.739885
 40.600000 -2.772635 3.073977 21.287051 246.262971
 40.800000 -3.024366 2.568658 14.646856 1280.938699
 41.000000 -2.618084 2.832506 22.580429 3.307920
 41.200000 -2.448018 2.807516 22.238726 10.821526
 41.400000 -2.572547 2.582385 22.601467 1.461707
 41.600000 -2.347174 2.868390 21.912650 15.466186
 41.800000 -2.432780 2.628009 22.189557 10.012082
 42.000000 -2.681854 2.564728 22.331247 46.819341
 42.200000 -2.684442 2.826691 22.342183 49.764429
 42.400000 -2.927345 2.961778 17.792737 832.190491
 42.600000 3.103630 2.755607 7.538811 3092.867647
 42.800000 -3.091996 3.067838 11.982469 1992.723987
 43.000000 -2.758912 2.683704 21.550057 206.241625
 43.200000 -2.664004 2.370685 22.503361 26.526403
 43.400000 -1.845404 2.838084 19.612837 14.847988
 43.600000 -2.020185 2.551877 19.484124 2.714599
 43.800000 -2.184776 2.351184 20.634528 124.275413
 44.000000 -2.135483 2.696454 20.114742 90.611824
 44.200000 -2.400904 2.857161 22.153266 8.354561
 44.400000 -3.050138 2.474115 13.755780 1509.045724
 44.600000 2.975569 2.910118 0.844860 1778.956260
 44.800000 -2.922961 3.112799 17.960948 826.354871
 45.000000 -3.007814 2.628784 15.299735 1181.669573
 45.200000 -2.416804 2.958425 22.218689 8.004454
 45.400000 -1.971783 2.567568 19.467043 0.025720
 45.600000 -2.018170 2.230509 19.502245 2.504234
 45.800000 -1.877151 2.592881 19.522074 3.069123
 46.000000 -2.487630 2.725329 22.443357 12.120807
 46.200000 3.050253 2.757646 4.597398 3078.656735
 46.400000 3.050758 2.961859 4.625452 3083.080707
 46.600000 -2.826827 2.856859 20.456397 463.230904
 46.800000 -2.798815 2.792230 21.021218 352.195889
 47.000000 -2.441419 2.863140 22.307857 8.928262
 47.200000 -2.419632 2.577523 22.264707 7.464195
 47.400000 -2.173250 2.604676 20.577102 127.686486
 47.600000 -1.933818 2.831276 19.502781 0.022916
 47.800000 -2.312412 2.431571 21.893012 30.657178
 48.000000 -2.491028 2.848955 22.490066 12.488138
 48.200000 -3.035169 2.798424 14.427890 1384.893852
 48.400000 3.113152 2.782703 8.167222 3045.791829
 48.600000 3.098760 2.955014 7.365296 3156.278052
 48.800000 -3.136879 2.821682 9.940077 2650.183581
 49.000000 2.970469 2.824969 0.669117 1710.276966
 49.200000 -2.940423 3.032355 17.585193 882.016089
 49.400000 -3.005913 2.586089 15.502775 1171.248799
 49.600000 -2.662959 2.885440 22.691015 22.990628
 49.800000 -2.570530 2.864684 22.787997 3.912470
 50.000000 -2.482170 2.605690 22.510774 11.903034
 50.200000 -2.123036 2.650653 20.109016 80.258637
 50.400000 -2.025075 2.676600 19.601306 3.384623
 50.600000 -2.115838 2.403601 20.046442 70.975036
 50.800000 -2.057644 2.827965 19.691397 14.601523
 51.000000 -2.170271 2.627700 20.598642 130.259046
 51.200000 -2.584255 2.769137 22.874384 1.869061
 51.400000 -2.623588 2.830637 22.877125 1.897159
 51.600000 -2.607125 2.989212 22.889260 0.014498
 51.800000 -2.762399 2.628079 21.770843 228.336285
 52.000000 -2.475921 2.944667 22.539650 12.144085
 52.200000 -2.672231 2.938996 22.749978 34.858090
 52.400000 -2.592623 2.727357 22.931657 0.801264
 52.600000 -2.835133 2.687678 20.426281 495.511572
 52.800000 -2.628148 2.919729 22.917568 3.252245
 53.000000 -3.044410 2.670368 14.222219 1461.853560
 53.200000 -3.038258 2.817924 14.485356 1406.130526
 53.400000 2.966039 2.804982 0.541273 1706.221087
 53.600000 -2.789826 2.961360 21.375909 331.869494
 53.800000 -2.189866 2.683248 20.911151 138.919133
 54.000000 -1.864387 2.354554 19.549488 0.437423
 54.200000 -1.585292 2.157727 22.136652 95.579567
 54.400000 -1.620952 2.301129 21.749000 142.207884
 54.600000 -2.185088 2.519556 20.880595 139.011085
 54.800000 -2.830999 2.990476 20.577250 486.741114
 55.000000 3.017933 2.859324 2.988901 2743.735984
 55.200000 -2.736490 2.941076 22.288619 172.059921
 55.400000 -1.964989 2.449731 19.615608 0.827055
 55.600000 -1.740710 1.919574 20.177716 118.754752
 55.800000 -1.324745 1.558523 23.243917 16.318809
 56.000000 -0.941492 0.489992 15.538659 1263.249499
 56.200000 -0.632488 -0.543091 3.929301 1896.720778
 56.400000 -0.457714 -0.732667 -0.000000 0.000000
 56.600000 -0.643972 -0.123282 4.425339 1832.740124
 56.800000 -1.548550 1.321559 22.401372 58.579619
 57.000000 -1.787881 2.337160 19.747448 38.839952
 57.200000 -2.256334 3.100223 21.729745 83.691666
 57.400000 -2.969821 2.862586 16.928373 969.621334
 57.600000 -2.413521 2.586159 22.475751 9.856089
 57.800000 -1.653581 2.604056 21.257123 178.891839
 58.000000 -2.009656 2.166179 19.699724 2.877184
 58.200000 -1.815895 2.526343 19.591950 9.970481
 58.400000 -2.382102 2.900981 22.397280 8.090297
 58.600000 2.943754 2.962203 -0.019002 12.043394
 58.800000 -3.008580 2.965956 15.685632 1176.351362
 59.000000 -2.377963 2.847056 22.385495 8.139298
 59.200000 -2.135391 2.345761 20.431915 102.961659
 59.400000 -1.716786 2.416612 20.376013 153.057688
 59.600000 -2.095466 2.429373 20.083759 51.283533
 59.800000 -2.426716 2.906085 22.553033 12.968686
 60.000000 3.028222 2.864987 3.623166 2960.126628
 60.200000 2.961525 2.845867 0.428622 1741.135024
 60.400000 -1.977986 2.827802 19.707831 1.781030
 60.600000 -1.787541 2.040630 19.703996 32.811053
 60.800000 -1.462621 1.175501 22.820296 24.525778
 61.000000 -1.534140 0.695729 22.414002 45.513166
 61.200000 -0.809901 0.245309 10.457035 1296.630844
 61.400000 -1.329737 0.675015 23.059571 12.040220
 61.600000 -1.333652 1.463408 23.072230 8.991502
 61.800000 -0.905148 1.159082 14.026236 1421.243264
 62.000000 -1.189109 0.790105 21.410692 320.654500
 62.200000 -1.274251 0.640230 22.645624 111.153640
 62.400000 -0.849404 1.143540 11.883477 1414.073970
 62.600000 -1.402565 1.405583 23.018916 9.173343
 62.800000 -0.982967 0.918370 16.723807 973.681507
 63.000000 -1.405163 0.637643 23.010872 9.993666
 63.200000 -1.205662 0.815897 21.659224 293.001685
 63.400000 -1.294787 1.053827 22.821768 62.348037
 63.600000 -1.140854 1.082520 20.457833 381.618485
 63.800000 -1.438895 1.096299 22.862758 18.868766
 64.000000 -1.324681 0.985477 22.999754 16.350266
 64.200000 -1.193980 0.656188 21.444098 320.851495
 64.400000 -1.237010 0.975648 22.153636 217.303747
 64.600000 -1.448607 1.060895 22.809024 20.665090
 64.800000 -1.062385 0.732079 18.794290 525.411677
 65.000000 -1.454469 0.717934 22.782080 21.575362
 65.200000 -1.051544 1.074809 18.518133 569.049154
 65.400000 -1.692299 1.488369 20.619279 175.833800
 65.600000 -1.152708 0.772140 20.662512 383.417416
 65.800000 -1.540542 0.556804 22.303931 47.099818
 66.000000 -1.188894 0.982580 21.350721 335.496587
 66.200000 -1.424223 1.278139 22.909874 16.650173
 66.400000 -1.427694 1.209948 22.895540 17.451920
 66.600000 -1.491649 0.662043 22.591574 27.564563
 66.800000 -1.744446 0.843045 19.990744 95.403854
 67.000000 -1.146059 1.277403 20.529494 399.202872
 67.200000 -1.169143 1.388909 20.991152 381.039347
 67.400000 -1.644665 1.067518 21.243992 174.286419
 67.600000 -0.772179 0.328174 8.926630 1249.440029
 67.800000 -0.641676 -0.125767 4.058846 1699.197260
 68.000000 -0.757662 -0.185210 8.414669 1240.786823
 68.200000 -1.072567 0.083990 18.962861 523.247297
 68.400000 -1.466270 1.029525 22.726533 24.040822
 68.600000 -1.222960 1.992860 21.988428 268.067862
 68.800000 -0.865480 2.332601 12.342760 1471.149965
 69.000000 -0.765511 2.323547 8.661108 1247.609415
 69.200000 -0.668734 1.882052 5.100415 1530.659424
 69.400000 -0.673090 1.869777 5.270175 1506.771939
 69.600000 -0.974616 1.855551 16.300506 1031.891795
 69.800000 -0.473762 1.775161 -0.000000 0.000000
 70.000000 -1.042075 1.939731 18.223032 634.122117
 70.200000 -0.862735 2.179627 12.212466 1476.820896
 70.400000 -0.629242 2.187931 3.493136 1711.320797
 70.600000 -0.995547 2.017738 16.939189 887.619324
 70.800000 -1.364817 1.847366 23.105622 1.252847
 71.000000 -1.194224 0.869451 21.523273 353.768898
 71.200000 -0.767306 -0.144621 8.672594 1265.048515
 71.400000 -0.587377 -0.570935 1.740247 1728.678488
 71.600000 -0.732343 -0.467580 7.431137 1272.747301
 71.800000 -1.121179 0.771583 20.037243 469.993372
 72.000000 -1.242452 1.757579 22.355623 207.890355
 72.200000 -0.663274 2.568064 4.853023 1539.514983
 72.400000 -0.687785 2.256986 5.794979 1416.661908
 72.600000 -0.829437 1.757209 10.935841 1421.850984
 72.800000 -1.314721 0.676576 23.066338 19.262598
 73.000000 -1.447439 0.333623 22.827969 23.580442
 73.200000 -0.567288 0.310611 0.920735 1631.781546
 73.400000 -1.750610 0.820275 19.836281 81.222318
 73.600000 -2.061018 1.040909 19.974546 20.599783
 73.800000 -1.264858 0.920898 22.696708 131.996848
 74.000000 -1.178062 1.326133 21.260731 409.623575
 74.200000 -1.995406 1.544171 19.800001 2.188410
 74.400000 -1.628807 1.986812 21.396396 173.960686
 74.600000 -0.883716 2.270347 13.030760 1476.622502
 74.800000 -1.049526 2.288943 18.387571 619.366685
 75.000000 -1.928278 1.967105 19.684534 5.429333
 75.200000 -2.061868 2.375291 19.973418 20.891245
 75.400000 -2.441986 2.860292 22.688059 25.047422
 75.600000 -2.936645 2.642842 18.046236 821.440176
 75.800000 -2.838598 2.761724 20.608916 553.391508
 76.000000 -2.656714 3.125673 23.470985 30.387072
 76.200000 3.072245 2.322043 6.168238 3339.158319
 76.400000 -2.516656 3.026254 23.162386 49.277876
 76.600000 -2.379655 2.754068 22.454803 6.898864
 76.800000 -2.542518 2.241710 23.336165 39.298268
 77.000000 -1.649732 2.813649 21.089293 202.394426
 77.200000 -2.020398 2.564725 19.840628 4.062572
 77.400000 -2.573723 2.456819 23.506330 17.590429
 77.600000 -2.424608 2.959979 22.602935 17.830287
 77.800000 -2.939024 2.949243 17.965209 829.371525
 78.000000 3.106414 2.789818 8.127762 3222.731610
 78.200000 3.108375 2.975979 8.234597 3207.269333
 78.400000 -2.483177 2.912004 22.938252 46.074938
 78.600000 -1.998350 2.456212 19.803844 2.045344
 78.800000 -1.325751 2.231524 23.214077 3.994136
 79.000000 -1.005189 1.892951 17.190042 804.650980
 79.200000 -0.643438 1.599488 4.048641 1591.190368
 79.400000 -1.207828 2.089749 21.956706 358.419827
 79.600000 -0.589420 1.936177 1.844445 1685.264823
 79.800000 -0.596875 1.822140 2.150982 1693.987887
 80.000000 -0.859639 1.950958 12.123705 1497.760725
 80.200000 -1.561252 2.100121 22.107840 77.745898
 80.400000 -2.043052 2.313337 19.895109 9.813539
 80.600000 -2.527235 3.063674 23.261501 46.537235
 80.800000 2.949478 2.857077 0.015252 528.121598
 81.000000 -2.839658 2.805712 20.563390 565.770969
 81.200000 -2.761472 2.590839 22.209358 322.353137
 81.400000 -2.813943 2.933079 21.150650 492.087964
 81.600000 3.075346 2.655212 6.326441 3348.752373
 81.800000 -2.498914 3.060984 23.068206 50.699283
 82.000000 -1.784028 2.414371 19.505267 19.019683
 82.200000 -1.908112 2.044794 19.627872 9.240756
 82.400000 -1.786447 1.864750 19.483272 15.667309
 82.600000 -1.844189 2.346206 19.441698 3.540062
 82.800000 -1.926173 2.875043 19.679016 6.732392
 83.000000 -2.851274 2.653856 20.279076 602.019615
 83.200000 3.059806 3.099454 5.423299 3296.773103
 83.400000 3.013315 2.862747 2.861954 2677.621167
 83.600000 -3.037423 2.742606 14.748279 1385.082033
 83.800000 -2.772014 2.769428 22.022859 359.198759
 84.000000 3.056946 2.739904 5.259279 3277.477298
 84.200000 3.015214 2.837927 2.963512 2715.624715
 84.400000 -3.031726 2.932428 14.958561 1327.997586
 84.600000 3.026991 2.477365 3.589088 2923.013093
 84.800000 2.932402 -3.132637 -0.002246 0.328634
 85.000000 3.098915 2.695525 7.686483 3292.513173
 85.200000 -2.919427 2.897008 18.484016 779.982009
 85.400000 -2.872712 2.731002 19.740081 666.381073
 85.600000 3.011312 2.795163 2.774196 2651.437380
 85.800000 -3.000917 2.869019 16.027551 1089.460068
 86.000000 -2.605181 2.896293 23.618204 0.627265
 86.200000 -3.015709 2.630311 15.533477 1182.920320
 86.400000 -2.940845 3.095036 17.878237 838.796235
 86.600000 3.130523 2.732769 9.498321 2964.018908
 86.800000 -3.013288 2.805596 15.616459 1165.661721
 87.000000 -2.893140 2.750422 19.208168 719.625151
 87.200000 -3.005356 2.977799 15.896250 1111.592657
 87.400000 3.012825 2.968503 2.881816 2703.552791
 87.600000 -2.860633 2.634262 20.069099 637.592127
 87.800000 -2.056777 2.595356 19.915331 14.771611
 88.000000 -1.832660 2.752443 19.420755 2.163798
 88.200000 -1.913976 2.333736 19.657634 8.018102
 88.400000 -2.113410 2.357568 20.267458 80.452615
 88.600000 -1.838732 3.090153 19.429478 3.884712
 88.800000 -2.399665 2.486845 22.507839 13.838691
 89.000000 -2.334827 2.659881 22.299612 12.018198
 89.200000 -2.154178 2.734841 20.689960 136.369811
 89.400000 -1.729588 2.553589 19.849617 114.810108
 89.600000 -2.001424 2.099127 19.793102 0.797722
 89.800000 -1.700188 2.593292 20.208861 182.574101
 90.000000 -2.315294 2.849686 22.215662 18.868597
 90.200000 -2.696576 2.759245 23.184402 109.094938
 90.400000 3.108045 2.974476 8.330358 3219.630582
 90.600000 2.902578 2.961853 -0.000002 0.000000
 90.800000 -2.417300 2.702274 22.572764 21.060014
 91.000000 -1.790985 2.449311 19.438092 6.473289
 91.200000 -1.771667 2.282003 19.511264 24.465359
 91.400000 -2.272676 2.398782 21.955902 52.746278
 91.600000 -2.428196 3.036860 22.623747 26.702811
 91.800000 2.888433 2.634187 -0.000000 0.000000
 92.000000 -2.881304 2.863712 19.592943 693.344285
 92.200000 -2.745318 2.931815 22.548789 248.188225
 92.400000 -3.023911 2.570868 15.325470 1229.952451
 92.600000 -2.424354 3.083574 22.603388 25.619437
 92.800000 -2.409920 2.496625 22.534996 19.566312
 93.000000 -2.345048 2.514698 22.304869 11.063398
 93.200000 -2.099566 2.926454 20.148067 57.363787
 93.400000 -2.270928 2.635347 21.934623 54.873434
 93.600000 -2.351976 2.378929 22.329793 11.013989
 93.800000 -2.145379 2.893518 20.583671 123.829089
 94.000000 -2.283015 2.758060 22.018543 42.054489
 94.200000 -2.535638 2.364340 23.352442 39.787118
 94.400000 -2.093761 2.981038 20.110369 49.436192
 94.600000 -2.438994 2.592247 22.699932 32.679271
 94.800000 -2.446264 2.680637 22.742590 36.183429
 95.000000 -2.525828 2.821708 23.288550 44.868628
 95.200000 -2.694669 2.649626 23.214736 96.570818
 95.400000 -3.013896 2.545956 15.707090 1153.645040
 95.600000 -2.776286 -3.018245 22.046237 343.026496
 95.800000 -3.040774 2.682490 14.756113 1363.753803
 96.000000 -2.716865 2.827324 22.968373 152.641534
 96.200000 -2.422493 2.919018 22.646086 25.100275
 96.400000 -2.943212 2.589249 17.937997 860.831250
 96.600000 -2.920711 2.884338 18.586657 802.144715
 96.800000 -3.017431 2.877382 15.599796 1178.194001
 97.000000 2.932815 2.511964 -0.004394 1.227781
 97.200000 -2.480894 -3.084716 23.016403 45.994723
 97.400000 -2.253686 2.495531 21.817821 79.478824
 97.600000 -1.777046 2.405622 19.486842 13.087345
 97.800000 -1.877626 2.400415 19.601514 12.319084
 98.000000 -2.167912 2.660366 20.862621 143.008723
 98.200000 2.968992 2.689906 0.913531 1840.399010
 98.400000 2.920722 3.066774 -0.000210 0.002901
 98.600000 -2.850224 2.852990 20.502945 597.176229
 98.800000 -2.248494 2.443797 21.775186 86.906929
 99.000000 -1.767976 2.509670 19.524046 22.384668
 99.200000 -1.381890 2.670736 23.034725 31.705785
 99.400000 -0.585720 2.069300 1.683480 1505.920242
 99.600000 -1.185092 1.570815 21.493507 539.057285
 99.800000 -1.483815 0.813338 22.405486 34.976835
 100.000000 -0.585744 -0.074954 1.684412 1505.936322
 100.200000 -0.682393 -0.385795 5.682205 1300.171435
 100.400000 -1.121430 -0.238046 20.256607 668.159050
 100.600000 -0.599322 0.207790 2.574120 1493.497869
 100.800000 -0.834554 0.935926 11.364908 1573.179456
 101.000000 -1.805918 1.451072 19.805995 0.000006
 101.200000 -1.583919 1.572264 21.981467 111.349862
 101.400000 -0.883440 1.260393 13.268212 1466.770780
 101.600000 -1.454033 1.187167 22.918735 38.222684
 101.800000 -1.730988 0.824022 20.137152 84.747165
 102.000000 -1.141754 0.505510 20.765416 663.913693
 102.200000 -1.344318 0.912244 23.529766 7.337792
 102.400000 -1.979219 1.152603 20.187190 0.362535
 102.600000 -1.255900 1.188811 23.145763 158.341343
 102.800000 -0.799825 1.095586 9.964725 1513.004317
 103.000000 -1.766335 1.162346 19.887072 21.631843
 103.200000 -1.453948 0.537359 22.886623 38.976157
 103.400000 -0.694566 0.267698 6.069622 1274.404564
 103.600000 -1.712960 0.694182 20.309915 120.741923
 103.800000 -1.532393 1.201651 22.396811 50.444818
 104.000000 -0.513336 1.335789 -0.001271 0.124116
 104.200000 -0.946284 1.898962 15.461147 1045.512275
 104.400000 -0.766691 2.519348 8.668883 1404.607679
 104.600000 -0.879277 2.212663 13.068206 1484.280647
 104.800000 -1.091327 1.401517 19.408617 662.144210
 105.000000 -1.669733 0.330324 20.851385 183.886456
 105.200000 -0.831538 -0.445550 11.177986 1580.213495
 105.400000 -0.763420 -0.089698 8.536667 1394.497014
 105.600000 -0.854554 0.172652 12.092062 1564.530550
 105.800000 -1.216419 0.681405 22.477649 386.700907
 106.000000 -1.372451 1.282585 23.378881 29.439299
 106.200000 -1.391666 1.136199 23.252104 41.069096
 106.400000 -1.137131 0.597792 20.578902 685.327919
 106.600000 -1.017692 0.004426 17.495848 687.201003
 106.800000 -0.588707 -0.149448 2.130739 1455.838490
 107.000000 -0.695024 -0.104274 6.053433 1268.522906
 107.200000 -1.056376 0.114076 18.478416 646.663080
 107.400000 -0.858268 0.383612 12.226213 1553.115206
 107.600000 -1.705324 0.907450 20.393432 131.369405
 107.800000 -1.105418 1.319992 19.739597 682.273125
 108.000000 -1.140761 1.362838 20.667148 684.700025
 108.200000 -1.444752 1.339103 22.875417 42.814110
 108.400000 -1.542806 0.709908 22.253013 54.959285
 108.600000 -1.133995 0.280282 20.483918 691.642046
 108.800000 -0.583230 -0.270465 1.916286 1447.552007
 109.000000 -0.613797 -0.322859 3.076955 1423.095986
 109.200000 -0.970535 -0.218734 16.166670 875.016586
 109.400000 -0.546821 0.120755 0.546481 1389.661578
 109.600000 -0.602071 -0.086363 2.630588 1439.444871
 109.800000 -1.012333 -0.280745 17.330598 699.019217
 110.000000 -0.527765 -0.618002 -0.027814 0.163990
 110.200000 -0.649412 -0.126615 4.400109 1337.346720
 110.400000 -1.248073 0.576135 22.996421 197.502235
 110.600000 -1.345472 0.974425 23.458023 10.450664
 110.800000 -1.615424 1.347885 21.529851 144.276537
 111.000000 -1.432796 0.976908 22.935325 46.044285
 111.200000 -1.132956 0.527163 20.449220 695.231779
 111.400000 -0.723530 0.054245 7.064901 1293.255880
 111.600000 -0.752989 -0.302690 8.137930 1367.530549
 111.800000 -0.741996 -0.104142 7.733886 1334.898458
 112.000000 -1.607458 0.605913 21.615529 132.322064
 112.200000 -1.325852 1.424860 23.491307 0.476553
 112.400000 -0.780663 1.396629 9.184193 1460.249460
 112.600000 -1.252932 1.447724 23.061952 170.362062
 112.800000 -1.494394 0.614963 22.527915 36.815315
 113.000000 -0.655610 0.184010 4.637312 1323.050543
 113.200000 -0.569416 0.085279 1.406117 1433.132727
 113.400000 -0.945670 -0.328819 15.395737 1025.653100
 113.600000 -0.523449 -0.405415 -0.016662 10.900160
 113.800000 -0.528934 -0.296482 -0.025117 21.052326
 114.000000 -0.993961 0.470391 16.827158 758.673881
 114.200000 -1.346984 1.285453 23.442662 12.576439
 114.400000 -0.903070 1.657004 13.941299 1318.571170
 114.600000 -0.752153 1.928744 8.131637 1361.235688
 114.800000 -0.846122 2.092881 11.763761 1557.159484
 115.000000 -0.972869 2.346243 16.230995 856.260309
 115.200000 -0.620735 2.050458 3.376130 1416.282375
 115.400000 -0.616501 2.024138 3.216490 1425.813024
 115.600000 -0.806411 1.748564 10.210773 1529.007033
 115.800000 -1.016566 1.509726 17.438951 687.840292
 116.000000 -1.589399 1.001225 21.781722 105.744366
 116.200000 -1.248834 0.407677 23.008423 189.116660
 116.400000 -0.577295 0.437417 1.732450 1461.141417
 116.600000 -1.676889 0.949332 20.699775 163.587323
 116.800000 -1.319249 1.013885 23.487106 0.064882
 117.000000 -1.137102 1.020667 20.569482 692.532052
 117.200000 -1.741192 1.021664 20.002422 60.905727
 117.400000 -1.118277 0.812150 20.078833 696.855044
 117.600000 -1.268176 1.031758 23.240036 96.889651
 117.800000 -1.824131 1.244399 19.742138 0.879789
 118.000000 -1.040083 1.142655 18.057416 652.928141
 118.200000 -1.605054 0.827055 21.594452 128.179115
 118.400000 -0.965772 0.713317 16.050991 883.125663
 118.600000 -1.172233 0.901626 21.487276 612.472170
 118.800000 -1.581410 1.122058 21.844495 96.107557
 119.000000 -1.208460 0.856447 22.318125 428.690878
 119.200000 -0.982427 0.510681 16.541712 795.292875
 119.400000 -1.796138 0.592160 19.730695 2.685900
 119.600000 -1.530198 0.874872 22.267355 48.768341
 119.800000 -0.843508 1.322504 11.736647 1542.662661
 120.000000 -1.969071 1.612075 20.005292 0.766364
 120.200000 -2.053651 2.359676 20.131281 13.841734
 120.400000 -2.175937 3.097162 21.151689 134.373291
 120.600000 -2.704843 2.870987 23.338888 84.272199
 120.800000 3.037810 2.728256 4.776794 3212.599762
 121.000000 -3.049844 3.060395 14.825947 1464.999295
 121.200000 3.017133 2.704744 3.623999 2896.093159
 121.400000 -2.459874 2.864201 23.283655 32.990143
 121.600000 -1.799806 2.720558 19.711205 1.920907
 121.800000 -2.142118 2.097233 20.760720 109.148878
 122.000000 -1.836723 2.572371 19.718434 2.262602
 122.200000 -1.920103 2.879833 19.903492 3.870772
 122.400000 -2.648197 2.382867 23.678563 16.690957
 122.600000 -2.572547 2.792537 23.761921 2.803961
 122.800000 -2.276271 -3.118919 22.176241 69.465138
 123.000000 -2.904136 2.361681 19.508327 778.961857
 123.200000 -2.516010 2.892404 23.565031 20.982647
 123.400000 -2.054594 2.976642 20.104541 13.855439
 123.600000 -2.171815 2.141358 21.061002 130.673749
 123.800000 -1.762857 2.052665 19.825914 30.673571
 124.000000 -1.088664 2.276424 19.338830 676.445351
 124.200000 -0.565217 2.282740 1.323862 1471.959336
 124.400000 -1.257896 1.791136 23.175716 139.563449
 124.600000 -1.011160 0.947149 17.353066 686.407707
 124.800000 -1.357705 0.466764 23.422404 24.340593
 125.000000 -1.362751 0.599738 23.396373 28.905051
 125.200000 -1.176468 1.050716 21.639370 599.345943
 125.400000 -1.521029 1.569484 22.326296 46.260189
 125.600000 -1.385469 1.093018 23.258763 46.304666
 125.800000 -1.027160 0.200327 17.774373 658.503085
 126.000000 -0.594994 -0.328817 2.478835 1496.691444
 126.200000 -1.320743 0.078584 23.536804 0.087935
 126.400000 -1.477159 1.230544 22.614358 42.770924
 126.600000 -1.766118 1.907730 19.792576 27.200274
 126.800000 -1.882577 2.517711 19.783675 6.516478
 127.000000 -2.850671 3.032566 20.878040 570.265068
 127.200000 2.971111 2.993878 1.322716 1875.681903
 127.400000 -2.180600 2.966342 21.119187 129.987211
 127.600000 -1.580942 1.985661 21.836746 99.318063
 127.800000 -1.458927 1.291263 22.740258 46.610884
 128.000000 -0.765883 0.000149 8.819624 1422.278005
 128.200000 -0.461471 -0.831028 -0.000000 0.000000
 128.400000 -0.655992 -0.253436 4.804114 1366.354882
 128.600000 -1.489265 0.930680 22.543942 42.342006
 128.800000 -1.153842 1.948444 21.100883 673.902011
 129.000000 -0.495306 2.156619 -0.000011 0.000009
 129.200000 -1.576561 2.478041 21.881922 95.548829
 129.400000 -2.416477 2.209178 22.978688 31.298486
 129.600000 -2.765462 2.978019 22.509754 218.486968
 129.800000 3.100742 3.088777 8.326246 3276.475333
 130.000000 -3.011834 2.501279 16.114802 1187.273404
 130.200000 -2.223473 2.596609 21.564481 115.617432
 130.400000 -2.041489 2.851396 20.005567 8.404522
 130.600000 -2.348850 2.456734 22.586821 35.374870
 130.800000 -2.796952 2.515743 21.981267 331.569434
 131.000000 -3.051115 3.031249 14.675076 1493.210221
 131.200000 3.102693 2.863907 8.413137 3257.041016
 131.400000 -2.680650 2.681683 23.371828 42.066032
 131.600000 -2.110737 2.865096 20.375354 65.504258
 131.800000 -1.865549 2.416953 19.693374 5.202324
 132.000000 -1.882180 2.339429 19.733079 5.967656
 132.200000 -2.026033 2.624841 19.954369 4.443710
 132.400000 -2.633472 2.848579 23.576463 8.131925
 132.600000 2.966067 2.884340 1.076187 1738.478506
 132.800000 -2.947743 2.989788 18.161415 931.473329
 133.000000 -2.505417 2.486968 23.426246 19.546422
 133.200000 -2.252558 2.619946 21.827803 91.725575
 133.400000 -2.194399 3.029778 21.213597 124.667142
 133.600000 -2.458437 2.406809 23.182549 29.484082
 133.800000 -2.343686 2.584362 22.527437 38.005603
 134.000000 -2.101230 3.051219 20.291156 53.713015
 134.200000 -2.276836 2.528750 22.038736 72.102531
 134.400000 -2.257197 2.412583 21.863403 87.626622
 134.600000 -1.800873 2.771720 19.624817 2.665575
 134.800000 -2.364034 2.580904 22.642806 34.640953
 135.000000 -2.699039 2.672402 23.205564 62.882707
 135.200000 -2.796589 -3.141066 21.954639 324.351231
 135.400000 2.978892 2.615176 1.618150 2019.690270
 135.600000 -2.710184 2.870143 23.102896 79.289987
 135.800000 -2.170955 2.865760 20.944211 118.510715
 136.000000 -2.006596 2.222476 19.912030 2.126760
 136.200000 -1.840813 2.301167 19.614936 2.043232
 136.400000 -1.799644 2.647772 19.614220 2.961385
 136.600000 -2.412812 2.900885 22.912586 32.222171
 136.800000 -2.755850 2.677909 22.588327 180.625098
 137.000000 -2.449842 -3.078381 23.120131 30.098839
 137.200000 -2.767071 2.691893 22.425039 214.114628
 137.400000 -1.965872 3.004986 19.864446 1.459533
 137.600000 -2.000449 2.382295 19.905591 1.809818
 137.800000 -1.671365 2.479860 20.682745 177.858087
 138.000000 -2.177188 2.228386 21.003875 118.674279
 138.200000 -1.742424 2.806264 19.879138 65.112322
 138.400000 -2.490925 2.686468 23.325145 21.840582
 138.600000 2.977487 2.488397 1.541852 1976.073969
 138.800000 -2.565189 -3.097499 23.564101 1.994714
 139.000000 -1.701260 2.708082 20.296173 141.856616
 139.200000 -2.032676 1.706227 19.975883 6.267704
 139.400000 -1.161053 1.069703 21.353527 651.020740
 139.600000 -1.123794 0.390231 20.373606 714.048694
 139.800000 -0.703759 -0.452451 6.581776 1343.445683
 140.000000 -0.621828 -0.595181 3.531491 1465.018099
 140.200000 -0.537939 -0.020890 0.303381 1582.300677
 140.400000 -1.509438 0.794354 22.419811 51.108062
 140.600000 -1.147656 1.712325 21.008546 685.975627
 140.800000 -0.542663 2.034245 0.487109 1457.534675
 141.000000 -0.671895 2.376906 5.411537 1364.436260
 141.200000 -1.174358 2.452358 21.689712 597.636662
 141.400000 -0.583389 1.758241 2.046120 1501.306042
 141.600000 -1.579993 1.630644 21.812078 110.289554
 141.800000 -1.679346 0.942024 20.556172 169.686327
 142.000000 -0.991548 0.249011 16.899685 747.707210
 142.200000 -0.593189 -0.152866 2.426834 1503.483936
 142.400000 -0.937786 -0.161450 15.320076 1015.558944
 142.600000 -0.829111 -0.030185 11.364369 1536.362790
 142.800000 -1.160180 0.409504 21.337784 649.498298
 143.000000 -1.655224 1.148342 20.874010 181.715307
 143.200000 -0.875103 1.420417 13.142491 1399.087350
 143.400000 -0.833772 1.893464 11.554334 1529.144215
 143.600000 -0.892234 2.294348 13.772798 1305.710754
 143.800000 -0.560183 2.276665 1.155007 1458.058792
 144.000000 -0.657294 1.748132 4.878160 1395.225044
 144.200000 -0.902225 1.242640 14.137657 1240.752237
 144.400000 -1.402010 0.511489 23.185353 52.922277
 144.600000 -1.691873 0.270584 20.389474 152.457801
 144.800000 -1.474365 0.777030 22.657732 49.272835
 145.000000 -1.059636 1.573847 18.695849 672.032238
 145.200000 -1.061966 1.867053 18.762678 672.989401
 145.400000 -0.696655 2.057202 6.352767 1359.035363
 145.600000 -0.550290 2.100572 0.785751 1429.832974
 145.800000 -1.090012 2.185179 19.496182 696.180093
 146.000000 -0.571469 1.966916 1.595971 1493.221671
 146.200000 -0.682469 1.920105 5.839711 1369.260139
 146.400000 -1.091953 2.014844 19.556720 695.068411
 146.600000 -1.004880 1.881901 17.287856 710.777144
 146.800000 -1.058831 1.816200 18.691966 669.876676
 147.000000 -0.965483 1.916921 16.192007 854.840597
 147.200000 -0.721581 1.708270 7.297381 1373.665522
 147.400000 -0.863698 1.885148 12.753558 1443.309093
 147.600000 -1.148126 2.183290 21.046759 665.520853
 147.800000 -0.425328 2.119516 -0.000000 0.000000
 148.000000 -0.643846 2.065887 4.407085 1437.138216
 148.200000 -0.842153 1.745906 11.938715 1508.236215
 148.400000 -0.489411 1.164248 -0.000003 0.000001
 148.600000 -1.673494 1.181798 20.616993 171.449653
 148.800000 -1.534426 0.579763 22.212606 66.066812
 149.000000 -0.505504 0.171846 -0.000263 0.005855
 149.200000 -1.119870 0.261685 20.326451 686.213932
 149.400000 -1.210545 0.750386 22.499632 379.067454
 149.600000 -1.231471 1.078647 22.872104 257.175093
 149.800000 -1.059195 0.928798 18.748321 660.671297
 150.000000 -1.351723 0.777816 23.482682 17.755102
 150.200000 -0.964687 0.654894 16.235552 866.819081
 150.400000 -1.476958 0.846912 22.636586 50.459420
 150.600000 -1.403674 0.932074 23.168850 51.339522
 150.800000 -0.908810 0.983127 14.444064 1205.839871
 151.000000 -1.263106 1.243137 23.284221 101.146786
 151.200000 -1.313889 0.750707 23.552633 0.685347
 151.400000 -0.954995 0.189176 15.964540 921.874276
 151.600000 -0.476914 0.134970 -0.000000 0.000000
 151.800000 -1.086542 0.335521 19.487965 666.631535
 152.000000 -1.170892 0.675555 21.639233 569.178937
 152.200000 -1.557195 1.370135 22.012227 87.905469
 152.400000 -1.007524 1.409526 17.472583 707.290785
 152.600000 -1.039039 0.860751 18.292940 657.620834
 152.800000 -1.535046 0.640971 22.207618 69.104751
 153.000000 -1.201700 0.887937 22.331826 416.340906
 153.200000 -1.498208 1.247423 22.499852 54.110826
 153.400000 -1.074977 0.712364 19.235000 651.994319
 153.600000 -1.444614 0.424510 22.887944 53.248059
 153.800000 -1.194160 0.798986 22.180985 450.418215
 154.000000 -1.256707 1.552924 23.216824 125.010925
 154.200000 -0.654403 2.109338 4.902517 1433.186595
 154.400000 -0.677575 2.319841 5.772058 1386.436538
 154.600000 -0.970556 2.328750 16.492513 854.414049
 154.800000 -0.522389 1.755588 -0.024887 8.962368
 155.000000 -0.512111 1.550910 -0.002243 0.397588
 155.200000 -1.161451 1.671402 21.462770 572.290152
 155.400000 -1.155839 0.923351 21.327545 588.612674
 155.600000 -0.924000 0.026164 15.049550 1135.201275
 155.800000 -0.545109 -0.363723 0.658828 1470.135692
 156.000000 -0.687247 -0.368647 6.149027 1375.531505
 156.200000 -0.787452 0.014275 9.919661 1485.657869
 156.400000 -0.614292 0.191155 3.386750 1542.949543
 156.600000 -1.403388 0.375546 23.217009 47.514627
 156.800000 -1.398501 1.068361 23.250362 45.588628
 157.000000 -0.574821 1.367861 1.825908 1560.702264
 157.200000 -0.935321 1.684978 15.461702 1074.991126
 157.400000 -0.731187 1.772888 7.814451 1375.044939
 157.600000 -0.895939 1.717743 14.099527 1315.175190
 157.800000 -1.096134 1.850364 19.877102 641.956814
 158.000000 -0.889809 1.894481 13.875797 1348.108174
 158.200000 -0.885507 1.904788 13.736448 1373.899535
 158.400000 -1.176444 2.514005 21.858876 496.601549
 158.600000 -0.524949 2.224780 -0.022470 49.529235
 158.800000 -0.508613 1.887014 -0.001013 0.086374
 159.000000 -1.561447 1.296011 21.989082 103.800313
 159.200000 -1.703778 0.708618 20.195533 135.219635
 159.400000 -0.778650 0.318164 9.640608 1456.068645
 159.600000 -0.856147 0.323143 12.643671 1485.198952
 159.800000 -1.628825 0.374088 21.180965 180.001962
 160.000000 -1.879828 0.863316 19.593619 6.409461
 160.200000 -0.655161 1.087937 5.054437 1453.460456
 160.400000 -0.922921 1.525342 15.115013 1168.963723
 160.600000 -1.150649 1.671091 21.297901 563.578453
 160.800000 -0.566299 1.141263 1.547301 1579.567453
 161.000000 -1.405338 1.038961 23.239643 45.733371
 161.200000 -1.833809 0.644528 19.493912 0.508999
 161.400000 -1.022523 0.503682 18.115844 693.618603
 161.600000 -1.192163 0.842745 22.235999 409.463254
 161.800000 -1.511249 1.199700 22.459575 68.057127
 162.000000 -1.088839 0.681170 19.803135 624.048917
 162.200000 -0.734015 0.007016 8.036383 1366.194060
 162.400000 -0.545398 -0.761111 0.751989 1523.628166
 162.600000 -0.467010 -0.204813 -0.000000 0.000000
 162.800000 -1.272086 0.843885 23.404514 63.313928
 163.000000 -1.467204 1.473607 22.811630 55.814533
 163.200000 -1.122444 1.364707 20.685228 591.015199
 163.400000 -1.251134 0.922316 23.206297 131.607782
 163.600000 -1.429018 0.683161 23.100894 50.620647
 163.800000 -1.125554 0.744251 20.760701 587.255025
 164.000000 -1.778911 1.422803 19.567258 17.772754
 164.200000 -1.112736 1.249113 20.475142 594.966952
 164.400000 -1.499136 1.029032 22.587534 65.077810
 164.600000 -1.618800 0.515721 21.313777 180.613557
 164.800000 -1.043917 0.949516 18.760988 653.946612
 165.000000 -1.174733 1.494995 21.918031 460.549922
 165.200000 -1.499983 1.274092 22.594809 66.238331
 165.400000 -1.306990 0.455773 23.595937 5.096336
 165.600000 -1.349417 0.695637 23.572143 9.127808
 165.800000 -1.169926 1.156290 21.832777 470.205890
 166.000000 -1.560529 1.357256 22.031604 115.524761
 166.200000 -1.348435 0.725261 23.587832 8.109692
 166.400000 -1.416805 0.669289 23.229689 45.636287
 166.600000 -1.254533 0.996545 23.269661 114.264074
 166.800000 -1.396214 1.083901 23.362714 37.299376
 167.000000 -0.814282 0.581186 11.164030 1499.611080
 167.200000 -1.842789 0.749485 19.453408 0.852298
 167.400000 -1.131550 0.857074 21.008258 553.518939
 167.600000 -1.434261 1.155031 23.130830 50.259874
 167.800000 -1.491097 0.891360 22.702215 65.269875
 168.000000 -1.050030 0.493890 19.012136 645.290013
 168.200000 -0.665948 0.066334 5.649255 1447.549647
 168.400000 -1.104240 0.042537 20.384321 584.390754
 168.600000 -0.364095 -0.046204 -0.000000 0.000000
 168.800000 -0.627827 -0.165944 4.165422 1584.975297
 169.000000 -0.836564 -0.193831 12.066059 1510.047970
 169.200000 -0.734781 -0.193202 8.226645 1353.796074
 169.400000 -0.589747 -0.000056 2.641080 1682.551603
 169.600000 -1.309116 0.501712 23.657379 4.596006
 169.800000 -1.452706 1.244594 23.041937 55.371045
 170.000000 -1.471395 1.618410 22.899679 60.713298
 170.200000 -1.033563 0.950292 18.682656 682.028773
 170.400000 -1.582984 0.559538 21.816749 158.426632
 170.600000 -1.524823 0.653411 22.460222 92.160539
 170.800000 -0.716358 0.955274 7.573597 1348.811738
 171.000000 -1.392056 1.311047 23.473111 32.659481
 171.200000 -0.993030 0.668675 17.604607 829.155999
 171.400000 -0.842141 -0.053163 12.341714 1507.881635
 171.600000 -0.625498 -0.567774 4.135894 1610.942307
 171.800000 -0.612302 -0.252655 3.602486 1655.212294
 172.000000 -1.375550 0.622551 23.581641 22.058972
 172.200000 -1.672589 1.540666 20.574006 194.765437
 172.400000 -0.808000 1.837655 11.040632 1478.614608
 172.600000 -0.832592 2.042313 11.991752 1507.552155
 172.800000 -1.105152 2.366423 20.523970 568.043092
 173.000000 -0.765168 2.130034 9.418721 1388.046103
 173.200000 -0.912946 1.912166 15.064439 1292.771255
 173.400000 -1.546238 1.639746 22.288715 121.845345
 173.600000 -1.918328 0.918638 19.523975 4.256788
 173.800000 -0.856274 0.687781 12.932971 1498.080557
 174.000000 -1.397533 1.072539 23.508817 33.879382
 174.200000 -1.642433 1.136877 21.014531 217.031413
 174.400000 -0.557013 0.576404 1.379455 1679.329146
 174.600000 -1.602404 0.738104 21.594092 194.753632
 174.800000 -1.860573 0.815303 19.406227 1.531583
 175.000000 -1.025344 1.004583 18.590760 709.679559
 175.200000 -1.417842 1.386369 23.427561 43.221437
 175.400000 -1.892432 1.492770 19.448646 3.533772
 175.600000 -1.566082 1.485493 22.085723 152.329559
 175.800000 -0.759450 0.828910 9.275879 1372.463850
 176.000000 -1.553386 0.808060 22.238059 135.813651
 176.200000 -1.743798 0.925429 19.744413 74.217501
 176.400000 -0.905344 0.761208 14.865316 1345.214677
 176.600000 -1.516727 0.867706 22.650231 97.502762
 176.800000 -1.179756 0.896760 22.269313 385.038603
 177.000000 -1.507270 1.375355 22.741589 89.337873
 177.200000 -1.076947 1.259169 19.988110 589.249724
 177.400000 -1.224084 0.741327 23.055729 216.299570
 177.600000 -1.419776 0.795066 23.461334 43.182253
 177.800000 -1.515332 1.119824 22.685442 97.714443
 178.000000 -1.285796 1.152945 23.694253 33.826553
 178.200000 -1.726387 1.006935 19.914530 110.215749
 178.400000 -0.781285 0.558999 10.155886 1418.981537
 178.600000 -0.671511 0.145540 6.089001 1448.012095
 178.800000 -0.818733 -0.263478 11.587471 1499.116579
 179.000000 -0.561345 -0.349207 1.615107 1726.918129
 179.200000 -0.529425 0.020567 0.319279 1796.754055
 179.400000 -1.635112 0.560399 21.166987 231.639892
 179.600000 -1.557113 1.570303 22.266382 150.880223
 179.800000 -0.497111 1.738760 -0.000142 0.001904
 180.000000 -0.724999 2.123115 8.095890 1341.615989
 180.200000 -0.720302 2.243935 7.945600 1343.860193
 180.400000 -0.812747 2.168244 11.402581 1492.757466
 180.600000 -0.914139 1.899382 15.288206 1310.917648
 180.800000 -1.250936 2.077714 23.457762 118.504226
 181.000000 -0.709430 1.419525 7.546447 1353.289221
 181.200000 -0.832038 1.278643 12.178131 1521.493607
 181.400000 -1.659312 0.838722 20.817528 229.577133
 181.600000 -1.601083 0.130389 21.704688 215.499609
 181.800000 -1.560414 0.327625 22.263100 160.091246
 182.000000 -1.250732 0.978602 23.474504 118.235586
 182.200000 -0.844482 1.850187 12.690768 1526.857218
 182.400000 -0.647021 2.534440 5.223059 1562.611520
 182.600000 -0.872022 2.263609 13.762271 1489.662456
 182.800000 -0.701730 1.805233 7.308049 1369.785569
 183.000000 -0.449081 1.299633 -0.000000 0.000000
 183.200000 -1.752697 1.292785 19.678799 66.632249
 183.400000 -1.698329 0.376904 20.271175 177.785138
 183.600000 -0.436234 -0.254690 -0.000000 0.000000
 183.800000 -0.700128 -0.240381 7.273823 1376.096496
 184.000000 -1.372213 0.253132 23.845564 14.057749
 184.200000 -1.471448 1.140296 23.247917 67.451240
 184.400000 -0.813580 1.718007 11.545079 1502.161829
 184.600000 -0.784905 2.220104 10.444819 1439.653917
 184.800000 -0.942997 2.611682 16.414102 1137.120367
 185.000000 -0.771872 2.004659 9.952929 1409.533176
 185.200000 -0.823897 1.679482 11.976345 1518.787200
 185.400000 -1.414786 1.198409 23.675100 36.258411
 185.600000 -1.485923 0.467820 23.147729 78.177437
 185.800000 -0.491490 0.004318 -0.000043 0.000175
 186.000000 -0.451564 -0.585796 -0.000000 0.000000
 186.200000 -0.594882 -0.465478 3.171158 1791.007394
 186.400000 -0.718031 0.068317 8.016113 1360.407017
 186.600000 -1.672454 0.628033 20.661635 229.587271
 186.800000 -1.718035 1.155417 20.036630 141.820681
 187.000000 -0.819829 1.081435 11.848167 1514.211216
 187.200000 -1.106655 1.012741 20.953774 526.145706
 187.400000 -1.651445 0.791088 20.997901 253.227496
 187.600000 -1.176439 0.586977 22.444067 368.982095
 187.800000 -1.175407 0.833965 22.424194 372.215715
 188.000000 -1.534363 1.282399 22.701660 134.056149
 188.200000 -1.551628 1.203619 22.512516 161.971941
 188.400000 -1.134375 0.779586 21.598454 475.415282
 188.600000 -1.515570 0.629811 22.930761 110.217202
 188.800000 -1.379078 1.246750 23.920392 15.723818
 189.000000 -1.552075 1.244823 22.506813 162.687250
 189.200000 -1.558823 0.908667 22.440173 175.833587
 189.400000 -1.290895 0.987927 23.937511 26.340094
 189.600000 -1.451763 1.069233 23.521568 54.959868
 189.800000 -1.406375 1.061724 23.815282 29.930871
 190.000000 -1.324066 0.686597 24.037193 0.989040
 190.200000 -1.489750 1.216219 23.236896 84.594083
 190.400000 -1.318689 1.057482 24.055864 2.795258
 190.600000 -1.566467 0.729155 22.358075 191.567071
 190.800000 -0.756505 0.498960 9.553170 1390.956185
 191.000000 -1.451885 0.606000 23.550758 55.382949
 191.200000 -1.334971 0.988490 24.095598 0.005317
 191.400000 -1.272645 1.133982 23.869105 59.340010
 191.600000 -1.147472 0.953069 21.948752 444.581312
 191.800000 -1.418996 0.739862 23.804537 36.185234
 192.000000 -1.273714 0.645396 23.877257 57.093640
 192.200000 -1.319263 0.892635 24.112916 2.908318
 192.400000 -1.098861 1.438882 20.894724 534.638269
 192.600000 -1.199705 1.348574 22.979546 288.455956
 192.800000 -1.130548 0.765297 21.609446 481.146391
 193.000000 -1.331706 0.562191 24.125381 0.101377
 193.200000 -0.902040 0.752530 15.219911 1362.286741
 193.400000 -1.787690 1.294444 19.446770 29.524833
 193.600000 -1.430053 1.257501 23.803672 42.549517
 193.800000 -1.105967 0.900382 21.084209 525.030388
 194.000000 -1.649615 0.777598 21.100969 275.264932
 194.200000 -1.652627 0.783902 21.064423 277.039880
 194.400000 -0.847380 1.077699 13.153829 1527.073408
 194.600000 -1.066876 1.729717 20.188670 591.248840
 194.800000 -0.707736 2.259232 7.841159 1393.453937
 195.000000 -0.573432 2.420993 2.409115 1859.957929
 195.200000 -0.907873 1.956260 15.485441 1328.914655
 195.400000 -1.151888 1.059930 22.152099 438.761638
 195.600000 -1.230887 0.182019 23.546986 180.646401
 195.800000 -0.468480 -0.410178 -0.000000 0.000000
 196.000000 -0.370945 -0.336356 -0.000000 0.000000
 196.200000 -1.262095 0.479655 23.935136 85.903036
 196.400000 -1.376586 1.560779 24.181681 12.724101
 196.600000 -0.522530 1.911071 0.280098 1918.267194
 196.800000 -0.834393 2.177522 12.701145 1530.705707
 197.000000 -0.814456 2.423707 11.922592 1515.087027
 197.200000 -0.708845 2.005773 7.953033 1403.237527
 197.400000 -1.049426 1.807264 19.834562 633.371945
 197.600000 -1.271010 1.521503 24.045566 64.661303
 197.800000 -1.526819 0.734190 23.051051 145.127054
 198.000000 -1.570155 0.450633 22.465910 222.240360
 198.200000 -1.488872 0.905481 23.490339 94.236397
 198.400000 -0.786982 1.289608 10.916741 1471.303686
 198.600000 -1.851557 1.693421 19.223261 1.872276
 198.800000 -2.076777 2.118286 19.477128 17.321761
 199.000000 -1.787338 2.974680 19.444036 36.491423
 199.200000 -2.791480 2.906538 20.969564 297.874487
 199.400000 -2.762924 2.747882 21.408317 181.926374
 199.600000 -2.602978 2.998343 22.369398 2.128325
 199.800000 -2.534583 2.643954 22.389063 1.042020
 200.000000 -2.519855 2.688470 22.369154 2.861926
 200.200000 -2.125606 2.786512 19.298164 34.610354
 200.400000 -2.453394 2.616943 21.733636 25.456638
 200.600000 -2.485397 2.591972 21.869122 11.604969
 200.800000 -2.655775 2.975712 21.829420 12.445156
 201.000000 2.999269 2.677473 1.184493 1929.707200
 201.200000 3.084362 2.898425 5.563656 3174.344195
 201.400000 -2.719006 2.986982 21.451150 69.563782
 201.600000 -2.273773 2.585244 20.359739 66.082948
 201.800000 -1.852652 2.351942 18.812835 2.685905
 202.000000 -1.868940 2.545232 18.791810 0.950553
 202.200000 -2.516342 2.693312 21.911535 3.241409
 202.400000 -2.974198 2.922795 15.690937 1046.814485
 202.600000 2.986967 2.902028 0.626975 1677.998975
 202.800000 -2.947943 2.898246 16.521337 958.207580
 203.000000 -2.379170 2.777629 21.205574 61.208982
 203.200000 -1.807778 2.294841 18.945027 22.442691
 203.400000 -1.806265 2.150547 18.952290 23.637035
 203.600000 -2.141520 2.370205 19.344744 38.774868
 203.800000 -2.298775 2.998813 20.522217 68.956564
 204.000000 3.026726 2.612881 2.416431 2477.146277
 204.200000 3.050263 2.692646 3.616616 2869.021884
 204.400000 -2.637083 3.033181 21.806728 7.057316
 204.600000 -3.053082 2.462114 12.830948 1611.493673
 204.800000 -2.333151 2.991487 20.789967 70.800414
 205.000000 -2.578000 2.543650 21.903751 0.498395
 205.200000 -2.526055 2.454620 21.875323 1.576636
 205.400000 -2.410804 2.869801 21.389914 49.068359
 205.600000 -2.436420 2.762487 21.555835 34.879312
 205.800000 -2.590365 2.673531 21.874001 1.251162
 206.000000 -2.310787 2.837855 20.582139 70.784447
 206.200000 -2.088121 2.637294 19.015659 19.730928
 206.400000 -2.292127 2.468303 20.408261 69.297638
 206.600000 -1.899457 2.818241 18.732071 0.326030
 206.800000 -2.534095 2.457412 21.869706 0.705921
 207.000000 -2.222129 2.857139 19.853035 56.235324
 207.200000 -2.619509 2.907327 21.792562 4.252486
 207.400000 -2.869392 2.579941 18.677754 697.212535
 207.600000 -2.623175 -3.024746 21.784782 4.761155
 207.800000 -2.922108 3.015568 17.189909 883.293040
 208.000000 -3.035145 2.729130 13.467582 1420.474296
 208.200000 -2.996552 2.876452 14.821618 1140.545975
 208.400000 -2.975526 -3.115486 15.515749 1044.600870
 208.600000 -3.020338 2.712412 13.993383 1294.375566
 208.800000 -2.453270 2.983435 21.617410 25.038440
 209.000000 -2.001157 2.623467 18.743523 1.842855
 209.200000 -2.092005 2.331668 18.993003 20.365708
 209.400000 -2.113763 2.638006 19.099186 27.390163
 209.600000 -2.511450 2.956489 21.803715 3.121641
 209.800000 3.038112 2.745862 2.887256 2653.224636
 210.000000 -3.111745 3.092225 10.114862 2430.538486
 210.200000 3.090402 2.720187 5.724865 3170.650654
 210.400000 -3.030821 2.810842 13.576247 1381.905855
 210.600000 -2.579235 2.994274 21.809758 0.971958
 210.800000 -2.615058 2.467751 21.756035 4.057944
 211.000000 -2.082467 2.708664 18.940845 17.269656
 211.200000 -2.091295 2.728360 18.967826 19.819549
 211.400000 -2.361522 2.401023 20.941740 72.557022
 211.600000 -2.633465 2.649763 21.700165 7.030924
 211.800000 -2.675203 -3.039755 21.551109 22.002729
 212.000000 2.986948 2.505908 0.496917 1674.651728
 212.200000 3.070215 2.900820 4.566016 3067.626757
 212.400000 3.113668 3.009128 7.002174 3114.297191
 212.600000 -3.007336 2.590744 14.386020 1201.457313
 212.800000 -2.177325 2.762747 19.447252 44.956324
 213.000000 -2.022591 2.433210 18.738583 3.920515
 213.200000 -2.205815 2.260378 19.633088 51.546670
 213.400000 -2.073922 2.821023 18.878356 14.465771
 213.600000 -2.560153 2.788389 21.793878 0.248108
 213.800000 -3.114534 2.686174 9.916328 2469.896812
 214.000000 -2.920244 -3.083611 17.137619 876.478051
 214.200000 3.076612 2.720360 4.900697 3113.179515
 214.400000 -2.428971 2.913730 21.431583 40.570636
 214.600000 -1.962109 2.539339 18.656961 0.124770
 214.800000 -2.024985 2.298588 18.728901 4.287231
 215.000000 -2.060551 2.858443 18.824493 11.018962
 215.200000 -2.715951 2.939063 21.239075 66.427277
 215.400000 3.134994 2.879124 8.143420 2922.657369
 215.600000 -2.980766 3.006931 15.228304 1058.783014
 215.800000 -2.566333 2.672961 21.771914 0.630773
 216.000000 -1.909076 2.590751 18.659871 0.472393
 216.200000 -1.870192 2.540482 18.700800 3.367466
 216.400000 -2.263276 2.614953 20.037337 65.404594
 216.600000 -2.931908 2.769409 16.738873 907.860775
 216.800000 2.976406 3.084745 0.029211 722.569514
 217.000000 -2.969032 2.632990 15.589867 1013.441608
 217.200000 -2.495016 2.499077 21.708173 6.394165
 217.400000 -1.868020 2.831375 18.700128 3.700573
 217.600000 -2.106515 2.477441 19.000135 22.923404
 217.800000 -2.253938 2.495258 19.952261 62.222365
 218.000000 -2.469769 2.866798 21.624931 16.611787
 218.200000 -2.614242 2.874952 21.670835 5.333422
 218.400000 3.070387 2.582055 4.523419 3066.329616
 218.600000 3.095800 -3.135903 5.945894 3163.368256
 218.800000 -3.024191 2.901012 13.701646 1306.727855
 219.000000 -2.749595 2.574867 20.860820 145.823921
 219.200000 -2.352717 2.784213 20.786002 79.206067
 219.400000 -2.052700 2.877878 18.782488 8.992325
 219.600000 -2.431334 2.212120 21.410264 40.559471
 219.800000 -2.172133 2.746069 19.356936 39.647844
 220.000000 -2.348786 2.827276 20.750957 79.717742
 220.200000 -2.766062 2.375172 20.617573 202.948310
 220.400000 -2.437649 3.045738 21.444081 36.342852
 220.600000 -2.469200 2.977804 21.604637 16.934667
 220.800000 -2.652531 2.390310 21.537287 14.015027
 221.000000 -2.155244 2.457589 19.250480 34.867143
 221.200000 -1.743741 2.956743 19.453296 143.006190
 221.400000 -2.606514 2.395511 21.663803 4.817050
 221.600000 -2.936629 2.820634 16.526139 915.158682
 221.800000 2.970136 3.073770 -0.022445 11.527716
 222.000000 -3.135315 2.819906 8.782059 2746.680469
 222.200000 -2.477906 2.649739 21.631709 12.604873
 222.400000 -1.990097 2.762443 18.653598 1.336444
 222.600000 -2.050472 2.398335 18.774412 8.531584
 222.800000 -2.384789 2.602503 21.049523 70.325312
 223.000000 -2.743379 3.008809 20.885320 130.040185
 223.200000 3.010195 2.761847 1.398438 2090.520252
 223.400000 -3.081846 2.977357 11.354564 1945.577242
 223.600000 -2.880131 2.871710 18.134812 746.175522
 223.800000 -2.772674 2.779797 20.485578 231.239268
 224.000000 -2.462532 2.901498 21.567038 20.496361
 224.200000 -2.549378 2.622688 21.727384 0.193483
 224.400000 -2.493917 2.671318 21.675369 6.311716
 224.600000 -2.326983 2.990455 20.526901 81.882641
 224.800000 -2.439644 2.521804 21.444844 35.412784
 225.000000 -1.946900 2.755521 18.621642 0.085457
 225.200000 -2.255318 2.590882 19.910102 61.521994
 225.400000 -2.225277 2.744803 19.684858 51.216840
 225.600000 -2.584397 2.714511 21.685569 3.025748
 225.800000 -2.349931 2.731265 20.733896 82.954195
 226.000000 -2.455195 2.697371 21.532286 24.934586
 226.200000 -2.359503 2.714841 20.823655 82.450932
 226.400000 -2.468940 2.728340 21.599893 16.532346
 226.600000 -2.404987 2.682499 21.212708 60.713798
 226.800000 -2.078247 2.770374 18.868465 13.879105
 227.000000 -2.497697 2.540691 21.689470 4.756422
 227.200000 -2.143643 2.834549 19.168220 28.943417
 227.400000 -2.627997 2.558991 21.569142 9.844942
 227.600000 -2.399820 2.921269 21.180409 64.416685
 227.800000 -2.761523 2.693723 20.604046 189.592320
 228.000000 -2.618311 2.768227 21.598126 8.129241
 228.200000 -2.831213 2.844867 19.312088 519.228726
 228.400000 -3.024627 2.950870 13.586347 1288.868631
 228.600000 -2.995034 2.849903 14.605841 1100.854846
 228.800000 -3.039430 2.865213 13.042145 1419.071082
 229.000000 3.100292 2.909803 6.133826 3151.279967
 229.200000 -2.741084 3.046030 20.840203 126.452819
 229.400000 -2.299246 2.772236 20.285045 81.883092
 229.600000 -1.950104 2.487402 18.608233 0.302918
 229.800000 -2.116942 2.382701 19.031312 22.342652
 230.000000 -2.161405 2.807931 19.264729 33.123902
 230.200000 -2.861433 2.774852 18.556307 668.849649
 230.400000 -2.560258 -3.101459 21.720331 2.008932
 230.600000 -2.409823 2.650021 21.288935 58.311293
 230.800000 -1.858965 2.331138 18.654493 4.703124
 231.000000 -1.862918 2.509907 18.646318 3.877946
 231.200000 -2.047194 2.731194 18.770159 8.301426
 231.400000 -2.959689 2.657145 15.711075 966.764053
 231.600000 -3.056107 3.082559 12.372880 1591.702493
 231.800000 -2.783499 2.835645 20.231862 280.240676
 232.000000 -2.527078 2.368590 21.748973 0.000014
 232.200000 -1.811843 2.770997 18.813065 28.939867
 232.400000 -2.155163 2.646105 19.231470 30.769245
 232.600000 -2.832155 2.726142 19.254157 525.184852
 232.800000 2.973599 -2.880039 -0.026735 4.518355
 233.000000 2.957400 2.812867 -0.000581 0.024757
 233.200000 -2.065270 2.587383 18.831986 11.217038
 233.400000 -1.426154 2.236721 24.181027 53.116550
 233.600000 -0.918688 1.757758 16.092154 1212.354539
 233.800000 -0.574455 1.251159 2.488785 1865.459972
 234.000000 -0.725084 1.311315 8.630829 1496.708335
 234.200000 -2.053208 1.606158 18.796101 9.283585
 234.400000 -2.215225 1.623739 19.609439 49.796776
 234.600000 -1.376601 2.496648 24.469262 16.138376
 234.800000 -1.011518 2.811620 18.969428 760.823805
 235.000000 -0.672398 1.674766 6.578151 1573.137628
 235.200000 -0.835563 0.477357 12.976300 1555.022421
 235.400000 -1.586459 0.012432 22.146755 332.965664
 235.600000 -2.059152 0.273618 18.817491 10.200019
 235.800000 -1.814707 0.864937 18.780703 26.089789
 236.000000 -0.690484 1.060829 7.292111 1530.870753
 236.200000 -0.962666 2.110090 17.552028 963.063084
 236.400000 -0.978188 3.044079 18.023994 888.005237
 236.600000 -0.947990 2.093172 17.087525 1041.752579
 236.800000 -1.148262 1.045843 22.392622 490.656290
 237.000000 -1.495609 -0.051391 23.531506 141.775394
 237.200000 -2.001372 -0.178043 18.677064 3.823920
 237.400000 -2.016253 0.747772 18.708366 5.080978
 237.600000 -0.964666 1.325463 17.620386 953.540768
 237.800000 -0.856141 2.032463 13.792466 1508.745400
 238.000000 -0.814101 2.581754 12.136713 1573.476453
 238.200000 -1.391930 2.363261 24.422634 26.763825
 238.400000 -2.212549 2.146688 19.592532 48.773293
 238.600000 -2.926230 2.880674 16.674548 878.683728
 238.800000 2.964151 -3.075949 -0.002741 0.543463
 239.000000 -2.926265 2.593515 16.673513 878.767058
 239.200000 -1.888008 2.679902 18.575786 0.289378
 239.400000 -2.076219 2.457751 18.890939 12.687610
 239.600000 -2.378933 2.564964 21.097877 84.338703
 239.800000 -3.097716 2.875255 10.526654 2165.291884
 240.000000 2.925843 3.053929 -0.000000 0.000000
 240.200000 -2.390223 2.714984 21.204971 76.494490
 240.400000 -1.608521 2.094816 21.724924 369.053808
 240.600000 -1.636228 1.797469 21.186439 380.465786
 240.800000 -1.662246 1.208741 20.684836 357.498647
 241.000000 -1.173884 0.503916 22.953753 403.715214
 241.200000 -0.975286 0.425420 17.966192 903.239118
 241.400000 -1.193239 0.622550 23.328045 330.218211
 241.600000 -1.362795 1.103290 24.558312 8.273592
 241.800000 -1.427476 1.402723 24.211092 57.609660
 242.000000 -1.320772 0.744862 24.592500 2.122405
 242.200000 -1.704688 0.900894 19.932421 263.548682
 242.400000 -1.005873 0.716311 18.857685 781.234262
 242.600000 -1.007532 0.602569 18.903988 775.733141
 242.800000 -1.633517 1.012228 21.239615 380.897584
 243.000000 -1.270489 1.247185 24.363983 65.355232
 243.200000 -1.271250 1.025180 24.376254 63.992331
 243.400000 -1.474672 0.673624 23.789418 115.534776
 243.600000 -1.032508 0.991131 19.588934 706.220668
 243.800000 -1.622146 1.240492 21.463366 378.970195
 244.000000 -1.544105 1.309443 22.869812 249.157184
 244.200000 -1.058543 0.556480 20.273538 654.929354
 244.400000 -1.200164 0.679223 23.467117 303.613452
 244.600000 -1.603724 1.200860 21.822692 363.448513
 244.800000 -1.138024 1.290022 22.203212 513.282100
 245.000000 -1.194742 1.472139 23.371006 324.821345
 245.200000 -1.705002 1.413695 19.936029 265.729084
 245.400000 -1.346996 0.836595 24.624626 1.924980
 245.600000 -1.217609 0.757181 23.760939 235.880682
 245.800000 -1.752779 1.196226 19.264168 135.322005
 246.000000 -1.427571 1.462870 24.236943 59.818414
 246.200000 -0.483484 1.341656 -0.000016 0.000025
 246.400000 -1.075246 1.721270 20.710034 629.040653
 246.600000 -1.209011 1.395169 23.632103 269.962607
 246.800000 -1.007092 0.631169 18.915647 779.676495
 247.000000 -1.464340 0.207620 23.916083 103.217978
 247.200000 -1.634951 0.751383 21.234482 379.204688
 247.400000 -1.144575 1.430054 22.373713 496.391785
 247.600000 -0.800010 1.839676 11.618707 1582.363607
 247.800000 -0.947466 2.398611 17.130837 1052.577258
 248.000000 -1.526149 2.523578 23.160598 211.397016
 248.200000 -2.292136 2.544797 20.255519 95.991058
 248.400000 3.124373 2.674957 7.333375 3005.088517
 248.600000 -3.071114 -2.996148 11.638276 1784.689597
 248.800000 -3.028906 2.716141 13.289567 1317.412572
 249.000000 -1.924134 2.285707 18.559988 0.859462
 249.200000 -1.536352 2.257109 23.019639 233.752490
 249.400000 -1.855140 2.310175 18.587906 5.274296
 249.600000 -2.694502 2.760432 21.111112 51.630516
 249.800000 3.016791 3.048789 1.538201 2214.093462
 250.000000 2.979885 2.718034 -0.013146 170.749504
 250.200000 -2.479213 2.767050 21.747927 4.869826
 250.400000 -1.924554 2.860091 18.553942 0.967935
 250.600000 -2.128663 2.438264 19.120809 18.760242
 250.800000 -2.134700 2.469248 19.147348 19.905193
 251.000000 -2.455755 2.945741 21.673616 17.138084
 251.200000 -2.790190 2.701349 19.943978 316.549355
 251.400000 -3.029455 2.833617 13.247943 1319.685756
 251.600000 -2.904925 2.872004 17.188069 814.475079
 251.800000 -3.024742 2.702926 13.417882 1280.215442
 252.000000 -2.530796 2.936863 21.761811 1.926998
 252.200000 -2.374635 2.705945 21.095905 92.146920
 252.400000 -2.068999 2.507264 18.897296 11.319950
 252.600000 -1.997986 2.632882 18.687464 6.401035
 252.800000 -2.123495 2.653189 19.101242 17.525607
 253.000000 -2.637435 2.660744 21.410955 20.785033
 253.200000 3.115634 2.944539 6.819089 3076.315694
 253.400000 -3.089242 2.820654 10.814853 2043.537754
 253.600000 -2.462502 2.683046 21.703169 12.048618
 253.800000 -1.972499 2.663161 18.627756 4.792520
 254.000000 -2.129843 2.484741 19.130195 18.358637
 254.200000 -2.517524 2.724349 21.772213 0.602205
 254.400000 -2.983324 3.015046 14.800596 1030.259400
 254.600000 2.999044 2.951756 0.710474 1844.986103
 254.800000 -2.552192 2.789376 21.712396 6.444779
 255.000000 -2.335786 2.710623 20.705728 110.609467
 255.200000 -2.231857 2.788449 19.718267 58.419967
 255.400000 -2.875605 2.690666 17.972146 716.451110
 255.600000 2.926663 3.059134 -0.000000 0.000000
 255.800000 -2.604210 2.940693 21.536280 15.626966
 256.000000 -2.087299 2.187051 18.970478 12.750514
 256.200000 -1.669389 2.115006 20.617464 347.943040
 256.400000 -1.897105 2.547732 18.525366 0.000333
 256.600000 -3.004451 2.810512 14.097883 1134.146679
 256.800000 -2.948345 3.071701 15.879071 915.893289
 257.000000 -2.973450 2.590012 15.104994 990.047309
 257.200000 -2.715637 2.807829 20.883869 81.909979
 257.400000 -2.856062 2.664965 18.467819 635.438576
 257.600000 2.985743 2.686848 0.123622 1670.618694
 257.800000 -2.717660 2.968553 20.865369 85.364267
 258.000000 -2.915649 2.535991 16.841709 836.171914
 258.200000 -2.932395 2.887301 16.349499 875.091769
 258.400000 -2.808603 3.032952 19.546423 404.930550
 258.600000 -3.110895 2.688354 9.779649 2380.691987
 258.800000 -2.866623 2.872343 18.193596 679.240010
 259.000000 3.111371 2.779948 6.560713 3109.534022
 259.200000 -3.046096 2.797024 12.599512 1481.068819
 259.400000 -2.558760 2.770695 21.688244 8.928608
 259.600000 -2.852266 2.734587 18.558413 615.892317
 259.800000 3.120600 2.904301 7.069582 3048.827616
 260.000000 3.032427 2.562897 2.246196 2525.766292
 260.200000 -2.577927 2.875177 21.623173 12.777768
 260.400000 -1.734413 2.875268 19.545837 199.250020
 260.600000 -1.841407 1.936546 18.606630 13.470537
 260.800000 -1.704610 0.943420 20.005432 276.428307
 261.000000 -0.537317 0.130500 0.972490 1655.561241
 261.200000 -0.459883 -0.509739 -0.000000 0.000000
 261.400000 -1.043391 -0.239342 19.977276 701.013761
 261.600000 -0.873232 0.379654 14.515986 1466.804135
 261.800000 -0.670296 1.398943 6.488210 1601.776700
 262.000000 -1.657883 2.209376 20.848633 360.537002
 262.200000 -2.456876 3.055320 21.699285 13.975434
 262.400000 3.113869 2.988516 6.691857 3106.284161
 262.600000 -2.918535 2.837048 16.762987 835.584646
 262.800000 -2.524763 2.544581 21.763092 2.272100
 263.000000 -1.901612 2.820534 18.511229 0.078776
 263.200000 -2.094752 2.465264 19.018341 13.191784
 263.400000 -2.406523 2.560961 21.404054 62.164169
 263.600000 -2.256260 2.959830 19.921058 76.053520
 263.800000 -2.678437 2.681777 21.140362 40.179046
 264.000000 -2.814283 2.631351 19.420235 425.569842
 264.200000 3.028684 3.059910 2.044233 2459.202468
 264.400000 2.958327 2.861725 -0.000182 0.002549
 264.600000 -2.958616 2.725066 15.576840 937.083725
 264.800000 -2.957476 2.948770 15.611700 933.672901
 265.000000 3.077050 2.781393 4.621608 3116.809608
 265.200000 3.128129 2.789382 7.478165 2998.968668
 265.400000 3.069266 2.917013 4.188503 3061.221293
 265.600000 3.098495 2.735014 5.826550 3171.281124
 265.800000 -3.138338 2.914884 8.379429 2804.783126
 266.000000 -2.932391 2.884000 16.368181 865.744315
 266.200000 2.997561 2.733858 0.605165 1845.713731
 266.400000 3.091174 2.843457 5.419453 3174.382606
 266.600000 -2.863158 3.045248 18.286762 648.037475
 266.800000 3.042175 2.664140 2.732374 2713.786658
 267.000000 3.130866 3.014710 7.633580 2971.606557
 267.200000 -2.947183 2.937496 15.936613 901.460269
 267.400000 -2.537927 2.680730 21.734368 5.623181
 267.600000 -2.326148 2.519619 20.621280 115.405449
 267.800000 -2.001007 2.778503 18.708095 9.685836
 268.000000 -2.154700 2.482887 19.265044 20.981744
 268.200000 -2.563867 2.538912 21.657064 11.842945
 268.400000 -2.846454 3.022429 18.701843 570.087995
 268.600000 2.978935 2.747024 -0.027766 0.457213
 268.800000 3.118887 2.748238 6.992442 3083.632652
 269.000000 -2.868761 2.941755 18.146831 666.273886
 269.200000 -3.108966 2.697642 9.908291 2365.094927
 269.400000 3.105881 2.948507 6.275631 3162.589660
 269.600000 3.052393 2.851008 3.293302 2893.552335
 269.800000 -2.960595 2.783769 15.539733 937.465718
 270.000000 -2.364720 2.836815 21.031516 103.311632
 270.200000 -2.250036 2.518669 19.871633 71.414259
 270.400000 -1.891993 2.604725 18.491830 0.013896
 270.600000 -2.256182 2.517867 19.924451 76.306608
 270.800000 -2.181280 2.878888 19.400087 29.109004
 271.000000 -2.869041 2.820029 18.144492 663.279653
 271.200000 3.053257 2.770765 3.360738 2923.327627
 271.400000 -2.942051 3.019469 16.107857 882.116733
 271.600000 -2.953018 2.741293 15.779427 911.924683
 271.800000 -2.688629 2.586517 21.037551 48.221323
 272.000000 -2.532224 2.934920 21.748670 4.851466
 272.200000 -2.549104 2.711679 21.704551 9.292128
 272.400000 -2.691763 2.596200 21.012169 50.796046
 272.600000 -2.634827 2.911195 21.345356 24.844553
 272.800000 -3.061465 2.848967 12.058941 1652.734959
 273.000000 -3.042389 2.767393 12.807255 1433.326726
 273.200000 -2.833114 3.002671 19.020162 496.543807
 273.400000 -2.934088 2.499795 16.354597 860.290005
 273.600000 -2.789448 2.994363 19.882392 291.759777
 273.800000 -2.447899 2.892397 21.680179 19.850686
 274.000000 -2.829297 2.338812 19.104422 478.113451
 274.200000 -2.531977 2.907535 21.754032 5.096573
 274.400000 -2.495875 3.094632 21.793440 0.049946
 274.600000 -2.810046 2.385401 19.508144 383.377300
 274.800000 -2.489337 2.711321 21.790238 0.577061
 275.000000 -2.192526 2.887410 19.471032 34.012280
 275.200000 -2.629644 2.480612 21.370531 24.632125
 275.400000 -2.210256 2.742708 19.582096 43.366153
 275.600000 -2.208159 2.573481 19.568381 42.152301
 275.800000 -1.935295 2.601587 18.522165 3.928285
 276.000000 -2.420624 2.613753 21.532352 46.967863
 276.200000 -2.331669 2.956204 20.696700 116.551927
 276.400000 -3.003335 2.642226 14.224762 1113.113913
 276.600000 2.943665 2.809052 -0.000003 0.000001
 276.800000 -2.364451 3.047612 21.044301 104.640416
 277.000000 -2.162419 2.283542 19.314941 23.237083
 277.200000 -1.618145 1.981522 21.589688 360.821335
 277.400000 -1.498831 2.047293 23.552503 170.521639
 277.600000 -1.726715 1.798184 19.635328 226.911076
 277.800000 -1.880017 1.288081 18.472896 0.527590
 278.000000 -0.935160 0.549822 16.722702 1160.583855
 278.200000 -0.839397 0.161193 13.137962 1576.558438
 278.400000 -0.549041 -0.370601 1.421574 1640.887027
 278.600000 -0.515236 -0.255946 0.070609 1189.195817
 278.800000 -0.842145 0.014111 13.246988 1571.105806
 279.000000 -0.930764 0.580777 16.567021 1186.122614
 279.200000 -1.781541 1.663355 18.946261 93.527977
 279.400000 -2.098648 2.379724 19.053083 14.531734
 279.600000 -2.406561 3.128793 21.445764 63.255506
 279.800000 3.028082 2.835422 2.107921 2577.066740
 280.000000 -3.088502 2.703470 10.974485 2007.147226
 280.200000 -2.450215 3.098039 21.719500 18.233647
 280.400000 -2.585195 2.491134 21.588576 19.254646
 280.600000 -2.116639 2.728309 19.125103 16.037886
 280.800000 -2.207582 2.667716 19.581946 42.697343
 281.000000 -2.491914 2.613214 21.817953 0.258244
 281.200000 -2.785944 2.888370 19.965641 265.283413
 281.400000 3.050895 2.973075 3.326874 2972.110665
 281.600000 -2.804683 2.938609 19.638551 346.688089
 281.800000 -2.467768 2.649654 21.784754 7.031320
 282.000000 -2.202929 2.684526 19.556335 40.132340
 282.200000 -2.249221 2.521060 19.901189 71.028476
 282.400000 -2.251266 2.854191 19.918518 72.621969
 282.600000 -2.701760 2.773443 20.941070 59.162076
 282.800000 3.012405 2.831182 1.352958 2276.474460
 283.000000 -2.424548 3.076196 21.589395 43.202262
 283.200000 -2.227680 2.052900 19.735591 54.971702
 283.400000 -1.647314 1.739643 21.005677 362.377318
 283.600000 -0.930567 0.785860 16.535574 1193.916011
 283.800000 -1.226216 0.501120 23.977133 211.247735
 284.000000 -1.805771 0.901795 18.728785 51.034027
 284.200000 -1.159703 1.246578 22.763103 451.206169
 284.400000 -0.912047 1.203038 15.876872 1297.088518
 284.600000 -1.328953 1.221008 24.748626 0.377466
 284.800000 -1.656272 0.568364 20.831670 356.504426
 285.000000 -0.774285 0.040608 10.498115 1592.831362
 285.200000 -1.030328 0.261947 19.589431 747.671244
 285.400000 -0.874190 0.042452 14.459679 1477.534100
 285.600000 -0.804003 0.348961 11.682016 1607.777492
 285.800000 -1.596877 0.853087 21.951230 337.781430
 286.000000 -1.830806 1.396084 18.573781 21.956359
 286.200000 -1.527391 1.611458 23.114225 222.205160
 286.400000 -1.205437 0.945434 23.638307 289.006344
 286.600000 -1.497554 0.461372 23.532297 171.876861
 286.800000 -1.664104 0.740891 20.679618 348.721615
 287.000000 -1.063697 1.245760 20.473387 666.851615
 287.200000 -1.006007 1.236170 18.902683 829.337546
 287.400000 -1.457884 1.105516 24.001941 113.961544
 287.600000 -1.721789 0.609303 19.679898 238.831098
 287.800000 -1.719769 0.685121 19.711281 243.855012
 288.000000 -1.187083 1.408336 23.306094 357.084647
 288.200000 -0.865520 1.981351 14.111803 1510.717916
 288.400000 -0.632973 2.309170 4.835910 1674.062512
 288.600000 -1.441372 2.333791 24.167736 92.533355
 288.800000 -2.418163 2.240119 21.567219 51.348529
 289.000000 -2.940950 3.097786 16.246058 875.892513
 289.200000 3.099991 3.065064 6.158719 3226.687669
 289.400000 -3.033246 2.605283 13.268407 1312.574836
 289.600000 -2.060209 2.670407 18.930691 16.111400
 289.800000 -1.849085 2.569926 18.488600 9.616837
 290.000000 -2.339504 2.133142 20.826147 115.466879
 290.200000 -2.298706 2.921303 20.395646 105.057791
 290.400000 -3.043703 2.886433 12.887421 1408.213573
 290.600000 -3.085157 2.775449 11.205413 1924.781517
 290.800000 -2.964818 2.815268 15.534021 942.409329
 291.000000 -2.766533 2.793644 20.279275 187.494691
 291.200000 -2.587680 2.946324 21.608469 21.911904
 291.400000 -2.917914 2.681036 16.927932 813.991466
 291.600000 -2.897625 2.967311 17.495834 751.301748
 291.800000 -3.125175 2.730235 9.321552 2554.315733
 292.000000 3.111025 2.757269 6.797967 3158.816033
 292.200000 -2.590105 3.052158 21.599095 22.517730
 292.400000 -2.683323 2.395287 21.084767 44.562666
 292.600000 -2.298714 2.941906 20.402692 104.620262
 292.800000 -2.293316 2.812803 20.347898 101.397197
 293.000000 -2.512096 2.566878 21.857675 1.278955
 293.200000 -2.234777 2.888524 19.829828 58.516334
 293.400000 -2.387592 2.968003 21.327373 85.447281
 293.600000 -2.791739 2.378056 19.907486 277.889322
 293.800000 -2.161820 -3.030344 19.378266 25.002584
 294.000000 -2.452260 2.465384 21.775135 17.450026
 294.200000 -2.461404 2.502821 21.813010 10.992526
 294.400000 -2.245719 -3.141036 19.923119 66.407960
 294.600000 -2.391660 2.829233 21.368950 80.893072
 294.800000 -2.419617 2.356606 21.594564 49.607680
 295.000000 -1.914352 2.900619 18.427666 2.132211
 295.200000 -2.264414 2.549334 20.091379 80.465951
 295.400000 -2.233567 2.426065 19.835270 58.123069
 295.600000 -2.122749 3.005875 19.203658 19.920654
 295.800000 -2.551654 2.570458 21.773948 12.480501
 296.000000 -2.881480 2.653531 17.957410 690.672371
 296.200000 -3.050622 2.858132 12.656112 1477.980867
 296.400000 -3.125131 2.993511 9.354648 2544.869826
 296.600000 -2.977878 2.565402 15.163255 991.768511
 296.800000 -2.312377 3.079214 20.571482 109.515186
 297.000000 -2.166492 2.509354 19.419844 27.538984
 297.200000 -1.989375 2.412694 18.636822 15.438822
 297.400000 -1.950604 2.583748 18.499826 9.162831
 297.600000 -2.190603 2.865059 19.563009 35.906067
 297.800000 -2.869757 2.641029 18.273524 640.575071
 298.000000 -3.132814 2.996006 8.968562 2663.716598
 298.200000 -2.916994 2.825192 17.002821 814.754599
 298.400000 -2.803144 2.674364 19.736549 322.815708
 298.600000 -2.816153 2.753551 19.492333 383.081534
 298.800000 -2.755731 2.886848 20.450582 150.629189
 299.000000 -2.964650 2.796497 15.587625 950.382032
 299.200000 3.017700 2.925598 1.684582 2495.367613
 299.400000 3.103613 2.768600 6.432789 3211.633205
 299.600000 -2.853599 2.831021 18.687392 565.378790
 299.800000 -2.373675 2.725688 21.231713 94.518529
 300.000000 -2.075023 2.444550 19.007332 20.367693
 300.200000 -1.952646 2.483284 17.804520 10.113839
 300.400000 -2.078681 2.683617 18.335282 21.036390
 300.600000 -2.490574 2.682188 21.207194 0.419404
 300.800000 -3.070288 2.775715 11.202419 1707.956160
 301.000000 3.017726 3.054572 0.999571 2504.534269
 301.200000 3.050362 2.711035 2.737089 3066.234851
 301.400000 -2.855355 2.812292 17.974644 573.385268
 301.600000 -2.320614 2.908706 20.011372 108.012288
 301.800000 -2.131051 2.447247 18.590391 24.107445
 302.000000 -1.801793 2.492645 18.009306 62.295951
 302.200000 -1.905590 2.524957 17.697741 1.217586
 302.400000 -2.661915 2.747486 20.574483 35.169232
 302.600000 3.006705 2.922693 0.472300 2420.759101
 302.800000 2.992948 2.843689 -0.027065 5.061536
 303.000000 -2.613134 2.825807 20.842450 26.554756
 303.200000 -2.087231 2.703011 18.396420 22.812644
 303.400000 -1.900047 2.277058 17.692307 0.617126
 303.600000 -1.932383 2.176415 17.747213 6.291411
 303.800000 -1.937541 2.594977 17.760724 7.439499
 304.000000 -2.593472 2.833965 20.947608 23.446843
 304.200000 3.037147 2.845203 2.047175 2895.325030
 304.400000 -2.989247 2.832771 14.171417 1047.343319
 304.600000 -2.992962 2.664410 14.050725 1063.388528
 304.800000 -2.523471 2.884837 21.211137 3.645273
 305.000000 -2.339741 2.738228 20.241345 106.127098
 305.200000 -1.976782 2.424283 17.901351 15.927725
 305.400000 -1.801592 2.482060 18.005846 61.791338
 305.600000 -2.352909 2.752721 20.385993 101.789020
 305.800000 3.066055 2.908533 3.664535 3231.654647
 306.000000 3.061847 2.941448 3.425839 3201.909832
 306.200000 3.137732 2.493115 7.705193 2832.804291
 306.400000 -3.056725 3.043804 11.806853 1536.976530
 306.600000 3.135289 2.760718 7.574755 2867.535616
 306.800000 -2.846893 2.936266 18.230004 528.168412
 307.000000 -2.471908 2.729463 21.218899 5.210421
 307.200000 -2.165143 2.719791 18.831222 32.870467
 307.400000 -1.864199 2.455787 17.713504 3.033163
 307.600000 -2.015472 2.436483 18.076706 21.332674
 307.800000 -2.132340 2.678690 18.651990 27.503255
 308.000000 -2.498335 2.913032 21.254231 0.000099
 308.200000 2.974631 2.886674 -0.000128 0.002028
 308.400000 -2.937679 3.082012 15.814510 886.007466
 308.600000 -2.070644 2.688175 18.348082 24.628913
 308.800000 -1.874687 2.070392 17.701532 0.766961
 309.000000 -1.470670 1.794444 23.083438 129.485429
 309.200000 -1.744625 1.484962 18.617371 185.247772
 309.400000 -1.304511 0.513752 23.903926 14.742383
 309.600000 -0.466598 -0.005514 -0.000000 0.000000
 309.800000 -0.546558 -0.579700 0.512620 1561.987207
 310.000000 -0.862634 -0.196731 13.192989 1530.172113
 310.200000 -0.582823 0.081891 1.948292 1628.070984
 310.400000 -0.599497 -0.197110 2.624033 1653.122717
 310.600000 -0.867952 -0.213877 13.394273 1513.362960
 310.800000 -0.600461 -0.040533 2.663232 1653.923489
 311.000000 -1.063602 0.261489 19.696272 669.571691
 311.200000 -1.804824 1.042449 17.981797 54.411025
 311.400000 -1.563230 1.675352 21.775287 271.674158
 311.600000 -0.830619 2.030992 11.911268 1604.360959
 311.800000 -0.886552 2.077006 14.103771 1440.830313
 312.000000 -0.631564 2.178441 3.924682 1649.164831
 312.200000 -0.746329 1.873305 8.518609 1597.193424
 312.400000 -0.664393 1.676616 5.246880 1615.867098
 312.600000 -1.184569 1.760404 22.460963 361.394514
 312.800000 -0.973508 0.880874 17.129582 987.969245
 313.000000 -1.906319 0.506073 17.719200 1.765057
 313.200000 -2.086407 0.125424 18.461971 28.046082
 313.400000 -1.663087 0.405117 19.962724 342.713281
 313.600000 -0.870355 1.105841 13.472559 1506.738022
 313.800000 -1.578514 1.868671 21.511918 294.737854
 314.000000 -2.229403 2.453331 19.335828 57.743996
 314.200000 -2.496294 -3.117851 21.289033 0.029306
 314.400000 3.065080 2.875973 3.724613 3265.257647
 314.600000 -2.909753 2.813560 16.688217 801.750932
 314.800000 -2.543126 2.782905 21.216853 9.191907
 315.000000 -2.641195 2.676671 20.764898 30.235361
 315.200000 -2.685490 2.799521 20.506560 43.397852
 315.400000 -3.013489 2.780176 13.473740 1170.261722
 315.600000 3.104212 2.762860 5.978575 3209.922218
 315.800000 -3.099770 2.794519 10.082354 2086.894583
 316.000000 -2.443413 2.963823 21.166356 21.760777
 316.200000 -1.726497 2.602447 18.873499 227.453417
 316.400000 -1.989474 1.832162 17.992233 19.579803
 316.600000 -1.680124 1.673329 19.647038 322.171047
 316.800000 -0.948887 0.937787 16.314504 1116.865766
 317.000000 -1.323119 0.422174 23.912249 1.769000
 317.200000 -1.508864 0.911636 22.563769 178.987606
 317.400000 -1.155765 1.492281 21.854235 455.107638
 317.600000 -0.974141 1.142592 17.128090 984.308056
 317.800000 -1.654339 0.800309 20.118068 345.920983
 318.000000 -1.709164 0.810740 19.146042 267.447938
 318.200000 -0.870264 0.888450 13.445986 1509.885685
 318.400000 -1.417867 1.371077 23.539919 63.873040
 318.600000 -1.537943 0.853433 22.147663 224.396937
 318.800000 -1.008872 0.338369 18.168638 830.716685
 319.000000 -0.748265 0.074352 8.565813 1596.687474
 319.200000 -0.892219 0.185811 14.282927 1419.862969
 319.400000 -0.929469 0.435827 15.638794 1225.653103
 319.600000 -1.479833 1.085499 22.920943 137.413706
 319.800000 -1.273899 1.242542 23.669803 64.702126
 320.000000 -1.265989 0.969439 23.601786 83.810869
 320.200000 -1.581784 0.728700 21.438499 295.242940
 320.400000 -1.175763 1.080158 22.254273 391.085565
 320.600000 -1.750082 1.580196 18.545288 165.665535
 320.800000 -2.013265 1.962005 18.113866 23.544003
 321.000000 -1.970320 2.504220 17.922783 15.706996
 321.200000 -2.352220 3.057732 20.507516 86.536712
 321.400000 2.904231 2.349865 -0.000000 0.000000
 321.600000 -2.341955 2.947258 20.411326 88.860344
 321.800000 -2.153400 2.476700 18.899519 38.755271
 322.000000 -2.159816 1.956610 18.939709 39.739844
 322.200000 -1.679381 1.899991 19.658836 320.500314
 322.400000 -1.776305 1.851159 18.246260 103.064388
 322.600000 -1.878420 1.852492 17.736525 0.189022
 322.800000 -1.731676 2.349964 18.800070 211.004701
 323.000000 -2.398387 2.865700 20.911320 59.071879
 323.200000 -3.027777 2.922256 13.042559 1257.687644
 323.400000 -2.754799 2.864428 19.944547 131.400491
 323.600000 -2.341395 2.556254 20.418479 87.539734
 323.800000 -1.950920 2.561809 17.864332 11.131458
 324.000000 -1.878961 2.760122 17.741873 0.148029
 324.200000 -2.941114 2.543369 15.856430 903.478070
 324.400000 -3.129864 3.003468 8.725190 2547.365429
 324.600000 3.054561 3.076688 3.228218 3226.744481
 324.800000 -2.756418 2.554260 19.930008 134.952932
 325.000000 -1.350595 2.642931 23.865603 3.797469
 325.200000 -1.589895 2.192755 21.299484 305.849105
 325.400000 -2.150377 2.050940 18.908036 40.116393
 325.600000 -2.114189 2.631076 18.685488 35.742392
 325.800000 -2.107447 -3.040306 18.645382 35.021963
 326.000000 -2.914698 2.202195 16.639181 819.077799
 326.200000 -2.430091 2.904218 21.139057 31.567580
 326.400000 -2.492958 2.917520 21.336522 0.320226
 326.600000 -3.120937 2.330520 9.188332 2395.966422
 326.800000 -2.514054 2.973261 21.331003 1.124571
 327.000000 -2.323710 2.798643 20.273377 85.909567
 327.200000 -2.312406 2.270518 20.176736 83.883151
 327.400000 -1.836712 2.605741 17.849663 14.421673
 327.600000 -2.115978 2.736070 18.709317 36.853459
 327.800000 -2.636153 2.689731 20.851793 30.387635
 328.000000 -3.078374 2.958089 11.128052 1753.705160
 328.200000 3.001753 -3.038443 0.443426 2519.924147
 328.400000 -1.782904 2.574290 18.201849 85.404928
 328.600000 -1.700443 1.680503 19.298454 280.374688
 328.800000 -1.026997 0.441725 18.652252 766.692022
 329.000000 -0.568163 -0.342838 1.319295 1530.109780
 329.200000 0.886868 -1.130505 -0.000000 0.000000
