207.600000
663.200000
210.000000
336.600000
442.400000
441.400000
113.600000
107.200000
499.400000
174.200000
364.400000
31.800000
123.000000
18.000000
13.800000
41.800000
84.800000
114.200000
124.600000
213.600000
361.400000
4.200000
80.200000
19.000000
54.400000
26.800000
142.600000
41.000000
23.400000
20.800000
292.200000
273.400000
229.200000
49.200000
61.400000
61.400000
35.400000
169.200000
96.600000
151.600000
15.600000
306.000000
96.200000
50.000000
372.200000
395.800000
6.400000
192.400000
164.800000
73.200000
27.000000
201.600000
76.800000
326.600000
895.600000
190.600000
211.400000
605.000000
126.800000
146.200000
