#! FIELDS time phi psi ves.bias ves.force2
#! SET min_phi -pi
#! SET max_phi pi
#! SET min_psi -pi
#! SET max_psi pi
 0.000000 -1.498385 0.273949 27.215882 148.921278
 0.200000 -0.998048 0.901012 20.216812 1335.638752
 0.400000 -0.768105 1.568815 10.592089 1945.114054
 0.600000 -0.579723 1.977214 3.827472 609.961372
 0.800000 -1.240995 2.566396 26.963395 246.381030
 1.000000 -0.712813 2.387506 8.234441 1655.163898
 1.200000 -0.552394 1.803665 3.416502 588.264428
 1.400000 -0.959437 1.371182 18.898614 1549.631688
 1.600000 -1.376478 0.644363 28.063285 0.256823
 1.800000 -0.698146 0.178315 8.089978 1513.415725
 2.000000 -0.732477 -0.137044 9.462641 1675.089520
 2.200000 -0.817901 -0.347063 13.257881 1725.556315
 2.400000 -0.735855 -0.314766 9.852779 1671.965914
 2.600000 -0.778184 0.234267 11.603590 1735.197641
 2.800000 -1.335379 0.676972 28.081043 15.117952
 3.000000 -0.804142 1.491926 12.685494 1734.897435
 3.200000 -0.852279 2.400676 14.743032 1583.812309
 3.400000 -0.895346 2.582547 16.456349 1581.037535
 3.600000 -0.678393 1.820749 7.864636 1451.064767
 3.800000 -0.591900 1.566622 4.806476 1010.226745
 4.000000 -1.387034 1.390213 28.155382 5.945564
 4.200000 -0.996542 0.397916 20.521549 1468.699683
 4.400000 -0.594618 -0.524164 5.110996 1101.603801
 4.600000 -0.564217 -0.594166 4.145808 912.312106
 4.800000 -0.884422 0.403273 16.104895 1556.330815
 5.000000 -1.633582 1.432839 24.862690 269.911886
 5.200000 -1.773325 2.036794 23.033240 75.588009
 5.400000 -2.191293 2.900670 23.792240 59.791554
 5.600000 3.131021 2.959820 10.446811 2971.516618
 5.800000 -2.981162 2.804632 18.461296 1277.760281
 6.000000 -2.473523 2.689277 25.712248 0.043198
 6.200000 -2.161086 2.812447 23.563811 46.919265
 6.400000 -2.346083 2.430761 25.131697 62.481353
 6.600000 -2.143849 2.751359 23.449012 42.000457
 6.800000 -1.987935 2.799349 22.606982 16.337721
 7.000000 -2.370347 2.539130 25.309673 45.069874
 7.200000 -2.458024 2.728519 25.680451 0.580150
 7.400000 -2.564414 2.845128 25.502195 11.914176
 7.600000 -3.092025 2.704771 13.597044 2644.325703
 7.800000 -3.011810 3.031317 17.295634 1620.638143
 8.000000 -2.634334 2.909384 25.190470 32.443560
 8.200000 -2.610509 2.301804 25.340312 26.132848
 8.400000 -2.277474 2.806769 24.649271 87.581743
 8.600000 -2.094366 2.870088 23.241488 39.061406
 8.800000 -2.211117 2.197284 24.056793 67.679938
 9.000000 -1.796773 2.637764 22.745042 61.679406
 9.200000 -2.163525 2.775893 23.797073 52.843983
 9.400000 -3.080674 2.585807 14.156196 2529.851148
 9.600000 -2.949254 -3.118133 19.541511 1019.712415
 9.800000 3.095109 2.866657 8.395913 2818.224715
 10.000000 -3.083353 2.660699 14.021024 2562.208563
 10.200000 -2.562959 2.898247 25.626866 15.916532
 10.400000 -2.849854 2.599644 22.234163 523.616436
 10.600000 -2.845915 2.854485 22.323681 509.429874
 10.800000 2.949249 -3.051200 2.436180 675.000220
 11.000000 -3.089717 2.710512 13.726439 2607.786240
 11.200000 -2.224136 2.832921 24.401253 64.387326
 11.400000 -1.914625 2.514237 22.307539 2.187045
 11.600000 -1.770137 2.366028 22.924282 89.211688
 11.800000 -2.215546 2.442808 24.332737 62.851422
 12.000000 -2.224713 2.964791 24.405879 64.492699
 12.200000 -3.025121 2.667850 16.769468 1753.570626
 12.400000 -3.109803 2.992906 12.761911 2707.193110
 12.600000 -3.028332 3.047766 16.634300 1790.310021
 12.800000 -2.867401 2.385059 21.892727 600.206007
 13.000000 -2.153216 2.888380 23.935550 59.689032
 13.200000 -1.997917 2.798432 22.690701 50.672825
 13.400000 -1.831369 2.081324 22.494099 26.827224
 13.600000 -1.799047 1.840565 22.695489 52.373366
 13.800000 -1.498846 2.204508 26.893404 232.698947
 14.000000 -2.323308 2.283777 25.292207 56.455306
 14.200000 -3.069660 -3.059301 14.814040 2217.442850
 14.400000 3.109883 3.004498 9.498376 2834.115659
 14.600000 -2.689779 2.562563 24.849137 88.549186
 14.800000 -1.893016 2.638166 22.375886 0.230660
 15.000000 -1.703445 2.552764 23.635082 147.347167
 15.200000 -2.318182 2.335812 25.306115 48.571358
 15.400000 -2.523808 2.973162 25.963189 9.569151
 15.600000 3.035118 2.989086 5.766703 2197.668515
 15.800000 3.103189 2.621012 9.209343 2789.816162
 16.000000 -2.820517 3.033898 23.078674 373.855950
 16.200000 -3.110378 2.743866 12.904063 2511.470219
 16.400000 3.072511 2.798081 7.688558 2637.165767
 16.600000 -2.827162 3.016157 22.982642 395.424918
 16.800000 -2.737159 2.732559 24.373472 138.292225
 17.000000 -2.660609 2.490575 25.132970 73.141152
 17.200000 -2.441006 3.039372 26.003568 9.093800
 17.400000 -3.021494 2.735947 17.023079 1701.576909
 17.600000 3.099818 2.853637 9.204306 2759.154884
 17.800000 3.092734 3.092366 8.832576 2746.128251
 18.000000 3.047119 2.790195 6.496212 2438.094591
 18.200000 -2.601135 2.617271 25.669670 47.852670
 18.400000 -2.111907 2.481280 23.809977 88.227172
 18.600000 -2.164908 2.662661 24.287896 71.761201
 18.800000 -2.109395 2.530290 23.786364 88.475145
 19.000000 -2.554840 2.617954 25.942181 21.874977
 19.200000 -3.104868 2.558247 13.401268 2295.855698
 19.400000 2.969374 3.117941 3.187167 1437.852668
 19.600000 -2.799520 2.867595 23.625214 278.828401
 19.800000 -3.129262 2.546257 12.207927 2487.693059
 20.000000 -3.003398 2.966178 17.808823 1521.930897
 20.200000 2.970621 2.932241 3.270202 1531.017323
 20.400000 -2.929994 2.567854 20.468178 1036.212330
 20.600000 -2.240857 2.904250 24.930255 40.189145
 20.800000 -2.347800 2.501369 25.576782 37.571488
 21.000000 -2.326427 2.613819 25.446262 36.830790
 21.200000 -2.775627 2.892603 24.054187 199.534059
 21.400000 3.028986 2.867356 5.965981 2489.163466
 21.600000 -2.956050 2.955590 19.638856 1200.479222
 21.800000 -2.640694 2.713307 25.478805 73.307896
 22.000000 -2.685902 2.798350 25.069919 90.683329
 22.200000 -2.580347 3.025198 25.978568 38.170983
 22.400000 -3.032981 2.628741 16.785114 1650.518869
 22.600000 2.943473 2.877462 2.331394 1193.272930
 22.800000 -2.986909 3.030838 18.578731 1384.948504
 23.000000 -3.099912 2.632386 13.888407 2125.802236
 23.200000 -2.736285 2.806597 24.625047 128.737937
 23.400000 -2.800066 2.799817 23.762340 266.234680
 23.600000 -2.949637 2.905518 19.963608 1154.351759
 23.800000 2.969099 3.011291 3.341217 1720.953545
 24.000000 3.007373 2.685493 5.072020 2350.168369
 24.200000 -2.787703 2.992158 23.995872 226.399840
 24.400000 -2.400904 2.946844 25.975358 27.625017
 24.600000 -2.612797 2.223107 25.851077 60.569927
 24.800000 -2.378244 2.539104 25.854280 28.965895
 25.000000 -2.104960 -3.079016 23.896614 119.045097
 25.200000 -2.473972 2.342151 26.321169 6.017508
 25.400000 -2.510183 2.504675 26.361735 0.099852
 25.600000 -2.420335 2.980972 26.113158 24.179105
 25.800000 -3.090672 2.630797 14.593474 1942.617753
 26.000000 -3.070811 2.922255 15.452003 1798.487719
 26.200000 -3.020769 3.005226 17.545345 1487.693909
 26.400000 3.001094 2.519234 4.988348 2498.573485
 26.600000 -2.342085 3.106435 25.756647 25.602953
 26.800000 -2.043076 2.551440 23.257707 86.524998
 27.000000 -1.701402 1.519034 23.433397 108.617665
 27.200000 -0.976364 0.657181 19.210250 1412.057330
 27.400000 -0.560573 -0.492233 3.912782 1116.151439
 27.600000 -0.566355 -0.638971 4.106817 1136.261511
 27.800000 -1.016563 0.344701 20.685112 1274.346388
 28.000000 -1.347688 1.358184 27.436694 1.149604
 28.200000 -0.713855 1.507727 9.237523 1254.871334
 28.400000 -0.755662 1.490071 10.733285 1312.155460
 28.600000 -1.195544 1.997436 25.813524 401.251854
 28.800000 -0.526736 2.210216 2.789696 960.136960
 29.000000 -0.765357 2.180414 11.085725 1330.684529
 29.200000 -0.630481 2.130016 6.298919 1239.449048
 29.400000 -0.590324 1.780825 4.890429 1210.574532
 29.600000 -0.814335 2.007736 12.889372 1428.232370
 29.800000 -1.122769 2.149754 24.021828 781.774446
 30.000000 -1.058447 2.507791 22.050445 1093.287904
 30.200000 -0.862235 2.418455 14.724160 1496.374144
 30.400000 -0.864091 1.870128 14.795999 1498.369922
 30.600000 -0.630045 1.534678 6.293723 1252.342155
 30.800000 -1.360874 1.593216 27.358964 0.448295
 31.000000 -1.476117 0.777152 26.586892 145.234742
 31.200000 -0.820676 0.218810 13.150162 1414.003528
 31.400000 -0.624049 -0.138337 6.095088 1269.009171
 31.600000 -0.550443 -0.314850 3.513479 1137.082774
 31.800000 -0.716506 0.070251 9.368287 1249.321701
 32.000000 -1.213902 0.527021 26.090584 326.467118
 32.200000 -1.494801 1.124082 26.290097 181.642510
 32.400000 -1.572587 1.270898 25.093834 271.246168
 32.600000 -0.903390 0.484500 16.327135 1468.643857
 32.800000 -0.712459 -0.135509 9.266608 1249.967758
 33.000000 -0.738537 -0.143821 10.190780 1264.855539
 33.200000 -0.832769 -0.034646 13.662149 1402.576563
 33.400000 -0.762220 0.433566 11.075583 1288.377649
 33.600000 -1.585304 1.344014 24.865600 274.317043
 33.800000 -1.788603 1.246410 22.662909 11.366438
 34.000000 -0.857478 0.533929 14.592991 1433.653487
 34.200000 -1.270976 0.470889 26.871041 112.463861
 34.400000 -1.081841 0.623735 22.674184 982.450100
 34.600000 -1.329804 1.243977 27.264606 8.340381
 34.800000 -1.582012 1.152934 24.913663 277.203970
 35.000000 -1.030715 0.692527 20.994272 1170.444659
 35.200000 -1.147845 0.521841 24.576299 674.545687
 35.400000 -1.093210 0.650786 23.022948 937.422121
 35.600000 -1.730670 1.069094 22.923616 59.044454
 35.800000 -1.420903 1.143451 27.046293 51.576288
 36.000000 -1.185400 0.943656 25.476226 476.625401
 36.200000 -1.740973 1.010431 22.829557 47.696078
 36.400000 -0.949401 0.818433 18.099652 1355.191684
 36.600000 -1.146809 1.032429 24.561413 678.637675
 36.800000 -1.449195 1.134179 26.807594 94.423252
 37.000000 -0.978661 0.618639 19.166835 1302.442832
 37.200000 -1.214774 0.489767 26.085831 322.313799
 37.400000 -1.170478 0.857219 25.165659 550.771753
 37.600000 -1.151604 1.361864 24.702779 652.743222
 37.800000 -0.973697 0.959639 19.000332 1309.540477
 38.000000 -1.153868 0.729449 24.760344 640.568781
 38.200000 -1.289752 0.790380 27.062377 58.847507
 38.400000 -1.043686 0.882717 21.488489 1136.810104
 38.600000 -1.737055 0.973714 22.830023 56.389091
 38.800000 -1.163111 0.923823 25.023762 584.181493
 39.000000 -1.481312 0.962430 26.470693 150.630268
 39.200000 -1.776434 1.163609 22.580798 19.796323
 39.400000 -0.904367 0.722085 16.498441 1388.053893
 39.600000 -1.248579 0.687331 26.664032 165.739523
 39.800000 -1.662473 0.908671 23.638814 201.539336
 40.000000 -1.159216 1.112340 24.979410 600.628797
 40.200000 -1.191699 1.553517 25.757970 415.546436
 40.400000 -1.246564 1.547487 26.672002 165.993706
 40.600000 -1.504972 1.116299 26.188360 190.798524
 40.800000 -1.509267 0.590897 26.128395 199.084910
 41.000000 -1.094656 0.697397 23.228316 952.465598
 41.200000 -0.946158 0.809643 18.107757 1368.933638
 41.400000 -1.129786 1.057491 24.314027 768.166068
 41.600000 -1.082151 1.039776 22.887460 1019.236055
 41.800000 -1.499988 0.921501 26.275555 177.515946
 42.000000 -1.312699 0.523134 27.251195 16.481560
 42.200000 -0.905593 0.608555 16.629805 1390.961783
 42.400000 -1.758858 1.048014 22.650313 41.900210
 42.600000 -1.597952 1.059946 24.740258 297.997522
 42.800000 -0.561184 0.702511 3.879531 1412.836039
 43.000000 -1.612999 0.871398 24.481657 291.349645
 43.200000 -1.700914 0.890389 23.187881 141.313547
 43.400000 -0.724963 0.841183 10.045378 1315.181444
 43.600000 -0.997315 1.320960 20.067212 1328.198116
 43.800000 -0.864312 1.575690 15.122904 1376.838407
 44.000000 -0.983908 1.628821 19.576395 1351.380880
 44.200000 -0.874647 1.481191 15.541358 1390.391836
 44.400000 -1.807188 1.285599 22.401108 12.752068
 44.600000 -1.293504 0.465123 27.236786 32.246079
 44.800000 -0.902016 0.424240 16.564810 1404.787638
 45.000000 -0.773296 0.025954 11.819335 1313.087621
 45.200000 -0.714800 -0.050779 9.721797 1345.396428
 45.400000 -0.687478 -0.125916 8.712720 1385.505804
 45.600000 -0.789258 -0.070674 12.433084 1327.932626
 45.800000 -0.779223 0.075678 12.067739 1323.338752
 46.000000 -0.905708 0.499060 16.746373 1410.807349
 46.200000 -1.357314 0.759399 27.403118 1.707809
 46.400000 -1.616809 1.250950 24.539328 293.406208
 46.600000 -1.121752 1.262656 24.391061 807.077678
 46.800000 -1.843813 1.129364 22.266297 4.117998
 47.000000 -1.126597 0.674153 24.527369 775.938078
 47.200000 -1.137203 0.650931 24.868108 703.786865
 47.400000 -1.123527 0.428431 24.493970 793.278071
 47.600000 -1.682231 1.035008 23.520984 205.517076
 47.800000 -1.100600 1.269957 23.819436 937.131751
 48.000000 -0.789898 1.047744 12.541363 1342.627583
 48.200000 -1.108266 1.030349 24.105522 886.561408
 48.400000 -1.628359 0.856380 24.411587 292.211311
 48.600000 -1.119799 0.751736 24.441718 813.053641
 48.800000 -1.374478 0.933610 27.405693 8.253489
 49.000000 -1.491416 1.214871 26.545669 139.399277
 49.200000 -1.355226 0.838693 27.469514 1.815885
 49.400000 -0.779490 0.397298 12.245646 1355.350624
 49.600000 -1.807388 0.646830 22.338853 24.005663
 49.800000 -1.291502 1.310181 27.364960 24.796180
 50.000000 -0.933651 1.341698 18.006425 1423.913700
 50.200000 -0.777131 1.381183 12.200998 1363.456978
 50.400000 -1.834752 1.580569 22.211176 11.492755
 50.600000 -1.775834 1.189275 22.531410 58.810867
 50.800000 -0.793299 0.590780 12.798438 1367.859785
 51.000000 -1.038445 0.424038 21.930766 1237.550288
 51.200000 -1.054048 0.295549 22.526759 1169.174404
 51.400000 -0.672061 0.270313 8.300378 1492.911514
 51.600000 -1.433887 0.561500 27.178664 51.877015
 51.800000 -1.771332 1.111593 22.571577 70.748120
 52.000000 -1.196319 1.345571 26.375568 318.300882
 52.200000 -1.040218 0.928894 22.106982 1221.293061
 52.400000 -1.539883 0.591721 26.053267 212.509542
 52.600000 -1.650382 0.901302 24.209279 291.116252
 52.800000 -0.681444 0.966642 8.690809 1484.019433
 53.000000 -1.195531 1.320893 26.401750 317.914275
 53.200000 -1.589027 1.006295 25.324045 285.555588
 53.400000 -0.889065 0.192084 16.547145 1446.708204
 53.600000 -0.470767 -0.314907 0.629818 888.712952
 53.800000 -0.877498 -0.529818 16.107431 1443.357713
 54.000000 -0.506893 -0.144517 1.812983 1263.123075
 54.200000 -0.433468 0.197438 -0.010432 2.348749
 54.400000 -1.368729 0.671314 27.567795 6.509232
 54.600000 -1.971123 1.219404 22.198842 25.771912
 54.800000 -0.656463 1.067459 7.771057 1567.208800
 55.000000 -1.447044 1.173858 27.162731 59.671707
 55.200000 -1.823378 0.903706 22.195497 30.160152
 55.400000 -1.502339 0.497643 26.668635 129.033436
 55.600000 -0.832386 0.714679 14.500051 1440.196057
 55.800000 -1.834047 1.151921 22.141482 21.512128
 56.000000 -1.742723 1.390358 22.917921 155.599958
 56.200000 -0.806480 1.093293 13.565463 1431.370473
 56.400000 -1.472594 0.857573 27.006266 82.100580
 56.600000 -1.770277 0.815729 22.623201 108.728387
 56.800000 -1.317322 0.647289 27.640801 2.553375
 57.000000 -0.629428 0.584304 6.745987 1662.622740
 57.200000 -1.544241 1.182036 26.227331 192.766643
 57.400000 -1.415011 1.166258 27.445214 28.631637
 57.600000 -0.762341 0.715828 11.943900 1422.222596
 57.800000 -1.684068 0.939197 23.870377 291.066565
 58.000000 -1.041998 0.834879 22.452645 1178.150576
 58.200000 -0.479425 0.701037 0.822927 1064.463088
 58.400000 -0.830729 1.230025 14.581694 1461.515823
 58.600000 -1.524145 1.497425 26.541232 150.048105
 58.800000 -1.187887 0.632045 26.486153 332.399998
 59.000000 -0.839783 0.018673 14.928186 1467.422020
 59.200000 -0.483082 -0.365526 0.930601 1126.438892
 59.400000 -1.019457 -0.316557 21.768923 1254.754958
 59.600000 -0.960323 0.267507 19.601712 1415.405651
 59.800000 -0.913697 0.686597 17.826221 1475.792957
 60.000000 -1.484307 1.413231 27.013740 84.426315
 60.200000 -1.564750 1.152687 26.092529 223.327592
 60.400000 -1.418380 0.816381 27.511866 26.035316
 60.600000 -1.365701 0.971484 27.706568 4.867667
 60.800000 -1.935546 1.117013 21.982532 4.253769
 61.000000 -1.354158 1.053657 27.727795 2.135324
 61.200000 -1.285101 0.964152 27.664081 22.006325
 61.400000 -1.827853 0.898085 22.193043 42.185587
 61.600000 -1.048607 1.089440 22.879545 1121.772486
 61.800000 -1.304514 1.485462 27.734747 6.939613
 62.000000 -1.729825 0.926225 23.279188 238.352081
 62.200000 -1.591743 0.644629 25.781852 278.101941
 62.400000 -0.763720 0.392218 12.202632 1460.331695
 62.600000 -0.968417 0.124986 20.075062 1393.382143
 62.800000 -0.795458 0.055970 13.417580 1473.278490
 63.000000 -0.468721 -0.020682 0.427375 1078.662034
 63.200000 -0.624229 -0.233266 6.719851 1772.985670
 63.400000 -0.441870 -0.068832 -0.010399 3.252703
 63.600000 -0.672225 -0.016126 8.691063 1602.918749
 63.800000 -0.857958 0.026406 15.883632 1516.962915
 64.000000 -0.761279 0.290577 12.150143 1466.550358
 64.200000 -0.820864 0.405299 14.493006 1506.747198
 64.400000 -1.498627 1.018586 27.113076 86.360970
 64.600000 -1.094949 1.319008 24.481585 859.083818
 64.800000 -0.791849 1.255438 13.370662 1485.673675
 65.000000 -0.976364 0.799512 20.481590 1365.062792
 65.200000 -1.567030 0.733769 26.343863 221.086571
 65.400000 -1.274007 0.878806 27.723485 33.620764
 65.600000 -1.048258 1.258325 23.068824 1094.100212
 65.800000 -1.234046 1.105033 27.391520 120.132889
 66.000000 -1.293485 0.604220 27.815056 13.325695
 66.200000 -0.421930 0.101595 -0.000157 0.000831
 66.400000 -0.640830 -0.238480 7.527356 1736.200921
 66.600000 -0.733245 -0.501178 11.206186 1491.128082
 66.800000 -0.669451 -0.336561 8.700269 1625.936138
 67.000000 -0.694532 0.125598 9.699178 1551.044513
 67.200000 -1.540271 0.887225 26.821219 157.702493
 67.400000 -1.366879 1.589587 27.927373 3.017285
 67.600000 -0.506924 1.726480 1.811628 1601.619882
 67.800000 -0.908829 2.453915 18.098552 1510.007161
 68.000000 -0.950958 2.479324 19.714317 1424.632657
 68.200000 -0.480994 1.770829 0.830639 1309.438363
 68.400000 -0.436303 1.541297 -0.002102 0.190414
 68.600000 -0.846651 1.649252 15.717016 1553.933578
 68.800000 -0.754466 1.679735 12.118314 1493.204177
 69.000000 -0.664133 1.524420 8.574198 1649.828145
 69.200000 -0.766327 1.959208 12.629403 1505.329168
 69.400000 -0.772459 2.273114 12.867450 1509.550895
 69.600000 -0.567182 2.282240 4.458622 1983.952645
 69.800000 -0.422127 1.600291 -0.000108 0.000434
 70.000000 -0.945707 1.483055 19.639603 1428.574646
 70.200000 -1.295407 1.020214 27.969813 12.503755
 70.400000 -1.772969 0.369550 22.787720 198.145434
 70.600000 -1.789668 0.486947 22.567281 151.659166
 70.800000 -1.661124 0.780719 24.849115 428.024707
 71.000000 -0.885990 1.110277 17.399608 1542.715512
 71.200000 -0.713366 1.513488 10.684206 1523.825099
 71.400000 -0.564534 2.032509 4.430800 2024.456414
 71.600000 -1.030842 2.409774 22.795201 1112.044425
 71.800000 -0.777056 2.284479 13.163497 1529.690098
 72.000000 -0.419299 1.823312 -0.000050 0.000096
 72.200000 -0.796346 1.367399 13.983707 1555.907845
 72.400000 -1.398857 0.957242 28.021147 6.589269
 72.600000 -1.578571 0.426248 26.512334 269.064159
 72.800000 -1.821908 0.624632 22.231419 85.995553
 73.000000 -1.808829 1.209842 22.361742 113.610977
 73.200000 -0.983074 1.202580 21.247931 1264.980410
 73.400000 -1.023358 1.415455 22.639396 1118.937679
 73.600000 -1.511186 1.107969 27.436032 93.142723
 73.800000 -1.036822 0.244012 23.084382 1065.386455
 74.000000 -0.646670 -0.174097 8.125954 1725.181539
 74.200000 -0.623032 -0.458397 7.181383 1847.881902
 74.400000 -0.425912 -0.324479 -0.000152 0.001116
 74.600000 -0.462113 0.140488 0.200644 1462.199334
 74.800000 -1.420899 0.747440 28.024600 10.678081
 75.000000 -1.331400 1.204821 28.146261 0.653383
 75.200000 -0.693654 1.069760 10.133226 1556.629501
 75.400000 -1.067841 1.185240 24.145780 912.738515
 75.600000 -1.585900 1.018412 26.520126 297.703063
 75.800000 -0.967757 0.475263 20.810887 1294.114451
 76.000000 -1.059730 0.243261 23.898286 949.084814
 76.200000 -0.399182 -0.100993 -0.000001 0.000000
 76.400000 -0.483611 -0.212308 1.065799 1629.104949
 76.600000 -0.416510 -0.327408 -0.000018 0.000013
 76.800000 -0.750534 -0.159378 12.413545 1533.912501
 77.000000 -0.366064 -0.081170 -0.000000 0.000000
 77.200000 -0.755022 -0.054226 12.646494 1540.113108
 77.400000 -0.713377 -0.270015 11.019620 1523.815385
 77.600000 -0.434734 -0.570285 -0.001107 0.072233
 77.800000 -0.489649 -0.347012 1.344147 1756.031014
 78.000000 -0.359290 -0.004391 -0.000000 0.000000
 78.200000 -1.233458 0.297896 27.758783 110.668516
 78.400000 -1.269662 0.785808 28.058471 38.103551
 78.600000 -1.718838 1.477607 23.879601 408.750517
 78.800000 -1.317573 1.288597 28.245405 3.786236
 79.000000 -0.862279 0.452272 16.979446 1579.123832
 79.200000 -1.142786 0.212461 26.278960 509.112025
 79.400000 -0.480636 0.296082 1.034196 1719.347235
 79.600000 -0.448345 0.206725 -0.024637 8.437434
 79.800000 -1.125196 0.056075 25.864173 603.514102
 80.000000 -0.566996 -0.132870 4.983178 2176.823870
 80.200000 0.506666 -0.684788 -0.000000 0.000000
