#! FIELDS time phi psi ves.bias ves.force2
#! SET min_phi -pi
#! SET max_phi pi
#! SET min_psi -pi
#! SET max_psi pi
 0.000000 -1.498385 0.273949 25.037724 141.910265
 0.200000 -1.020926 0.889189 19.693615 1050.380995
 0.400000 -1.513017 1.570327 24.858519 158.092176
 0.600000 -1.631748 1.114065 23.124234 250.114174
 0.800000 -0.758948 0.284860 9.620119 1634.967482
 1.000000 -0.506839 -0.580561 -0.000079 0.000372
 1.200000 -0.633914 -0.644379 4.296602 2130.672754
 1.400000 -1.205712 0.436222 24.405407 384.052818
 1.600000 -1.056337 1.666539 20.939632 785.493384
 1.800000 -0.458769 2.028429 -0.000000 0.000000
 2.000000 -0.795648 2.630016 11.036379 1509.450308
 2.200000 -0.606111 1.706785 3.167786 2136.177434
 2.400000 -0.473507 0.727373 -0.000000 0.000000
 2.600000 -1.537913 0.365484 24.753248 147.472038
 2.800000 -1.610840 0.568225 23.737217 249.500361
 3.000000 -0.999691 1.158438 19.286488 1164.559214
 3.200000 -1.054997 1.577763 21.020874 761.593115
 3.400000 -0.588041 2.446890 2.476153 2104.790025
 3.600000 -0.808252 2.209172 11.707579 1493.776888
 3.800000 -0.861459 1.767438 13.833014 1698.012028
 4.000000 -1.576860 0.880812 24.276064 199.980152
 4.200000 -1.407540 0.112591 25.963626 29.577717
 4.400000 -1.473986 0.631941 25.471864 80.074617
 4.600000 -0.976301 1.457310 18.576272 1295.534430
 4.800000 -0.525109 1.937075 -0.019223 88.122728
 5.000000 -0.507894 2.289751 -0.000965 0.071041
 5.200000 -1.488992 2.026679 25.448117 88.371945
 5.400000 -1.851077 1.320240 20.983781 0.887688
 5.600000 -1.074336 0.354169 21.577088 635.627622
 5.800000 -0.520720 -0.255980 -0.027541 2.080221
 6.000000 -0.791203 -0.522963 11.276168 1450.286143
 6.200000 -0.537413 -0.301500 0.645256 1731.913498
 6.400000 -0.692449 0.161961 7.575793 1628.698598
 6.600000 -1.319331 0.703465 26.054793 35.571690
 6.800000 -2.150419 1.661673 22.021823 68.925371
 7.000000 -1.624564 2.839091 23.597063 360.522474
 7.200000 -2.285351 -3.080154 23.037452 33.470041
 7.400000 3.055513 2.127271 5.474063 3332.111935
 7.600000 -2.133067 2.988196 21.865060 59.469983
 7.800000 -1.912918 2.928415 21.130373 4.768134
 8.000000 -2.416494 1.996784 23.703813 25.869214
 8.200000 -1.842703 2.202598 21.049688 0.164064
 8.400000 -1.696601 2.827576 22.232610 299.149953
 8.600000 -2.691751 2.672613 23.345519 87.834386
 8.800000 -3.004074 2.828109 15.750702 1223.645294
 9.000000 -2.318608 3.076154 23.191739 24.601296
 9.200000 -2.721295 2.000515 23.006018 130.128871
 9.400000 -2.184337 2.205247 22.293024 69.579149
 9.600000 -1.578002 2.797165 24.470648 284.438679
 9.800000 -2.471049 2.656844 23.926557 14.904665
 10.000000 2.982913 2.543594 1.519609 2150.554845
 10.200000 -2.449165 -2.786828 23.846720 19.064969
 10.400000 -2.931106 2.394950 18.182589 1096.866898
 10.600000 -2.841111 2.234756 20.865975 634.564985
 10.800000 -2.314286 -3.111945 23.194527 26.051603
 11.000000 -2.223673 3.065644 22.625962 58.868962
 11.200000 -2.750527 2.141532 22.623811 197.282853
 11.400000 -2.149953 2.848920 22.050147 64.645625
 11.600000 -1.954344 3.086211 21.324575 1.615367
 11.800000 -2.233783 2.045206 22.726831 53.055454
 12.000000 -2.055985 2.144744 21.491905 11.018237
 12.200000 -1.087025 2.745350 21.731223 545.330021
 12.400000 -0.503319 2.119550 -0.004786 1.712777
 12.600000 -1.042335 1.122077 20.633561 682.785905
 12.800000 -1.594347 0.137799 24.186275 326.206943
 13.000000 -2.004890 -0.130934 21.412406 1.681439
 13.200000 -1.829308 0.404433 21.176249 0.003771
 13.400000 -0.818668 0.969214 12.525546 1530.879555
 13.600000 -0.759483 1.803645 10.293726 1346.098411
 13.800000 -0.792676 2.521265 11.526410 1427.006042
 14.000000 -0.897933 2.456405 15.729230 1636.458300
 14.200000 -0.527273 1.551799 0.492195 1760.646797
 14.400000 -0.751998 0.920307 10.029093 1355.032553
 14.600000 -1.618287 0.526504 23.736467 372.232437
 14.800000 -1.979683 0.640751 21.429478 0.970514
 15.000000 -0.984918 0.684512 18.955327 1026.843103
 15.200000 -0.560954 1.170193 1.985413 2068.042493
 15.400000 -0.751769 2.207884 10.044820 1366.537720
 15.600000 -1.188326 2.580725 23.900481 425.829224
 15.800000 -1.561898 2.605556 24.732849 237.632983
 16.000000 -2.587591 1.814679 24.012891 13.480413
 16.200000 -2.921898 2.573153 18.356455 1069.164847
 16.400000 3.092027 -2.950093 7.264155 3191.499598
 16.600000 2.996397 2.940456 1.998705 2348.657461
 16.800000 -1.888685 2.392221 21.343882 4.380064
 17.000000 -0.621070 1.987369 4.807517 2070.991621
 17.200000 -0.691854 1.465229 7.830610 1534.455564
 17.400000 -1.033284 1.346188 20.334663 674.567810
 17.600000 -1.832234 0.757770 21.272851 0.108153
 17.800000 -0.655911 0.041431 6.366864 1797.242540
 18.000000 -0.838187 -0.131739 13.410233 1618.609438
 18.200000 -0.626042 -0.176827 5.100760 2025.482249
 18.400000 -0.908209 0.043105 16.253534 1529.796490
 18.600000 -0.526419 0.227329 0.582841 1748.111766
 18.800000 -1.100645 0.293358 21.928853 506.660654
 19.000000 -1.124780 0.503444 22.468239 493.785394
 19.200000 -1.387608 1.238658 26.024307 0.211306
 19.400000 -1.647516 1.536134 23.186937 356.989103
 19.600000 -1.340300 1.399051 25.932729 20.838227
 19.800000 -1.075177 0.607268 21.339528 530.171031
 20.000000 -1.136839 0.207958 22.720834 487.144380
 20.200000 -1.143765 0.464572 22.878883 485.123181
 20.400000 -0.689276 1.004851 7.867515 1535.710370
 20.600000 -1.684858 1.452066 22.528450 284.700338
 20.800000 -1.701813 1.187773 22.254948 234.775669
 21.000000 -1.180649 0.776439 23.680211 451.946757
 21.200000 -1.089265 0.745814 21.678919 505.907151
 21.400000 -1.581178 1.058897 24.402900 264.266697
 21.600000 -1.050055 1.113650 20.771797 578.506285
 21.800000 -1.405374 0.867910 26.004388 5.223930
 22.000000 -1.311320 0.724496 25.769847 66.516964
 22.200000 -1.284454 0.932019 25.539998 135.670569
 22.400000 -1.377383 1.305440 26.052221 0.000056
 22.600000 -1.316668 1.000154 25.844015 52.296878
 22.800000 -1.354679 0.642799 26.025218 5.918084
 23.000000 -1.343222 1.010436 25.989636 14.387059
 23.200000 -1.036987 1.533482 20.502778 633.111513
 23.400000 -1.016762 1.854244 19.977333 722.120499
 23.600000 -0.647951 2.116006 6.263041 1863.711907
 23.800000 -1.098552 2.127603 21.956911 516.180786
 24.000000 -0.801806 1.923971 12.197076 1481.651866
 24.200000 -0.590261 1.704356 3.665047 2216.956060
 24.400000 -0.545597 1.981948 1.588020 2021.101603
 24.600000 -1.445103 2.107049 25.893671 33.583736
 24.800000 -2.602087 2.487447 23.736473 21.913977
 25.000000 2.987494 -3.124593 1.388705 2015.925449
 25.200000 3.003276 2.829767 2.101706 2376.007092
 25.400000 -2.787172 2.531026 21.753663 368.983682
 25.600000 -2.221540 2.894207 22.594131 43.422980
 25.800000 -2.356789 2.533781 23.305197 22.430119
 26.000000 -2.543688 2.601775 23.879943 1.498213
 26.200000 -2.891674 2.863663 19.041099 964.112924
 26.400000 2.970583 2.801979 0.633651 1606.975871
 26.600000 -2.849558 2.800607 20.273205 737.352478
 26.800000 -2.675740 2.804223 23.186175 72.597960
 27.000000 -2.857250 2.606313 20.061051 783.879509
 27.200000 -2.842656 2.893368 20.445393 695.430573
 27.400000 -3.080715 2.949781 12.421163 1697.968083
 27.600000 -2.819422 2.894756 21.024457 548.856043
 27.800000 -2.578861 2.697773 23.759428 13.056203
 28.000000 -2.427665 2.759478 23.605669 21.374590
 28.200000 -2.886167 2.604608 19.191569 955.635156
 28.400000 -3.139981 2.930212 9.704505 2530.003891
 28.600000 3.045934 2.804097 4.340318 3119.595426
 28.800000 -2.870694 2.743561 19.659797 874.066355
 29.000000 -3.067655 2.985950 12.929648 1551.256768
 29.200000 3.125249 2.776808 8.795629 2792.148733
 29.400000 -3.110458 2.957874 11.129887 2052.787002
 29.600000 -2.927898 2.790493 17.842642 1110.784741
 29.800000 3.076851 2.731486 6.113418 3252.075697
 30.000000 -3.104987 -3.068621 11.375329 1973.807031
 30.200000 3.087468 2.854373 6.762955 3218.705967
 30.400000 -2.676840 2.730779 23.152737 69.296598
 30.600000 -2.559587 2.849230 23.796813 5.508596
 30.800000 -2.717874 2.789611 22.757935 123.858006
 31.000000 -3.103451 2.897215 11.478500 1927.521439
 31.200000 2.947429 2.892188 -0.024632 8.103496
 31.400000 -2.953758 2.830166 16.981954 1146.274446
 31.600000 -2.925187 2.837390 17.943160 1110.581276
 31.800000 2.975556 2.888625 0.872625 1789.273603
 32.000000 -2.936324 3.000857 17.570344 1129.524830
 32.200000 -3.056964 2.597772 13.425113 1374.936508
 32.400000 3.049938 2.754608 4.729674 3260.542365
 32.600000 -2.852465 -3.105703 20.225367 776.064628
 32.800000 -3.082547 2.438482 12.440158 1607.811915
 33.000000 -2.845475 2.819991 20.417128 729.177830
 33.200000 2.966836 2.867732 0.569891 1702.694295
 33.400000 -3.057295 2.708507 13.461836 1354.294571
 33.600000 -2.686597 2.751473 23.083507 76.115015
 33.800000 3.108391 2.764952 8.135688 2999.988386
 34.000000 -3.079080 3.068905 12.634632 1542.848047
 34.200000 -2.837708 2.636262 20.680945 660.491027
 34.400000 -2.775320 2.329290 22.007499 284.428185
 34.600000 -2.274495 3.109610 22.642513 21.717346
 34.800000 -2.994142 2.480377 15.702213 1141.272264
 35.000000 -2.600688 2.956014 23.655818 21.711859
 35.200000 -3.030377 2.823350 14.519760 1177.957275
 35.400000 2.973030 2.523229 0.914894 1931.811469
 35.600000 -2.171600 2.813433 22.011472 51.244748
 35.800000 -1.837210 2.584214 21.081261 3.625614
 36.000000 -2.139140 2.181276 21.774815 53.177909
 36.200000 -2.084118 2.754039 21.379584 32.629624
 36.400000 -2.621407 3.055930 23.553669 31.701196
 36.600000 2.910054 2.551090 -0.000009 0.000003
 36.800000 -1.850382 2.973699 21.035456 1.402958
 37.000000 -1.650505 2.133637 23.103820 332.569375
 37.200000 -1.985374 1.235039 21.038418 1.245514
 37.400000 -0.844216 0.324679 13.965752 1543.053676
 37.600000 -0.484859 -0.363282 -0.000614 0.031079
 37.800000 -0.981086 -0.397194 18.973322 969.612326
 38.000000 -0.779916 0.134505 11.493808 1400.964711
 38.200000 -0.571372 0.844737 2.898964 2159.546505
 38.400000 -1.250803 1.574521 25.494591 202.652092
 38.600000 -2.023204 1.707140 21.086385 6.330568
 38.800000 -1.983845 2.098051 21.019672 1.035234
 39.000000 -1.951841 2.730768 20.997565 0.207690
 39.200000 -2.587996 2.916208 23.708844 13.358701
 39.400000 3.108320 2.625958 8.624263 2977.902609
 39.600000 -2.721341 3.110578 22.789250 105.634923
 39.800000 -2.814644 2.585064 21.363763 462.476523
 40.000000 -2.805917 2.710920 21.545770 408.349558
 40.200000 -2.649850 3.101396 23.383524 43.670021
 40.400000 3.040446 2.500377 4.732468 3509.051185
 40.600000 -2.986394 2.897991 16.219715 1100.843948
 40.800000 -2.801296 3.023329 21.659395 374.989472
 41.000000 -3.049408 2.373309 14.114348 1188.199776
 41.200000 -2.184312 2.994004 21.969280 46.153707
 41.400000 -2.282316 2.760906 22.496752 18.584839
 41.600000 -2.603618 2.285510 23.640808 18.957358
 41.800000 -2.269511 2.952949 22.440873 19.671455
 42.000000 -2.411596 2.866023 23.191391 45.854801
 42.200000 -2.717583 2.475076 22.866696 92.052809
 42.400000 -2.433984 2.984412 23.327154 44.810395
 42.600000 -2.598808 2.766195 23.662279 15.652528
 42.800000 -2.843202 2.628262 20.788845 634.989474
 43.000000 -3.103007 3.087787 12.235424 1667.104058
 43.200000 3.008158 2.885229 2.990093 3149.328015
 43.400000 -2.591806 2.740470 23.692764 11.584453
 43.600000 -2.106617 2.521445 21.390138 43.498250
 43.800000 -1.916832 2.556971 20.918186 0.087081
 44.000000 -2.145071 2.527310 21.663118 54.694232
 44.200000 -2.426094 2.868115 23.268124 45.232872
 44.400000 2.908236 2.992353 -0.000010 0.000005
 44.600000 3.119014 2.708862 9.483963 2790.204802
 44.800000 -2.327251 2.883730 22.682198 21.958651
 45.000000 -1.928861 2.599076 20.913246 0.113693
 45.200000 -1.809042 2.264607 20.986844 14.615199
 45.400000 -1.999262 2.060684 20.950575 1.826819
 45.600000 -1.696652 2.527288 22.131199 263.916196
 45.800000 -2.655588 2.810151 23.392403 38.165364
 46.000000 2.956102 3.072570 0.447073 1933.185375
 46.200000 -3.018606 2.892712 15.433787 1079.843315
 46.400000 -2.307081 2.591781 22.588116 19.949515
 46.600000 -1.771532 2.388165 21.196120 61.400595
 46.800000 -1.977788 2.372736 20.930219 0.541307
 47.000000 -2.374244 2.788531 22.933090 36.257171
 47.200000 -3.064481 2.960115 13.925529 1235.064213
 47.400000 2.877626 2.718886 -0.000000 0.000000
 47.600000 -2.809658 2.835948 21.704465 386.206089
 47.800000 -2.354921 2.771884 22.828280 30.707761
 48.000000 -2.346858 2.297531 22.784490 28.326552
 48.200000 -1.912014 2.689936 20.902743 0.196190
 48.400000 -2.271073 2.523876 22.425461 23.463398
 48.600000 -2.695274 2.822423 23.148758 55.394106
 48.800000 3.011278 2.983572 3.373518 3359.002367
 49.000000 -3.086862 2.886251 13.154041 1419.741681
 49.200000 -2.293377 2.861679 22.537058 23.603557
 49.400000 -1.888358 2.318881 20.895316 0.136567
 49.600000 -1.789996 2.189219 21.062268 29.874767
 49.800000 -2.124450 2.268783 21.474018 47.762047
 50.000000 -2.664017 2.949860 23.368236 37.154018
 50.200000 2.942625 2.962998 0.016085 628.177992
 50.400000 -2.546573 2.848460 23.803385 0.051100
 50.600000 -1.869945 2.344457 20.901138 0.004937
 50.800000 -1.843211 2.354688 20.911491 0.943406
 51.000000 -2.192574 2.657018 21.959046 48.393390
 51.200000 -3.036676 2.851756 15.006562 1082.421167
 51.400000 -3.054559 3.074449 14.410631 1146.023085
 51.600000 -3.068649 2.809016 13.925544 1230.034889
 51.800000 -2.094734 2.631746 21.284994 31.614727
 52.000000 -1.735789 2.446097 21.527108 133.120625
 52.200000 -1.983537 2.179051 20.975395 0.554451
 52.400000 -2.244432 2.836408 22.290059 33.955943
 52.600000 -2.823744 2.836461 21.531031 460.125060
 52.800000 3.030177 2.788697 4.675645 3703.723101
 53.000000 -2.807265 2.824981 21.863231 356.146165
 53.200000 -2.153826 2.761959 21.684257 50.838796
 53.400000 -2.113103 2.116405 21.408315 38.780143
 53.600000 -1.847091 2.565973 20.934787 0.461690
 53.800000 -2.201003 2.853590 22.017806 46.299957
 54.000000 2.960190 2.566222 0.856819 2147.253647
 54.200000 -2.605248 -3.071960 23.695130 15.866270
 54.400000 -2.012172 2.522617 21.035502 2.517056
 54.600000 -1.722569 1.079934 21.686670 156.132524
 54.800000 -0.492583 -0.573945 -0.007755 3.538383
 55.000000 0.328257 -1.399719 -0.000000 0.000000
