#! FIELDS time phi psi ves.bias ves.force2
#! SET min_phi -pi
#! SET max_phi pi
#! SET min_psi -pi
#! SET max_psi pi
 0.000000 -1.498385 0.273949 25.037724 141.910265
 0.200000 -0.983342 0.979275 18.409664 1284.536307
 0.400000 -1.424747 1.587776 25.758168 51.033267
 0.600000 -1.361486 1.023449 26.000000 0.000050
 0.800000 -0.853120 0.223379 13.343253 1570.627187
 1.000000 -0.560112 -0.620365 0.849678 1547.128431
 1.200000 -0.667978 -0.527201 5.672791 2018.322035
 1.400000 -0.622725 0.401802 3.615879 2066.329763
 1.600000 -0.896483 1.339694 15.209906 1739.656018
 1.800000 -1.476247 2.168383 25.618660 171.225929
 2.000000 -2.395302 2.746760 23.943120 24.420868
 2.200000 2.982370 2.993309 1.752825 2334.947369
 2.400000 -2.859038 2.707622 20.745433 735.455957
 2.600000 -2.631411 2.698549 24.118809 31.980086
 2.800000 -2.686473 2.931089 23.715492 81.929557
 3.000000 -2.983068 2.880798 16.790493 1199.845717
 3.200000 -2.983088 2.853249 16.919211 1242.966897
 3.400000 -2.433521 2.910142 24.057584 22.549971
 3.600000 -2.389147 2.406911 23.841555 24.312313
 3.800000 -1.941869 2.522370 21.343887 9.080671
 4.000000 -1.811573 2.927511 21.067225 1.465286
 4.200000 -2.849929 2.228465 21.150904 619.601967
 4.400000 -3.078985 3.028280 13.321097 1773.119124
 4.600000 3.106678 2.981318 8.607210 2991.031906
 4.800000 3.036680 2.510953 4.633665 3213.266440
 5.000000 -2.840509 2.847254 21.380250 566.450959
 5.200000 -3.053384 2.890001 14.465828 1563.286997
 5.400000 -3.032486 2.732552 15.276323 1450.865329
 5.600000 -2.920732 2.909730 19.202924 1004.964333
 5.800000 -3.039438 2.762943 15.010042 1484.692674
 6.000000 -2.988129 2.927205 16.913403 1283.430731
 6.200000 -2.750546 2.909380 23.076065 180.195295
 6.400000 -3.105754 2.618435 12.399689 2059.141282
 6.600000 -2.758739 3.044478 22.963799 195.669503
 6.800000 -3.124844 2.701513 11.509792 2293.482521
 7.000000 -3.094334 2.775698 12.909932 1935.938282
 7.200000 -2.904002 3.025379 20.085360 811.470442
 7.400000 3.017587 2.587423 3.810083 3179.549714
 7.600000 3.096571 2.961189 8.398466 3222.253070
 7.800000 -2.824469 3.078780 21.970504 359.339221
 8.000000 -2.608414 2.511516 24.372326 19.661119
 8.200000 -1.992385 2.720111 21.333956 5.255651
 8.400000 -1.838066 2.645131 20.931972 1.228538
 8.600000 -1.848790 2.316115 20.947480 3.104653
 8.800000 -2.115540 2.608440 21.858015 54.890861
 9.000000 -2.158207 2.785119 22.216104 83.937740
 9.200000 -2.923315 2.597605 19.869652 861.289602
 9.400000 3.130999 2.866333 10.574306 2901.198250
 9.600000 -2.953279 2.982215 18.940212 1062.950979
 9.800000 -2.667285 2.389819 23.966208 62.024510
 10.000000 -2.236604 2.568723 22.945709 64.210001
 10.200000 -1.784355 2.808036 20.960429 12.365470
 10.400000 -2.420840 2.328970 23.911810 25.441239
 10.600000 -2.650672 2.703921 24.095388 46.176972
 10.800000 -2.927971 -3.111251 19.869838 880.236101
 11.000000 2.986625 2.779147 2.292877 2757.224881
 11.200000 2.973725 2.693778 1.686363 2464.632615
 11.400000 -2.712991 -3.089669 23.624017 81.368702
 11.600000 -2.982508 2.565157 18.203029 1248.663950
 11.800000 -2.539372 2.897193 24.423230 2.916506
 12.000000 -2.319064 2.799108 23.461570 20.339141
 12.200000 -2.451531 2.484004 24.083252 29.157306
 12.400000 -2.104749 2.856046 21.832228 48.725484
 12.600000 -2.395791 2.695529 23.796750 22.048126
 12.800000 -2.665543 2.710303 24.051934 54.198944
 13.000000 -2.658259 2.850355 24.104393 49.504296
 13.200000 -2.637703 2.796486 24.292750 35.626201
 13.400000 -2.710076 2.786514 23.737596 79.723292
 13.600000 -2.303736 2.990611 23.434204 27.441077
 13.800000 -2.171632 2.481215 22.394390 89.165127
 14.000000 -2.058358 2.459529 21.561510 20.077185
 14.200000 -1.862235 2.833908 20.918206 6.884983
 14.400000 -2.138223 2.555767 22.108242 80.103373
 14.600000 -2.384820 2.513491 23.854615 18.509401
 14.800000 -2.473278 3.000731 24.293147 26.957995
 15.000000 -3.058265 2.739609 15.505100 1831.530094
 15.200000 -2.896834 2.915349 21.114711 596.115888
 15.400000 -2.625490 2.973470 24.506367 22.901631
 15.600000 -2.303433 2.183809 23.580216 30.274650
 15.800000 -1.753821 2.433122 21.039221 41.329489
 16.000000 -1.582594 2.691438 23.258876 266.962885
 16.200000 -2.253280 2.469213 23.288790 77.006656
 16.400000 -2.723171 2.864909 23.808678 98.581432
 16.600000 2.896420 2.968411 -0.000012 0.000008
 16.800000 -3.074524 2.798206 14.881941 2037.741481
 17.000000 -2.387562 2.685746 24.018447 14.023170
 17.200000 -1.811686 2.515086 20.815192 0.011064
 17.400000 -1.652953 2.332526 22.087731 204.370925
 17.600000 -1.876794 2.232517 20.963509 15.239165
 17.800000 -2.146708 2.908614 22.208959 97.535084
 18.000000 2.909343 2.862220 -0.000376 0.010101
 18.200000 2.969950 2.898095 1.741707 2507.568903
 18.400000 3.053902 2.862716 6.549471 3690.358577
 18.600000 -2.937006 2.845858 20.184057 875.896085
 18.800000 -1.861324 2.807217 20.925535 12.910580
 19.000000 -1.748173 1.916319 21.026995 44.240644
 19.200000 -1.656481 0.756287 22.000632 185.510254
 19.400000 -0.545404 -0.140059 0.045102 798.747316
 19.600000 -0.447405 -0.796580 -0.000000 0.000000
 19.800000 -0.714540 -0.382768 7.260881 1665.497450
 20.000000 -0.512284 0.075477 -0.000070 0.000280
 20.200000 -0.932819 0.284830 15.767015 1640.133975
 20.400000 -1.113011 0.575029 21.468777 511.117294
 20.600000 -1.186738 1.018490 23.064866 449.759138
 20.800000 -0.849385 1.277089 12.395891 1527.390967
 21.000000 -0.723287 0.964226 7.591437 1609.474537
 21.200000 -1.520258 0.844272 24.003212 243.901206
 21.400000 -1.527237 0.638931 23.894048 245.284350
 21.600000 -0.817321 0.696055 11.143704 1422.616708
 21.800000 -1.553651 1.110143 23.480877 242.186049
 22.000000 -0.995971 1.047556 18.153940 1235.880535
 22.200000 -1.554654 0.641025 23.455783 233.875000
 22.400000 -1.104971 0.540654 21.244824 535.922879
 22.600000 -1.120122 1.093975 21.589357 500.581408
 22.800000 -0.758861 1.327154 8.932079 1446.732532
 23.000000 -0.739038 1.085215 8.168181 1529.316248
 23.200000 -1.325527 0.933262 25.348593 62.063869
 23.400000 -1.654025 0.799075 22.033674 169.910260
 23.600000 -0.776139 0.516269 9.570599 1416.403724
 23.800000 -1.514226 0.694061 24.064164 227.042998
 24.000000 -1.671942 1.050973 21.806697 150.494544
 24.200000 -1.082139 1.056986 20.709368 634.761229
 24.400000 -1.252604 1.202096 24.357117 320.473092
 24.600000 -1.660543 0.947332 21.974417 162.269461
 24.800000 -0.854020 0.818317 12.526293 1537.148770
 25.000000 -1.689594 1.112996 21.623177 128.642005
 25.200000 -1.441024 1.138288 25.040461 119.141607
 25.400000 -0.705488 0.414563 6.755175 1769.353628
 25.600000 -0.588196 -0.373045 1.605131 1711.301037
 25.800000 -0.554106 -0.724078 0.273937 1495.376326
 26.000000 -0.631131 0.263121 3.473496 2014.851331
 26.200000 -1.440853 1.112456 25.035832 115.425702
 26.400000 -1.670047 1.317248 21.912091 157.383894
 26.600000 -0.686432 1.057747 5.939296 1883.172899
 26.800000 -1.657120 1.135978 22.077218 168.597129
 27.000000 -1.758867 0.972660 21.044096 35.537670
 27.200000 -0.602611 0.439420 2.220783 1851.736794
 27.400000 -0.609314 0.207349 2.511324 1904.280251
 27.600000 -1.289068 0.032926 24.945865 174.229861
 27.800000 -1.867566 0.440913 20.990928 13.814997
 28.000000 -1.340724 1.138953 25.414208 21.028497
 28.200000 -0.677270 1.456696 5.547405 1922.161319
 28.400000 -0.718132 2.222321 7.282067 1676.062379
 28.600000 -1.566639 2.650965 23.385767 192.699560
 28.800000 -2.678987 2.550771 24.348296 76.159769
 29.000000 2.976411 2.862701 2.283655 2706.807522
 29.200000 2.950722 3.081110 1.028764 2083.886222
 29.400000 -2.982662 2.752806 18.787245 1269.280943
 29.600000 -2.212748 2.733511 22.959158 172.782073
 29.800000 -2.067448 2.484149 21.590295 13.280342
 30.000000 -2.038689 2.381912 21.508661 4.830660
 30.200000 -2.175822 2.481137 22.463399 154.641780
 30.400000 -2.186652 2.914092 22.600658 165.928072
 30.600000 -2.195916 2.556886 22.721197 172.129495
 30.800000 -2.043989 2.554719 21.514341 5.159653
 31.000000 -2.074803 2.646901 21.608849 16.372117
 31.200000 -2.434877 2.738970 24.380511 5.829332
 31.400000 2.979647 2.855376 2.480330 2760.227144
 31.600000 -3.123723 -3.081281 12.590390 2583.555161
 31.800000 -3.087294 2.716491 14.377166 2236.333963
 32.000000 -3.091776 2.753450 14.164243 2277.067680
 32.200000 2.950253 3.055246 1.051306 2092.317209
 32.400000 3.113132 2.847990 10.144508 3045.668704
 32.600000 -3.096788 2.573215 13.924167 2304.104552
 32.800000 -2.771843 -3.107846 23.270543 150.437236
 33.000000 -2.724436 2.755398 23.822742 120.967865
 33.200000 -2.897444 2.567438 21.225718 518.721290
 33.400000 -2.376977 3.072703 24.234058 4.557503
 33.600000 -2.655526 2.668868 24.455880 49.649604
 33.800000 -2.640225 2.461896 24.553635 32.605457
 34.000000 -2.558846 3.012668 24.709633 2.332959
 34.200000 -2.613485 2.686984 24.669958 9.512714
 34.400000 -2.383234 2.785884 24.242813 3.732544
 34.600000 -2.513997 2.767981 24.582680 11.490358
 34.800000 -2.739728 2.743769 23.646348 130.885238
 35.000000 -2.915362 2.834670 20.789733 648.581807
 35.200000 -3.094105 2.835315 14.082315 2222.303057
 35.400000 -3.053593 2.921746 15.916086 1882.024884
 35.600000 -3.107682 3.120146 13.433551 2345.413112
 35.800000 2.939387 2.629704 0.629666 1903.478992
 36.000000 3.030183 2.872183 5.439194 3442.775036
 36.200000 2.964039 2.902912 1.811787 2503.570472
 36.400000 -2.656764 2.475503 24.463568 47.535057
 36.600000 -1.589125 2.811594 23.176842 167.548407
 36.800000 -1.835777 2.171246 20.947592 1.409377
 37.000000 -1.998476 2.202694 21.464800 3.303766
 37.200000 -2.062042 2.772205 21.596668 9.305345
 37.400000 -2.145896 2.850883 22.138490 104.739827
 37.600000 -2.608306 2.447008 24.695572 5.898713
 37.800000 -2.645643 2.872810 24.539953 34.455360
 38.000000 -2.983078 2.978444 18.712242 1256.945690
 38.200000 3.067622 2.631266 7.773478 3384.218570
 38.400000 -2.572299 2.953313 24.736441 0.571280
 38.600000 -2.147324 2.552808 22.163543 105.077232
 38.800000 -1.974216 2.523289 21.422476 6.704076
 39.000000 -1.746257 2.590655 21.261693 72.220195
 39.200000 -2.206187 2.609538 22.877332 165.191999
 39.400000 -2.396741 2.686828 24.283091 3.801947
 39.600000 -2.593170 3.075906 24.746410 0.813797
 39.800000 -2.877150 2.678014 21.686293 427.640504
 40.000000 -2.467578 3.054756 24.448845 9.493494
 40.200000 -2.585247 2.778959 24.772806 0.066891
 40.400000 -2.420947 2.883093 24.340758 4.838596
 40.600000 -2.840986 2.954021 22.369711 281.378319
 40.800000 -2.956318 3.014446 19.614173 1015.164611
 41.000000 -2.820386 2.875672 22.696847 226.756028
 41.200000 -2.763089 2.634621 23.489724 146.345126
 41.400000 -2.062767 2.857493 21.641364 12.333144
 41.600000 -2.135169 2.581695 22.090941 85.491411
 41.800000 -2.029997 2.452576 21.549735 5.245415
 42.000000 -1.984728 2.520695 21.447653 6.463077
 42.200000 -2.014359 2.813963 21.529241 5.768581
 42.400000 -2.622373 2.634860 24.754922 15.088836
 42.600000 -2.830790 2.879025 22.584821 255.578109
 42.800000 3.098113 2.980770 9.637399 3052.821772
 43.000000 -2.560236 3.027344 24.821560 2.211173
 43.200000 -1.719837 2.584666 21.509982 110.031296
 43.400000 -1.658290 1.888669 22.244837 163.019677
 43.600000 -1.477945 0.645855 24.428633 116.961029
 43.800000 -0.547414 -0.528880 0.030651 596.077706
 44.000000 -0.549470 -0.840839 0.090150 1073.376649
 44.200000 -0.853533 -0.062053 12.212852 1522.858910
 44.400000 -0.857851 0.874610 12.381733 1537.276083
 44.600000 -0.901411 1.848347 14.125420 1653.271904
 44.800000 -0.735834 2.237657 7.744130 1531.610924
 45.000000 -0.783795 2.333271 9.570058 1398.863919
 45.200000 -1.029806 2.016302 19.011867 1061.054787
 45.400000 -0.703393 1.692099 6.425596 1696.539793
 45.600000 -1.223654 1.653536 23.668688 329.923528
 45.800000 -0.926911 0.508852 15.147450 1654.062712
 46.000000 -0.924088 -0.440416 15.032616 1657.105750
 46.200000 -0.805790 -0.548392 10.369164 1403.775783
 46.400000 -0.648194 -0.062314 4.064256 1891.119810
 46.600000 -1.126980 0.775092 21.657938 533.472475
 46.800000 -1.474158 1.261490 24.410827 106.105190
 47.000000 -0.651134 1.212802 4.192073 1889.564048
 47.200000 -1.051705 1.059494 19.673998 902.130159
 47.400000 -1.360424 0.774788 25.055225 0.618516
 47.600000 -1.138593 0.609946 21.912024 501.286278
 47.800000 -1.280656 0.865797 24.515197 154.520962
 48.000000 -1.693235 1.060700 21.789677 141.911904
 48.200000 -0.848652 1.216810 11.998066 1498.276036
 48.400000 -1.286029 1.138870 24.561956 135.953469
 48.600000 -1.466851 0.661301 24.456401 95.034491
 48.800000 -0.834391 0.585703 11.449979 1456.856095
 49.000000 -1.345644 0.614764 25.006088 9.065025
 49.200000 -1.388288 0.749691 24.988538 9.039731
 49.400000 -0.764093 1.126161 8.809127 1439.756133
 49.600000 -0.912893 1.938231 14.558949 1643.199161
 49.800000 -0.798397 2.200532 10.097868 1399.745176
 50.000000 -0.820084 2.349737 10.911865 1423.461425
 50.200000 -0.718588 1.903498 7.039849 1638.288827
 50.400000 -0.617703 1.652491 2.729008 1825.899295
 50.600000 -1.024545 1.720238 18.811501 1105.593030
 50.800000 -0.912464 1.224063 14.548766 1635.683640
 51.000000 -1.070807 0.473541 20.226551 783.426769
 51.200000 -1.045479 0.369643 19.487213 950.423232
 51.400000 -0.595068 0.594812 1.783014 1660.566633
 51.600000 -1.221508 1.180918 23.586833 313.523575
 51.800000 -1.807088 1.219353 20.872374 4.150740
 52.000000 -1.046713 0.802153 19.525174 941.714300
 52.200000 -1.372107 0.545742 24.993811 0.886590
 52.400000 -1.727160 1.050928 21.372031 104.425388
 52.600000 -1.016775 1.198908 18.563000 1161.651529
 52.800000 -0.659583 1.258367 4.564719 1918.392024
 53.000000 -1.548028 1.346579 23.554660 131.816826
 53.200000 -1.420174 0.777837 24.798025 41.808780
 53.400000 -1.154592 0.297383 22.292674 457.587411
 53.600000 -0.695927 0.216718 6.147976 1794.394875
 53.800000 -0.668276 0.199353 4.955980 1911.705033
 54.000000 -1.099908 0.420853 21.026525 635.677442
 54.200000 -0.960550 0.499240 16.533081 1509.794769
 54.400000 -1.482115 0.856170 24.259830 100.749290
 54.600000 -1.172202 1.113114 22.671970 414.059761
 54.800000 -0.958770 1.195652 16.463842 1517.378384
 55.000000 -1.272930 1.046712 24.388548 159.246805
 55.200000 -1.154500 0.566014 22.324248 450.047178
 55.400000 -0.900563 0.319806 14.175784 1590.401310
 55.600000 -0.629024 0.123601 3.244970 1933.262178
 55.800000 -0.677243 0.006376 5.376422 1911.745498
 56.000000 -0.708724 -0.025423 6.725430 1751.795660
 56.200000 -0.833399 -0.004950 11.598291 1436.630438
 56.400000 -0.627547 0.267343 3.190362 1944.226385
 56.600000 -1.492041 1.037190 24.156345 104.691272
 56.800000 -1.344071 1.249211 24.948337 7.627810
 57.000000 -0.716679 0.998849 7.085284 1722.059146
 57.200000 -1.717052 0.954231 21.465128 130.238564
 57.400000 -1.353578 0.873395 24.970239 1.928260
 57.600000 -0.932454 0.846922 15.512301 1572.945123
 57.800000 -1.261973 0.982086 24.265331 180.672906
 58.000000 -1.517165 1.039058 23.895103 115.755623
 58.200000 -1.034731 0.712668 19.290294 1021.516285
 58.400000 -1.467728 0.996826 24.403493 88.620778
 58.600000 -1.305050 1.071993 24.746331 66.164631
 58.800000 -1.309668 1.176881 24.782446 56.358464
 59.000000 -1.490986 1.029710 24.174813 103.896366
 59.200000 -1.004699 0.643168 18.311225 1235.712252
 59.400000 -1.116986 0.766258 21.582316 554.135410
 59.600000 -1.589541 1.150543 23.085901 146.469210
 59.800000 -1.295401 1.106815 24.676888 87.431811
 60.000000 -1.314668 0.786469 24.832455 45.814299
 60.200000 -1.362041 0.814210 25.014255 0.017062
 60.400000 -1.231420 1.028365 23.872696 255.530188
 60.600000 -1.205906 1.146813 23.440799 317.074300
 60.800000 -1.332351 0.939670 24.949757 18.039505
 61.000000 -0.994109 0.784063 17.965685 1307.157595
 61.200000 -1.767937 0.911715 20.936122 60.043810
 61.400000 -1.241586 1.066674 24.068518 228.209777
 61.600000 -0.930898 1.095718 15.579081 1558.784470
 61.800000 -0.791077 1.302288 10.190532 1438.926021
 62.000000 -1.445398 1.542351 24.652020 69.875544
 62.200000 -1.343055 0.837248 25.046976 6.523305
 62.400000 -0.960309 0.200149 16.766205 1480.589406
 62.600000 -0.660982 -0.138428 4.774216 2091.361441
 62.800000 -0.818552 -0.073131 11.263839 1423.980816
 63.000000 -1.245788 0.697994 24.167367 216.071053
 63.200000 -1.193558 1.622224 23.327474 347.005607
 63.400000 -0.581312 1.935148 1.256966 1618.231154
 63.600000 -0.788429 2.169674 10.156213 1464.714993
 63.800000 -0.619576 2.207386 2.895662 2010.607565
 64.000000 -0.504095 1.816794 -0.000006 0.000001
 64.200000 -0.843606 1.785760 12.290308 1458.602125
 64.400000 -1.433753 1.470298 24.809427 60.563783
 64.600000 -1.432067 0.796738 24.822450 58.717963
 64.800000 -0.630794 -0.090720 3.419857 2081.627319
 65.000000 -0.477846 -0.413076 -0.000000 0.000000
 65.200000 -1.025854 -0.191184 19.237700 1075.307485
 65.400000 -0.479499 0.288244 -0.000000 0.000000
 65.600000 -0.589715 0.444100 1.630064 1745.993252
 65.800000 -1.680118 0.749905 21.931369 198.009638
 66.000000 -1.180656 1.356179 23.156404 379.295201
 66.200000 -0.839053 1.414412 12.194569 1462.395590
 66.400000 -0.759721 1.758610 9.139078 1587.221845
 66.600000 -0.721516 2.186650 7.566714 1813.858968
 66.800000 -0.565607 2.203751 0.687633 1447.751958
 67.000000 -0.614084 1.890753 2.711726 2003.323143
 67.200000 -1.063556 1.648353 20.463898 818.180121
 67.400000 -0.975486 1.131941 17.542372 1386.952344
 67.600000 -1.540653 0.780106 23.790763 132.478025
 67.800000 -1.270680 0.961793 24.677694 140.349825
 68.000000 -1.352081 1.171448 25.202422 0.599161
 68.200000 -1.543049 1.087884 23.782035 134.852057
 68.400000 -1.229403 0.874111 24.132762 256.366679
 68.600000 -1.464489 1.033368 24.621134 91.067237
 68.800000 -1.078382 1.113591 20.913732 732.548590
 69.000000 -0.548957 0.840461 0.092728 1165.955178
 69.200000 -1.499147 1.363980 24.297547 113.379539
 69.400000 -1.842079 1.180027 20.480931 0.004737
 69.600000 -0.947233 0.665032 16.558733 1496.797638
 69.800000 -0.746533 0.273057 8.729009 1674.216834
 70.000000 -0.925350 0.047478 15.704435 1544.558139
 70.200000 -0.583264 -0.213862 1.471952 1734.022432
 70.400000 -0.626464 -0.028364 3.385036 2130.883655
 70.600000 -0.554570 0.049910 0.339755 1508.437637
 70.800000 -0.864799 0.241275 13.380812 1513.235655
 71.000000 -0.880473 0.131984 13.992755 1534.753118
 71.200000 -0.889222 0.298856 14.390839 1542.363462
 71.400000 -0.966965 0.661882 17.411380 1401.041980
 71.600000 -1.570794 1.013335 23.508568 163.831623
 71.800000 -1.390695 0.959596 25.234913 17.157644
 72.000000 -1.162103 0.970830 22.990125 425.077645
 72.200000 -1.648365 0.894192 22.414178 239.294303
 72.400000 -0.795311 0.709860 10.808461 1505.195283
 72.600000 -1.572631 1.076204 23.503039 169.978499
 72.800000 -1.198687 1.041414 23.734896 333.010170
 73.000000 -1.108749 0.830696 21.835234 583.358207
 73.200000 -1.275771 0.878737 24.917189 118.448141
 73.400000 -0.939440 0.797791 16.465688 1493.622056
 73.600000 -1.467663 1.093172 24.727361 93.247976
 73.800000 -1.513203 0.888698 24.249680 126.061038
 74.000000 -0.637193 0.677777 3.990632 2210.339849
 74.200000 -1.140377 0.671331 22.636362 477.301271
 74.400000 -1.521035 1.078912 24.193739 133.109079
 74.600000 -1.516449 1.251946 24.246304 129.705651
 74.800000 -0.925200 1.170198 15.962439 1520.756654
 75.000000 -1.895839 1.361596 20.504099 18.952662
 75.200000 -1.055663 1.042641 20.552100 830.698347
 75.400000 -0.824568 0.186912 12.088679 1493.862683
 75.600000 -0.539735 -0.602740 -0.024986 20.733978
 75.800000 -0.466841 -0.770243 -0.000000 0.000000
 76.000000 -0.688454 0.202481 6.459743 2105.515818
 76.200000 -1.566721 1.112341 23.689739 179.659314
 76.400000 -1.661271 1.499338 22.245527 273.550446
 76.600000 -1.384614 1.413213 25.402929 11.432092
 76.800000 -1.182820 0.510633 23.582300 368.767375
 77.000000 -0.605925 -0.034071 2.628951 2077.871968
 77.200000 -0.702782 -0.319314 7.191737 2025.955226
 77.400000 -0.436370 -0.220753 -0.000000 0.000000
 77.600000 -0.888769 0.145451 14.686906 1537.079342
 77.800000 -0.706669 0.409076 7.366124 1999.232891
 78.000000 -1.586953 0.543384 23.439963 209.063134
 78.200000 -1.604274 0.926137 23.207778 238.289675
 78.400000 -0.993668 1.169715 18.703768 1206.047892
 78.600000 -0.685109 1.613729 6.431573 2143.861162
 78.800000 -0.663958 2.214648 5.439960 2243.605737
 79.000000 -0.788446 2.380935 10.828026 1552.797342
 79.200000 -0.711785 2.192755 7.694261 1966.534212
 79.400000 -0.529329 1.459982 -0.010437 5.340480
 79.600000 -0.740608 1.633672 8.939024 1768.799373
 79.800000 -1.681673 1.667240 21.930510 294.629858
 80.000000 -1.848485 1.257036 20.271958 0.002539
 80.200000 -1.009587 0.761995 19.327666 1094.738318
 80.400000 -0.643844 0.182916 4.582440 2303.042013
 80.600000 -0.559204 -0.847148 0.756023 1569.518227
 80.800000 -0.562316 -0.380391 0.880142 1611.534931
 81.000000 -0.740340 0.638463 8.984914 1769.832488
 81.200000 -1.532702 1.311424 24.290498 147.295686
 81.400000 -1.632247 1.065137 22.820241 297.122407
 81.600000 -0.930385 0.693677 16.504824 1476.661381
 81.800000 -1.996744 0.575399 20.858931 30.433228
 82.000000 -1.769711 0.748766 20.634192 109.186231
 82.200000 -0.779329 0.850774 10.683985 1566.481240
 82.400000 -0.831691 1.210490 12.720930 1491.542586
 82.600000 -1.212091 1.727338 24.321317 287.076978
 82.800000 -0.588650 1.304634 2.086550 2023.442942
 83.000000 -0.979150 1.331717 18.360157 1264.040430
 83.200000 -1.343784 1.006232 25.626056 1.795411
 83.400000 -0.916536 0.114953 16.063080 1491.949048
 83.600000 -1.255006 0.028353 24.994166 161.298074
 83.800000 -0.675694 0.091402 6.273777 2217.843491
 84.000000 -1.285347 0.737735 25.324663 81.119403
 84.200000 -1.670471 1.307525 22.178300 345.948544
 84.400000 -1.088739 1.256537 21.769299 647.184198
 84.600000 -1.537853 0.762148 24.321832 154.206954
 84.800000 -1.735236 0.648326 21.054109 226.945643
 85.000000 -1.532832 0.934750 24.383467 147.351163
 85.200000 -0.700387 1.394353 7.525644 2046.032287
 85.400000 -0.573428 1.891732 1.538395 1898.735979
 85.600000 -0.647854 2.399917 5.050173 2348.706677
 85.800000 -0.973046 2.150549 18.266962 1273.715136
 86.000000 -0.964832 1.510069 17.971353 1315.717276
 86.200000 -1.003991 0.775493 19.372688 1087.806558
 86.400000 -1.409513 0.418139 25.551637 29.483175
 86.600000 -1.163136 0.640782 23.536377 420.037462
 86.800000 -1.492735 1.457896 24.892154 100.549024
 87.000000 -1.957257 1.989719 20.511980 28.582607
 87.200000 -2.047099 2.934848 20.968991 31.930264
 87.400000 -2.782905 3.113699 22.680870 183.438480
 87.600000 -3.060119 2.906039 14.783823 1640.651110
 87.800000 -2.588216 3.009352 24.265618 2.189870
 88.000000 -2.217103 2.647562 22.205343 58.754798
 88.200000 -2.023429 2.248713 20.810652 28.731033
 88.400000 -1.841875 2.694231 20.109408 2.184962
 88.600000 -2.447064 2.654349 23.652435 53.579917
 88.800000 -2.812427 2.680376 22.212909 262.490980
 89.000000 -2.921319 3.037764 19.723679 888.924265
 89.200000 -2.718599 3.022665 23.365009 99.505479
 89.400000 -1.931610 2.500221 20.312070 22.823044
 89.600000 -1.680995 2.077186 22.033157 380.960078
 89.800000 -1.846146 1.882915 20.092857 1.112764
 90.000000 -1.750403 2.418302 20.819583 202.874756
 90.200000 -2.084327 2.986899 21.111299 41.369574
 90.400000 -3.132122 2.558089 11.546480 2266.774015
 90.600000 2.998844 3.031482 3.258807 2917.079991
 90.800000 -2.997548 3.057288 17.102398 1340.178764
 91.000000 -2.541133 2.565264 24.143690 8.249196
 91.200000 -1.807272 2.382341 20.226206 41.042159
 91.400000 -1.872888 2.429106 20.086657 2.241396
 91.600000 -2.136818 2.619104 21.460451 59.477001
 91.800000 -2.835433 2.804995 21.725903 353.574734
 92.000000 2.830849 2.889134 -0.000000 0.000000
 92.200000 -2.678157 2.878550 23.645738 67.415620
 92.400000 -2.140909 2.469911 21.470641 60.061788
 92.600000 -1.771356 2.289560 20.552408 137.030513
 92.800000 -2.049448 2.362617 20.860224 30.806245
 93.000000 -2.653328 2.906749 23.833657 47.199730
 93.200000 2.932628 3.131986 0.094775 1377.575248
 93.400000 -3.115067 2.577524 12.257509 2073.550163
 93.600000 -2.483569 2.985858 23.781963 44.977139
 93.800000 -2.320994 2.570981 22.693603 30.292206
 94.000000 -2.059218 2.636276 20.896918 32.970735
 94.200000 -2.188523 2.648224 21.810277 61.352709
 94.400000 -2.185142 2.727316 21.783738 61.872563
 94.600000 -2.716665 2.527910 23.242870 95.974401
 94.800000 -2.843915 3.005466 21.489462 393.154240
 95.000000 3.065858 2.815469 6.955285 3212.237041
 95.200000 -3.046399 2.780723 15.109974 1561.676674
 95.400000 -2.341029 3.006847 22.755751 31.482929
 95.600000 -2.226737 2.388427 22.082585 49.363547
 95.800000 -1.858843 2.444439 20.059470 0.048671
 96.000000 -1.959617 2.615113 20.363193 21.381947
 96.200000 -2.395632 2.652678 23.072450 47.518625
 96.400000 -2.965336 2.676025 18.090871 1179.461812
 96.600000 3.012497 3.051286 3.896168 3049.215166
 96.800000 3.047703 2.827029 5.884236 3256.969334
 97.000000 -3.123793 2.934689 11.789429 2162.091335
 97.200000 -2.988158 2.944131 17.265634 1299.234171
 97.400000 -2.921381 2.667187 19.490064 899.088053
 97.600000 -2.606743 2.940133 23.958418 12.617684
 97.800000 -2.561679 2.789794 24.022908 0.588538
 98.000000 -2.273067 2.671939 22.348814 32.374604
 98.200000 -1.991680 2.661442 20.474590 22.223982
 98.400000 -2.035892 2.594502 20.694904 28.455156
 98.600000 -2.206437 2.559575 21.902001 54.127745
 98.800000 -2.616210 2.915789 23.905453 19.751300
 99.000000 -3.121135 2.819928 11.874077 2122.568599
 99.200000 3.084381 2.915580 7.912326 3038.304409
 99.400000 -2.728378 2.754243 23.009785 104.659276
 99.600000 -2.294444 2.796796 22.433806 26.523077
 99.800000 -2.081759 2.382838 20.955183 42.938912
 100.000000 -1.828062 2.613821 20.115856 16.660741
 100.200000 -2.164577 2.652675 21.623650 63.600448
 100.400000 -2.769502 2.804458 22.583282 149.651481
 100.600000 -3.015158 2.940304 16.266545 1430.632343
 100.800000 3.112429 2.936531 9.457087 2712.756738
 101.000000 -2.643935 2.648975 23.773013 44.502535
 101.200000 -2.265872 2.614921 22.321540 29.213861
 101.400000 -1.882958 2.682565 20.105851 2.054308
 101.600000 -1.843266 2.503527 20.116825 5.195154
 101.800000 -2.095462 2.402909 21.084114 50.638484
 102.000000 -2.261574 2.769423 22.298061 30.484559
 102.200000 -2.961815 2.808401 18.172827 1177.242997
 102.400000 2.989362 2.834344 2.660034 2659.943886
 102.600000 -2.681953 2.959155 23.445143 76.827647
 102.800000 -1.873824 2.372770 20.093480 0.505684
 103.000000 -1.714680 1.989448 21.504499 345.344905
 103.200000 -1.881037 1.659191 20.098895 1.531274
 103.400000 -1.547316 1.307104 24.566591 176.831033
 103.600000 -0.588050 0.355070 2.759756 2322.798087
 103.800000 -0.768829 -0.083911 11.118912 1583.765847
 104.000000 -1.047799 0.128307 21.137586 766.363241
 104.200000 -0.849813 0.206412 14.271160 1470.531772
 104.400000 -1.428224 0.864078 25.718899 43.731787
 104.600000 -1.367549 1.512883 25.997487 4.431868
 104.800000 -1.026438 1.521485 20.537720 864.962549
 105.000000 -0.671652 0.994054 6.903797 2296.479383
 105.200000 -1.784880 0.937468 20.470700 102.226870
 105.400000 -1.923617 0.361908 20.198166 10.311332
 105.600000 -0.682006 -0.004399 7.415125 2210.976826
 105.800000 -0.597710 -0.128313 3.263065 2416.280772
 106.000000 -0.739751 -0.172893 9.972494 1736.521728
 106.200000 -0.828095 -0.321697 13.470782 1469.720513
 106.400000 -0.519281 -0.284427 -0.027720 0.628744
 106.600000 -0.655528 0.104665 6.163005 2410.758182
 106.800000 -1.142748 0.276937 23.485257 474.963343
 107.000000 -0.987023 1.030420 19.337216 1073.370677
 107.200000 -1.775112 1.242753 20.579030 131.075719
 107.400000 -1.385928 1.179290 25.959652 15.000918
 107.600000 -0.975321 0.607799 18.962897 1136.237354
 107.800000 -0.932390 0.139575 17.447846 1343.679186
 108.000000 -0.776844 0.036021 11.509960 1543.138493
 108.200000 -0.489680 -0.186949 -0.000029 0.000051
 108.400000 -0.906641 -0.099587 16.507671 1420.718039
 108.600000 -0.603983 -0.005953 3.638955 2477.035578
 108.800000 -0.655398 0.053579 6.207158 2413.671408
 109.000000 -0.543152 -0.181083 0.811888 1726.946971
 109.200000 -0.555769 -0.475696 1.376509 1950.229001
 109.400000 -0.525468 -0.196720 0.106479 1443.996540
 109.600000 -0.842031 0.213663 14.061696 1463.958837
 109.800000 -1.021308 0.579311 20.449777 873.523870
 110.000000 -1.421175 1.330354 25.784472 40.628828
 110.200000 -1.411681 1.139434 25.845333 33.936678
 110.400000 -1.024791 0.587716 20.564857 850.719644
 110.600000 -1.391635 0.772376 25.948573 19.561427
 110.800000 -1.201618 1.385725 24.691872 321.215634
 111.000000 -1.057244 1.204446 21.467535 704.177884
 111.200000 -1.483651 1.009654 25.298474 88.828077
 111.400000 -1.295776 0.689065 25.902917 44.129654
 111.600000 -1.107928 1.014753 22.738125 548.516826
 111.800000 -1.412565 1.192988 25.848733 34.891303
 112.000000 -1.353789 0.985702 26.062303 0.749767
 112.200000 -0.927725 0.672135 17.366430 1350.512985
 112.400000 -1.137028 0.864123 23.410266 485.289332
 112.600000 -1.580766 0.996932 24.088705 264.178179
 112.800000 -1.412586 0.817189 25.862359 35.349790
 113.000000 -1.337080 1.058558 26.076322 1.189655
 113.200000 -1.488949 1.044993 25.269253 96.590951
 113.400000 -1.151744 0.748926 23.742374 454.380735
 113.600000 -1.209627 0.830424 24.872073 299.879274
 113.800000 -1.383991 0.884940 26.021707 15.155764
 114.000000 -1.169738 1.024427 24.117211 412.855107
 114.200000 -1.477725 1.115039 25.394904 87.856851
 114.400000 -1.586200 0.971593 24.008519 284.761877
 114.600000 -1.226435 0.873424 25.166255 246.494667
 114.800000 -1.218419 1.058924 25.037044 273.127412
 115.000000 -1.699395 0.921049 21.789767 382.416356
 115.200000 -1.396869 0.601136 26.016364 24.588975
 115.400000 -1.186911 1.041527 24.489945 371.050504
 115.600000 -1.544109 1.271161 24.660570 185.927683
 115.800000 -1.576887 1.011660 24.170959 264.508130
 116.000000 -0.890403 0.372998 16.015029 1446.062874
 116.200000 -0.651589 0.114912 6.250912 2413.386340
 116.400000 -0.683373 -0.063704 7.770016 2143.604403
 116.600000 -0.565576 -0.299591 1.994818 2172.353846
 116.800000 -0.822811 -0.172195 13.449910 1448.960489
 117.000000 -0.467256 -0.163628 -0.000000 0.000000
 117.200000 -0.309097 -0.055286 -0.000000 0.000000
 117.400000 -1.241270 -0.058632 25.449472 201.613734
 117.600000 -0.324364 -0.429574 -0.000000 0.000000
 117.800000 -0.481739 -0.016422 -0.000012 0.000009
 118.000000 -1.369819 0.400653 26.174307 6.353513
 118.200000 -1.740130 1.519869 21.060325 251.935791
 118.400000 -1.553617 2.241191 24.570971 218.337997
 118.600000 -1.847774 2.680829 20.107747 5.319326
 118.800000 3.052191 2.885791 5.889811 3069.399522
 119.000000 3.003202 -3.059610 3.214281 2768.740905
 119.200000 -2.493931 2.890192 23.426775 54.348729
 119.400000 -2.139021 1.926639 21.277479 84.771169
 119.600000 -0.755276 2.144429 10.906091 1570.820729
 119.800000 -1.196294 2.046395 24.738833 349.817169
 120.000000 -1.494701 1.892918 25.337423 116.098335
 120.200000 -1.811330 1.348415 20.262525 41.738605
 120.400000 -1.185160 0.719822 24.542913 382.192342
 120.600000 -1.486217 0.811948 25.449765 107.605427
 120.800000 -1.408951 1.321831 26.084189 34.270800
 121.000000 -1.112601 1.248586 22.981776 538.140492
 121.200000 -0.669906 0.940329 7.259015 2239.946788
 121.400000 -1.778467 1.159797 20.547253 118.169149
 121.600000 -1.777869 0.800165 20.553780 119.956226
 121.800000 -0.619158 0.575679 4.761576 2537.464610
 122.000000 -0.628224 0.295204 5.217573 2518.203995
 122.200000 -1.227930 -0.221968 25.344346 253.371617
 122.400000 -1.385374 0.174532 26.253269 15.091455
 122.600000 -0.687880 0.928963 8.115852 2065.501610
 122.800000 -1.835169 1.786863 20.142430 14.528050
 123.000000 -2.404426 2.890296 22.660896 42.514896
 123.200000 2.991063 3.086072 2.518396 2532.418927
 123.400000 -3.127583 2.642489 11.114301 2147.989391
 123.600000 -2.325201 2.787291 22.298804 7.054308
 123.800000 -2.179734 2.765448 21.596280 73.895849
 124.000000 -2.191627 2.148832 21.695426 64.920609
 124.200000 -2.042039 2.449706 20.441255 31.158234
 124.400000 -1.999663 2.881902 20.251323 12.199734
 124.600000 -2.754955 2.629086 22.217703 126.949817
 124.800000 3.116449 2.880155 9.198182 2547.081986
 125.000000 2.994381 -3.114192 2.672928 2579.352869
 125.200000 -2.807785 2.504303 21.533362 205.378710
 125.400000 -1.973465 2.479912 20.162231 6.295343
 125.600000 -1.849938 2.584080 20.094737 6.855122
 125.800000 -2.204255 2.551083 21.776826 53.938971
 126.000000 -2.871518 2.762594 20.386403 497.666656
 126.200000 3.029402 -3.136075 4.499202 2954.809844
 126.400000 -2.558114 2.782892 23.588808 1.962727
 126.600000 -1.749330 2.321422 20.934981 218.110005
 126.800000 -1.832038 1.705330 20.158664 18.881601
 127.000000 -1.330139 0.987138 26.398021 6.508723
 127.200000 -0.578324 -0.301265 2.863784 2378.444453
 127.400000 -0.512708 -0.964528 0.000678 345.007007
 127.600000 -0.767863 -0.174736 11.525653 1497.440845
 127.800000 -0.499004 0.604794 -0.004040 1.084335
 128.000000 -1.134922 1.778817 23.589259 500.569107
 128.200000 -1.012152 2.355455 20.462766 895.531835
 128.400000 -0.898665 2.385912 16.535891 1441.465239
 128.600000 -0.885822 1.961343 16.046513 1460.916998
 128.800000 -0.569399 1.113560 2.454033 2289.079354
 129.000000 -0.739012 1.122526 10.404270 1620.875056
 129.200000 -1.355719 1.361088 26.478578 0.396973
 129.400000 -1.264533 0.649791 25.977863 140.183347
 129.600000 -0.699331 0.088106 8.760575 1916.268780
 129.800000 -0.399402 -0.533704 -0.000000 0.000000
 130.000000 -0.816438 -0.438328 13.409645 1442.887374
 130.200000 -0.934262 0.018949 17.890605 1323.240764
 130.400000 -1.153718 0.641437 24.042405 468.911293
 130.600000 -2.130047 1.128259 21.075648 91.733825
 130.800000 -1.758415 1.680431 20.820419 182.598034
 131.000000 -0.521278 2.038338 0.376237 1714.742149
 131.200000 -1.214992 2.012202 25.275647 308.706630
 131.400000 -2.141844 2.124090 21.179680 92.538726
 131.600000 -2.891677 -3.117155 19.786711 642.108535
 131.800000 2.949488 3.001655 0.547127 1681.908452
 132.000000 -2.814846 2.534250 21.306935 223.509658
 132.200000 -2.139622 2.421831 21.149544 92.833043
 132.400000 -1.851871 2.710603 20.104474 7.937413
 132.600000 -2.245926 2.625905 21.952611 18.043055
 132.800000 -3.084531 2.709276 12.837033 1822.757048
 133.000000 3.053720 3.084840 5.739884 2951.452811
 133.200000 -2.446733 2.502107 22.746477 67.895517
 133.400000 -1.542683 1.896112 24.930309 242.421542
 133.600000 -0.615090 0.605662 4.842229 2519.911487
 133.800000 -0.506993 -0.645746 -0.026460 10.213245
 134.000000 -0.497183 -0.702003 -0.005590 1.978194
 134.200000 -0.523843 0.192560 0.565728 1666.524663
 134.400000 -1.217240 0.985289 25.360037 302.580024
 134.600000 -1.893707 1.259253 20.044864 0.334827
 134.800000 -1.853516 0.988252 20.107597 7.694193
 135.000000 -0.897647 0.743024 16.579518 1435.201917
 135.200000 -1.952538 1.109517 20.061338 1.145873
 135.400000 -1.926934 1.113069 20.043066 0.137184
 135.600000 -0.993658 0.814639 19.974042 992.064749
 135.800000 -1.197562 0.616618 25.013945 366.394341
 136.000000 -2.104251 0.676326 20.793808 82.820461
 136.200000 -1.859025 0.409297 20.103320 6.064014
 136.400000 -0.989926 0.604178 19.865941 1011.497315
 136.600000 -1.164420 1.388271 24.354393 454.971437
 136.800000 -1.662544 2.217354 22.590445 464.995995
 137.000000 -2.720036 2.798332 22.347375 110.312139
 137.200000 2.933962 -2.756248 -0.024228 29.646125
 137.400000 -3.118158 2.839558 11.267411 2040.658875
 137.600000 -2.184397 2.555014 21.529936 67.403799
 137.800000 -1.636377 2.376048 23.160993 468.945046
 138.000000 -2.038053 2.424643 20.296428 27.277735
 138.200000 3.040082 2.699499 4.923647 2901.638305
 138.400000 -3.007147 -2.799622 15.855441 1477.243463
 138.600000 3.093433 2.685040 7.771872 2699.913314
 138.800000 -2.526669 2.344967 23.244430 25.246186
 139.000000 -1.619658 2.926274 23.525511 450.450520
 139.200000 -2.474650 2.411196 22.859083 69.686566
 139.400000 -2.946372 2.517925 18.030303 1093.669099
 139.600000 -3.047131 -2.940492 14.259149 1642.094736
 139.800000 2.976851 2.969898 1.683331 2154.322227
 140.000000 -2.242052 2.505981 21.868928 15.503992
 140.200000 -1.585257 2.390698 24.238804 374.695440
 140.400000 -2.067318 2.195938 20.462557 51.672965
 140.600000 -2.362221 2.666890 22.097545 9.776285
 140.800000 2.994707 3.028438 2.538251 2464.336171
 141.000000 2.977393 2.843663 1.704896 2160.247399
 141.200000 -2.557530 2.804375 23.291154 2.205290
 141.400000 -2.114115 2.638923 20.853744 89.193613
 141.600000 -2.403791 2.695771 22.269325 36.881506
 141.800000 -2.524604 2.832327 23.177777 27.662985
 142.000000 -2.779575 2.792189 21.589327 145.661160
 142.200000 -2.920675 2.732364 18.798959 879.944103
 142.400000 -2.719752 3.067677 22.232190 109.055179
 142.600000 -2.988684 2.726530 16.497004 1386.983239
 142.800000 3.135131 2.608666 9.803057 2285.516368
 143.000000 -2.897203 -3.097830 19.454353 683.165562
 143.200000 3.073109 2.741677 6.650839 2805.331164
 143.400000 3.136158 2.920000 9.838772 2273.673480
 143.600000 -2.830185 2.880641 20.856423 267.638895
 143.800000 -2.855547 2.684985 20.400162 389.102605
 144.000000 -2.517871 2.774907 23.107725 34.753144
 144.200000 -2.445331 2.660438 22.526159 67.559020
 144.400000 -2.376522 2.618956 22.088827 15.680146
 144.600000 -2.444358 2.805667 22.518178 67.092314
 144.800000 -2.540962 2.676905 23.200715 12.055477
 145.000000 -2.546999 2.740418 23.219535 7.611287
 145.200000 -2.732771 2.856281 22.053987 109.473472
 145.400000 -2.713220 2.835484 22.256288 104.835483
 145.600000 -2.683346 2.761310 22.555704 94.707403
 145.800000 -2.317876 2.769991 21.953527 0.999920
 146.000000 -2.395868 2.575578 22.171768 29.080775
 146.200000 -2.358224 2.625197 22.016304 7.205887
 146.400000 -2.524172 2.778207 23.103710 26.946684
 146.600000 -2.712626 2.752363 22.253665 103.552209
 146.800000 -2.487237 2.798438 22.856265 61.812638
 147.000000 -2.400456 2.644796 22.192196 32.633273
 147.200000 -2.199477 2.711791 21.576051 49.672315
 147.400000 -2.543925 2.657356 23.178806 8.864762
 147.600000 -2.345930 2.974402 21.985886 4.083357
 147.800000 -2.855138 2.582708 20.388220 383.963265
 148.000000 -2.848934 2.778701 20.507007 349.817637
 148.200000 -2.560532 3.013514 23.204156 0.775446
 148.400000 -2.439815 2.522424 22.467555 62.246239
 148.600000 -1.701569 2.577737 21.812591 376.574914
 148.800000 -2.216935 2.545999 21.682371 33.194453
 149.000000 -2.648476 2.755999 22.840113 66.605707
 149.200000 -3.103540 2.887463 11.754334 1932.214814
 149.400000 2.951005 2.969414 0.530022 1657.907749
 149.600000 -2.467865 2.863687 22.700123 66.595517
 149.800000 -1.671335 2.412590 22.431621 456.349519
 150.000000 -1.952693 2.050045 20.036464 0.019465
 150.200000 -1.923847 2.591959 20.042406 0.501029
 150.400000 -3.127653 2.820561 10.661725 2100.253221
 150.600000 2.956122 -3.134502 0.734792 1708.612997
 150.800000 -2.825802 2.741072 20.900036 246.954747
 151.000000 -2.363969 2.554356 22.043766 10.346701
 151.200000 -1.634135 2.666001 23.239046 477.365740
 151.400000 -2.153583 2.336950 21.161713 90.733346
 151.600000 -2.346765 2.771343 22.000777 5.252895
 151.800000 -3.000620 2.946448 15.967532 1482.027391
 152.000000 -3.092583 2.872832 12.210901 1865.838312
 152.200000 -2.961195 2.766324 17.417724 1241.921760
 152.400000 -2.612383 2.789252 23.050770 28.692217
 152.600000 -2.351083 2.649496 22.015448 6.656994
 152.800000 -2.171060 2.645441 21.317399 79.488802
 153.000000 -2.257241 2.585953 21.841571 9.085768
 153.200000 -2.702999 2.682454 22.303771 92.539600
 153.400000 -2.765832 2.898935 21.671914 117.224551
 153.600000 -2.909332 2.693530 19.074022 808.206548
 153.800000 -2.587173 2.681520 23.147700 7.490241
 154.000000 -2.243740 2.689736 21.794333 15.761862
 154.200000 -2.478466 2.524908 22.804486 56.668873
 154.400000 -2.538628 2.851415 23.141177 8.305717
 154.600000 -2.849584 2.808458 20.490365 362.025050
 154.800000 -3.111757 2.719158 11.344858 1974.077107
 155.000000 -2.844444 3.066724 20.586216 333.996896
 155.200000 -2.242035 2.749923 21.785957 17.738334
 155.400000 -1.920164 2.064823 20.039082 1.154144
 155.600000 -1.770263 2.349942 20.746328 127.603009
 155.800000 -2.243580 2.629676 21.792380 16.834406
 156.000000 -3.105394 2.831470 11.619847 1930.736969
 156.200000 -2.798560 3.035514 21.297821 165.996224
 156.400000 -2.307599 2.569259 21.956099 2.683039
 156.600000 -1.720543 2.435758 21.459079 297.271567
 156.800000 -1.851623 2.442225 20.183662 12.434985
 157.000000 -2.136567 2.631100 20.971450 97.750450
 157.200000 -2.585370 2.797968 23.143915 7.634633
 157.400000 3.029653 2.903094 4.244805 2770.193380
 157.600000 -2.704350 3.016390 22.287441 88.108436
 157.800000 -2.261915 2.332680 21.863305 9.405656
 158.000000 -1.629510 2.140091 23.319483 471.693135
 158.200000 -2.045006 2.018445 20.209370 28.558479
 158.400000 -2.201421 2.561361 21.553522 54.381336
 158.600000 -2.429830 3.101258 22.469013 52.314828
 158.800000 3.057576 2.591745 5.722331 2815.452361
 159.000000 -2.430951 3.006743 22.477138 52.859235
 159.200000 -1.884439 2.494178 20.100262 4.625377
 159.400000 -1.925063 2.026054 20.034543 1.286089
 159.600000 -1.756410 2.488041 20.915987 164.870475
 159.800000 -2.145893 2.727506 21.058640 98.308832
 160.000000 -2.742543 2.736847 21.924476 96.065888
 160.200000 -3.072881 2.893894 12.977336 1753.708834
 160.400000 -3.078555 2.866944 12.738965 1777.021587
 160.600000 -2.571360 2.783545 23.175248 1.892511
 160.800000 -2.298215 2.522233 21.965341 3.772084
 161.000000 -1.822548 2.425861 20.328101 30.600684
 161.200000 -2.071003 2.532975 20.370841 53.355965
 161.400000 -2.062360 3.027934 20.310480 44.300988
 161.600000 -2.912327 2.697433 18.970563 871.748961
 161.800000 3.009888 2.888818 3.206639 2608.618446
 162.000000 -2.851015 -3.136725 20.477471 384.103678
 162.200000 -2.972304 2.469068 16.957483 1357.508979
 162.400000 -2.569171 2.846998 23.179072 1.557269
 162.600000 -2.585453 2.852025 23.143941 9.292762
 162.800000 -2.619283 2.407639 22.984716 38.377124
 163.000000 -2.788657 2.675741 21.441102 143.663995
 163.200000 -2.407914 -3.047236 22.370939 38.598264
 163.400000 -2.693272 2.515301 22.390152 81.201279
 163.600000 -2.350989 2.724188 22.107978 9.388233
 163.800000 -2.113415 2.579835 20.738274 92.970656
 164.000000 -2.063636 2.564529 20.321905 45.083504
 164.200000 -2.149231 2.318495 21.098837 99.759274
 164.400000 -2.321720 2.834462 22.042697 4.581995
 164.600000 -2.891438 2.658493 19.560751 696.084765
 164.800000 -3.115256 2.795349 11.138649 1970.340043
 165.000000 -2.771131 2.927570 21.651385 115.003020
 165.200000 -2.511741 2.535311 23.086954 22.009570
 165.400000 -2.240368 2.620951 21.819738 22.947108
 165.600000 -1.929543 2.931347 20.062233 1.514896
 165.800000 -2.215648 2.351850 21.679073 43.625147
 166.000000 -2.510150 2.390713 23.079383 23.305018
 166.200000 -2.510987 3.085551 23.092680 22.268158
 166.400000 3.091062 2.620341 7.458616 2634.089454
 166.600000 3.137314 2.876141 9.736400 2212.899341
 166.800000 3.066871 2.948603 6.197261 2788.527074
 167.000000 -3.048021 2.832018 13.979590 1664.597223
 167.200000 -2.463571 2.488431 22.806790 52.707620
 167.400000 -1.914712 2.437446 20.091475 2.397107
 167.600000 -1.959061 2.394051 20.044945 0.165950
 167.800000 -2.323045 2.760576 22.075405 4.849278
 168.000000 3.065859 2.830563 6.146068 2796.369525
 168.200000 2.988177 3.022375 2.111329 2319.400233
 168.400000 -2.228052 2.695841 21.782307 32.902035
 168.600000 -1.856033 1.938415 20.226553 9.454672
 168.800000 -1.434843 0.837728 26.198201 57.025084
 169.000000 -0.861837 -0.020984 15.239659 1470.558668
 169.200000 -0.169264 -0.593399 -0.000000 0.000000
 169.400000 -0.603158 -0.301019 4.616469 2282.232029
 169.600000 -1.343990 0.652961 26.539943 0.246101
 169.800000 -1.159729 1.824359 24.262978 495.748419
 170.000000 -0.481983 2.401361 -0.002763 0.481108
 170.200000 -0.849435 2.196903 14.747092 1475.362920
 170.400000 -0.875180 1.730024 15.733814 1456.354094
 170.600000 -0.827056 0.938735 13.888225 1468.018284
 170.800000 -1.591079 0.743918 24.032963 404.434490
 171.000000 -2.052867 0.402864 20.278892 35.389749
 171.200000 -1.594980 0.462593 23.945008 414.232550
 171.400000 -0.845544 0.863743 14.593753 1475.838714
 171.600000 -1.706427 1.393156 21.650440 313.740516
 171.800000 -1.617104 1.587082 23.483033 453.917027
 172.000000 -0.986758 0.920741 19.678796 989.817077
 172.200000 -1.457286 0.533795 25.978429 82.512334
 172.400000 -1.929416 0.462703 20.101555 1.918864
 172.600000 -1.598273 0.765773 23.871531 421.834283
 172.800000 -0.518611 1.092515 0.794755 1582.207480
 173.000000 -0.518332 2.301366 0.783649 1578.543690
 173.200000 -1.392131 2.815942 26.405721 17.513254
 173.400000 -2.416049 2.078383 22.529482 43.836905
 173.600000 -2.861171 2.916513 20.307794 475.502361
 173.800000 2.941718 2.889382 0.064096 1124.156450
 174.000000 2.997245 2.756153 2.547010 2482.508203
 174.200000 -2.236703 2.766096 21.867950 27.090643
 174.400000 -2.239025 2.150406 21.879838 25.378487
 174.600000 -1.822623 2.072059 20.391987 22.312424
 174.800000 -1.850092 2.656570 20.285679 9.924059
 175.000000 3.116123 2.629710 8.733909 2405.628570
 175.200000 3.025866 3.128000 4.021646 2797.475564
 175.400000 -2.909987 2.849958 19.039827 901.304621
 175.600000 -2.819631 2.299100 21.081631 238.866262
 175.800000 -1.777458 3.057258 20.699402 79.787119
 176.000000 -1.992623 2.732392 20.091548 1.025365
 176.200000 -2.630008 2.305270 22.943613 51.867914
 176.400000 -2.720535 3.084183 22.182432 79.040205
 176.600000 -2.845286 3.136837 20.640185 372.642384
 176.800000 -2.955135 2.437585 17.542919 1281.232412
 177.000000 -2.293616 2.828978 22.080518 5.573607
 177.200000 -2.326288 2.573144 22.161121 5.985022
 177.400000 -2.790413 2.473877 21.488711 146.169691
 177.600000 -2.626906 -3.014560 22.968659 49.669755
 177.800000 3.098545 2.771125 7.861545 2575.083926
 178.000000 -2.335344 2.520990 22.184352 7.285409
 178.200000 -1.661156 2.419296 22.504055 432.390004
 178.400000 -2.171419 2.463162 21.397108 93.560003
 178.600000 -2.552483 2.739235 23.268430 0.033092
 178.800000 2.969149 3.043639 1.210962 1992.974643
 179.000000 -3.098542 2.909073 11.861802 1815.827278
 179.200000 -2.578923 2.708085 23.229577 9.644126
 179.400000 -2.160413 2.695873 21.293731 102.546889
 179.600000 -1.833939 2.476859 20.378952 14.204666
 179.800000 -2.243430 2.260674 21.934307 22.629862
 180.000000 -2.336492 2.790837 22.203501 7.494625
 180.200000 -3.050825 2.980451 13.834337 1632.825506
 180.400000 -3.056329 2.836291 13.611467 1646.224087
 180.600000 -2.886587 2.901019 19.708934 700.264475
 180.800000 -2.597746 2.904858 23.157782 24.461017
 181.000000 -2.339860 2.688041 22.221472 8.154347
 181.200000 -2.336680 2.578234 22.222190 7.608127
 181.400000 -2.381151 2.936052 22.389117 24.149610
 181.600000 -2.816657 2.586706 21.152036 229.035335
 181.800000 -2.583492 2.903355 23.224694 13.102708
 182.000000 -2.644201 2.644062 22.855065 62.303082
 182.200000 -2.497598 2.658443 23.151153 26.869972
 182.400000 -2.609908 2.716009 23.103418 35.911545
 182.600000 -2.396121 2.836622 22.482369 32.774986
 182.800000 -2.592071 2.504459 23.197329 20.104875
 183.000000 -2.618289 2.889958 23.050659 43.355327
 183.200000 -2.889517 2.760007 19.637666 731.002341
 183.400000 -2.953449 2.692083 17.603407 1283.130292
 183.600000 3.047278 2.950460 5.176823 2881.656424
 183.800000 -2.947648 2.886298 17.809547 1241.533460
 184.000000 -2.917495 2.686910 18.817925 989.145678
 184.200000 -2.287203 2.835541 22.133802 7.221026
 184.400000 -1.991910 2.633673 20.142406 0.545144
 184.600000 -2.020613 2.199507 20.193680 8.589898
 184.800000 -1.830528 2.584984 20.414153 13.595125
 185.000000 -2.158908 2.633260 21.305653 105.431304
 185.200000 -2.629204 2.768425 23.009790 53.644233
 185.400000 3.053180 2.794354 5.496087 2879.319113
 185.600000 -3.081823 3.083971 12.574844 1726.992778
 185.800000 -3.016405 2.651117 15.217484 1557.766582
 186.000000 -2.321894 2.651201 22.231059 6.487846
 186.200000 -1.889903 2.629656 20.271887 3.563186
 186.400000 -2.114383 2.499187 20.853447 101.140939
 186.600000 -2.004158 2.566476 20.173501 2.503200
 186.800000 -2.327877 2.625721 22.258433 7.379542
 187.000000 -2.633646 2.880045 22.987991 57.202981
 187.200000 3.068269 2.794445 6.308104 2829.679235
 187.400000 2.966859 2.897887 1.103985 1967.106576
 187.600000 -2.670247 2.946376 22.697522 75.047427
 187.800000 -2.155289 2.505953 21.287731 107.054451
 188.000000 -1.981250 2.549173 20.165308 0.013624
 188.200000 -1.972874 2.628820 20.176376 0.078940
 188.400000 -2.584856 2.593057 23.300436 15.248312
 188.600000 3.049800 3.047437 5.321285 2898.563435
 188.800000 3.067411 3.049939 6.265661 2839.579062
 189.000000 -2.684095 2.560268 22.587296 77.737161
 189.200000 -2.204185 2.756578 21.760229 63.004571
 189.400000 -1.857702 2.806132 20.352822 4.877414
 189.600000 -2.199491 2.280658 21.722217 68.169868
 189.800000 -2.182250 2.464377 21.570543 86.473244
 190.000000 -2.335709 2.971082 22.319060 9.256777
 190.200000 -2.889888 2.698604 19.651747 740.378170
 190.400000 3.045230 2.761736 5.081108 2910.607815
 190.600000 -2.981209 -2.970881 16.603002 1432.565245
 190.800000 -3.075201 2.592189 12.880092 1695.948447
 191.000000 -2.766336 2.807122 21.840124 111.990915
 191.200000 -2.261898 3.020382 22.124668 16.151608
 191.400000 -2.595164 2.561429 23.288621 24.005590
 191.600000 -2.441299 2.618000 22.908811 50.559728
 191.800000 -2.074450 2.989093 20.546224 57.080379
 192.000000 -2.455011 2.622424 23.006028 49.361082
 192.200000 -2.711079 2.588834 22.387954 82.138637
 192.400000 -2.609563 2.994987 23.221711 37.303413
 192.600000 -2.960655 2.681833 17.376450 1319.345468
 192.800000 -2.973203 2.746128 16.914520 1388.972980
 193.000000 -3.035994 3.087956 14.481974 1582.411144
 193.200000 3.026577 2.635753 4.088068 2871.699639
 193.400000 -2.431064 2.692785 22.867287 48.897428
 193.600000 -1.831337 2.748831 20.434451 8.723855
 193.800000 -2.331940 2.134836 22.365245 8.936047
 194.000000 -1.977125 2.699947 20.226327 0.000061
 194.200000 -2.384094 2.819851 22.589791 27.404328
 194.400000 -2.875684 2.549789 20.038604 619.452994
 194.600000 -2.731447 3.030685 22.222118 88.824041
 194.800000 -2.732075 2.826347 22.216189 89.067660
 195.000000 -2.536974 2.393624 23.443167 1.521956
 195.200000 -2.046261 2.957678 20.408971 26.619475
 195.400000 -2.142961 2.635513 21.242531 110.924295
 195.600000 -2.365438 2.324570 22.516991 18.547661
 195.800000 -2.354339 2.770305 22.472063 14.427874
 196.000000 -2.743045 3.053330 22.124334 95.385476
 196.200000 3.052529 2.735645 5.503137 2946.461357
 196.400000 -2.202790 2.921708 21.835401 66.961903
 196.600000 -1.887001 2.295206 20.340019 1.662103
 196.800000 -1.966007 1.942324 20.257500 0.133587
 197.000000 -1.677284 2.354608 22.039209 360.195406
 197.200000 -2.242203 2.970845 22.118275 29.436529
 197.400000 3.087579 2.883848 7.384782 2743.439468
 197.600000 -3.000303 3.036660 15.919505 1479.803068
 197.800000 -2.582495 2.586160 23.428138 13.818488
 198.000000 -2.424368 2.640473 22.888892 46.006421
 198.200000 -2.267744 2.689891 22.252792 15.531629
 198.400000 3.071196 2.585881 6.521562 2880.074233
 198.600000 2.971359 3.037195 1.306254 2097.255170
 198.800000 -2.353029 2.905418 22.523946 14.180374
 199.000000 -1.881996 1.889880 20.358987 1.352412
 199.200000 -1.130793 1.024139 23.213457 580.980487
 199.400000 -1.208316 0.186309 24.885107 328.684785
 199.600000 -0.627818 -0.253058 5.535705 2008.612688
 199.800000 -0.475210 -0.115861 -0.000908 0.048293
 200.000000 -0.502732 -0.053326 0.193341 1457.043243
 200.200000 -1.262558 0.617903 25.544484 123.420571
 200.400000 -1.253769 1.524376 25.441457 152.075141
 200.600000 -0.731808 1.292246 9.774645 1567.430155
 200.800000 -0.794428 1.581126 12.220281 1508.665294
 201.000000 -1.324962 1.948441 25.970892 7.717697
 201.200000 -0.648432 1.966459 6.301669 1914.609343
 201.400000 -0.805868 2.014286 12.652492 1509.327291
 201.600000 -0.726999 2.134594 9.570705 1579.877541
 201.800000 -0.837406 2.133459 13.876240 1497.728401
 202.000000 -0.609060 1.832418 4.546614 2035.935245
 202.200000 -0.406217 1.619165 -0.000000 0.000000
 202.400000 -1.120721 1.748389 22.799420 604.374249
 202.600000 -1.555527 1.634800 24.253046 292.434819
 202.800000 -1.516073 0.623835 24.856936 181.297147
 203.000000 -0.655189 0.225655 6.587636 1877.392081
 203.200000 -0.528468 -0.355466 1.047558 1548.712088
 203.400000 -0.637863 -0.733543 5.823442 1947.252728
 203.600000 -0.611297 0.090253 4.638555 2019.477879
 203.800000 -0.853410 0.517225 14.472395 1477.635744
 204.000000 -1.689108 0.980585 21.631687 309.436843
 204.200000 -1.517023 1.513349 24.820409 182.393494
 204.400000 -0.887793 1.589857 15.765801 1387.559318
 204.600000 -1.205886 1.373730 24.648572 338.067982
 204.800000 -1.248296 0.844757 25.318413 169.477191
 205.000000 -1.544909 0.672373 24.407192 259.789346
 205.200000 -1.273990 1.072131 25.596045 88.337215
 205.400000 -1.738499 1.352160 20.890866 133.249980
 205.600000 -1.289657 1.151349 25.726166 52.141280
 205.800000 -1.380103 0.724946 25.887451 7.626300
 206.000000 -1.699543 0.798606 21.438275 269.563421
 206.200000 -1.799314 1.035427 20.420468 17.934045
 206.400000 -0.600249 1.080584 4.139001 2005.586481
 206.600000 -1.396813 1.569365 25.818382 16.423469
 206.800000 -1.777758 1.095176 20.535241 42.191330
 207.000000 -1.387773 0.562477 25.851967 11.375588
 207.200000 -0.570408 0.229252 2.812659 1917.311573
 207.400000 -0.845326 0.047813 14.123681 1486.497166
 207.600000 -0.774850 -0.264452 11.388932 1512.025607
 207.800000 -0.492068 -0.326646 -0.018664 10.305249
 208.000000 -0.874729 0.131203 15.246946 1424.781798
 208.200000 -1.462198 0.856543 25.380215 75.169014
 208.400000 -1.307767 1.471617 25.804120 22.332527
 208.600000 -0.971035 1.373808 18.602402 994.537277
 208.800000 -1.545203 0.915426 24.365197 257.184258
 209.000000 -1.151555 0.571704 23.470250 538.148053
 209.200000 -0.923444 0.437083 17.009049 1226.267356
 209.400000 -1.768563 0.769154 20.598059 56.016266
 209.600000 -1.489730 1.245660 25.102808 118.759374
 209.800000 -0.620027 1.090234 5.019387 1968.303364
 210.000000 -1.249464 1.173035 25.289294 163.405910
 210.200000 -1.343020 0.826789 25.879540 0.329797
 210.400000 -1.155792 0.245774 23.551573 527.446118
 210.600000 -0.665509 0.179711 6.992803 1788.099662
 210.800000 -0.607993 -0.029726 4.483727 1983.719142
 211.000000 -0.539181 -0.530199 1.494257 1658.370423
 211.200000 -0.563325 -0.526212 2.512631 1863.793373
 211.400000 -0.788052 -0.094977 11.877790 1507.356690
 211.600000 -0.727986 0.139715 9.534793 1557.852275
 211.800000 -1.214618 0.428473 24.748160 303.122676
 212.000000 -1.033172 0.847027 20.406663 769.527066
 212.200000 -1.505627 1.308849 24.895737 151.253747
 212.400000 -1.561164 1.160526 24.070217 301.316267
 212.600000 -0.999103 0.314971 19.423993 872.845082
 212.800000 -0.546650 -0.090277 1.809376 1731.023005
 213.000000 -0.980530 -0.140427 18.864102 946.870936
 213.200000 -0.513226 -0.144172 0.496359 1419.100908
 213.400000 -0.686831 0.362314 7.879509 1683.471733
 213.600000 -1.671088 1.168449 21.911236 353.937212
 213.800000 -1.843256 1.413862 20.314985 1.477082
 214.000000 -1.283069 1.979597 25.614751 64.379036
 214.200000 -0.504178 1.769731 0.155105 1424.323706
 214.400000 -0.527866 1.922009 1.061000 1532.809659
 214.600000 -0.502899 1.728097 0.108176 1249.339343
 214.800000 -1.315205 1.729031 25.796537 14.008928
 215.000000 -1.475258 0.705667 25.217608 93.784625
 215.200000 -1.374476 0.213395 25.819578 5.600199
 215.400000 -0.981478 0.410984 18.874314 939.153838
 215.600000 -1.348516 0.988692 25.851372 0.000050
 215.800000 -1.532195 1.202524 24.519293 218.286906
 216.000000 -1.013520 0.873644 19.823381 822.344805
 216.200000 -1.813063 0.725154 20.375624 8.201530
 216.400000 -1.323293 1.141963 25.814734 7.577585
 216.600000 -1.343721 1.258274 25.847264 0.233813
 216.800000 -1.681091 1.094624 21.716652 320.274593
 217.000000 -1.407327 0.702195 25.697411 23.294553
 217.200000 -0.604260 0.329013 4.346485 1960.011416
 217.400000 -0.803389 -0.068145 12.459016 1501.107959
 217.600000 -0.731078 -0.023068 9.650688 1537.900851
 217.800000 -0.864390 0.181635 14.807708 1438.329001
 218.000000 -1.200199 0.306172 24.456969 365.433672
 218.200000 -1.434489 1.232933 25.536443 44.722244
 218.400000 -0.943619 1.591366 17.651702 1110.928607
 218.600000 -0.521227 1.936244 0.831585 1462.571288
 218.800000 -0.754624 2.211410 10.569381 1507.554274
 219.000000 -1.205759 2.282652 24.558418 341.911576
 219.200000 -1.328403 2.315324 25.819721 4.737539
 219.400000 -2.101439 2.442526 20.870755 93.691741
 219.600000 -2.851470 2.682115 20.516223 474.641748
 219.800000 2.987888 -3.044238 1.939486 2437.133863
 220.000000 -3.037180 2.760562 14.455256 1516.376309
 220.200000 -2.463582 2.513519 23.257134 35.678428
 220.400000 -1.700018 2.540018 21.389889 251.093811
 220.600000 -2.058817 2.488336 20.520491 43.214578
 220.800000 -2.803452 2.545850 21.398789 236.403895
 221.000000 -3.109179 -3.138846 11.506035 1913.047781
 221.200000 -3.016353 2.821567 15.254661 1451.199172
 221.400000 -2.933989 2.683740 18.220091 1088.188311
 221.600000 -2.184066 3.000154 21.742293 96.399829
 221.800000 -2.143083 2.335814 21.310759 118.782360
 222.000000 -2.048373 2.147098 20.456814 32.427043
 222.200000 -1.867621 2.446016 20.297750 0.514817
 222.400000 -2.182122 2.772202 21.726143 98.410709
 222.600000 -3.056441 2.785194 13.696069 1579.523285
 222.800000 3.136552 3.046282 9.789602 2307.694875
 223.000000 -2.465277 2.881507 23.272918 34.395040
 223.200000 -1.884475 2.292408 20.288372 0.391652
 223.400000 -1.563650 1.891573 23.980037 311.459043
 223.600000 -0.945602 1.412287 17.704140 1094.419480
 223.800000 -1.204061 0.611762 24.512377 350.440459
 224.000000 -1.018941 0.423691 19.943905 802.685670
 224.200000 -1.274973 0.879137 25.511199 84.614442
 224.400000 -1.384596 1.448235 25.775041 9.773172
 224.600000 -1.496080 1.189463 24.968655 134.984477
 224.800000 -1.188127 0.693270 24.197485 417.461871
 225.000000 -2.048212 0.711254 20.459158 32.979004
 225.200000 -1.250354 0.949493 25.240790 161.145886
 225.400000 -0.867442 1.419628 14.912629 1424.136925
 225.600000 -0.570840 1.772471 2.925072 1880.252941
 225.800000 -0.631087 2.362213 5.560217 1867.723178
 226.000000 -0.697547 2.109160 8.326701 1603.438444
 226.200000 -1.252470 1.352220 25.266353 153.627014
 226.400000 -0.962705 -0.165821 18.252263 1009.450282
 226.600000 -0.493481 -0.895433 -0.027628 1.186792
 226.800000 -0.803064 -0.013122 12.440095 1498.614107
 227.000000 -1.613090 1.086771 23.019795 405.530581
 227.200000 -1.721360 1.931830 21.079276 168.013669
 227.400000 -2.002264 2.721098 20.282361 4.174940
 227.600000 -3.118609 3.083551 11.091399 2005.923845
 227.800000 3.038121 3.026011 4.573872 3041.907937
 228.000000 -2.990363 2.868279 16.214812 1353.368872
 228.200000 -2.344899 2.679748 22.642827 13.688550
 228.400000 -1.961689 2.583630 20.246515 0.004017
 228.600000 -1.780426 2.402878 20.535790 32.941618
 228.800000 -2.258758 2.583016 22.317500 25.774984
 229.000000 -2.659924 2.931262 22.963531 70.923731
 229.200000 -3.021356 2.813627 15.051074 1440.378582
 229.400000 -3.047275 2.900750 14.053631 1525.673380
 229.600000 -2.546838 2.839068 23.536457 0.123905
 229.800000 -2.497198 2.374315 23.440577 15.835103
 230.000000 -1.845159 2.841049 20.335729 1.847109
 230.200000 -2.108622 2.497289 20.958694 104.321259
 230.400000 -2.002591 2.582998 20.282093 4.353154
 230.600000 -2.184419 2.648035 21.765350 96.664690
 230.800000 -2.167514 2.839155 21.592724 111.133111
 231.000000 -2.604252 2.656366 23.361168 30.416496
 231.200000 -2.590725 2.893665 23.428653 19.831492
 231.400000 -2.853783 2.911647 20.423208 508.493157
 231.600000 -3.035242 2.777805 14.518779 1478.147037
 231.800000 -2.834777 -3.076604 20.825905 393.799568
 232.000000 3.024518 2.702936 3.818759 2956.051313
 232.200000 -2.414179 2.870525 22.988158 33.806152
 232.400000 -2.004380 2.520297 20.289741 5.189925
 232.600000 -1.814778 2.351632 20.402861 7.965790
 232.800000 -2.178572 2.581943 21.716914 101.616535
 233.000000 -2.165655 2.863226 21.583291 111.919071
 233.200000 -2.724156 2.746087 22.369406 102.825583
 233.400000 3.083749 2.698551 7.074717 2926.169910
 233.600000 -2.889675 -3.012675 19.514516 766.070474
 233.800000 -3.127006 2.736817 10.711255 2099.908401
 234.000000 -2.420008 2.588548 23.025819 35.090921
 234.200000 -1.709474 2.672287 21.246445 200.197610
 234.400000 -2.191571 2.241775 21.854596 87.472961
 234.600000 -2.554624 2.661410 23.536299 1.407012
 234.800000 -2.839156 3.030180 20.731747 421.969492
 235.000000 2.989489 2.889122 1.981564 2453.463682
 235.200000 -2.957751 2.638620 17.360716 1204.538474
 235.400000 -2.359008 2.952333 22.720428 17.085373
 235.600000 -2.521114 2.504970 23.526371 3.856010
 235.800000 -2.266858 2.592850 22.379201 21.003923
 236.000000 -2.288064 2.847053 22.466840 14.088674
 236.200000 -2.969575 2.573299 16.944668 1255.846029
 236.400000 -2.927337 3.049151 18.377947 1032.409522
 236.600000 3.084286 2.887001 7.102239 2927.393064
 236.800000 -2.393259 2.646527 22.888306 27.934042
 237.000000 -1.826062 2.476270 20.382051 4.907806
 237.200000 -1.924044 2.400175 20.271301 0.560428
 237.400000 -2.416242 2.645821 23.024447 34.407545
 237.600000 -3.024567 2.867025 14.925156 1433.684975
 237.800000 3.079675 -3.118264 6.852131 2966.275619
 238.000000 -2.487742 2.719251 23.427198 19.721052
 238.200000 -1.588340 2.527620 23.460208 362.098607
 238.400000 -2.119442 2.046606 21.117498 114.254540
 238.600000 -1.841077 2.571414 20.355733 2.619136
 238.800000 -2.350122 2.878867 22.705801 15.221253
 239.000000 -2.742016 2.757906 22.187194 120.409587
 239.200000 -2.687782 2.796976 22.729145 84.691450
 239.400000 -2.537601 3.097488 23.563312 0.102419
 239.600000 -2.420800 2.416460 23.066836 34.919134
 239.800000 -2.315109 2.373863 22.588276 11.670577
 240.000000 -1.828773 2.940478 20.381194 4.483584
 240.200000 -2.562673 2.420655 23.545274 4.518827
 240.400000 -3.109296 2.785560 11.513517 1919.543762
 240.600000 3.060771 -3.098577 5.814721 3071.733696
 240.800000 -2.997309 2.731130 15.942705 1347.223429
 241.000000 -2.589690 2.485353 23.454594 20.528520
 241.200000 -2.400270 2.949633 22.969964 29.961960
 241.400000 -3.017234 2.815979 15.204620 1404.781406
 241.600000 3.032187 2.827927 4.232545 3025.612677
 241.800000 3.012002 2.936701 3.138592 2826.579268
 242.000000 -3.091827 2.744963 12.265550 1765.974322
 242.200000 -2.982744 2.859239 16.474488 1296.347119
 242.400000 -2.837884 3.079882 20.751707 419.642844
 242.600000 -3.132707 2.837320 10.463084 2169.070544
 242.800000 -3.080703 2.689376 12.731023 1683.331446
 243.000000 -2.981564 2.948104 16.516931 1292.220567
 243.200000 2.948815 2.752787 0.131100 1734.434777
 243.400000 3.136200 2.962185 9.790713 2343.524981
 243.600000 -2.557229 2.893724 23.568759 2.908465
 243.800000 -2.599994 2.526264 23.413645 29.167220
 244.000000 -2.510837 2.762669 23.547158 6.424446
 244.200000 -2.787915 2.873906 21.617205 209.067316
 244.400000 2.925028 2.692492 -0.000661 0.033404
 244.600000 -2.379013 2.886773 22.888815 23.452390
 244.800000 -2.340567 2.290121 22.724071 14.470636
 245.000000 -1.793894 2.294162 20.501026 19.393686
 245.200000 -1.811580 2.710612 20.436274 9.539824
 245.400000 -2.808278 2.535134 21.302011 278.407420
 245.600000 2.938333 -3.068960 -0.020347 13.239551
 245.800000 2.978698 2.854716 1.467287 2245.777170
 246.000000 -2.745594 2.366356 22.157527 127.564276
 246.200000 -1.740968 2.642052 20.874708 98.981192
 246.400000 -1.847674 2.555832 20.359566 2.186835
 246.600000 -2.598211 2.605669 23.438310 28.103927
 246.800000 2.986327 3.002682 1.840967 2407.442473
 247.000000 -3.083108 -3.141367 12.663133 1698.941197
 247.200000 -2.633251 2.554835 23.216688 55.965865
 247.400000 -2.021395 2.519941 20.384616 15.917004
 247.600000 -1.672557 2.634826 21.821065 296.347235
 247.800000 -2.627022 2.250711 23.262314 51.297238
 248.000000 -2.934343 2.870078 18.161544 1056.403516
 248.200000 2.988413 -3.095341 1.955350 2455.321457
 248.400000 -3.034192 2.523407 14.609327 1444.751893
 248.600000 -2.084840 2.673354 20.808851 83.295682
 248.800000 -1.752526 2.674993 20.772748 73.312220
 249.000000 -2.234872 2.260041 22.279676 46.169974
 249.200000 -2.611522 2.638140 23.377216 39.073558
 249.400000 -3.061866 3.031808 13.545671 1564.583467
 249.600000 3.090719 2.746830 7.508682 2889.244971
 249.800000 -2.637758 2.636154 23.192927 59.484963
 250.000000 -2.068098 2.756553 20.669085 62.811482
 250.200000 -1.950194 2.535668 20.276141 0.021935
 250.400000 -2.092199 2.449027 20.884201 92.163860
 250.600000 -2.041760 2.796059 20.491235 33.109030
 250.800000 -2.893870 2.634251 19.399135 782.479134
 251.000000 3.139095 2.903353 9.989085 2313.001193
 251.200000 -3.127402 3.064297 10.783321 2113.267977
 251.400000 -2.773429 2.675428 21.828865 178.090387
 251.600000 -2.595671 2.754208 23.479850 26.341277
 251.800000 -2.623360 2.903784 23.310661 48.942338
 252.000000 2.997537 2.644159 2.438045 2634.851861
 252.200000 2.955239 2.882047 0.454958 1870.776206
 252.400000 -2.478243 2.890893 23.492948 20.101063
 252.600000 -2.232317 2.165124 22.286296 50.161354
 252.800000 -1.710084 2.658699 21.245995 177.334204
 253.000000 -2.117549 2.667857 21.153761 115.248302
 253.200000 -2.522077 2.621114 23.634580 1.907686
 253.400000 -2.969069 2.895965 17.021749 1208.651727
 253.600000 3.090627 3.056568 7.542826 2892.674945
 253.800000 -2.883421 2.620813 19.691759 704.026786
 254.000000 -2.269449 2.801731 22.515208 25.071190
 254.200000 -1.932656 2.637338 20.290410 0.235498
 254.400000 -1.942027 2.431231 20.286789 0.077312
 254.600000 -2.169627 2.485394 21.733617 111.856503
 254.800000 -2.140565 2.787683 21.416545 122.726411
 255.000000 -2.702528 2.708570 22.643068 98.306047
 255.200000 3.028221 2.640105 4.112673 3032.967017
 255.400000 -2.957956 -3.065213 17.418787 1153.874180
 255.600000 3.105118 2.606845 8.331327 2736.677506
 255.800000 -2.886264 2.816094 19.623909 719.481811
 256.000000 -2.883606 2.824421 19.694763 701.404820
 256.200000 -3.057778 2.702244 13.775481 1535.724589
 256.400000 -2.870919 2.980864 20.025201 614.827577
 256.600000 -2.964434 2.850137 17.206056 1180.190753
 256.800000 -3.075379 2.863330 13.074715 1639.294677
 257.000000 -3.095377 2.850749 12.247384 1790.936650
 257.200000 -2.890174 2.861122 19.530334 741.630076
 257.400000 -2.584240 2.501963 23.570028 18.054008
 257.600000 -2.713597 2.757801 22.545427 106.122835
 257.800000 -2.610316 2.942137 23.432643 38.660437
 258.000000 3.003982 2.654419 2.823770 2764.946482
 258.200000 -2.913482 2.829665 18.871522 893.956865
 258.400000 -2.981316 2.851793 16.640523 1241.954373
 258.600000 -3.139647 2.728000 10.290938 2261.655772
 258.800000 -3.009704 2.985957 15.620127 1340.358484
 259.000000 -3.135071 2.724448 10.507220 2205.858746
 259.200000 -3.009527 2.947493 15.642029 1335.552268
 259.400000 -2.968266 2.840614 17.108376 1185.160114
 259.600000 3.139048 2.696806 10.093727 2319.934705
 259.800000 -2.940653 2.906902 18.032930 1052.044481
 260.000000 -2.929207 2.919828 18.398474 987.099217
 260.200000 -3.059522 2.625321 13.772340 1538.435933
 260.400000 -2.742313 2.855565 22.249662 132.455873
 260.600000 -2.888169 2.654113 19.608028 718.837664
 260.800000 -3.102403 2.717126 12.014396 1854.053568
 261.000000 -2.985475 3.071293 16.523896 1247.614306
 261.200000 3.085785 2.628887 7.387306 2967.567471
 261.400000 -2.648855 2.552915 23.177520 69.350126
 261.600000 -2.021074 2.834619 20.440431 18.931376
 261.800000 -2.051449 2.442204 20.609884 46.405975
 262.000000 -1.955300 2.510479 20.300988 0.133660
 262.200000 -2.081870 2.548942 20.859133 81.910057
 262.400000 -2.092283 2.786918 20.956655 93.404996
 262.600000 -2.671246 2.629747 22.988321 83.397298
 262.800000 -2.951789 2.891931 17.712411 1093.616407
 263.000000 -3.084924 2.914829 12.794990 1705.321583
 263.200000 2.986900 2.656914 2.002763 2511.606733
 263.400000 -2.479970 2.906634 23.582124 18.226828
 263.600000 -1.983493 2.519667 20.336367 3.332403
 263.800000 -1.799176 2.046709 20.508710 16.693539
 264.000000 -1.504356 2.198649 24.554714 152.959391
 264.200000 -2.059175 2.491532 20.686928 56.156899
 264.400000 -2.625065 2.955172 23.382440 50.985378
 264.600000 3.101931 3.012689 8.308508 2818.778071
 264.800000 -3.109249 2.650600 11.803709 1929.851099
 265.000000 -2.474112 2.721498 23.562844 20.724245
 265.200000 -1.760253 2.535342 20.730208 55.834579
 265.400000 -1.861013 2.423611 20.357546 1.705115
 265.600000 -2.292466 2.337646 22.692538 19.064572
 265.800000 -2.280838 2.794351 22.639915 22.125941
 266.000000 -2.806288 2.820959 21.408328 270.268141
 266.200000 2.959346 2.789792 0.727120 1939.872975
 266.400000 -2.420805 3.001544 23.293668 31.434822
 266.600000 -2.014978 2.262159 20.445619 17.161110
 266.800000 -1.861121 2.334428 20.357523 1.702317
 267.000000 -1.879365 2.683861 20.337069 0.919269
 267.200000 -3.009047 2.592264 15.813049 1298.876748
 267.400000 -3.117903 3.116586 11.481783 2029.882359
 267.600000 3.119583 2.909181 9.284570 2614.263122
 267.800000 -2.623979 2.326480 23.409244 49.715501
 268.000000 -1.610643 2.670668 22.834502 317.634896
 268.200000 -2.020341 2.552127 20.484110 21.756108
 268.400000 -2.528968 2.648376 23.742332 0.457487
 268.600000 3.098165 2.967591 8.179855 2889.919492
 268.800000 -3.092130 2.967477 12.624189 1766.230272
 269.000000 -2.373970 3.006362 23.059937 23.435006
 269.200000 -1.603035 2.577306 22.951514 309.117834
 269.400000 -1.924487 1.680400 20.314550 0.017346
 269.600000 -1.661069 1.007899 21.946689 267.402231
 269.800000 -0.892111 0.219720 15.506343 1279.488165
 270.000000 -1.304746 0.179932 25.388699 26.594340
 270.200000 -0.864751 0.356148 14.496379 1372.038117
 270.400000 -1.590128 1.312175 23.167805 296.862012
 270.600000 -1.725033 1.896809 21.059230 119.075444
 270.800000 -1.840191 2.525159 20.395535 3.850095
 271.000000 -2.402441 2.963201 23.220308 29.530848
 271.200000 3.004023 2.724429 2.974852 2886.877379
 271.400000 3.011427 2.826907 3.376404 2993.380510
 271.600000 -2.163572 2.894989 21.789008 107.811236
 271.800000 -1.808104 2.201935 20.484721 12.743031
 272.000000 -1.609231 1.721110 22.828874 305.240299
 272.200000 -1.693001 1.018957 21.461979 191.054451
 272.400000 -0.550585 -0.121531 1.915349 1594.757456
 272.600000 -0.379567 -0.605627 -0.000000 0.000000
 272.800000 -0.660668 -0.295208 6.508960 1699.154273
 273.000000 -0.908241 0.285092 16.035633 1211.132687
 273.200000 -1.250411 0.880287 24.853144 161.623413
 273.400000 -1.612234 1.501291 22.766579 298.836919
 273.600000 -1.708471 1.453655 21.262019 153.664926
 273.800000 -0.892899 0.900947 15.482156 1271.112116
 274.000000 -1.423864 0.530227 25.182638 43.092733
 274.200000 -1.675187 0.614955 21.724665 226.700354
 274.400000 -1.610725 1.113579 22.789135 295.171713
 274.600000 -0.982593 1.373100 18.425378 915.164096
 274.800000 -0.876201 1.382425 14.868456 1330.122965
 275.000000 -1.192112 1.090656 23.876841 400.396030
 275.200000 -1.642862 0.636067 22.241651 276.444950
 275.400000 -1.483116 0.516074 24.646002 114.637302
 275.600000 -0.822872 0.928872 12.861250 1457.936124
 275.800000 -1.104787 1.499086 21.815736 670.082026
 276.000000 -1.113611 1.354612 22.042691 652.783846
 276.200000 -1.359257 0.756137 25.406283 1.285949
 276.400000 -1.674702 0.469776 21.738384 223.940643
 276.600000 -1.529568 0.813285 24.066794 190.176698
 276.800000 -0.996745 1.381029 18.827036 872.669116
 277.000000 -0.850177 1.644805 13.885078 1404.325457
 277.200000 -0.583331 1.854321 3.208506 1741.388880
 277.400000 -0.583945 2.261985 3.234142 1743.225048
 277.600000 -0.848806 2.257516 13.823493 1407.127413
 277.800000 -0.783297 2.074408 11.318747 1498.754083
 278.000000 -0.653992 1.605475 6.174502 1718.025640
 278.200000 -0.982435 1.643341 18.381068 918.606088
 278.400000 -0.980071 1.161544 18.309254 926.372933
 278.600000 -1.058100 0.313175 20.547758 744.725857
 278.800000 -0.823555 0.181090 12.859321 1454.624486
 279.000000 -0.598248 0.190613 3.825677 1772.141812
 279.200000 -0.814247 0.077824 12.496195 1466.376600
 279.400000 -1.138823 0.368699 22.637247 586.775087
 279.600000 -1.167565 1.089930 23.306028 492.742148
 279.800000 -1.815750 1.379059 20.481700 11.930477
 280.000000 -1.382609 1.113230 25.322027 10.838638
 280.200000 -1.120469 0.399102 22.177702 632.507584
 280.400000 -0.638622 -0.171105 5.508729 1754.076276
 280.600000 -0.555401 -0.408059 2.040321 1598.076135
 280.800000 -0.612822 -0.066668 4.423030 1780.146072
 281.000000 -0.894254 0.261152 15.462420 1262.021842
 281.200000 -1.418636 0.990838 25.129692 37.710825
 281.400000 -1.540554 1.441401 23.878168 200.148126
 281.600000 -1.633231 1.332442 22.408129 268.516900
 281.800000 -1.064783 0.501929 20.713614 734.352783
 282.000000 -0.637735 -0.299241 5.464629 1756.484035
 282.200000 -0.643867 -0.383710 5.714173 1746.419596
 282.400000 -1.017971 0.125382 19.404515 824.004588
 282.600000 -1.480845 0.998017 24.605575 107.032497
 282.800000 -1.094032 1.458528 21.488179 684.853811
 283.000000 -0.546639 1.180930 1.681575 1528.755855
 283.200000 -0.530778 1.844247 1.071209 1388.049558
 283.400000 -1.200102 2.394470 23.947012 357.079251
 283.600000 -1.821891 2.687739 20.464478 11.120066
 283.800000 -2.874692 2.526637 20.113798 579.096142
 284.000000 2.934855 3.135839 -0.026068 7.054747
 284.200000 2.935897 2.938602 -0.027844 0.016292
 284.400000 -2.559541 2.602748 23.777418 4.325994
 284.600000 -2.007149 2.637459 20.497784 20.203272
 284.800000 -1.892847 2.558574 20.329583 0.515276
 285.000000 -2.422278 2.375291 23.387007 31.347411
 285.200000 -2.508645 2.918209 23.772487 4.826374
 285.400000 3.101303 2.942836 8.594243 2928.123764
 285.600000 -2.939582 2.823957 18.336944 930.175233
 285.800000 -2.823259 2.947394 21.198794 327.538994
 286.000000 -2.485315 2.661102 23.702314 14.079058
 286.200000 -2.336881 2.742205 22.954197 19.826174
 286.400000 -2.513366 2.649833 23.784788 3.346609
 286.600000 -2.537305 2.813216 23.805354 0.021455
 286.800000 -2.896954 2.707873 19.559292 698.938913
 287.000000 2.998926 2.998057 2.828222 2891.616853
 287.200000 -2.749107 2.952418 22.292372 144.012485
 287.400000 -2.619019 2.467676 23.515940 43.774211
 287.600000 -2.073524 2.717259 20.953471 77.893685
 287.800000 -1.975550 2.631760 20.387280 7.066097
 288.000000 -2.082111 2.558647 21.031055 85.295448
 288.200000 -2.361517 2.703401 23.077107 23.828559
 288.400000 2.961407 2.823697 0.962508 2088.611242
 288.600000 -3.001116 2.841097 16.356827 1181.520187
 288.800000 -2.484755 2.795688 23.710965 13.906958
 289.000000 -1.991015 2.533932 20.436245 13.163981
 289.200000 -1.527368 2.468193 24.017510 166.777026
 289.400000 -1.772124 2.183472 20.721922 48.972425
 289.600000 -1.884214 2.563814 20.325343 1.020309
 289.800000 -2.492261 2.777408 23.741494 10.538604
 290.000000 -2.990242 2.738589 16.736839 1134.495565
 290.200000 -2.461653 2.964278 23.621384 22.788365
 290.400000 -1.522952 2.448748 24.067503 158.974472
 290.600000 -1.721731 1.370204 21.182176 124.659619
 290.800000 -0.573471 0.113887 2.720037 1684.067896
 291.000000 -0.506162 -0.788302 0.146818 1277.304156
 291.200000 -0.495955 -0.612406 -0.026747 3.418681
 291.400000 -1.055338 0.641577 20.399923 754.475318
 291.600000 -1.685389 1.683564 21.641826 189.468334
 291.800000 -2.105425 2.824774 21.273157 99.771247
 292.000000 -3.095330 3.076195 12.832509 1788.264713
 292.200000 3.101711 2.711774 8.682410 2945.646557
 292.400000 -2.569572 2.983730 23.768957 8.974918
 292.600000 -2.160737 2.710416 21.836500 95.929665
 292.800000 -1.833896 2.365926 20.422408 9.801709
 293.000000 -1.854545 2.369031 20.367915 4.732461
 293.200000 -2.139339 2.739859 21.626266 103.126742
 293.400000 -3.075869 2.692441 13.653759 1602.804615
 293.600000 -3.104731 3.068681 12.449701 1894.132635
 293.800000 -2.926289 2.948875 18.777081 837.835081
 294.000000 -2.915193 2.619004 19.092753 780.747191
 294.200000 -2.161402 2.967336 21.850122 94.549175
 294.400000 -1.956252 2.661968 20.347199 3.850294
 294.600000 -1.964942 2.408573 20.366215 5.848218
 294.800000 -2.126559 2.472785 21.500435 103.643444
 295.000000 -1.987663 3.010248 20.435708 13.872381
 295.200000 -2.671193 2.523175 23.121933 80.309719
 295.400000 -2.842473 2.867295 20.854443 404.288839
 295.600000 -2.937723 2.925501 18.452590 888.405803
 295.800000 -3.071417 2.731504 13.852298 1564.362810
 296.000000 -2.370743 2.879542 23.159738 26.788220
 296.200000 -2.121061 2.625873 21.454851 101.716796
 296.400000 -1.796657 2.405119 20.587160 29.678956
 296.600000 -1.930617 2.142390 20.319317 0.699104
 296.800000 -1.904246 2.802743 20.311696 0.056473
 297.000000 -2.463197 3.010532 23.655015 20.633782
 297.200000 3.030392 2.746498 4.660887 3301.592637
 297.400000 -3.080545 3.075875 13.508977 1646.076279
 297.600000 -2.512108 2.813244 23.815693 2.615340
 297.800000 -2.200068 2.149027 22.208800 67.294757
 298.000000 -1.378778 2.609528 25.145611 7.493085
 298.200000 -0.535274 2.285081 1.170111 1396.467614
 298.400000 -0.931648 1.278067 16.620879 1105.359774
 298.600000 -1.565262 0.129410 23.450654 203.553059
 298.800000 -2.021940 -0.150420 20.629253 35.503952
 299.000000 -1.757895 0.647098 20.858083 69.153696
 299.200000 -0.600348 1.456104 3.779804 1756.680144
 299.400000 -0.501027 2.388836 -0.012978 126.555540
 299.600000 -1.373781 2.706562 25.135793 5.162715
 299.800000 -1.928745 1.765277 20.332833 0.774456
 300.000000 -1.768503 1.279191 20.776937 56.230116
 300.200000 -0.310556 0.259577 -0.000000 0.000000
 300.400000 -0.505874 -0.558536 0.975459 1090.332045
 300.600000 -1.080032 -0.370506 21.852146 709.844616
 300.800000 -0.631555 0.244488 5.938433 1768.577579
 301.000000 -0.751319 1.195835 10.806622 1533.117111
 301.200000 -1.176742 1.630010 24.177882 430.412704
 301.400000 -0.535490 0.903449 2.013981 1392.523378
 301.600000 -1.814178 0.747177 21.365173 18.649407
 301.800000 -2.242366 0.462660 23.372777 40.205778
 302.000000 -1.898447 0.189498 21.183408 0.093959
 302.200000 -1.046244 0.314501 20.910522 777.218920
 302.400000 -1.124142 1.178863 22.965933 606.717902
 302.600000 -1.709913 1.583317 22.201372 141.074422
 302.800000 -1.697381 1.129966 22.355428 161.158011
 303.000000 -0.878189 0.249040 15.583648 1287.072267
 303.200000 -0.650633 -0.174871 6.716817 1742.834073
 303.400000 -0.782636 -0.196442 12.000694 1484.623602
 303.600000 -0.705408 0.011715 8.964110 1619.945531
 303.800000 -0.457497 0.116535 -0.006261 1.223514
 304.000000 -1.539080 0.245683 24.623601 164.328610
 304.200000 -1.640126 0.793425 23.157007 223.745417
 304.400000 -0.740476 1.282597 10.353184 1548.440423
 304.600000 -0.495399 2.085266 0.617509 989.469003
 304.800000 -0.860322 2.573870 14.918989 1335.417471
 305.000000 -1.516660 2.089135 24.888718 134.321850
 305.200000 -1.749037 0.838541 21.793389 80.451983
 305.400000 -0.953313 -0.153178 18.110433 1025.404281
 305.600000 -0.442464 -0.673845 -0.000382 0.004649
 305.800000 -0.612721 -0.351215 5.115259 1768.091767
 306.000000 -0.908251 0.259339 16.613445 1183.513339
 306.200000 -1.326202 1.005051 25.899669 6.391584
 306.400000 -1.177058 1.128336 24.134471 426.532792
 306.600000 -1.358260 0.993708 25.925460 0.677064
 306.800000 -1.658505 0.877206 22.884454 207.925386
 307.000000 -1.300643 0.927680 25.796656 31.162216
 307.200000 -1.214547 1.156825 24.827519 276.575634
 307.400000 -1.730477 1.351227 21.975105 107.572377
 307.600000 -0.975745 0.931802 18.797684 952.122768
 307.800000 -1.517360 0.751816 24.855697 131.869477
 308.000000 -1.315244 0.885434 25.855487 14.385311
 308.200000 -1.389135 1.066923 25.838779 12.379063
 308.400000 -1.021221 0.944859 20.144911 831.643425
 308.600000 -1.692339 0.822192 22.421809 165.448191
 308.800000 -1.048273 0.720278 20.911172 774.454056
 309.000000 -1.174796 0.845455 24.071034 435.299578
 309.200000 -1.311615 0.959496 25.826404 17.812999
 309.400000 -1.332588 1.013920 25.889104 3.224578
 309.600000 -1.451519 1.109741 25.474390 59.666028
 309.800000 -1.325117 0.790279 25.872577 6.936714
 310.000000 -1.411658 0.837669 25.733082 26.936828
 310.200000 -1.665896 1.347686 22.781721 196.626728
 310.400000 -1.133533 1.305332 23.125357 579.681734
 310.600000 -1.705372 1.100537 22.263329 145.654428
 310.800000 -1.172612 0.693645 24.011416 444.583017
 311.000000 -1.491102 0.952527 25.117621 99.614063
 311.200000 -1.531518 1.044844 24.667143 146.079893
 311.400000 -0.607721 0.463808 4.876939 1758.202223
 311.600000 -1.052803 0.197307 21.014961 766.594455
 311.800000 -1.236931 0.099149 25.144362 193.304030
 312.000000 -0.638317 0.644899 6.161350 1754.499842
 312.200000 -1.104065 1.530525 22.379612 660.106531
 312.400000 -1.697934 2.187864 22.358990 156.164851
 312.600000 -2.376462 2.650681 24.067375 28.973159
 312.800000 2.890661 3.035395 -0.001340 0.071670
 313.000000 -2.676013 2.906560 23.893502 80.776677
 313.200000 -2.190264 2.422255 22.962261 68.151122
 313.400000 -1.842427 2.463940 21.262497 8.182039
 313.600000 -2.176810 2.718501 22.848268 75.336513
 313.800000 -2.676007 2.457882 23.888937 80.654104
 314.000000 -2.655912 3.058084 24.062120 67.913167
 314.200000 -2.697090 2.995906 23.687701 94.216751
 314.400000 -2.826538 2.325179 21.990773 326.751891
 314.600000 -2.374321 2.785247 24.052312 28.913257
 314.800000 -1.852054 -3.060300 21.236708 5.577357
 315.000000 -2.551851 2.225616 24.623862 3.628617
 315.200000 -2.226571 2.438970 23.231988 48.106343
 315.400000 -2.164917 3.129743 22.738766 79.910350
 315.600000 -2.301282 2.630275 23.671263 26.851296
 315.800000 -2.634759 2.365850 24.218666 53.708440
 316.000000 -1.936690 3.111376 21.205992 2.525924
 316.200000 -2.287256 2.536189 23.596401 28.588775
 316.400000 -2.486148 1.931454 24.582287 7.993362
 316.600000 -1.786772 2.432946 21.515855 41.095656
 316.800000 -0.699251 2.405420 8.640827 1622.244715
 317.000000 -0.644411 1.513152 6.389121 1742.537961
 317.200000 -1.718958 0.896427 22.116008 125.552829
 317.400000 -1.622132 0.061139 23.415310 211.332428
 317.600000 -1.355965 -0.181291 25.874195 0.418903
 317.800000 -0.409274 0.154982 -0.000001 0.000000
 318.000000 -0.959933 0.506189 18.223419 1008.285876
 318.200000 -1.836250 1.086824 21.279590 10.658076
 318.400000 -1.275107 1.391726 25.553817 80.372368
 318.600000 -1.558050 1.158621 24.310475 171.006063
 318.800000 -1.896365 0.835595 21.177956 0.053896
 319.000000 -1.062828 0.616411 21.246694 752.451217
 319.200000 -0.428294 0.177886 -0.000021 0.000011
 319.400000 -0.808904 -0.437117 12.887743 1427.259258
 319.600000 -0.975722 -0.418266 18.703863 961.356653
 319.800000 -0.445973 0.056182 -0.000443 0.006641
 320.000000 -0.944051 0.309937 17.696911 1062.687215
 320.200000 -1.390660 0.544816 25.786711 13.898350
 320.400000 -1.199665 1.328055 24.499643 341.188771
 320.600000 -0.804189 1.772008 12.701554 1433.786511
 320.800000 -0.313158 1.947149 -0.000000 0.000000
 321.000000 -1.493309 2.287695 25.056495 100.780136
 321.200000 -2.424607 2.089086 24.319381 26.242452
 321.400000 -2.590063 3.095746 24.470494 23.063483
 321.600000 3.137299 2.960180 11.469712 2504.591297
 321.800000 2.973377 2.507796 2.430094 2388.831328
 322.000000 -2.671405 3.094283 23.898357 77.760884
 322.200000 -2.751388 2.858247 23.069955 145.772104
 322.400000 -2.699474 2.692731 23.632862 95.933230
 322.600000 -2.452477 3.043538 24.451861 18.731959
 322.800000 -2.906390 2.716587 20.194272 683.094204
 323.000000 -2.769350 3.076733 22.843429 173.789163
 323.200000 -3.005193 2.823884 17.212211 1140.268006
 323.400000 -2.804389 2.731419 22.333427 254.021723
 323.600000 -2.536408 3.023464 24.619440 0.774017
 323.800000 -2.992854 2.668865 17.623434 1081.867027
 324.000000 -2.623655 2.994408 24.267179 46.240358
 324.200000 -2.783400 2.683563 22.649239 201.847862
 324.400000 -2.756769 2.855105 23.002366 153.446540
 324.600000 -2.873092 2.716487 21.006521 521.450307
 324.800000 3.107124 2.646186 9.886246 2945.396701
 325.000000 -2.652741 3.081454 24.048726 65.527563
 325.200000 -3.014868 2.560318 16.880197 1188.325108
 325.400000 -2.708713 2.857608 23.541481 101.801399
 325.600000 -2.691543 2.752379 23.709275 89.559631
 325.800000 -2.985315 2.568389 17.867165 1046.737916
 326.000000 -2.611634 2.966771 24.343138 37.284253
 326.200000 -2.988158 2.676652 17.775276 1059.207341
 326.400000 -2.633789 2.970921 24.196639 51.755647
 326.600000 -2.809385 2.736961 22.257971 271.179726
 326.800000 -2.945007 2.815453 19.114054 867.245711
 327.000000 -2.553255 3.051378 24.589016 4.612974
 327.200000 -2.590738 2.535624 24.458254 22.618027
 327.400000 -2.491082 2.702485 24.578294 5.347653
 327.600000 -2.262751 2.819201 23.433405 35.924526
 327.800000 -2.335793 2.532791 23.837147 28.808920
 328.000000 -2.248738 2.799152 23.347122 40.082478
 328.200000 -2.251590 2.698781 23.362865 39.495134
 328.400000 -2.346875 2.652915 23.897201 29.347052
 328.600000 -2.509002 2.601661 24.609043 1.283981
 328.800000 -2.604154 2.928902 24.390673 30.706809
 329.000000 3.104990 2.828446 9.757322 2986.786286
 329.200000 3.004495 2.819747 4.019494 3005.225905
 329.400000 -2.800248 -3.119023 22.420343 247.453564
 329.600000 -2.750391 2.686028 23.106720 145.179103
 329.800000 -2.328290 2.488248 23.798155 29.109109
 330.000000 -1.910685 2.685939 21.163925 0.194279
 330.200000 -1.961145 2.494249 21.245840 8.614115
 330.400000 -2.622542 2.531877 24.286973 41.742527
 330.600000 -2.907303 2.931547 20.174757 693.067691
 330.800000 -3.097642 2.957737 13.703893 1868.874103
 331.000000 2.991625 2.645281 3.323793 2770.553167
 331.200000 -2.770632 3.080801 22.862191 179.924173
 331.400000 -2.711549 2.590983 23.548638 102.362408
 331.600000 -2.263976 2.837696 23.438432 36.983928
 331.800000 -2.176545 2.661790 22.803360 72.125778
 332.000000 -2.268515 2.534712 23.465825 35.862574
 332.200000 -2.418733 2.939745 24.293166 26.327857
 332.400000 3.115956 2.742187 10.340558 2848.185538
 332.600000 3.066328 3.020292 7.558539 3361.911049
 332.800000 -2.914520 2.964799 19.987025 729.589710
 333.000000 -2.316244 2.496397 23.737871 29.896599
 333.200000 -1.700509 2.230915 22.322548 145.644158
 333.400000 -1.750179 1.875721 21.793586 82.637835
 333.600000 -1.748128 2.136333 21.812374 85.143540
 333.800000 -2.048649 2.397668 21.691826 53.345136
 334.000000 -2.416618 -3.096874 24.285392 26.540425
 334.200000 -3.117171 2.736376 12.832477 2124.544410
 334.400000 -2.488246 2.872370 24.577525 5.939181
 334.600000 -2.524689 2.485807 24.624696 0.005947
 334.800000 -2.359236 2.715220 23.979720 29.950992
 335.000000 -2.287056 2.788858 23.580116 33.423772
 335.200000 -3.010904 2.357361 17.028210 1173.454232
 335.400000 -2.661489 3.076610 24.027161 64.770885
 335.600000 -3.020895 2.794262 16.682102 1227.266439
 335.800000 -2.909754 2.649016 20.122367 709.713008
 336.000000 -2.057121 3.004126 21.750863 58.380137
 336.200000 -1.728458 2.307537 22.000920 110.028746
 336.400000 -1.925573 1.473043 21.156754 1.442626
 336.600000 -0.515323 0.645445 1.133878 1169.180808
 336.800000 -1.040088 0.108360 20.498926 810.871201
 337.000000 -0.735187 -0.243281 9.916580 1518.777634
 337.200000 -0.533455 -0.244279 1.770880 1345.649764
 337.400000 -0.633387 0.098138 5.799049 1730.834629
 337.600000 -1.161919 0.358866 23.624155 488.572118
 337.800000 -1.358227 1.081844 25.785898 0.626436
 338.000000 -0.969330 1.250750 18.366452 1003.369704
 338.200000 -0.897344 1.098328 15.949405 1233.545818
 338.400000 -1.489290 0.901376 25.001510 98.105442
 338.600000 -0.745729 0.380521 10.308575 1498.314805
 338.800000 -1.032799 0.248830 20.275248 829.574210
 339.000000 -0.963661 0.242494 18.177586 1022.825294
 339.200000 -1.047052 0.985357 20.676645 796.905029
 339.400000 -1.311327 1.188313 25.688675 20.797229
 339.600000 -0.880405 0.764103 15.339843 1281.062171
 339.800000 -1.379369 0.435586 25.734968 7.804676
 340.000000 -1.758768 0.883476 21.708093 72.787119
 340.200000 -0.794321 1.036294 12.149273 1430.357035
 340.400000 -0.622527 1.170516 5.324713 1735.033902
 340.600000 -1.200691 1.756170 24.393424 338.731092
 340.800000 -1.440496 1.390779 25.412159 53.423987
 341.000000 -1.088228 0.353686 21.800083 702.395578
 341.200000 -0.707824 0.014227 8.800366 1571.437029
 341.400000 -0.603967 -0.183748 4.545670 1722.567779
 341.600000 -0.790946 -0.097994 12.013038 1433.823999
 341.800000 -0.533125 0.224146 1.734400 1337.502255
 342.000000 -1.322253 0.351381 25.721453 10.533736
 342.200000 -1.289863 0.897928 25.546258 53.764270
 342.400000 -1.416329 1.493614 25.561017 33.198883
 342.600000 -0.867297 1.367087 14.843227 1315.980644
 342.800000 -1.641136 1.044114 23.074463 187.037248
 343.000000 -1.176318 0.512063 23.904987 432.265807
 343.200000 -0.563392 0.291544 2.881085 1569.605731
 343.400000 -1.065408 0.268325 21.174311 755.456348
 343.600000 -1.656132 0.659175 22.867188 179.687376
 343.800000 -1.245506 1.720737 25.088801 171.887773
 344.000000 -0.595677 2.103490 4.191395 1705.128425
 344.200000 -0.985231 2.299051 18.827497 966.844521
 344.400000 -0.728516 2.146635 9.593963 1523.838924
 344.600000 -0.338843 1.700872 -0.000000 0.000000
 344.800000 -0.979073 1.657369 18.635090 985.843244
 345.000000 -1.500402 0.839443 24.854420 109.966164
 345.200000 -0.639078 -0.065645 5.984175 1718.647648
 345.400000 -0.447843 -0.363139 -0.000253 0.002269
 345.600000 0.451170 -0.733999 -0.000000 0.000000
