#! FIELDS time phi psi ves.bias ves.force2
#! SET min_phi -pi
#! SET max_phi pi
#! SET min_psi -pi
#! SET max_psi pi
 0.000000 -1.498385 0.273949 27.215882 148.921278
 0.200000 -1.245335 1.225911 27.030381 230.268066
 0.400000 -0.717569 1.576691 8.428911 1688.478805
 0.600000 -0.393525 2.052938 0.901581 94.728155
 0.800000 -1.251396 2.396988 27.120152 208.645991
 1.000000 -2.000979 2.378360 22.957381 15.289630
 1.200000 -2.847624 2.806687 22.522697 532.384977
 1.400000 -3.101147 -3.015619 13.376228 2672.036207
 1.600000 -3.134726 2.611414 11.593914 2930.872340
 1.800000 -2.862214 2.768085 22.176939 591.466239
 2.000000 -2.634956 2.915586 25.427913 34.044017
 2.200000 3.126699 2.727860 10.670162 2882.266413
 2.400000 3.012887 2.849856 4.978918 1733.639536
 2.600000 -2.751786 3.027550 24.519431 181.329917
 2.800000 -2.425361 2.423132 25.784139 12.111620
 3.000000 -2.052959 2.523058 23.095289 21.588848
 3.200000 -1.869804 2.606212 22.711883 3.258550
 3.400000 -2.408180 2.626340 25.772107 22.964861
 3.600000 -2.925582 2.817640 20.564579 1007.712589
 3.800000 3.060732 3.059056 7.367305 2614.499652
 4.000000 -2.653341 2.803319 25.477968 19.998575
 4.200000 -2.109126 2.279548 23.377422 20.611595
 4.400000 -1.712422 2.486982 23.933293 190.117643
 4.600000 -2.130762 2.609044 23.482425 26.997780
 4.800000 -2.962606 2.678051 19.379625 1173.998624
 5.000000 3.029524 -3.064906 5.976295 2223.258441
 5.200000 -3.082237 2.682879 14.729816 2014.486019
 5.400000 -2.456027 2.610149 25.967473 1.580772
 5.600000 -2.046677 2.615870 23.184290 11.272020
 5.800000 -1.945544 2.660131 22.864148 6.529987
 6.000000 -2.319476 2.390612 25.121106 104.669617
 6.200000 -2.178777 2.808274 23.843566 44.046333
 6.400000 -2.404148 2.666265 25.847407 27.919822
 6.600000 -2.688198 2.489313 25.461885 38.043974
 6.800000 -2.894724 2.969696 21.613579 936.840687
 7.000000 3.045355 2.854580 6.983425 2494.713712
 7.200000 -2.662570 2.844719 25.642816 18.312301
 7.400000 -2.209376 2.441943 24.146794 72.127475
 7.600000 -1.809227 2.586229 23.027183 31.670773
 7.800000 -1.922377 2.429863 22.880212 4.730216
 8.000000 -2.312186 2.632589 25.184866 108.218459
 8.200000 -2.442495 2.803594 26.121188 2.556690
 8.400000 -2.846173 2.826699 23.065226 701.826795
 8.600000 -3.085770 2.830461 14.626505 1876.272949
 8.800000 -2.592714 3.105589 25.897790 6.727536
 9.000000 -2.653008 2.425960 25.717055 14.532684
 9.200000 -2.454499 2.695956 26.206794 0.827659
 9.400000 -2.225067 2.943234 24.467094 93.072883
 9.600000 -2.586884 2.438110 26.004578 6.674884
 9.800000 -2.369126 2.787120 25.868540 50.629933
 10.000000 -2.564765 2.995569 26.060240 6.012668
 10.200000 -2.963980 2.614239 19.333379 1267.913749
 10.400000 -2.888703 2.934615 21.872918 978.267649
 10.600000 -2.542093 -3.071244 26.240063 5.985540
 10.800000 -2.981126 2.447582 18.717153 1315.435309
 11.000000 -2.956419 2.775292 19.601474 1246.401854
 11.200000 3.140572 -3.034439 12.108135 2270.146463
 11.400000 -2.977393 2.819893 18.898807 1314.200770
 11.600000 -2.546473 2.573469 26.372123 5.512877
 11.800000 -1.959719 2.938573 23.048708 8.584772
 12.000000 -2.237859 2.418878 24.766103 114.971286
 12.200000 -2.232555 2.493908 24.777303 117.430510
 12.400000 -2.191067 2.833395 24.349207 93.442787
 12.600000 -2.441664 2.673404 26.503040 6.611293
 12.800000 -2.653467 2.484035 26.070499 36.048480
 13.000000 -2.833343 2.961191 23.518576 611.712564
 13.200000 -2.992323 2.867848 18.452018 1405.842950
 13.400000 -3.038480 2.731179 16.670659 1579.560363
 13.600000 -2.335470 2.852342 25.935441 79.204668
 13.800000 -1.972175 2.445616 23.107211 10.128342
 14.000000 -1.724835 2.063764 23.656506 105.692130
 14.200000 -1.759398 2.170545 23.326131 57.365657
 14.400000 -1.978034 2.605001 23.138844 11.351153
 14.600000 -2.441515 2.867489 26.655759 10.881759
 14.800000 3.083512 2.836664 9.395566 2584.624529
 15.000000 -2.736418 2.981363 25.386285 181.819565
 15.200000 -2.576958 2.444996 26.717761 12.180238
 15.400000 -2.198852 2.677227 24.681765 109.962429
 15.600000 -1.769749 2.909886 23.261104 42.692234
 15.800000 -2.980160 2.014091 19.014565 1373.950792
 16.000000 -2.894141 2.874522 21.951033 935.595177
 16.200000 3.043939 -2.974375 7.415296 2617.084603
 16.400000 3.099665 2.547183 10.260595 2518.329170
 16.600000 -1.693084 2.616250 23.968486 131.292849
 16.800000 -0.865491 1.994584 14.314347 1740.977710
 17.000000 -0.865878 1.816469 14.330506 1740.214380
 17.200000 -1.104170 1.836836 23.043139 876.907294
 17.400000 -0.888723 2.058030 15.236775 1689.202011
 17.600000 -2.324311 2.422544 26.096666 76.291663
 17.800000 2.916989 3.035182 1.855400 998.624592
 18.000000 -2.507858 -3.072459 26.959691 0.179793
 18.200000 -2.029864 2.135188 23.435742 27.142529
 18.400000 -1.238515 1.352444 26.191390 289.011574
 18.600000 -0.839881 0.242848 13.169921 1779.029031
 18.800000 -0.737541 -0.576983 8.838729 1730.110240
 19.000000 -0.526528 -0.539026 1.866550 441.842824
 19.200000 -0.463030 0.405385 0.745797 189.788119
 19.400000 -1.755216 1.578797 23.398679 47.581234
 19.600000 -2.084833 2.718946 23.801102 55.282320
 19.800000 -2.436034 -2.995927 26.881347 15.606776
 20.000000 2.971913 2.533778 3.958240 1989.238062
 20.200000 -2.843699 2.668589 23.519170 619.142757
 20.400000 -2.660421 3.071686 26.513514 79.667041
 20.600000 3.085806 2.563622 9.662576 2591.814476
 20.800000 -2.902885 2.819068 21.863883 959.673475
 21.000000 -2.779199 3.131230 24.912050 340.173088
 21.200000 -2.021812 2.820057 23.448159 29.571982
 21.400000 -1.616561 1.947972 24.838697 180.445922
 21.600000 -0.818581 0.654820 12.223868 1765.634409
 21.800000 -0.593762 -0.762956 3.542334 888.294887
 22.000000 -0.634868 -0.615014 4.864819 1184.857394
 22.200000 -0.880418 0.499690 14.769698 1662.277266
 22.400000 -0.926618 1.582446 16.625294 1559.936480
 22.600000 -0.576262 2.194165 3.041231 769.278224
 22.800000 -0.942690 2.534162 17.255842 1517.694184
 23.000000 -0.986872 2.132630 18.939004 1379.864032
 23.200000 -0.652351 1.683094 5.507292 1301.736871
 23.400000 -0.964449 1.504730 18.079079 1445.533102
 23.600000 -1.288495 1.169151 26.755239 126.719265
 23.800000 -0.818529 0.110850 12.213766 1741.209320
 24.000000 -0.402232 -0.599688 -0.011446 9.663125
 24.200000 -0.434348 -0.426889 0.253101 167.460162
 24.400000 -1.211777 0.421493 25.540837 397.457768
 24.600000 -1.177706 1.476863 24.803664 542.341652
 24.800000 -1.562120 1.868764 25.516013 194.703498
 25.000000 -2.090285 2.406290 23.981927 70.877250
 25.200000 -2.943815 -3.140006 20.677974 1237.027296
 25.400000 3.080556 2.860080 9.508168 2612.483664
 25.600000 -2.876052 2.680106 22.823613 777.154788
 25.800000 -2.218050 2.793928 25.272153 110.105533
 26.000000 -2.420834 2.416564 26.922829 26.121609
 26.200000 -2.486745 2.669207 27.193399 5.217706
 26.400000 2.999242 2.805324 5.306142 2571.931368
 26.600000 2.780283 2.886164 -0.001896 0.000634
 26.800000 -2.439614 2.753629 27.032352 19.691893
 27.000000 -2.121815 2.366565 24.298812 92.014682
 27.200000 -1.644751 2.679710 24.343959 144.473166
 27.400000 -2.121071 2.511339 24.307772 94.799884
 27.600000 3.105078 2.404094 10.782395 2435.828516
 27.800000 3.017030 -3.121057 6.237398 2718.701697
 28.000000 -3.107127 3.047555 14.101508 1972.626989
 28.200000 -2.954803 2.047285 20.334271 1321.836512
 28.400000 -1.891857 2.771316 23.018880 1.268818
 28.600000 -1.763276 2.943970 23.279173 30.184715
 28.800000 -2.691631 1.915675 26.273127 133.668529
 29.000000 -3.004317 2.096105 18.441877 1583.086108
 29.200000 -2.878595 -2.818669 22.822879 781.448303
 29.400000 3.064469 2.990706 8.791371 2708.593752
 29.600000 -2.726675 2.482903 25.836870 185.088216
 29.800000 -2.030084 3.087950 23.570980 46.034586
 30.000000 -1.913794 2.496266 23.051856 4.454791
 30.200000 -1.967310 2.056832 23.232197 19.066577
 30.400000 -1.740913 2.079049 23.402874 45.591116
 30.600000 -0.855338 2.607429 13.715260 1632.121723
 30.800000 -1.063639 2.250000 21.506405 1062.046712
 31.000000 -0.841831 1.857416 13.168457 1645.106441
 31.200000 -0.960567 1.183934 17.837898 1426.616109
 31.400000 -0.780611 0.713644 10.675091 1639.718367
 31.600000 -2.125173 0.545710 24.415865 101.419387
 31.800000 -1.769473 0.203414 23.227470 24.871160
 32.000000 -0.823830 -0.000726 12.430251 1649.908063
 32.200000 -0.761016 -0.110937 9.891701 1610.393337
 32.400000 -0.923765 -0.470440 16.422961 1511.113124
 32.600000 -0.336084 -0.504137 -0.000765 0.000209
 32.800000 -0.494681 -0.095181 1.140886 457.195803
 33.000000 -1.222737 0.579089 25.653105 351.328210
 33.200000 -1.159306 1.205294 24.250203 632.296285
 33.400000 -0.688338 1.389288 7.075061 1409.627687
 33.600000 -0.707745 1.790565 7.812621 1477.602316
 33.800000 -0.930966 1.996171 16.704550 1484.802289
 34.000000 -0.541340 2.308395 2.273848 710.697928
 34.200000 -0.873920 1.925970 14.482437 1580.381690
 34.400000 -0.662702 1.618050 6.166594 1309.572094
 34.600000 -1.645074 1.564392 24.258991 135.132315
 34.800000 -1.316766 0.714453 26.856511 47.283494
 35.000000 -0.412334 -0.320321 -0.019165 1.277328
 35.200000 -0.599396 -0.642433 4.038807 1034.263225
 35.400000 -0.719609 -0.135575 8.350302 1506.145416
 35.600000 -0.938991 0.573612 17.035469 1440.847063
 35.800000 -1.281318 1.121188 26.524016 131.308597
 36.000000 -0.841257 1.207521 13.206406 1606.689643
 36.200000 -1.340830 1.374497 26.965027 11.715972
 36.400000 -1.689989 0.818904 23.765528 89.598325
 36.600000 -0.612594 0.173996 4.513479 1103.146134
 36.800000 -0.203390 -0.299929 -0.000839 0.000001
 37.000000 -0.522945 -0.759896 1.840038 672.304231
 37.200000 -0.930493 -0.292999 16.750505 1428.780687
 37.400000 -0.550593 0.530772 2.627435 833.659124
 37.600000 -1.306079 1.487158 26.764496 62.711166
 37.800000 -0.913992 1.430997 16.122815 1464.893319
 38.000000 -0.438085 0.901783 0.023520 121.477213
 38.200000 -1.295100 1.007870 26.669619 84.913162
 38.400000 -1.722585 0.858051 23.469948 57.944056
 38.600000 -0.815595 0.904521 12.290819 1595.356726
 38.800000 -1.692588 1.365612 23.724804 87.393340
 39.000000 -1.755325 1.158710 23.254074 30.885065
 39.200000 -0.950220 0.755343 17.530101 1358.693880
 39.400000 -0.738156 0.044951 9.263007 1519.780258
 39.600000 -0.659451 -0.454404 6.303818 1291.759027
 39.800000 -0.707927 -0.317930 8.098405 1445.113801
 40.000000 -1.191480 0.406513 25.035671 485.947884
 40.200000 -1.461620 1.242424 26.457497 90.809016
 40.400000 -0.690620 1.496997 7.509123 1387.238701
 40.600000 -0.786594 1.913956 11.226917 1574.379617
 40.800000 -0.986757 2.430655 18.872540 1259.875206
 41.000000 -0.778633 2.364988 10.911298 1569.212448
 41.200000 -0.747095 2.072823 9.729600 1517.703142
 41.400000 -0.857675 1.590806 14.084463 1519.354709
 41.600000 -0.952976 1.010933 17.682769 1323.863907
 41.800000 -1.043411 0.236706 20.839684 1105.269909
 42.000000 -0.656259 0.100904 6.323604 1277.536627
 42.200000 -0.728932 0.093653 9.095499 1476.493660
 42.400000 -1.044804 0.272386 20.906298 1093.869294
 42.600000 -0.954581 0.555756 17.778174 1303.410698
 42.800000 -1.475092 1.161613 26.302666 106.297107
 43.000000 -1.802687 1.279547 23.045935 7.090620
 43.200000 -0.859564 0.730951 14.277137 1492.884255
 43.400000 -1.198083 0.479329 25.231762 445.734617
 43.600000 -0.954103 0.524781 17.804178 1287.695513
 43.800000 -1.001518 0.705371 19.471746 1186.451298
 44.000000 -1.245889 1.117511 26.100107 227.813198
 44.200000 -1.445748 0.997817 26.560187 70.041061
 44.400000 -1.066962 0.771847 21.688793 1013.496457
 44.600000 -1.331324 0.822742 26.896174 12.441612
 44.800000 -1.392911 1.038703 26.884604 13.349171
 45.000000 -0.904373 0.957153 16.040636 1390.545370
 45.200000 -1.319161 1.039027 26.859640 25.141237
 45.400000 -1.872016 1.015956 22.969100 0.843055
 45.600000 -1.037441 0.775403 20.774140 1088.574067
 45.800000 -1.565012 0.863802 25.199200 168.047302
 46.000000 -1.398739 1.206302 26.870848 18.810365
 46.200000 -0.859256 0.881705 14.449484 1483.979423
 46.400000 -1.025693 0.631491 20.431819 1108.060748
 46.600000 -1.673323 0.723312 23.894164 105.311648
 46.800000 -0.930977 0.892229 17.135440 1317.591251
 47.000000 -1.470751 1.220100 26.338587 104.435156
 47.200000 -1.643953 1.039662 24.217297 132.264435
 47.400000 -0.712189 0.418791 8.774031 1441.352324
 47.600000 -0.892845 0.067136 15.790187 1407.115751
 47.800000 -0.617202 -0.054705 5.309122 1230.285339
 48.000000 -0.596906 -0.106667 4.602952 1190.729960
 48.200000 -0.844131 -0.149566 13.992003 1516.607762
 48.400000 -0.478597 -0.120457 0.873427 727.466335
 48.600000 -0.637071 -0.039515 6.062529 1277.879881
 48.800000 -1.203938 0.293892 25.481019 392.571206
 49.000000 -0.756744 0.314628 10.552361 1533.668828
 49.200000 -0.803536 0.234106 12.468853 1565.997514
 49.400000 -1.839415 0.677569 22.933613 1.514860
 49.600000 -1.214036 1.172405 25.702198 341.238284
 49.800000 -0.844178 1.431868 14.067099 1516.764239
 50.000000 -0.736596 1.784297 9.833576 1506.284509
 50.200000 -0.751250 2.119989 10.477510 1541.127131
 50.400000 -0.772823 2.281350 11.328305 1566.561940
 50.600000 -0.787984 1.997771 11.929175 1573.370246
 50.800000 -0.627253 1.591287 5.824088 1282.852291
 51.000000 -0.949651 1.844916 18.056902 1234.950015
 51.200000 -0.713490 1.780823 9.091571 1473.754939
 51.400000 -0.578508 1.979192 4.154920 1231.324389
 51.600000 -1.001141 2.224941 19.875334 1103.034902
 51.800000 -0.872848 2.391739 15.329684 1434.965182
 52.000000 -0.655035 2.049188 6.898969 1344.963667
 52.200000 -0.858005 1.903275 14.850513 1472.081438
 52.400000 -0.918039 1.322770 17.081762 1289.454427
 52.600000 -0.944950 0.513983 18.033357 1213.108513
 52.800000 -1.569367 0.477458 25.168909 174.372737
 53.000000 -1.344359 1.088680 27.049877 2.086951
 53.200000 -0.729723 1.699257 9.883142 1524.429306
 53.400000 -0.699231 2.336165 8.705615 1456.959086
 53.600000 -1.048876 2.642901 21.518754 966.200871
 53.800000 -1.562167 2.017794 25.267421 176.495771
 54.000000 -1.880823 1.495842 22.865118 0.111111
 54.200000 -1.534950 0.656292 25.631659 172.772264
 54.400000 -0.638711 0.065246 6.517343 1357.457214
 54.600000 -0.573352 -0.260902 4.135225 1299.902635
 54.800000 -0.879756 0.122143 15.851253 1393.127872
 55.000000 -0.675863 0.050917 7.899564 1415.899909
 55.200000 -1.097754 0.260319 23.060536 806.773697
 55.400000 -1.050590 0.960090 21.667536 930.840998
 55.600000 -1.485862 1.293563 26.251233 134.572598
 55.800000 -1.125495 0.861414 23.824999 709.429441
 56.000000 -1.207716 0.399560 25.715537 350.715564
 56.200000 -0.905723 0.694322 16.965293 1285.847485
 56.400000 -1.406491 1.210565 26.974367 31.225819
 56.600000 -1.412066 1.082800 26.941678 37.647863
 56.800000 -1.163072 0.597071 24.801511 543.071353
 57.000000 -0.693265 0.319879 8.725361 1466.453972
 57.200000 -0.788955 0.067884 12.570776 1591.650740
 57.400000 -0.729670 -0.040219 10.215715 1542.328782
 57.600000 -0.599485 0.102191 5.268971 1396.019363
 57.800000 -0.813382 -0.081508 13.542138 1566.049590
 58.000000 -0.450970 -0.076520 0.110650 743.497223
 58.200000 -0.911004 0.334676 17.308963 1249.379978
 58.400000 -1.468962 0.961249 26.484615 118.894113
 58.600000 -1.116963 1.215616 23.727924 712.646165
 58.800000 -0.950198 1.207117 18.657074 1121.866936
 59.000000 -1.521706 0.871448 25.838247 175.813337
 59.200000 -1.270579 0.548204 26.741561 111.230523
 59.400000 -1.062644 0.324589 22.248094 862.909030
 59.600000 -0.933107 0.336573 18.151537 1162.422652
 59.800000 -1.548144 0.901836 25.494807 190.494664
 60.000000 -1.557054 1.322564 25.371686 191.158500
 60.200000 -0.967277 1.242719 19.364809 1057.701861
 60.400000 -1.417358 1.408025 26.996213 44.739691
 60.600000 -1.688354 1.038891 23.758497 95.763476
 60.800000 -1.139602 0.438876 24.401082 607.473735
 61.000000 -0.950323 0.366041 18.807620 1103.311489
 61.200000 -1.304318 0.687999 27.068891 39.752691
 61.400000 -1.549377 1.300501 25.515344 199.925915
 61.600000 -1.187993 1.317268 25.523236 396.986657
 61.800000 -1.688121 1.160039 23.759337 98.084333
 62.000000 -1.423732 0.643836 26.981745 52.816491
 62.200000 -0.970453 0.531546 19.621147 1033.851388
 62.400000 -1.632630 0.819879 24.391184 160.183925
 62.600000 -1.288654 1.151783 26.981632 66.998694
 62.800000 -1.196629 1.189655 25.728651 354.779510
 63.000000 -1.501531 0.949115 26.203766 169.237882
 63.200000 -1.495746 0.891756 26.315669 164.186863
 63.400000 -1.513613 0.784257 26.078860 186.305458
 63.600000 -1.464739 1.136598 26.683188 116.086822
 63.800000 -1.310504 1.383751 27.161764 31.012789
 64.000000 -1.101237 1.206545 23.570624 714.006272
 64.200000 -1.611088 0.892544 24.706707 194.224800
 64.400000 -1.216774 0.844129 26.163519 266.136055
 64.600000 -1.438176 0.925430 26.983385 71.980660
 64.800000 -1.565682 1.192204 25.364114 218.745136
 65.000000 -0.856527 0.847901 15.812662 1428.150387
 65.200000 -1.618003 0.885807 24.632729 193.685537
 65.400000 -1.244324 0.944286 26.609846 173.533784
 65.600000 -1.133273 0.974943 24.503381 582.272447
 65.800000 -1.615698 1.077987 24.664909 195.989396
 66.000000 -0.911796 0.702629 17.898903 1212.420679
 66.200000 -1.313264 0.387476 27.288821 28.431031
 66.400000 -1.518495 0.977093 26.138129 202.298537
 66.600000 -1.212346 1.501621 26.179174 273.859774
 66.800000 -0.908134 1.275998 17.847966 1227.078631
 67.000000 -1.473669 1.343313 26.721445 133.050478
 67.200000 -1.027645 0.598439 21.761680 877.071560
 67.400000 -1.004290 0.156747 21.059785 929.807814
 67.600000 -0.552923 0.084717 3.866012 1677.961766
 67.800000 -0.645160 -0.059470 7.602648 1585.856656
 68.000000 -0.673634 -0.064197 8.734704 1580.127732
 68.200000 -0.668238 -0.018469 8.575739 1592.764064
 68.400000 -0.449197 -0.227056 -0.006158 170.084595
 68.600000 -0.349215 -0.309820 -0.000000 0.000000
 68.800000 -0.455936 -0.454786 0.169875 1174.343927
 69.000000 -0.492873 0.069393 1.482743 1422.218579
 69.200000 -1.096052 0.225919 23.815452 684.647731
 69.400000 -0.870811 0.364272 16.728712 1394.063502
 69.600000 -1.687779 1.242966 23.797543 134.208219
 69.800000 -1.747890 1.479098 23.201842 68.250662
 70.000000 -1.667785 1.634093 24.040172 160.716583
 70.200000 -1.045413 0.866418 22.492158 814.987172
 70.400000 -0.921438 -0.066544 18.619832 1180.019152
 70.600000 -0.612328 -0.410311 6.443054 1676.811981
 70.800000 -0.691623 -0.622285 9.636680 1607.268062
 71.000000 -0.639078 0.048330 7.529696 1626.819860
 71.200000 -1.314872 0.983826 27.506223 26.294077
 71.400000 -1.506162 1.407938 26.524010 197.300884
 71.600000 -1.123944 0.888346 24.632243 573.793638
 71.800000 -1.393947 0.622807 27.567739 13.024706
 72.000000 -1.264452 0.768810 27.110644 111.220662
 72.200000 -1.254148 1.373000 27.043011 134.935184
 72.400000 -1.636354 1.265341 24.531078 218.614402
 72.600000 -1.309476 0.552459 27.523053 32.620076
 72.800000 -0.496250 0.179435 1.680316 1596.800059
 73.000000 -0.824718 -0.063870 15.149742 1596.104649
 73.200000 -0.656661 -0.611765 8.417357 1608.361201
 73.400000 -0.369200 -0.468294 -0.000000 0.000000
 73.600000 -0.687609 -0.081536 9.654710 1596.658816
 73.800000 -1.578516 0.765845 25.471585 268.333675
 74.000000 -1.053610 1.503533 22.930312 768.890188
 74.200000 -0.569935 1.321893 4.881962 1859.058059
 74.400000 -0.665767 1.783301 8.843739 1596.782604
 74.600000 -0.690353 2.137767 9.824723 1592.374660
 74.800000 -0.703088 2.400148 10.333512 1600.867183
 75.000000 -0.600045 2.020729 6.163879 1761.190695
 75.200000 -0.648161 1.821921 8.209941 1622.469015
 75.400000 -0.833207 1.510258 15.674237 1593.158644
 75.600000 -1.111744 0.976375 24.566681 587.503443
 75.800000 -1.544809 0.467544 26.093248 263.438254
 76.000000 -1.265072 0.303795 27.303734 109.234363
 76.200000 -1.120026 1.138405 24.819787 554.624434
 76.400000 -1.046726 1.548783 22.932894 766.314138
 76.600000 -1.276821 1.106262 27.461761 85.035226
 76.800000 -1.529644 0.465106 26.376565 250.092423
 77.000000 -1.275629 0.527687 27.450696 87.341462
 77.200000 -1.177603 1.492190 26.102813 355.390804
 77.400000 -1.334626 1.641862 27.863448 9.651319
 77.600000 -0.903452 1.182952 18.481479 1300.290778
 77.800000 -1.556820 0.944273 25.973211 285.970323
 78.000000 -1.407640 0.440812 27.792709 26.069817
 78.200000 -0.861136 0.925034 16.956879 1502.294814
 78.400000 -1.212525 1.725482 26.758147 240.678760
 78.600000 -1.041667 1.945035 22.930303 775.848020
 78.800000 -0.498001 2.093178 1.886586 1856.652249
 79.000000 -0.471819 1.914426 0.804298 1544.533148
 79.200000 -0.925661 1.868094 19.397442 1204.682395
 79.400000 -0.640872 1.567808 8.184340 1659.226519
 79.600000 -0.957073 1.800352 20.454115 1062.327015
 79.800000 -0.682256 2.011228 9.842347 1571.838991
 80.000000 -0.583179 2.008122 5.742541 1941.406072
 80.200000 -0.477303 2.212549 1.051703 1693.215910
 80.400000 -1.255609 1.937787 27.434255 125.531485
 80.600000 -0.954407 1.576317 20.439166 1077.484507
 80.800000 -1.401812 0.840421 27.975129 18.831839
 81.000000 -1.442232 0.496739 27.705382 80.496352
 81.200000 -1.498336 1.102699 27.086376 212.162787
 81.400000 -0.980709 1.399902 21.353368 972.979049
 81.600000 -1.533031 1.477469 26.537833 284.710099
 81.800000 -1.479300 0.696133 27.347983 165.820532
 82.000000 -1.386860 0.693325 28.075815 6.588111
 82.200000 -1.224499 1.110081 27.141225 194.873509
 82.400000 -1.743870 1.280981 23.174412 124.960699
 82.600000 -1.426480 0.889465 27.936004 51.018307
 82.800000 -1.103804 0.580003 24.825298 571.253395
 83.000000 -1.601846 0.869769 25.342231 334.296634
 83.200000 -0.963596 0.988457 20.952888 1052.305853
 83.400000 -1.004315 1.257389 22.219638 889.936300
 83.600000 -1.339433 1.005406 28.165489 8.082418
 83.800000 -1.314025 0.458470 28.060123 29.450231
 84.000000 -0.949433 0.505403 20.486581 1116.641616
 84.200000 -1.546949 1.137054 26.442188 328.127119
 84.400000 -1.454755 1.175852 27.804273 106.605302
 84.600000 -1.271218 0.900710 27.790441 89.756989
 84.800000 -1.325979 0.796186 28.168750 18.212528
 85.000000 -1.423667 1.170052 28.068824 44.432420
 85.200000 -1.227350 1.107984 27.344265 179.459840
 85.400000 -1.362737 0.806795 28.314983 0.250302
 85.600000 -1.361130 0.826367 28.314038 0.456389
 85.800000 -1.168077 0.933170 26.394581 346.198985
 86.000000 -1.352018 1.043916 28.303402 2.738564
 86.200000 -1.278970 0.708423 27.977719 77.108540
 86.400000 -1.153810 0.934224 26.184803 389.986228
 86.600000 -1.421787 1.124806 28.214837 40.216089
 86.800000 -1.143091 1.037697 25.968454 425.118502
 87.000000 -1.170830 0.627664 26.508851 335.702988
 87.200000 -1.488876 0.810928 27.589643 201.862576
 87.400000 -1.620109 1.633298 25.173735 385.097447
 87.600000 -0.888216 1.411394 18.543938 1457.177147
 87.800000 -1.647667 0.999655 24.645790 345.780737
 88.000000 -1.658991 0.771437 24.438405 324.800014
 88.200000 -1.480426 0.708856 27.777340 177.876558
 88.400000 -1.240584 1.277852 27.705407 148.051211
 88.600000 -1.751500 1.731191 23.040060 146.891193
 88.800000 -1.989738 2.417794 22.172087 19.540247
 89.000000 -2.514003 2.942667 25.847821 0.144534
 89.200000 2.926410 3.001853 0.095374 2184.730275
 89.400000 -2.739820 2.874325 24.072707 178.838911
 89.600000 -2.104259 2.602406 22.934675 75.779678
 89.800000 -1.904237 2.252679 22.001961 1.654493
 90.000000 -2.083462 2.490444 22.758110 68.099864
 90.200000 -2.719763 3.012756 24.295018 156.103174
 90.400000 -3.137525 -3.091988 11.550749 1864.042662
 90.600000 -2.998723 2.719093 17.290860 1600.882828
 90.800000 -2.484256 2.711595 25.755975 2.668770
 91.000000 -1.869585 2.785542 22.073733 14.881777
 91.200000 -2.110977 2.406251 22.933910 76.709242
 91.400000 -2.193045 2.675423 23.687638 87.712781
 91.600000 -2.313849 3.044931 24.770482 67.476082
 91.800000 -2.748360 2.829893 23.884802 190.008650
 92.000000 2.930590 2.855972 0.233314 2850.362717
 92.200000 -2.605753 3.070386 25.370020 48.918980
 92.400000 2.968448 2.369612 2.224800 3176.197211
 92.600000 -2.793885 2.932221 23.162308 281.333586
 92.800000 -3.021077 2.961347 16.321000 1663.007332
 93.000000 3.065405 2.641840 7.700082 2739.637259
 93.200000 -2.409095 2.999926 25.374674 30.697664
 93.400000 -2.327158 2.545405 24.814736 61.849928
 93.600000 -1.898942 2.479058 21.942171 3.744379
 93.800000 -1.902132 2.676167 21.936365 2.905425
 94.000000 -2.467050 2.622069 25.619763 7.450054
 94.200000 -3.132152 2.864781 11.673345 1822.901449
 94.400000 3.008461 2.943240 4.480124 3375.485353
 94.600000 -2.793806 2.773206 23.108396 280.045165
 94.800000 -2.302999 2.556643 24.595826 67.886856
 95.000000 -2.228622 2.632925 23.945784 83.349662
 95.200000 -2.018928 2.667568 22.157382 31.664705
 95.400000 -2.177811 2.584747 23.456099 87.412575
 95.600000 -1.907320 2.598127 21.902636 2.095248
 95.800000 -2.223114 2.632503 23.876995 84.146790
 96.000000 -2.195221 2.835884 23.618742 86.935221
 96.200000 -2.416444 2.655009 25.325582 26.129468
 96.400000 -2.530095 2.757118 25.570997 2.151858
 96.600000 -3.016923 2.962024 16.383754 1650.347313
 96.800000 2.918897 2.853315 -0.004433 2.430272
 97.000000 -2.960165 2.804517 18.613020 1388.075944
 97.200000 -2.921097 2.752893 19.961289 1071.558140
 97.400000 -3.101383 2.767101 12.897801 1706.255886
 97.600000 2.923368 3.029377 -0.015220 18.467177
 97.800000 -3.031256 2.801636 15.775619 1670.810882
 98.000000 -2.902279 2.675680 20.553100 908.184564
 98.200000 -2.931737 2.750765 19.589016 1161.073503
 98.400000 3.035571 2.898063 5.957261 3176.506470
 98.600000 -2.973734 3.131085 18.059609 1476.570402
 98.800000 3.092597 2.593891 8.956679 2359.516285
 99.000000 -2.659832 2.882257 24.735804 99.884115
 99.200000 -2.773921 2.865746 23.299067 228.431672
 99.400000 2.970444 2.665814 2.157156 3299.119623
 99.600000 2.995493 3.106722 3.618898 3461.510124
 99.800000 -3.019669 2.899306 16.221877 1653.626724
 100.000000 -2.723070 2.657511 23.996757 157.474203
 100.200000 -2.288063 2.624450 23.253900 61.304515
 100.400000 -2.274601 2.604716 23.147044 64.726793
 100.600000 -2.215021 2.632243 22.641221 79.134431
 100.800000 -2.682869 2.675692 23.341005 121.080555
 101.000000 2.881655 2.844763 -0.000000 0.000000
 101.200000 -3.120804 3.085699 10.954284 1747.888066
 101.400000 -2.956178 2.611801 17.587525 1350.894764
 101.600000 -2.296009 2.914259 23.313347 57.348147
 101.800000 -2.659315 2.767850 23.580609 99.658435
 102.000000 -3.029470 2.925072 14.704410 1664.928909
 102.200000 2.985411 3.091025 1.905824 3492.558737
 102.400000 -2.997000 2.821608 16.019042 1583.159026
 102.600000 -2.814456 2.774659 21.480649 338.271885
 102.800000 -2.460852 2.959085 24.254592 9.837089
 103.000000 -3.006801 2.630588 15.626937 1616.609681
 103.200000 3.056111 3.029810 5.990796 2919.779235
 103.400000 -3.111147 2.811004 11.372364 1710.500288
 103.600000 -2.714942 2.841067 22.950068 151.161344
 103.800000 -2.559967 2.708683 24.258247 11.180207
 104.000000 -2.170153 2.613404 22.243679 87.004831
 104.200000 -2.089134 2.565478 21.494898 76.629190
 104.400000 -2.104399 2.703787 21.631139 82.430678
 104.600000 -2.859742 2.642570 20.528955 560.234939
 104.800000 2.849167 3.107884 -0.000000 0.000000
 105.000000 3.008766 2.906913 3.299209 3512.041354
 105.200000 -2.625560 2.618353 23.870399 64.904925
 105.400000 -1.918905 2.612142 20.693012 0.617293
 105.600000 -1.909671 2.481553 20.703421 2.159838
 105.800000 -2.174725 2.576572 22.294087 87.409462
 106.000000 -2.581530 2.775649 24.157798 24.089095
 106.200000 -3.125836 2.929735 10.800717 1755.934467
 106.400000 -2.338137 3.030933 23.591120 40.230073
 106.600000 -1.866333 2.241467 20.837079 22.581217
 106.800000 -1.776848 1.705091 21.590943 152.408184
 107.000000 -1.832016 1.448167 21.046675 56.114956
 107.200000 -0.714671 0.953110 11.073066 1491.484431
 107.400000 -1.440734 0.945305 28.032093 66.047176
 107.600000 -1.837178 0.901871 21.013789 50.307210
 107.800000 -1.501647 0.890244 27.270314 281.846597
 108.000000 -0.733618 0.775077 11.809968 1538.245008
 108.200000 -1.595236 1.089431 25.275927 606.052324
 108.400000 -1.914046 0.887860 20.703446 1.506835
 108.600000 -0.964861 0.645678 21.070180 1154.522512
 108.800000 -1.378493 0.787948 28.312707 0.014985
 109.000000 -1.788502 1.110931 21.469923 128.403585
 109.200000 -1.560172 1.405154 26.145489 536.032242
 109.400000 -1.154988 0.821533 26.185448 369.803910
 109.600000 -1.337338 0.655121 28.261631 15.645279
 109.800000 -1.565131 1.175627 26.029831 551.615391
 110.000000 -1.426376 1.267257 28.202997 36.875479
 110.200000 -1.665076 0.890053 23.627032 519.808042
 110.400000 -1.302801 0.867462 28.108203 46.332506
 110.600000 -1.678034 1.033479 23.337748 476.417229
 110.800000 -1.235067 1.078571 27.470023 146.713473
 111.000000 -1.724914 1.176013 22.411645 307.671756
 111.200000 -1.597452 0.795396 25.300777 625.930669
 111.400000 -1.283964 0.776423 28.004097 68.674019
 111.600000 -1.185321 1.147528 26.795713 271.780615
 111.800000 -1.387825 1.045302 28.417391 1.133244
 112.000000 -1.397607 0.706667 28.401266 5.030603
 112.200000 -1.138172 0.567512 25.952169 431.059794
 112.400000 -1.634283 1.180764 24.406410 610.524755
 112.600000 -1.783134 1.506864 21.577729 144.607002
 112.800000 -1.641732 1.077392 24.223457 595.283234
 113.000000 -0.910550 0.590665 19.204674 1503.608994
 113.200000 -1.036191 0.401976 23.450626 820.344679
 113.400000 -0.891319 -0.015975 18.467723 1621.372269
 113.600000 -0.526979 0.021800 2.752134 2949.211679
 113.800000 -0.418589 -0.388603 -0.000000 0.000000
 114.000000 -0.413925 -0.360174 -0.000000 0.000000
 114.200000 -0.375809 -0.599219 -0.000000 0.000000
 114.400000 -0.541200 -0.119281 3.531158 2892.917079
 114.600000 -0.904910 0.090857 19.034653 1547.645882
 114.800000 -0.670248 0.316710 9.480682 1533.009482
 115.000000 -1.326345 0.699544 28.424489 25.607094
 115.200000 -1.573876 1.137809 26.015936 605.493637
 115.400000 -1.465165 1.119681 28.106889 144.341118
 115.600000 -1.276410 0.692042 28.112829 82.644471
 115.800000 -0.615752 0.137294 7.243930 1977.696725
 116.000000 -0.391824 -0.386834 -0.000000 0.000000
 116.200000 -0.388770 -0.736111 -0.000000 0.000000
 116.400000 -0.491537 -0.315165 0.868876 2794.472932
 116.600000 -0.514522 0.154287 2.107572 2979.471297
 116.800000 -0.838941 0.228304 16.354224 1825.881021
 117.000000 -1.241507 0.608506 27.786694 142.704339
 117.200000 -1.516108 1.473334 27.381470 376.151734
 117.400000 -1.945731 2.257468 20.710129 0.553610
 117.600000 -2.801702 3.013663 21.596509 284.866511
 117.800000 3.032994 3.111133 4.777846 3374.091892
 118.000000 -2.741564 2.620256 22.503887 186.822732
 118.200000 -2.021443 2.594410 20.970461 36.315889
 118.400000 -1.760121 2.455475 21.956789 221.652085
 118.600000 -2.187476 2.528111 22.429501 83.813065
 118.800000 -2.797285 2.624084 21.660296 273.591717
 119.000000 2.944420 -3.063290 -0.003050 1.855927
 119.200000 2.973727 2.844548 1.201021 3657.052766
 119.400000 -3.054037 2.825459 13.804623 1643.426233
 119.600000 -2.831176 2.998174 21.045725 377.834606
 119.800000 3.141117 2.605303 10.181887 1843.664983
 120.000000 3.133195 2.950113 9.839053 1904.101320
 120.200000 -3.106140 3.066860 11.686659 1679.712902
 120.400000 -2.990795 2.558073 16.329293 1494.082668
 120.600000 -2.611042 3.018200 23.870811 44.440825
 120.800000 -2.580092 2.649494 24.038297 17.125466
 121.000000 -2.843898 2.671792 20.785564 431.178315
 121.200000 -2.910326 2.959982 19.122391 879.101203
 121.400000 2.995740 2.757745 2.556270 3757.961216
 121.600000 -2.777954 2.931525 21.946173 231.731585
 121.800000 -1.751807 2.886006 22.120857 257.513075
 122.000000 -2.147378 1.872830 22.041093 92.936385
 122.200000 -1.885365 1.395412 20.812352 17.287689
 122.400000 -1.006773 0.928938 22.822195 960.711859
 122.600000 -1.033330 0.083707 23.618789 842.214067
 122.800000 -0.493898 -0.763152 1.075669 2893.624929
 123.000000 0.183913 -0.800356 -0.000000 0.000000
